0.000116
0.000139
0.000148
0.000157
0.000166
0.000176
0.000187
0.000198
0.000210
0.000223
0.000236
0.000250
0.000265
0.000280
0.000297
0.000314
0.000333
0.000352
0.000372
0.000394
0.000416
0.000440
0.000465
0.000492
0.000520
0.000549
0.000580
0.000612
0.000647
0.000683
0.000720
0.000760
0.000802
0.000846
0.000892
0.000940
0.000991
0.001045
0.001101
0.001160
0.001221
0.001286
0.001354
0.001425
0.001500
0.001578
0.001661
0.001747
0.001837
0.001931
0.002030
0.002133
0.002241
0.002355
0.002473
0.002597
0.002727
0.002862
0.003004
0.003152
0.003307
0.003468
0.003637
0.003813
0.003997
0.004189
0.004389
0.004598
0.004816
0.005043
0.005280
0.005527
0.005784
0.006052
0.006331
0.006622
0.006925
0.007240
0.007568
0.007909
0.008264
0.008633
0.009017
0.009416
0.009830
0.010261
0.010709
0.011174
0.011656
0.012158
0.012678
0.013218
0.013778
0.014359
0.014961
0.015585
0.016233
0.016904
0.017599
0.018319
0.019065
0.019837
0.020636
0.021463
0.022319
0.023204
0.024119
0.025066
0.026045
0.027056
0.028101
0.029181
0.030296
0.031447
0.032636
0.033862
0.035128
0.036434
0.037781
0.039169
0.040601
0.042077
0.043597
0.045163
0.046777
0.048438
0.050148
0.051908
0.053720
0.055583
0.057499
0.059470
0.061496
0.063578
0.065718
0.067916
0.070173
0.072491
0.074871
0.077313
0.079819
0.082390
0.085026
0.087729
0.090500
0.093340
0.096250
0.099231
0.102283
0.105409
0.108608
0.111882
0.115231
0.118657
0.122161
0.125743
0.129404
0.133145
0.136966
0.140869
0.144855
0.148923
0.153075
0.157311
0.161633
0.166039
0.170532
0.175111
0.179778
0.184531
0.189373
0.194303
0.199321
0.204428
0.209623
0.214908
0.220282
0.225746
0.231298
0.236940
0.242671
0.248490
0.254399
0.260396
0.266480
0.272653
0.278913
0.285259
0.291691
0.298209
0.304812
0.311498
0.318267
0.325119
0.332051
0.339064
0.346155
0.353324
0.360570
0.367890
0.375284
0.382750
0.390287
0.397892
0.405564
0.413302
0.421103
0.428966
0.436888
0.444867
0.452901
0.460989
0.469127
0.477313
0.485544
0.493819
0.502135
0.510489
0.518877
0.527298
0.535749
0.544226
0.552727
0.561248
0.569787
0.578340
0.586904
0.595475
0.604052
0.612629
0.621203
0.629772
0.638331
0.646877
0.655406
0.663915
0.672400
0.680858
0.689283
0.697674
0.706025
0.714334
0.722596
0.730807
0.738964
0.747062
0.755098
0.763068
0.770968
0.778794
0.786541
0.794207
0.801788
0.809279
0.816676
0.823977
0.831176
0.838271
0.845257
0.852131
0.858889
0.865527
0.872043
0.878431
0.884690
0.890815
0.896803
0.902651
0.908355
0.913913
0.919320
0.924575
0.929674
0.934614
0.939393
0.944007
0.948454
0.952731
0.956836
0.960767
0.964521
0.968096
0.971490
0.974701
0.977728
0.980567
0.983218
0.985679
0.987948
0.990025
0.991908
0.993596
0.995087
0.996381
0.997478
0.998376
0.999075
0.999575
0.999875
0.999975
0.999875
0.999575
0.999076
0.998377
0.997479
0.996382
0.995088
0.993597
0.991909
0.990026
0.987950
0.985680
0.983220
0.980569
0.977729
0.974703
0.971492
0.968099
0.964524
0.960770
0.956839
0.952734
0.948456
0.944009
0.939395
0.934617
0.929677
0.924579
0.919324
0.913916
0.908359
0.902655
0.896807
0.890819
0.884694
0.878435
0.872047
0.865531
0.858893
0.852135
0.845261
0.838275
0.831181
0.823981
0.816681
0.809283
0.801793
0.794212
0.786546
0.778799
0.770973
0.763073
0.755104
0.747068
0.738970
0.730813
0.722602
0.714340
0.706032
0.697681
0.689290
0.680865
0.672407
0.663922
0.655414
0.646884
0.638338
0.629779
0.621211
0.612637
0.604060
0.595484
0.586912
0.578348
0.569796
0.561257
0.552736
0.544235
0.535758
0.527307
0.518886
0.510498
0.502144
0.493829
0.485554
0.477322
0.469136
0.460998
0.452911
0.444877
0.436898
0.428976
0.421113
0.413312
0.405575
0.397902
0.390297
0.382760
0.375294
0.367900
0.360580
0.353335
0.346166
0.339074
0.332062
0.325129
0.318278
0.311508
0.304822
0.298219
0.291701
0.285269
0.278923
0.272663
0.266490
0.260405
0.254409
0.248500
0.242680
0.236949
0.231308
0.225755
0.220292
0.214918
0.209633
0.204437
0.199330
0.194311
0.189382
0.184540
0.179786
0.175120
0.170540
0.166048
0.161641
0.157320
0.153083
0.148931
0.144863
0.140877
0.136974
0.133152
0.129411
0.125750
0.122168
0.118665
0.115238
0.111889
0.108615
0.105416
0.102290
0.099237
0.096257
0.093347
0.090507
0.087735
0.085032
0.082395
0.079825
0.077319
0.074876
0.072497
0.070178
0.067921
0.065723
0.063583
0.061501
0.059475
0.057504
0.055588
0.053724
0.051913
0.050152
0.048442
0.046781
0.045167
0.043601
0.042080
0.040605
0.039173
0.037784
0.036437
0.035131
0.033866
0.032639
0.031450
0.030299
0.029184
0.028104
0.027059
0.026047
0.025069
0.024122
0.023206
0.022321
0.021465
0.020638
0.019839
0.019067
0.018321
0.017601
0.016906
0.016235
0.015587
0.014963
0.014360
0.013779
0.013219
0.012679
0.012159
0.011658
0.011175
0.010710
0.010262
0.009832
0.009417
0.009018
0.008634
0.008265
0.007910
0.007569
0.007241
0.006926
0.006623
0.006332
0.006053
0.005785
0.005528
0.005281
0.005044
0.004817
0.004599
0.004390
0.004189
0.003997
0.003814
0.003637
0.003469
0.003307
0.003152
0.003004
0.002863
0.002727
0.002598
0.002474
0.002355
0.002242
0.002134
0.002030
0.001931
0.001837
0.001747
0.001661
0.001579
0.001500
0.001426
0.001354
0.001286
0.001222
0.001160
0.001101
0.001045
0.000991
0.000941
0.000892
0.000846
0.000802
0.000760
0.000721
0.000683
0.000647
0.000613
0.000580
0.000549
0.000520
0.000492
0.000466
0.000440
0.000417
0.000394
0.000372
0.000352
0.000333
0.000314
0.000297
0.000280
0.000265
0.000250
0.000236
0.000223
0.000210
0.000198
0.000187
0.000176
0.000166
0.000157
0.000148
0.000139
0.000131
0.000123
0.000116
0.000109
0.000103
0.000097
0.000091
0.000086
0.000081
0.000076
0.000071
0.000067
0.000063
0.000059
0.000056
0.000052
0.000049
0.000046
0.000043
0.000041
0.000038
0.000036
0.000034
0.000031
0.000029
0.000028
0.000026
0.000024
0.000023
0.000021
0.000020
0.000019
0.000017
0.000016
0.000015
0.000014
0.000013
0.000013
0.000012
0.000011
0.000010
0.000010
0.000009
0.000008
0.000008
0.000007
0.000007
0.000006
0.000006
0.000006
0.000005
0.000005
0.000004
0.000004
0.000004
0.000004
0.000003
0.000003
0.000003
0.000003
0.000003
0.000002
0.000002
0.000002
0.000002
0.000002
0.000002
0.000002
0.000001
0.000001
0.000001
0.000001
0.000001
0.000001
0.000001
0.000001
0.000001
0.000001
0.000001
0.000001
0.000001
0.000001
0.000000
0.000000
0.000000
0.000000
0.000000
0.000000
0.000000
0.000000
0.000000
0.000000
0.000000
0.000000
0.000000
0.000000
0.000000
0.000000
0.000000
0.000000
0.000000
0.000000
0.000000
0.000000
0.000000
0.000000
0.000000
0.000000
0.000000
0.000000
0.000000
0.000000
0.000000
0.000000
0.000000
0.000000
0.000000
0.000000
0.000000
0.000000
0.000000
0.000000
0.000000
0.000000
0.000000
0.000000
0.000000
0.000000
0.000000
0.000000
0.000000
0.000000
0.000000
0.000000
0.000000
0.000000
0.000000
0.000000
0.000000
0.000000
0.000000
0.000000
0.000000
0.000000
0.000000
0.000000
0.000000
0.000000
0.000000
0.000000
0.000000
0.000000
0.000000
0.000000
0.000000
0.000000
0.000000
0.000000
0.000000
0.000000
0.000000
0.000000
0.000000
0.000000
0.000000
0.000000
0.000000
0.000000
0.000000
0.000000
0.000000
0.000000
0.000000
0.000000
0.000000
0.000000
0.000000
0.000000
0.000000
0.000000
0.000000
0.000000
0.000000
0.000000
0.000000
0.000000
0.000000
0.000000
0.000000
0.000000
0.000000
0.000000
0.000000
0.000000
0.000000
0.000000
0.000000
0.000000
0.000000
0.000000
0.000000
0.000000
0.000000
0.000000
0.000000
0.000000
0.000000
0.000000
0.000000
0.000000
0.000000
0.000000
0.000000
0.000000
0.000000
0.000000
0.000000
0.000000
0.000000
0.000000
0.000000
0.000000
0.000000
0.000000
0.000000
0.000000
0.000000
0.000000
0.000000
0.000000
0.000000
0.000000
0.000000
0.000000
0.000000
0.000000
0.000000
0.000000
0.000000
0.000000
0.000000
0.000000
0.000000
0.000000
0.000000
0.000000
0.000000
0.000000
0.000000
0.000000
0.000000
0.000000
0.000000
0.000000
0.000000
0.000000
0.000000
0.000000
0.000000
0.000000
0.000000
0.000000
0.000000
0.000000
0.000000
0.000000
0.000000
0.000000
0.000000
0.000000
0.000000
0.000000
0.000000
0.000000
0.000000
0.000000
0.000000
0.000000
0.000000
0.000000
0.000000
0.000000
0.000000
0.000000
0.000000
0.000000
0.000000
0.000000
0.000000
0.000000
0.000000
0.000000
0.000000
0.000000
0.000000
0.000000
0.000000
0.000000
0.000000
0.000000
0.000000
0.000000
0.000000
0.000000
0.000000
0.000000
0.000000
0.000000
0.000000
0.000000
0.000000
0.000000
0.000000
0.000000
0.000000
0.000000
0.000000
0.000000
0.000000
0.000000
0.000000
0.000000
0.000000
0.000000
0.000000
0.000000
0.000000
0.000000
0.000000
0.000000
0.000000
0.000000
0.000000
0.000000
0.000000
0.000000
0.000000
0.000000
0.000000
0.000000
0.000000
0.000000
0.000000
0.000000
0.000000
0.000000
0.000000
0.000000
0.000000
0.000000
0.000000
0.000000
0.000000
0.000000
0.000000
0.000000
0.000000
0.000000
0.000000
0.000000
0.000000
0.000000
0.000000
0.000000
0.000000
0.000000
0.000000
0.000000
0.000000
0.000000
0.000000
0.000000
0.000000
0.000000
0.000000
0.000000
0.000000
0.000000
0.000000
0.000000
0.000000
0.000000
0.000000
0.000000
0.000000
0.000000
0.000000
0.000000
0.000000
0.000000
0.000000
0.000000
0.000000
0.000000
0.000000
0.000000
0.000000
0.000000
0.000000
0.000000
0.000000
