0.000077
0.000135
0.000148
0.000157
0.000166
0.000177
0.000187
0.000198
0.000210
0.000223
0.000236
0.000250
0.000265
0.000281
0.000297
0.000315
0.000333
0.000352
0.000373
0.000394
0.000417
0.000441
0.000466
0.000492
0.000520
0.000550
0.000581
0.000613
0.000647
0.000683
0.000721
0.000761
0.000803
0.000847
0.000893
0.000941
0.000992
0.001046
0.001102
0.001161
0.001222
0.001287
0.001355
0.001427
0.001501
0.001580
0.001662
0.001748
0.001838
0.001933
0.002032
0.002135
0.002243
0.002357
0.002475
0.002599
0.002729
0.002865
0.003006
0.003154
0.003309
0.003471
0.003640
0.003816
0.004000
0.004192
0.004392
0.004601
0.004819
0.005047
0.005284
0.005531
0.005788
0.006056
0.006335
0.006626
0.006929
0.007244
0.007573
0.007914
0.008269
0.008638
0.009022
0.009421
0.009836
0.010267
0.010715
0.011180
0.011663
0.012165
0.012685
0.013225
0.013785
0.014367
0.014969
0.015594
0.016242
0.016913
0.017608
0.018328
0.019074
0.019847
0.020646
0.021474
0.022330
0.023215
0.024131
0.025078
0.026057
0.027069
0.028114
0.029194
0.030309
0.031461
0.032650
0.033877
0.035143
0.036449
0.037796
0.039185
0.040617
0.042093
0.043614
0.045181
0.046795
0.048456
0.050167
0.051928
0.053739
0.055603
0.057520
0.059491
0.061517
0.063600
0.065740
0.067938
0.070196
0.072514
0.074894
0.077337
0.079843
0.082414
0.085051
0.087755
0.090526
0.093367
0.096277
0.099258
0.102311
0.105437
0.108636
0.111910
0.115260
0.118686
0.122190
0.125772
0.129434
0.133175
0.136997
0.140900
0.144886
0.148954
0.153107
0.157343
0.161665
0.166072
0.170564
0.175144
0.179810
0.184564
0.189406
0.194336
0.199354
0.204461
0.209657
0.214942
0.220316
0.225779
0.231332
0.236973
0.242704
0.248524
0.254432
0.260429
0.266513
0.272686
0.278945
0.285291
0.291723
0.298241
0.304843
0.311529
0.318298
0.325149
0.332081
0.339094
0.346185
0.353353
0.360598
0.367918
0.375311
0.382777
0.390313
0.397917
0.405589
0.413326
0.421126
0.428988
0.436909
0.444888
0.452921
0.461008
0.469145
0.477330
0.485561
0.493835
0.502149
0.510502
0.518889
0.527309
0.535759
0.544235
0.552735
0.561255
0.569792
0.578344
0.586907
0.595477
0.604052
0.612628
0.621201
0.629768
0.638326
0.646871
0.655399
0.663906
0.672390
0.680846
0.689270
0.697659
0.706009
0.714316
0.722577
0.730787
0.738942
0.747039
0.755073
0.763042
0.770940
0.778764
0.786511
0.794175
0.801754
0.809244
0.816640
0.823939
0.831137
0.838230
0.845215
0.852087
0.858844
0.865481
0.871995
0.878383
0.884640
0.890764
0.896751
0.902597
0.908300
0.913857
0.919263
0.924517
0.929615
0.934554
0.939331
0.943944
0.948390
0.952666
0.956771
0.960701
0.964454
0.968028
0.971422
0.974632
0.977657
0.980496
0.983147
0.985607
0.987876
0.989952
0.991835
0.993522
0.995013
0.996307
0.997404
0.998302
0.999001
0.999500
0.999800
0.999900
0.999800
0.999500
0.999001
0.998302
0.997404
0.996308
0.995014
0.993523
0.991836
0.989954
0.987878
0.985609
0.983148
0.980498
0.977659
0.974634
0.971424
0.968031
0.964456
0.960703
0.956773
0.952669
0.948393
0.943947
0.939334
0.934557
0.929618
0.924520
0.919267
0.913860
0.908304
0.902601
0.896754
0.890768
0.884644
0.878387
0.871999
0.865485
0.858848
0.852091
0.845219
0.838234
0.831141
0.823943
0.816644
0.809248
0.801759
0.794180
0.786516
0.778769
0.770945
0.763047
0.755079
0.747044
0.738948
0.730793
0.722583
0.714323
0.706016
0.697666
0.689277
0.680853
0.672397
0.663913
0.655406
0.646878
0.638333
0.629776
0.621209
0.612636
0.604060
0.595485
0.586915
0.578353
0.569801
0.561263
0.552743
0.544244
0.535768
0.527319
0.518899
0.510511
0.502159
0.493844
0.485570
0.477339
0.469154
0.461017
0.452931
0.444897
0.436919
0.428998
0.421136
0.413336
0.405599
0.397927
0.390323
0.382787
0.375321
0.367928
0.360608
0.353363
0.346195
0.339104
0.332092
0.325159
0.318308
0.311539
0.304853
0.298251
0.291733
0.285301
0.278955
0.272696
0.266523
0.260438
0.254442
0.248533
0.242714
0.236983
0.231341
0.225789
0.220325
0.214951
0.209666
0.204470
0.199363
0.194345
0.189415
0.184573
0.179819
0.175152
0.170573
0.166080
0.161673
0.157351
0.153115
0.148962
0.144894
0.140908
0.137004
0.133182
0.129441
0.125780
0.122198
0.118694
0.115267
0.111917
0.108643
0.105443
0.102317
0.099264
0.096283
0.093373
0.090532
0.087761
0.085057
0.082420
0.079849
0.077342
0.074900
0.072520
0.070201
0.067943
0.065745
0.063605
0.061522
0.059496
0.057524
0.055608
0.053744
0.051932
0.050171
0.048461
0.046799
0.045185
0.043618
0.042097
0.040621
0.039189
0.037800
0.036453
0.035146
0.033880
0.032653
0.031464
0.030312
0.029197
0.028117
0.027072
0.026060
0.025081
0.024134
0.023218
0.022332
0.021476
0.020649
0.019849
0.019077
0.018331
0.017610
0.016915
0.016244
0.015596
0.014971
0.014368
0.013787
0.013227
0.012687
0.012166
0.011665
0.011182
0.010717
0.010269
0.009838
0.009423
0.009023
0.008639
0.008270
0.007915
0.007574
0.007245
0.006930
0.006627
0.006336
0.006057
0.005789
0.005531
0.005284
0.005047
0.004820
0.004602
0.004393
0.004193
0.004000
0.003816
0.003640
0.003471
0.003310
0.003155
0.003007
0.002865
0.002729
0.002600
0.002476
0.002357
0.002244
0.002135
0.002032
0.001933
0.001839
0.001748
0.001662
0.001580
0.001502
0.001427
0.001356
0.001288
0.001223
0.001161
0.001102
0.001046
0.000992
0.000941
0.000893
0.000847
0.000803
0.000761
0.000721
0.000683
0.000647
0.000613
0.000581
0.000550
0.000520
0.000493
0.000466
0.000441
0.000417
0.000394
0.000373
0.000352
0.000333
0.000315
0.000297
0.000281
0.000265
0.000250
0.000236
0.000223
0.000210
0.000199
0.000187
0.000177
0.000166
0.000157
0.000148
0.000139
0.000131
0.000124
0.000116
0.000110
0.000103
0.000097
0.000091
0.000086
0.000081
0.000076
0.000071
0.000067
0.000063
0.000059
0.000056
0.000052
0.000049
0.000046
0.000043
0.000041
0.000038
0.000036
0.000034
0.000031
0.000030
0.000028
0.000026
0.000024
0.000023
0.000021
0.000020
0.000019
0.000017
0.000016
0.000015
0.000014
0.000013
0.000013
0.000012
0.000011
0.000010
0.000010
0.000009
0.000008
0.000008
0.000007
0.000007
0.000006
0.000006
0.000006
0.000005
0.000005
0.000004
0.000004
0.000004
0.000004
0.000003
0.000003
0.000003
0.000003
0.000003
0.000002
0.000002
0.000002
0.000002
0.000002
0.000002
0.000002
0.000001
0.000001
0.000001
0.000001
0.000001
0.000001
0.000001
0.000001
0.000001
0.000001
0.000001
0.000001
0.000001
0.000001
0.000000
0.000000
0.000000
0.000000
0.000000
0.000000
0.000000
0.000000
0.000000
0.000000
0.000000
0.000000
0.000000
0.000000
0.000000
0.000000
0.000000
0.000000
0.000000
0.000000
0.000000
0.000000
0.000000
0.000000
0.000000
0.000000
0.000000
0.000000
0.000000
0.000000
0.000000
0.000000
0.000000
0.000000
0.000000
0.000000
0.000000
0.000000
0.000000
0.000000
0.000000
0.000000
0.000000
0.000000
0.000000
0.000000
0.000000
0.000000
0.000000
0.000000
0.000000
0.000000
0.000000
0.000000
0.000000
0.000000
0.000000
0.000000
0.000000
0.000000
0.000000
0.000000
0.000000
0.000000
0.000000
0.000000
0.000000
0.000000
0.000000
0.000000
0.000000
0.000000
0.000000
0.000000
0.000000
0.000000
0.000000
0.000000
0.000000
0.000000
0.000000
0.000000
0.000000
0.000000
0.000000
0.000000
0.000000
0.000000
0.000000
0.000000
0.000000
0.000000
0.000000
0.000000
0.000000
0.000000
0.000000
0.000000
0.000000
0.000000
0.000000
0.000000
0.000000
0.000000
0.000000
0.000000
0.000000
0.000000
0.000000
0.000000
0.000000
0.000000
0.000000
0.000000
0.000000
0.000000
0.000000
0.000000
0.000000
0.000000
0.000000
0.000000
0.000000
0.000000
0.000000
0.000000
0.000000
0.000000
0.000000
0.000000
0.000000
0.000000
0.000000
0.000000
0.000000
0.000000
0.000000
0.000000
0.000000
0.000000
0.000000
0.000000
0.000000
0.000000
0.000000
0.000000
0.000000
0.000000
0.000000
0.000000
0.000000
0.000000
0.000000
0.000000
0.000000
0.000000
0.000000
0.000000
0.000000
0.000000
0.000000
0.000000
0.000000
0.000000
0.000000
0.000000
0.000000
0.000000
0.000000
0.000000
0.000000
0.000000
0.000000
0.000000
0.000000
0.000000
0.000000
0.000000
0.000000
0.000000
0.000000
0.000000
0.000000
0.000000
0.000000
0.000000
0.000000
0.000000
0.000000
0.000000
0.000000
0.000000
0.000000
0.000000
0.000000
0.000000
0.000000
0.000000
0.000000
0.000000
0.000000
0.000000
0.000000
0.000000
0.000000
0.000000
0.000000
0.000000
0.000000
0.000000
0.000000
0.000000
0.000000
0.000000
0.000000
0.000000
0.000000
0.000000
0.000000
0.000000
0.000000
0.000000
0.000000
0.000000
0.000000
0.000000
0.000000
0.000000
0.000000
0.000000
0.000000
0.000000
0.000000
0.000000
0.000000
0.000000
0.000000
0.000000
0.000000
0.000000
0.000000
0.000000
0.000000
0.000000
0.000000
0.000000
0.000000
0.000000
0.000000
0.000000
0.000000
0.000000
0.000000
0.000000
0.000000
0.000000
0.000000
0.000000
0.000000
0.000000
0.000000
0.000000
0.000000
0.000000
0.000000
0.000000
0.000000
0.000000
0.000000
0.000000
0.000000
0.000000
0.000000
0.000000
0.000000
0.000000
0.000000
0.000000
0.000000
0.000000
0.000000
0.000000
0.000000
0.000000
0.000000
0.000000
0.000000
0.000000
0.000000
0.000000
0.000000
0.000000
0.000000
0.000000
0.000000
0.000000
0.000000
0.000000
0.000000
0.000000
0.000000
0.000000
0.000000
0.000000
0.000000
0.000000
0.000000
0.000000
0.000000
0.000000
0.000000
0.000000
0.000000
0.000000
0.000000
0.000000
0.000000
0.000000
0.000000
