0.000006
0.000030
0.000021
0.000026
0.000097
0.000161
0.000192
0.000207
0.000220
0.000233
0.000247
0.000262
0.000277
0.000293
0.000311
0.000329
0.000348
0.000368
0.000389
0.000411
0.000435
0.000459
0.000486
0.000513
0.000542
0.000572
0.000604
0.000638
0.000673
0.000710
0.000750
0.000791
0.000834
0.000879
0.000927
0.000977
0.001030
0.001085
0.001143
0.001203
0.001267
0.001334
0.001404
0.001477
0.001554
0.001635
0.001720
0.001808
0.001901
0.001998
0.002099
0.002206
0.002317
0.002433
0.002555
0.002682
0.002815
0.002955
0.003100
0.003252
0.003410
0.003576
0.003749
0.003929
0.004118
0.004314
0.004519
0.004733
0.004956
0.005188
0.005430
0.005683
0.005946
0.006220
0.006505
0.006802
0.007111
0.007432
0.007767
0.008115
0.008477
0.008853
0.009245
0.009651
0.010074
0.010513
0.010969
0.011442
0.011933
0.012443
0.012972
0.013522
0.014091
0.014682
0.015294
0.015928
0.016586
0.017267
0.017973
0.018704
0.019461
0.020244
0.021055
0.021894
0.022761
0.023659
0.024587
0.025546
0.026537
0.027561
0.028620
0.029712
0.030841
0.032006
0.033208
0.034449
0.035729
0.037049
0.038410
0.039814
0.041260
0.042750
0.044286
0.045868
0.047496
0.049173
0.050898
0.052674
0.054501
0.056380
0.058312
0.060299
0.062341
0.064439
0.066594
0.068808
0.071081
0.073415
0.075810
0.078268
0.080790
0.083376
0.086028
0.088747
0.091533
0.094388
0.097313
0.100308
0.103375
0.106515
0.109728
0.113016
0.116379
0.119818
0.123335
0.126929
0.130602
0.134355
0.138188
0.142102
0.146098
0.150177
0.154338
0.158584
0.162914
0.167328
0.171829
0.176415
0.181088
0.185847
0.190694
0.195628
0.200650
0.205760
0.210958
0.216244
0.221619
0.227082
0.232634
0.238274
0.244002
0.249819
0.255723
0.261714
0.267793
0.273958
0.280210
0.286548
0.292970
0.299477
0.306067
0.312741
0.319496
0.326333
0.333249
0.340244
0.347318
0.354467
0.361692
0.368991
0.376363
0.383805
0.391316
0.398896
0.406541
0.414251
0.422022
0.429854
0.437745
0.445691
0.453692
0.461745
0.469847
0.477996
0.486190
0.494426
0.502702
0.511014
0.519361
0.527739
0.536145
0.544578
0.553033
0.561507
0.569998
0.578503
0.587018
0.595539
0.604065
0.612590
0.621112
0.629628
0.638133
0.646625
0.655100
0.663554
0.671983
0.680384
0.688753
0.697087
0.705382
0.713632
0.721836
0.729989
0.738088
0.746128
0.754105
0.762017
0.769858
0.777625
0.785315
0.792923
0.800445
0.807879
0.815219
0.822463
0.829605
0.836644
0.843574
0.850394
0.857097
0.863682
0.870145
0.876481
0.882688
0.888763
0.894701
0.900500
0.906157
0.911667
0.917029
0.922239
0.927295
0.932192
0.936930
0.941504
0.945913
0.950153
0.954223
0.958119
0.961840
0.965384
0.968748
0.971931
0.974930
0.977744
0.980372
0.982811
0.985061
0.987119
0.988985
0.990658
0.992136
0.993419
0.994505
0.995395
0.996088
0.996583
0.996881
0.996980
0.996881
0.996583
0.996088
0.995396
0.994506
0.993419
0.992136
0.990659
0.988986
0.987120
0.985062
0.982813
0.980374
0.977746
0.974932
0.971933
0.968751
0.965386
0.961843
0.958122
0.954225
0.950156
0.945916
0.941507
0.936933
0.932196
0.927298
0.922243
0.917033
0.911671
0.906160
0.900504
0.894705
0.888767
0.882692
0.876485
0.870149
0.863687
0.857102
0.850398
0.843579
0.836648
0.829610
0.822467
0.815224
0.807884
0.800450
0.792928
0.785320
0.777630
0.769863
0.762022
0.754111
0.746133
0.738093
0.729995
0.721842
0.713638
0.705388
0.697093
0.688760
0.680391
0.671990
0.663561
0.655107
0.646632
0.638141
0.629635
0.621120
0.612598
0.604073
0.595547
0.587026
0.578511
0.570007
0.561516
0.553041
0.544586
0.536154
0.527748
0.519370
0.511023
0.502711
0.494435
0.486199
0.478006
0.469857
0.461755
0.453702
0.445701
0.437755
0.429864
0.422032
0.414260
0.406551
0.398906
0.391326
0.383815
0.376372
0.369001
0.361702
0.354477
0.347328
0.340254
0.333259
0.326343
0.319506
0.312751
0.306077
0.299487
0.292980
0.286557
0.280220
0.273968
0.267803
0.261724
0.255732
0.249828
0.244012
0.238283
0.232643
0.227092
0.221628
0.216253
0.210967
0.205769
0.200659
0.195637
0.190703
0.185856
0.181096
0.176424
0.171837
0.167337
0.162922
0.158592
0.154346
0.150185
0.146106
0.142110
0.138196
0.134362
0.130610
0.126936
0.123342
0.119825
0.116386
0.113023
0.109735
0.106522
0.103382
0.100315
0.097319
0.094394
0.091539
0.088753
0.086034
0.083382
0.080796
0.078274
0.075816
0.073420
0.071086
0.068813
0.066599
0.064444
0.062345
0.060304
0.058317
0.056385
0.054506
0.052679
0.050903
0.049177
0.047500
0.045872
0.044290
0.042754
0.041264
0.039817
0.038414
0.037052
0.035732
0.034452
0.033211
0.032009
0.030844
0.029715
0.028622
0.027564
0.026540
0.025548
0.024589
0.023661
0.022764
0.021896
0.021057
0.020246
0.019463
0.018706
0.017975
0.017269
0.016588
0.015930
0.015296
0.014683
0.014093
0.013523
0.012974
0.012445
0.011935
0.011443
0.010970
0.010514
0.010075
0.009653
0.009246
0.008855
0.008478
0.008116
0.007768
0.007433
0.007112
0.006803
0.006506
0.006221
0.005947
0.005684
0.005431
0.005189
0.004957
0.004734
0.004520
0.004315
0.004118
0.003930
0.003749
0.003576
0.003411
0.003252
0.003100
0.002955
0.002816
0.002683
0.002556
0.002434
0.002317
0.002206
0.002100
0.001998
0.001901
0.001808
0.001720
0.001635
0.001555
0.001478
0.001404
0.001334
0.001267
0.001204
0.001143
0.001085
0.001030
0.000977
0.000927
0.000879
0.000834
0.000791
0.000750
0.000711
0.000673
0.000638
0.000604
0.000572
0.000542
0.000513
0.000486
0.000460
0.000435
0.000411
0.000389
0.000368
0.000348
0.000329
0.000311
0.000293
0.000277
0.000262
0.000247
0.000233
0.000220
0.000208
0.000196
0.000185
0.000175
0.000165
0.000155
0.000146
0.000138
0.000130
0.000122
0.000115
0.000108
0.000102
0.000096
0.000090
0.000085
0.000080
0.000075
0.000071
0.000067
0.000063
0.000059
0.000055
0.000052
0.000049
0.000046
0.000043
0.000040
0.000038
0.000036
0.000033
0.000031
0.000029
0.000027
0.000026
0.000024
0.000023
0.000021
0.000020
0.000019
0.000017
0.000016
0.000015
0.000014
0.000013
0.000012
0.000012
0.000011
0.000010
0.000010
0.000009
0.000008
0.000008
0.000007
0.000007
0.000006
0.000006
0.000005
0.000005
0.000005
0.000004
0.000004
0.000004
0.000004
0.000003
0.000003
0.000003
0.000003
0.000003
0.000002
0.000002
0.000002
0.000002
0.000002
0.000002
0.000002
0.000001
0.000001
0.000001
0.000001
0.000001
0.000001
0.000001
0.000001
0.000001
0.000001
0.000001
0.000001
0.000001
0.000001
0.000000
0.000000
0.000000
0.000000
0.000000
0.000000
0.000000
0.000000
0.000000
0.000000
0.000000
0.000000
0.000000
0.000000
0.000000
0.000000
0.000000
0.000000
0.000000
0.000000
0.000000
0.000000
0.000000
0.000000
0.000000
0.000000
0.000000
0.000000
0.000000
0.000000
0.000000
0.000000
0.000000
0.000000
0.000000
0.000000
0.000000
0.000000
0.000000
0.000000
0.000000
0.000000
0.000000
0.000000
0.000000
0.000000
0.000000
0.000000
0.000000
0.000000
0.000000
0.000000
0.000000
0.000000
0.000000
0.000000
0.000000
0.000000
0.000000
0.000000
0.000000
0.000000
0.000000
0.000000
0.000000
0.000000
0.000000
0.000000
0.000000
0.000000
0.000000
0.000000
0.000000
0.000000
0.000000
0.000000
0.000000
0.000000
0.000000
0.000000
0.000000
0.000000
0.000000
0.000000
0.000000
0.000000
0.000000
0.000000
0.000000
0.000000
0.000000
0.000000
0.000000
0.000000
0.000000
0.000000
0.000000
0.000000
0.000000
0.000000
0.000000
0.000000
0.000000
0.000000
0.000000
0.000000
0.000000
0.000000
0.000000
0.000000
0.000000
0.000000
0.000000
0.000000
0.000000
0.000000
0.000000
0.000000
0.000000
0.000000
0.000000
0.000000
0.000000
0.000000
0.000000
0.000000
0.000000
0.000000
0.000000
0.000000
0.000000
0.000000
0.000000
0.000000
0.000000
0.000000
0.000000
0.000000
0.000000
0.000000
0.000000
0.000000
0.000000
0.000000
0.000000
0.000000
0.000000
0.000000
0.000000
0.000000
0.000000
0.000000
0.000000
0.000000
0.000000
0.000000
0.000000
0.000000
0.000000
0.000000
0.000000
0.000000
0.000000
0.000000
0.000000
0.000000
0.000000
0.000000
0.000000
0.000000
0.000000
0.000000
0.000000
0.000000
0.000000
0.000000
0.000000
0.000000
0.000000
0.000000
0.000000
0.000000
0.000000
0.000000
0.000000
0.000000
0.000000
0.000000
0.000000
0.000000
0.000000
0.000000
0.000000
0.000000
0.000000
0.000000
0.000000
0.000000
0.000000
0.000000
0.000000
0.000000
0.000000
0.000000
0.000000
0.000000
0.000000
0.000000
0.000000
0.000000
0.000000
0.000000
0.000000
0.000000
0.000000
0.000000
0.000000
0.000000
0.000000
0.000000
0.000000
0.000000
0.000000
0.000000
0.000000
0.000000
0.000000
0.000000
0.000000
0.000000
0.000000
0.000000
0.000000
0.000000
0.000000
0.000000
0.000000
0.000000
0.000000
0.000000
0.000000
0.000000
0.000000
0.000000
0.000000
0.000000
0.000000
0.000000
0.000000
0.000000
0.000000
0.000000
0.000000
0.000000
0.000000
0.000000
0.000000
0.000000
0.000000
0.000000
0.000000
0.000000
0.000000
0.000000
0.000000
0.000000
0.000000
0.000000
0.000000
0.000000
0.000000
0.000000
0.000000
0.000000
0.000000
0.000000
0.000000
0.000000
0.000000
0.000000
0.000000
0.000000
0.000000
0.000000
0.000000
0.000000
0.000000
0.000000
0.000000
0.000000
0.000000
0.000000
0.000000
0.000000
0.000000
0.000000
0.000000
0.000000
0.000000
0.000000
0.000000
0.000000
0.000000
0.000000
0.000000
0.000000
0.000000
0.000000
0.000000
0.000000
0.000000
0.000000
0.000000
0.000000
0.000000
0.000000
0.000000
0.000000
