0.000099
0.000198
0.000297
0.000398
0.000497
0.000600
0.000701
0.000807
0.000911
0.001019
0.001129
0.001238
0.001355
0.001467
0.001590
0.001708
0.001834
0.001964
0.002091
0.002232
0.002367
0.002511
0.002664
0.002808
0.002971
0.003136
0.003295
0.003477
0.003658
0.003833
0.004033
0.004236
0.004429
0.004645
0.004878
0.005097
0.005322
0.005578
0.005843
0.006092
0.006348
0.006639
0.006951
0.007255
0.007545
0.007845
0.008177
0.008547
0.008941
0.009346
0.009755
0.010168
0.010587
0.011016
0.011457
0.011913
0.012384
0.012870
0.013374
0.013894
0.014431
0.014987
0.015560
0.016153
0.016765
0.017396
0.018048
0.018720
0.019414
0.020129
0.020867
0.021627
0.022411
0.023219
0.024051
0.024908
0.025791
0.026699
0.027634
0.028597
0.029587
0.030605
0.031652
0.032729
0.033836
0.034973
0.036142
0.037342
0.038575
0.039840
0.041140
0.042473
0.043841
0.045244
0.046683
0.048159
0.049671
0.051222
0.052810
0.054437
0.056103
0.057810
0.059556
0.061344
0.063173
0.065044
0.066958
0.068915
0.070915
0.072959
0.075048
0.077182
0.079362
0.081587
0.083859
0.086177
0.088543
0.090957
0.093418
0.095928
0.098487
0.101095
0.103752
0.106459
0.109216
0.112023
0.114881
0.117789
0.120748
0.123758
0.126820
0.129933
0.133097
0.136313
0.139581
0.142901
0.146271
0.149694
0.153169
0.156695
0.160272
0.163901
0.167581
0.171312
0.175095
0.178927
0.182810
0.186743
0.190726
0.194759
0.198840
0.202970
0.207149
0.211375
0.215648
0.219968
0.224334
0.228746
0.233203
0.237704
0.242249
0.246836
0.251466
0.256137
0.260849
0.265600
0.270391
0.275220
0.280085
0.284987
0.289925
0.294896
0.299901
0.304938
0.310006
0.315104
0.320231
0.325386
0.330567
0.335774
0.341005
0.346259
0.351535
0.356831
0.362146
0.367480
0.372830
0.378194
0.383573
0.388965
0.394367
0.399779
0.405200
0.410627
0.416060
0.421496
0.426936
0.432376
0.437816
0.443255
0.448690
0.454120
0.459544
0.464961
0.470367
0.475764
0.481149
0.486519
0.491875
0.497215
0.502537
0.507839
0.513121
0.518380
0.523615
0.528826
0.534010
0.539166
0.544293
0.549390
0.554455
0.559487
0.564484
0.569446
0.574370
0.579256
0.584102
0.588907
0.593671
0.598391
0.603067
0.607697
0.612281
0.616817
0.621305
0.625743
0.630129
0.634463
0.638745
0.642973
0.647146
0.651263
0.655324
0.659327
0.663272
0.667158
0.670984
0.674749
0.678454
0.682095
0.685675
0.689190
0.692641
0.696027
0.699348
0.702604
0.705792
0.708913
0.711967
0.714953
0.717870
0.720718
0.723497
0.726206
0.728844
0.731412
0.733909
0.736334
0.738687
0.740969
0.743178
0.745314
0.747377
0.749367
0.751285
0.753128
0.754898
0.756593
0.758215
0.759762
0.761235
0.762633
0.763956
0.765204
0.766377
0.767475
0.768498
0.769445
0.770317
0.771113
0.771834
0.772479
0.773048
0.773542
0.773959
0.774300
0.774566
0.774756
0.774870
0.774909
0.774870
0.774756
0.774566
0.774301
0.773959
0.773542
0.773048
0.772479
0.771834
0.771114
0.770318
0.769447
0.768499
0.767477
0.766379
0.765206
0.763958
0.762635
0.761237
0.759765
0.758218
0.756595
0.754900
0.753130
0.751287
0.749370
0.747380
0.745316
0.743180
0.740971
0.738690
0.736337
0.733912
0.731415
0.728848
0.726209
0.723501
0.720723
0.717875
0.714958
0.711973
0.708919
0.705797
0.702609
0.699354
0.696034
0.692646
0.689195
0.685680
0.682101
0.678459
0.674756
0.670990
0.667164
0.663278
0.659333
0.655330
0.651269
0.647151
0.642979
0.638751
0.634469
0.630134
0.625749
0.621311
0.616824
0.612288
0.607704
0.603073
0.598397
0.593677
0.588913
0.584108
0.579262
0.574376
0.569452
0.564490
0.559493
0.554461
0.549396
0.544299
0.539172
0.534016
0.528831
0.523620
0.518385
0.513125
0.507844
0.502541
0.497220
0.491881
0.486525
0.481153
0.475768
0.470372
0.464965
0.459549
0.454125
0.448695
0.443260
0.437821
0.432381
0.426941
0.421501
0.416065
0.410632
0.405205
0.399785
0.394372
0.388970
0.383579
0.378200
0.372835
0.367485
0.362152
0.356837
0.351540
0.346265
0.341011
0.335780
0.330574
0.325392
0.320237
0.315110
0.310012
0.304944
0.299908
0.294903
0.289932
0.284995
0.280093
0.275227
0.270398
0.265608
0.260856
0.256144
0.251473
0.246843
0.242255
0.237711
0.233210
0.228753
0.224341
0.219975
0.215655
0.211382
0.207156
0.202977
0.198847
0.194766
0.190733
0.186750
0.182817
0.178934
0.175101
0.171319
0.167587
0.163907
0.160278
0.156701
0.153175
0.149700
0.146278
0.142906
0.139587
0.136319
0.133103
0.129939
0.126826
0.123764
0.120754
0.117794
0.114886
0.112028
0.109221
0.106464
0.103757
0.101100
0.098492
0.095933
0.093423
0.090962
0.088548
0.086182
0.083863
0.081591
0.079366
0.077186
0.075052
0.072963
0.070919
0.068918
0.066962
0.065048
0.063177
0.061348
0.059560
0.057813
0.056107
0.054440
0.052813
0.051225
0.049675
0.048162
0.046686
0.045247
0.043844
0.042476
0.041143
0.039843
0.038578
0.037345
0.036145
0.034976
0.033839
0.032732
0.031655
0.030608
0.029589
0.028599
0.027637
0.026701
0.025793
0.024910
0.024053
0.023221
0.022413
0.021629
0.020869
0.020131
0.019416
0.018722
0.018049
0.017398
0.016766
0.016154
0.015562
0.014988
0.014433
0.013895
0.013375
0.012872
0.012385
0.011914
0.011459
0.011020
0.010595
0.010184
0.009787
0.009404
0.009034
0.008677
0.008333
0.008000
0.007679
0.007370
0.007072
0.006784
0.006507
0.006240
0.005983
0.005735
0.005496
0.005267
0.005046
0.004833
0.004628
0.004431
0.004242
0.004060
0.003885
0.003716
0.003555
0.003399
0.003250
0.003107
0.002969
0.002837
0.002711
0.002589
0.002473
0.002361
0.002254
0.002151
0.002052
0.001958
0.001868
0.001781
0.001698
0.001619
0.001543
0.001470
0.001401
0.001334
0.001271
0.001210
0.001152
0.001096
0.001043
0.000992
0.000944
0.000898
0.000853
0.000811
0.000771
0.000733
0.000696
0.000661
0.000628
0.000596
0.000566
0.000537
0.000510
0.000484
0.000459
0.000435
0.000412
0.000391
0.000371
0.000351
0.000333
0.000315
0.000298
0.000283
0.000268
0.000253
0.000240
0.000227
0.000214
0.000203
0.000192
0.000181
0.000171
0.000162
0.000153
0.000144
0.000136
0.000129
0.000122
0.000115
0.000108
0.000102
0.000096
0.000091
0.000086
0.000081
0.000076
0.000072
0.000068
0.000064
0.000060
0.000056
0.000053
0.000050
0.000047
0.000044
0.000042
0.000039
0.000037
0.000035
0.000033
0.000031
0.000029
0.000027
0.000025
0.000024
0.000022
0.000021
0.000020
0.000018
0.000017
0.000016
0.000015
0.000014
0.000013
0.000013
0.000012
0.000011
0.000010
0.000010
0.000009
0.000008
0.000008
0.000007
0.000007
0.000006
0.000006
0.000006
0.000005
0.000005
0.000005
0.000004
0.000004
0.000004
0.000004
0.000003
0.000003
0.000003
0.000003
0.000002
0.000002
0.000002
0.000002
0.000002
0.000002
0.000002
0.000002
0.000001
0.000001
0.000001
0.000001
0.000001
0.000001
0.000001
0.000001
0.000001
0.000001
0.000001
0.000001
0.000001
0.000001
0.000001
0.000000
0.000000
0.000000
0.000000
0.000000
0.000000
0.000000
0.000000
0.000000
0.000000
0.000000
0.000000
0.000000
0.000000
0.000000
0.000000
0.000000
0.000000
0.000000
0.000000
0.000000
0.000000
0.000000
0.000000
0.000000
0.000000
0.000000
0.000000
0.000000
0.000000
0.000000
0.000000
0.000000
0.000000
0.000000
0.000000
0.000000
0.000000
0.000000
0.000000
0.000000
0.000000
0.000000
0.000000
0.000000
0.000000
0.000000
0.000000
0.000000
0.000000
0.000000
0.000000
0.000000
0.000000
0.000000
0.000000
0.000000
0.000000
0.000000
0.000000
0.000000
0.000000
0.000000
0.000000
0.000000
0.000000
0.000000
0.000000
0.000000
0.000000
0.000000
0.000000
0.000000
0.000000
0.000000
0.000000
0.000000
0.000000
0.000000
0.000000
0.000000
0.000000
0.000000
0.000000
0.000000
0.000000
0.000000
0.000000
0.000000
0.000000
0.000000
0.000000
0.000000
0.000000
0.000000
0.000000
0.000000
0.000000
0.000000
0.000000
0.000000
0.000000
0.000000
0.000000
0.000000
0.000000
0.000000
0.000000
0.000000
0.000000
0.000000
0.000000
0.000000
0.000000
0.000000
0.000000
0.000000
0.000000
0.000000
0.000000
0.000000
0.000000
0.000000
0.000000
0.000000
0.000000
0.000000
0.000000
0.000000
0.000000
0.000000
0.000000
0.000000
0.000000
0.000000
0.000000
0.000000
0.000000
0.000000
0.000000
0.000000
0.000000
0.000000
0.000000
0.000000
0.000000
0.000000
0.000000
0.000000
0.000000
0.000000
0.000000
0.000000
0.000000
0.000000
0.000000
0.000000
0.000000
0.000000
0.000000
0.000000
0.000000
0.000000
0.000000
0.000000
0.000000
0.000000
0.000000
0.000000
0.000000
0.000000
0.000000
0.000000
0.000000
0.000000
0.000000
0.000000
0.000000
0.000000
0.000000
0.000000
0.000000
0.000000
0.000000
0.000000
0.000000
0.000000
0.000000
0.000000
0.000000
0.000000
0.000000
0.000000
0.000000
0.000000
0.000000
0.000000
0.000000
0.000000
0.000000
0.000000
0.000000
0.000000
0.000000
0.000000
0.000000
0.000000
0.000000
0.000000
0.000000
0.000000
0.000000
0.000000
0.000000
0.000000
0.000000
0.000000
0.000000
0.000000
0.000000
0.000000
0.000000
0.000000
0.000000
0.000000
0.000000
0.000000
0.000000
0.000000
0.000000
0.000000
0.000000
0.000000
0.000000
0.000000
0.000000
0.000000
0.000000
0.000000
0.000000
0.000000
0.000000
0.000000
0.000000
0.000000
0.000000
0.000000
0.000000
0.000000
0.000000
0.000000
0.000000
0.000000
0.000000
0.000000
0.000000
0.000000
0.000000
0.000000
0.000000
0.000000
0.000000
0.000000
0.000000
0.000000
0.000000
0.000000
0.000000
0.000000
0.000000
0.000000
0.000000
0.000000
0.000000
0.000000
0.000000
0.000000
