0.000101
0.000203
0.000304
0.000407
0.000509
0.000613
0.000718
0.000824
0.000934
0.001041
0.001156
0.001266
0.001386
0.001501
0.001624
0.001750
0.001873
0.002010
0.002139
0.002280
0.002424
0.002564
0.002723
0.002874
0.003033
0.003207
0.003371
0.003548
0.003740
0.003920
0.004115
0.004329
0.004531
0.004740
0.004978
0.005213
0.005438
0.005688
0.005963
0.006229
0.006486
0.006769
0.007085
0.007407
0.007712
0.008015
0.008342
0.008706
0.009102
0.009516
0.009936
0.010361
0.010790
0.011228
0.011678
0.012141
0.012620
0.013114
0.013626
0.014154
0.014700
0.015264
0.015847
0.016448
0.017070
0.017711
0.018372
0.019055
0.019759
0.020485
0.021233
0.022005
0.022800
0.023619
0.024463
0.025331
0.026226
0.027147
0.028095
0.029070
0.030074
0.031105
0.032166
0.033257
0.034378
0.035529
0.036712
0.037928
0.039175
0.040456
0.041771
0.043120
0.044504
0.045924
0.047379
0.048871
0.050401
0.051968
0.053574
0.055218
0.056902
0.058626
0.060391
0.062197
0.064044
0.065934
0.067866
0.069842
0.071861
0.073924
0.076032
0.078185
0.080384
0.082629
0.084920
0.087259
0.089644
0.092077
0.094558
0.097088
0.099666
0.102294
0.104971
0.107697
0.110474
0.113300
0.116177
0.119105
0.122083
0.125112
0.128193
0.131324
0.134507
0.137741
0.141027
0.144364
0.147753
0.151193
0.154684
0.158226
0.161820
0.165465
0.169161
0.172907
0.176703
0.180550
0.184447
0.188393
0.192389
0.196434
0.200526
0.204667
0.208856
0.213092
0.217375
0.221703
0.226077
0.230496
0.234959
0.239465
0.244014
0.248606
0.253239
0.257912
0.262626
0.267378
0.272168
0.276995
0.281858
0.286757
0.291691
0.296657
0.301655
0.306685
0.311745
0.316834
0.321950
0.327094
0.332262
0.337455
0.342671
0.347909
0.353168
0.358445
0.363741
0.369054
0.374382
0.379723
0.385078
0.390444
0.395819
0.401203
0.406595
0.411991
0.417392
0.422796
0.428201
0.433606
0.439009
0.444410
0.449806
0.455196
0.460579
0.465952
0.471315
0.476667
0.482005
0.487329
0.492637
0.497927
0.503198
0.508449
0.513677
0.518883
0.524063
0.529218
0.534345
0.539444
0.544513
0.549550
0.554554
0.559525
0.564460
0.569359
0.574219
0.579042
0.583822
0.588563
0.593260
0.597914
0.602522
0.607085
0.611601
0.616069
0.620487
0.624856
0.629173
0.633438
0.637649
0.641807
0.645910
0.649958
0.653948
0.657882
0.661756
0.665573
0.669329
0.673025
0.676660
0.680233
0.683743
0.687190
0.690574
0.693893
0.697147
0.700337
0.703460
0.706517
0.709507
0.712430
0.715285
0.718072
0.720791
0.723441
0.726021
0.728531
0.730973
0.733343
0.735642
0.737871
0.740030
0.742116
0.744131
0.746074
0.747946
0.749746
0.751473
0.753127
0.754710
0.756219
0.757656
0.759019
0.760310
0.761527
0.762671
0.763742
0.764739
0.765661
0.766511
0.767288
0.767990
0.768619
0.769173
0.769654
0.770060
0.770393
0.770652
0.770837
0.770949
0.770986
0.770949
0.770837
0.770652
0.770394
0.770061
0.769654
0.769173
0.768618
0.767990
0.767288
0.766513
0.765663
0.764740
0.763743
0.762673
0.761528
0.760311
0.759021
0.757658
0.756221
0.754712
0.753130
0.751475
0.749748
0.747949
0.746077
0.744134
0.742118
0.740032
0.737874
0.735645
0.733346
0.730975
0.728535
0.726024
0.723444
0.720795
0.718077
0.715290
0.712436
0.709513
0.706523
0.703466
0.700343
0.697154
0.693899
0.690580
0.687196
0.683749
0.680238
0.676665
0.673030
0.669334
0.665578
0.661762
0.657887
0.653954
0.649963
0.645916
0.641813
0.637655
0.633443
0.629178
0.624862
0.620494
0.616075
0.611608
0.607091
0.602528
0.597920
0.593266
0.588569
0.583829
0.579047
0.574226
0.569365
0.564467
0.559531
0.554560
0.549556
0.544518
0.539449
0.534351
0.529223
0.524068
0.518887
0.513682
0.508453
0.503202
0.497931
0.492642
0.487334
0.482010
0.476671
0.471320
0.465956
0.460583
0.455201
0.449811
0.444415
0.439015
0.433611
0.428206
0.422800
0.417397
0.411997
0.406600
0.401208
0.395824
0.390449
0.385083
0.379729
0.374387
0.369059
0.363747
0.358451
0.353173
0.347915
0.342677
0.337461
0.332268
0.327100
0.321956
0.316840
0.311751
0.306691
0.301662
0.296663
0.291697
0.286765
0.281866
0.277002
0.272175
0.267385
0.262633
0.257919
0.253246
0.248613
0.244021
0.239472
0.234965
0.230502
0.226084
0.221710
0.217381
0.213099
0.208863
0.204675
0.200534
0.196440
0.192396
0.188400
0.184454
0.180557
0.176710
0.172913
0.169167
0.165471
0.161826
0.158233
0.154690
0.151199
0.147759
0.144370
0.141033
0.137747
0.134513
0.131330
0.128198
0.125118
0.122089
0.119110
0.116183
0.113306
0.110479
0.107703
0.104976
0.102299
0.099672
0.097093
0.094563
0.092082
0.089649
0.087263
0.084925
0.082634
0.080389
0.078190
0.076036
0.073928
0.071865
0.069845
0.067870
0.065937
0.064048
0.062200
0.060394
0.058630
0.056906
0.055222
0.053577
0.051971
0.050404
0.048874
0.047382
0.045927
0.044507
0.043123
0.041774
0.040459
0.039178
0.037931
0.036715
0.035532
0.034380
0.033259
0.032169
0.031108
0.030076
0.029073
0.028097
0.027150
0.026228
0.025334
0.024465
0.023621
0.022802
0.022007
0.021235
0.020486
0.019760
0.019056
0.018374
0.017712
0.017071
0.016450
0.015848
0.015266
0.014702
0.014156
0.013627
0.013116
0.012621
0.012143
0.011680
0.011233
0.010801
0.010383
0.009980
0.009590
0.009214
0.008851
0.008500
0.008162
0.007836
0.007521
0.007217
0.006925
0.006642
0.006370
0.006108
0.005856
0.005613
0.005379
0.005154
0.004937
0.004728
0.004527
0.004334
0.004149
0.003970
0.003799
0.003634
0.003475
0.003323
0.003177
0.003037
0.002902
0.002773
0.002649
0.002530
0.002416
0.002306
0.002201
0.002101
0.002004
0.001912
0.001824
0.001739
0.001658
0.001580
0.001506
0.001435
0.001367
0.001302
0.001240
0.001180
0.001123
0.001069
0.001017
0.000968
0.000920
0.000875
0.000832
0.000791
0.000752
0.000714
0.000678
0.000644
0.000612
0.000581
0.000551
0.000523
0.000496
0.000471
0.000447
0.000424
0.000402
0.000381
0.000361
0.000342
0.000324
0.000307
0.000290
0.000275
0.000260
0.000246
0.000233
0.000220
0.000208
0.000197
0.000186
0.000176
0.000167
0.000157
0.000149
0.000140
0.000133
0.000125
0.000118
0.000111
0.000105
0.000099
0.000094
0.000088
0.000083
0.000078
0.000074
0.000070
0.000066
0.000062
0.000058
0.000055
0.000052
0.000049
0.000046
0.000043
0.000040
0.000038
0.000036
0.000034
0.000032
0.000030
0.000028
0.000026
0.000025
0.000023
0.000022
0.000020
0.000019
0.000018
0.000017
0.000016
0.000015
0.000014
0.000013
0.000012
0.000011
0.000011
0.000010
0.000009
0.000009
0.000008
0.000008
0.000007
0.000007
0.000006
0.000006
0.000005
0.000005
0.000005
0.000004
0.000004
0.000004
0.000004
0.000003
0.000003
0.000003
0.000003
0.000003
0.000002
0.000002
0.000002
0.000002
0.000002
0.000002
0.000002
0.000001
0.000001
0.000001
0.000001
0.000001
0.000001
0.000001
0.000001
0.000001
0.000001
0.000001
0.000001
0.000001
0.000001
0.000001
0.000000
0.000000
0.000000
0.000000
0.000000
0.000000
0.000000
0.000000
0.000000
0.000000
0.000000
0.000000
0.000000
0.000000
0.000000
0.000000
0.000000
0.000000
0.000000
0.000000
0.000000
0.000000
0.000000
0.000000
0.000000
0.000000
0.000000
0.000000
0.000000
0.000000
0.000000
0.000000
0.000000
0.000000
0.000000
0.000000
0.000000
0.000000
0.000000
0.000000
0.000000
0.000000
0.000000
0.000000
0.000000
0.000000
0.000000
0.000000
0.000000
0.000000
0.000000
0.000000
0.000000
0.000000
0.000000
0.000000
0.000000
0.000000
0.000000
0.000000
0.000000
0.000000
0.000000
0.000000
0.000000
0.000000
0.000000
0.000000
0.000000
0.000000
0.000000
0.000000
0.000000
0.000000
0.000000
0.000000
0.000000
0.000000
0.000000
0.000000
0.000000
0.000000
0.000000
0.000000
0.000000
0.000000
0.000000
0.000000
0.000000
0.000000
0.000000
0.000000
0.000000
0.000000
0.000000
0.000000
0.000000
0.000000
0.000000
0.000000
0.000000
0.000000
0.000000
0.000000
0.000000
0.000000
0.000000
0.000000
0.000000
0.000000
0.000000
0.000000
0.000000
0.000000
0.000000
0.000000
0.000000
0.000000
0.000000
0.000000
0.000000
0.000000
0.000000
0.000000
0.000000
0.000000
0.000000
0.000000
0.000000
0.000000
0.000000
0.000000
0.000000
0.000000
0.000000
0.000000
0.000000
0.000000
0.000000
0.000000
0.000000
0.000000
0.000000
0.000000
0.000000
0.000000
0.000000
0.000000
0.000000
0.000000
0.000000
0.000000
0.000000
0.000000
0.000000
0.000000
0.000000
0.000000
0.000000
0.000000
0.000000
0.000000
0.000000
0.000000
0.000000
0.000000
0.000000
0.000000
0.000000
0.000000
0.000000
0.000000
0.000000
0.000000
0.000000
0.000000
0.000000
0.000000
0.000000
0.000000
0.000000
0.000000
0.000000
0.000000
0.000000
0.000000
0.000000
0.000000
0.000000
0.000000
0.000000
0.000000
0.000000
0.000000
0.000000
0.000000
0.000000
0.000000
0.000000
0.000000
0.000000
0.000000
0.000000
0.000000
0.000000
0.000000
0.000000
0.000000
0.000000
0.000000
0.000000
0.000000
0.000000
0.000000
0.000000
0.000000
0.000000
0.000000
0.000000
0.000000
0.000000
0.000000
0.000000
0.000000
0.000000
0.000000
0.000000
0.000000
0.000000
0.000000
0.000000
0.000000
0.000000
0.000000
0.000000
0.000000
0.000000
0.000000
0.000000
0.000000
0.000000
0.000000
0.000000
0.000000
0.000000
0.000000
0.000000
0.000000
0.000000
0.000000
0.000000
0.000000
0.000000
0.000000
0.000000
0.000000
0.000000
0.000000
0.000000
0.000000
0.000000
0.000000
0.000000
0.000000
0.000000
0.000000
0.000000
0.000000
0.000000
0.000000
0.000000
0.000000
0.000000
0.000000
0.000000
0.000000
0.000000
