0.000103
0.000207
0.000311
0.000415
0.000522
0.000627
0.000736
0.000843
0.000956
0.001065
0.001182
0.001296
0.001416
0.001538
0.001659
0.001791
0.001916
0.002054
0.002190
0.002328
0.002480
0.002623
0.002780
0.002942
0.003099
0.003275
0.003450
0.003623
0.003819
0.004011
0.004202
0.004418
0.004634
0.004843
0.005077
0.005326
0.005560
0.005804
0.006081
0.006363
0.006631
0.006908
0.007221
0.007554
0.007879
0.008191
0.008515
0.008873
0.009267
0.009687
0.010118
0.010555
0.010995
0.011443
0.011901
0.012373
0.012860
0.013362
0.013882
0.014419
0.014973
0.015546
0.016138
0.016749
0.017380
0.018030
0.018702
0.019395
0.020109
0.020846
0.021605
0.022387
0.023194
0.024025
0.024880
0.025761
0.026668
0.027602
0.028563
0.029551
0.030567
0.031613
0.032687
0.033792
0.034927
0.036093
0.037291
0.038521
0.039784
0.041081
0.042411
0.043776
0.045176
0.046612
0.048084
0.049593
0.051139
0.052724
0.054347
0.056009
0.057711
0.059453
0.061236
0.063060
0.064926
0.066834
0.068785
0.070779
0.072818
0.074900
0.077028
0.079200
0.081418
0.083683
0.085994
0.088352
0.090757
0.093210
0.095711
0.098260
0.100858
0.103505
0.106202
0.108948
0.111744
0.114590
0.117486
0.120433
0.123430
0.126479
0.129578
0.132728
0.135930
0.139182
0.142486
0.145841
0.149247
0.152704
0.156212
0.159771
0.163381
0.167041
0.170752
0.174514
0.178325
0.182186
0.186096
0.190056
0.194064
0.198120
0.202225
0.206377
0.210576
0.214821
0.219112
0.223449
0.227831
0.232256
0.236725
0.241237
0.245791
0.250386
0.255022
0.259698
0.264412
0.269165
0.273954
0.278779
0.283640
0.288536
0.293465
0.298425
0.303417
0.308440
0.313491
0.318570
0.323676
0.328807
0.333963
0.339142
0.344342
0.349564
0.354805
0.360064
0.365340
0.370631
0.375937
0.381255
0.386585
0.391925
0.397273
0.402629
0.407991
0.413357
0.418725
0.424096
0.429467
0.434836
0.440202
0.445564
0.450921
0.456270
0.461611
0.466941
0.472260
0.477566
0.482858
0.488134
0.493393
0.498634
0.503854
0.509052
0.514228
0.519379
0.524504
0.529603
0.534674
0.539714
0.544724
0.549701
0.554645
0.559554
0.564427
0.569263
0.574060
0.578817
0.583533
0.588208
0.592838
0.597425
0.601966
0.606461
0.610909
0.615308
0.619657
0.623956
0.628204
0.632398
0.636540
0.640628
0.644660
0.648638
0.652558
0.656421
0.660226
0.663972
0.667658
0.671284
0.674850
0.678354
0.681796
0.685175
0.688490
0.691743
0.694931
0.698054
0.701112
0.704105
0.707031
0.709891
0.712683
0.715409
0.718067
0.720658
0.723180
0.725633
0.728018
0.730334
0.732580
0.734756
0.736864
0.738900
0.740867
0.742763
0.744589
0.746345
0.748030
0.749643
0.751186
0.752658
0.754059
0.755388
0.756645
0.757832
0.758946
0.759989
0.760961
0.761859
0.762687
0.763444
0.764128
0.764740
0.765280
0.765748
0.766143
0.766468
0.766720
0.766900
0.767009
0.767045
0.767009
0.766900
0.766720
0.766468
0.766144
0.765748
0.765280
0.764740
0.764128
0.763444
0.762689
0.761861
0.760962
0.759990
0.758948
0.757833
0.756647
0.755389
0.754061
0.752660
0.751188
0.749646
0.748032
0.746347
0.744592
0.742766
0.740870
0.738903
0.736866
0.734759
0.732583
0.730336
0.728021
0.725637
0.723183
0.720662
0.718072
0.715415
0.712689
0.709896
0.707036
0.704110
0.701118
0.698060
0.694937
0.691749
0.688497
0.685181
0.681801
0.678359
0.674855
0.671290
0.667664
0.663977
0.660232
0.656427
0.652564
0.648643
0.644666
0.640633
0.636546
0.632404
0.628209
0.623962
0.619664
0.615314
0.610915
0.606468
0.601972
0.597431
0.592844
0.588213
0.583539
0.578823
0.574066
0.569269
0.564433
0.559561
0.554651
0.549707
0.544730
0.539720
0.534679
0.529609
0.524510
0.519384
0.514232
0.509057
0.503858
0.498638
0.493398
0.488140
0.482863
0.477571
0.472265
0.466946
0.461615
0.456275
0.450925
0.445569
0.440207
0.434840
0.429471
0.424100
0.418730
0.413362
0.407996
0.402634
0.397278
0.391930
0.386590
0.381261
0.375942
0.370637
0.365345
0.360070
0.354810
0.349570
0.344348
0.339148
0.333969
0.328813
0.323682
0.318576
0.313497
0.308446
0.303424
0.298432
0.293471
0.288543
0.283648
0.278787
0.273961
0.269171
0.264419
0.259704
0.255029
0.250393
0.245798
0.241244
0.236732
0.232263
0.227837
0.223456
0.219119
0.214828
0.210582
0.206384
0.202232
0.198127
0.194071
0.190062
0.186103
0.182192
0.178331
0.174520
0.170759
0.167048
0.163387
0.159777
0.156218
0.152710
0.149253
0.145847
0.142492
0.139188
0.135935
0.132734
0.129584
0.126485
0.123436
0.120439
0.117492
0.114595
0.111749
0.108953
0.106207
0.103510
0.100863
0.098265
0.095716
0.093214
0.090761
0.088356
0.085998
0.083687
0.081423
0.079204
0.077032
0.074904
0.072822
0.070783
0.068789
0.066838
0.064929
0.063063
0.061239
0.059456
0.057714
0.056013
0.054350
0.052727
0.051143
0.049596
0.048087
0.046615
0.045179
0.043779
0.042414
0.041084
0.039787
0.038524
0.037294
0.036096
0.034930
0.033795
0.032690
0.031615
0.030570
0.029553
0.028565
0.027604
0.026671
0.025764
0.024882
0.024027
0.023196
0.022389
0.021607
0.020847
0.020111
0.019396
0.018704
0.018032
0.017381
0.016751
0.016140
0.015548
0.014975
0.014420
0.013883
0.013364
0.012861
0.012375
0.011905
0.011450
0.011011
0.010586
0.010176
0.009780
0.009397
0.009028
0.008671
0.008327
0.007995
0.007674
0.007365
0.007067
0.006780
0.006503
0.006236
0.005979
0.005732
0.005493
0.005264
0.005043
0.004830
0.004626
0.004429
0.004239
0.004057
0.003883
0.003714
0.003553
0.003398
0.003249
0.003105
0.002968
0.002836
0.002709
0.002588
0.002472
0.002360
0.002253
0.002150
0.002052
0.001957
0.001867
0.001780
0.001698
0.001618
0.001542
0.001470
0.001400
0.001334
0.001270
0.001209
0.001151
0.001096
0.001043
0.000992
0.000944
0.000897
0.000853
0.000811
0.000771
0.000733
0.000696
0.000661
0.000628
0.000596
0.000566
0.000537
0.000510
0.000483
0.000459
0.000435
0.000412
0.000391
0.000371
0.000351
0.000333
0.000315
0.000298
0.000283
0.000267
0.000253
0.000240
0.000227
0.000214
0.000203
0.000192
0.000181
0.000171
0.000162
0.000153
0.000144
0.000136
0.000129
0.000122
0.000115
0.000108
0.000102
0.000096
0.000091
0.000086
0.000081
0.000076
0.000072
0.000068
0.000064
0.000060
0.000056
0.000053
0.000050
0.000047
0.000044
0.000042
0.000039
0.000037
0.000035
0.000033
0.000031
0.000029
0.000027
0.000025
0.000024
0.000022
0.000021
0.000020
0.000018
0.000017
0.000016
0.000015
0.000014
0.000013
0.000013
0.000012
0.000011
0.000010
0.000010
0.000009
0.000008
0.000008
0.000007
0.000007
0.000006
0.000006
0.000006
0.000005
0.000005
0.000005
0.000004
0.000004
0.000004
0.000004
0.000003
0.000003
0.000003
0.000003
0.000002
0.000002
0.000002
0.000002
0.000002
0.000002
0.000002
0.000002
0.000001
0.000001
0.000001
0.000001
0.000001
0.000001
0.000001
0.000001
0.000001
0.000001
0.000001
0.000001
0.000001
0.000001
0.000001
0.000000
0.000000
0.000000
0.000000
0.000000
0.000000
0.000000
0.000000
0.000000
0.000000
0.000000
0.000000
0.000000
0.000000
0.000000
0.000000
0.000000
0.000000
0.000000
0.000000
0.000000
0.000000
0.000000
0.000000
0.000000
0.000000
0.000000
0.000000
0.000000
0.000000
0.000000
0.000000
0.000000
0.000000
0.000000
0.000000
0.000000
0.000000
0.000000
0.000000
0.000000
0.000000
0.000000
0.000000
0.000000
0.000000
0.000000
0.000000
0.000000
0.000000
0.000000
0.000000
0.000000
0.000000
0.000000
0.000000
0.000000
0.000000
0.000000
0.000000
0.000000
0.000000
0.000000
0.000000
0.000000
0.000000
0.000000
0.000000
0.000000
0.000000
0.000000
0.000000
0.000000
0.000000
0.000000
0.000000
0.000000
0.000000
0.000000
0.000000
0.000000
0.000000
0.000000
0.000000
0.000000
0.000000
0.000000
0.000000
0.000000
0.000000
0.000000
0.000000
0.000000
0.000000
0.000000
0.000000
0.000000
0.000000
0.000000
0.000000
0.000000
0.000000
0.000000
0.000000
0.000000
0.000000
0.000000
0.000000
0.000000
0.000000
0.000000
0.000000
0.000000
0.000000
0.000000
0.000000
0.000000
0.000000
0.000000
0.000000
0.000000
0.000000
0.000000
0.000000
0.000000
0.000000
0.000000
0.000000
0.000000
0.000000
0.000000
0.000000
0.000000
0.000000
0.000000
0.000000
0.000000
0.000000
0.000000
0.000000
0.000000
0.000000
0.000000
0.000000
0.000000
0.000000
0.000000
0.000000
0.000000
0.000000
0.000000
0.000000
0.000000
0.000000
0.000000
0.000000
0.000000
0.000000
0.000000
0.000000
0.000000
0.000000
0.000000
0.000000
0.000000
0.000000
0.000000
0.000000
0.000000
0.000000
0.000000
0.000000
0.000000
0.000000
0.000000
0.000000
0.000000
0.000000
0.000000
0.000000
0.000000
0.000000
0.000000
0.000000
0.000000
0.000000
0.000000
0.000000
0.000000
0.000000
0.000000
0.000000
0.000000
0.000000
0.000000
0.000000
0.000000
0.000000
0.000000
0.000000
0.000000
0.000000
0.000000
0.000000
0.000000
0.000000
0.000000
0.000000
0.000000
0.000000
0.000000
0.000000
0.000000
0.000000
0.000000
0.000000
0.000000
0.000000
0.000000
0.000000
0.000000
0.000000
0.000000
0.000000
0.000000
0.000000
0.000000
0.000000
0.000000
0.000000
0.000000
0.000000
0.000000
0.000000
0.000000
0.000000
0.000000
0.000000
0.000000
0.000000
0.000000
0.000000
0.000000
0.000000
0.000000
0.000000
0.000000
0.000000
0.000000
0.000000
0.000000
0.000000
0.000000
0.000000
0.000000
0.000000
0.000000
0.000000
0.000000
0.000000
0.000000
0.000000
0.000000
0.000000
0.000000
0.000000
0.000000
0.000000
0.000000
0.000000
0.000000
0.000000
0.000000
0.000000
0.000000
0.000000
