0.000106
0.000212
0.000319
0.000425
0.000534
0.000641
0.000753
0.000862
0.000977
0.001091
0.001207
0.001328
0.001446
0.001574
0.001696
0.001830
0.001961
0.002097
0.002242
0.002380
0.002534
0.002685
0.002839
0.003009
0.003169
0.003343
0.003529
0.003704
0.003898
0.004102
0.004295
0.004508
0.004736
0.004952
0.005180
0.005435
0.005685
0.005929
0.006200
0.006494
0.006777
0.007056
0.007362
0.007700
0.008043
0.008371
0.008697
0.009049
0.009439
0.009861
0.010301
0.010750
0.011202
0.011660
0.012128
0.012609
0.013104
0.013615
0.014142
0.014688
0.015251
0.015833
0.016434
0.017054
0.017695
0.018355
0.019037
0.019740
0.020465
0.021212
0.021982
0.022776
0.023594
0.024437
0.025304
0.026198
0.027117
0.028063
0.029037
0.030038
0.031068
0.032127
0.033216
0.034335
0.035484
0.036665
0.037878
0.039123
0.040402
0.041714
0.043060
0.044441
0.045857
0.047309
0.048798
0.050324
0.051888
0.053489
0.055130
0.056810
0.058530
0.060290
0.062091
0.063933
0.065818
0.067745
0.069715
0.071728
0.073786
0.075888
0.078034
0.080226
0.082464
0.084748
0.087079
0.089456
0.091881
0.094354
0.096875
0.099444
0.102062
0.104729
0.107445
0.110211
0.113027
0.115892
0.118808
0.121774
0.124791
0.127858
0.130976
0.134145
0.137365
0.140636
0.143957
0.147330
0.150753
0.154228
0.157753
0.161328
0.164954
0.168631
0.172357
0.176133
0.179959
0.183834
0.187757
0.191730
0.195751
0.199819
0.203935
0.208097
0.212306
0.216562
0.220862
0.225206
0.229595
0.234028
0.238503
0.243020
0.247578
0.252177
0.256815
0.261493
0.266208
0.270961
0.275749
0.280573
0.285431
0.290323
0.295247
0.300202
0.305187
0.310202
0.315244
0.320313
0.325408
0.330527
0.335669
0.340834
0.346019
0.351224
0.356447
0.361687
0.366943
0.372213
0.377496
0.382790
0.388095
0.393408
0.398729
0.404056
0.409388
0.414723
0.420059
0.425396
0.430731
0.436064
0.441393
0.446717
0.452034
0.457342
0.462640
0.467927
0.473202
0.478463
0.483707
0.488936
0.494146
0.499335
0.504504
0.509650
0.514772
0.519869
0.524939
0.529981
0.534994
0.539977
0.544927
0.549844
0.554727
0.559574
0.564385
0.569157
0.573890
0.578582
0.583233
0.587841
0.592406
0.596925
0.601399
0.605826
0.610205
0.614534
0.618814
0.623044
0.627221
0.631346
0.635418
0.639435
0.643397
0.647304
0.651154
0.654946
0.658681
0.662356
0.665973
0.669529
0.673025
0.676460
0.679833
0.683144
0.686392
0.689577
0.692698
0.695755
0.698748
0.701675
0.704538
0.707334
0.710065
0.712730
0.715328
0.717859
0.720322
0.722718
0.725047
0.727308
0.729500
0.731624
0.733680
0.735667
0.737585
0.739435
0.741215
0.742927
0.744569
0.746142
0.747645
0.749079
0.750443
0.751738
0.752963
0.754118
0.755204
0.756219
0.757164
0.758040
0.758845
0.759581
0.760247
0.760843
0.761368
0.761824
0.762209
0.762525
0.762770
0.762945
0.763051
0.763086
0.763051
0.762945
0.762770
0.762524
0.762210
0.761824
0.761369
0.760843
0.760248
0.759582
0.758846
0.758041
0.757166
0.756220
0.755205
0.754120
0.752964
0.751739
0.750445
0.749081
0.747647
0.746144
0.744571
0.742929
0.741218
0.739438
0.737588
0.735669
0.733682
0.731627
0.729503
0.727310
0.725049
0.722721
0.720325
0.717862
0.715332
0.712735
0.710071
0.707339
0.704543
0.701681
0.698754
0.695761
0.692704
0.689582
0.686398
0.683150
0.679839
0.676465
0.673030
0.669534
0.665978
0.662362
0.658686
0.654952
0.651159
0.647309
0.643403
0.639440
0.635423
0.631352
0.627227
0.623049
0.618821
0.614541
0.610211
0.605832
0.601405
0.596931
0.592412
0.587847
0.583239
0.578588
0.573896
0.569163
0.564391
0.559581
0.554733
0.549850
0.544933
0.539982
0.535000
0.529987
0.524944
0.519874
0.514777
0.509655
0.504509
0.499340
0.494150
0.488941
0.483713
0.478467
0.473206
0.467932
0.462645
0.457346
0.452038
0.446722
0.441398
0.436069
0.430736
0.425400
0.420063
0.414727
0.409393
0.404061
0.398734
0.393413
0.388100
0.382795
0.377501
0.372218
0.366948
0.361692
0.356452
0.351229
0.346025
0.340840
0.335675
0.330533
0.325414
0.320319
0.315250
0.310208
0.305193
0.300208
0.295253
0.290330
0.285438
0.280580
0.275756
0.270967
0.266215
0.261499
0.256822
0.252183
0.247585
0.243026
0.238509
0.234034
0.229602
0.225213
0.220868
0.216568
0.212313
0.208104
0.203942
0.199826
0.195757
0.191737
0.187764
0.183840
0.179965
0.176139
0.172363
0.168637
0.164960
0.161335
0.157759
0.154234
0.150760
0.147336
0.143963
0.140642
0.137371
0.134151
0.130982
0.127864
0.124797
0.121780
0.118814
0.115898
0.113032
0.110216
0.107450
0.104734
0.102067
0.099449
0.096880
0.094359
0.091886
0.089461
0.087083
0.084753
0.082468
0.080231
0.078038
0.075892
0.073790
0.071732
0.069719
0.067749
0.065822
0.063937
0.062094
0.060293
0.058533
0.056813
0.055133
0.053493
0.051891
0.050327
0.048801
0.047313
0.045860
0.044444
0.043063
0.041717
0.040405
0.039126
0.037881
0.036668
0.035487
0.034338
0.033219
0.032130
0.031071
0.030041
0.029039
0.028066
0.027119
0.026200
0.025307
0.024439
0.023596
0.022778
0.021984
0.021214
0.020467
0.019742
0.019039
0.018357
0.017696
0.017056
0.016436
0.015835
0.015253
0.014689
0.014144
0.013616
0.013105
0.012611
0.012134
0.011671
0.011225
0.010793
0.010376
0.009973
0.009584
0.009208
0.008845
0.008495
0.008157
0.007831
0.007516
0.007213
0.006920
0.006638
0.006367
0.006105
0.005853
0.005610
0.005376
0.005151
0.004934
0.004726
0.004525
0.004332
0.004147
0.003968
0.003797
0.003632
0.003474
0.003322
0.003176
0.003035
0.002901
0.002772
0.002648
0.002529
0.002415
0.002305
0.002200
0.002100
0.002004
0.001911
0.001823
0.001738
0.001657
0.001580
0.001505
0.001434
0.001366
0.001301
0.001239
0.001180
0.001123
0.001069
0.001017
0.000967
0.000920
0.000875
0.000832
0.000791
0.000751
0.000714
0.000678
0.000644
0.000612
0.000581
0.000551
0.000523
0.000496
0.000471
0.000447
0.000423
0.000401
0.000381
0.000361
0.000342
0.000324
0.000307
0.000290
0.000275
0.000260
0.000246
0.000233
0.000220
0.000208
0.000197
0.000186
0.000176
0.000166
0.000157
0.000149
0.000140
0.000133
0.000125
0.000118
0.000111
0.000105
0.000099
0.000094
0.000088
0.000083
0.000078
0.000074
0.000070
0.000066
0.000062
0.000058
0.000055
0.000052
0.000049
0.000046
0.000043
0.000040
0.000038
0.000036
0.000034
0.000032
0.000030
0.000028
0.000026
0.000025
0.000023
0.000022
0.000020
0.000019
0.000018
0.000017
0.000016
0.000015
0.000014
0.000013
0.000012
0.000011
0.000011
0.000010
0.000009
0.000009
0.000008
0.000008
0.000007
0.000007
0.000006
0.000006
0.000005
0.000005
0.000005
0.000004
0.000004
0.000004
0.000004
0.000003
0.000003
0.000003
0.000003
0.000003
0.000002
0.000002
0.000002
0.000002
0.000002
0.000002
0.000002
0.000001
0.000001
0.000001
0.000001
0.000001
0.000001
0.000001
0.000001
0.000001
0.000001
0.000001
0.000001
0.000001
0.000001
0.000001
0.000000
0.000000
0.000000
0.000000
0.000000
0.000000
0.000000
0.000000
0.000000
0.000000
0.000000
0.000000
0.000000
0.000000
0.000000
0.000000
0.000000
0.000000
0.000000
0.000000
0.000000
0.000000
0.000000
0.000000
0.000000
0.000000
0.000000
0.000000
0.000000
0.000000
0.000000
0.000000
0.000000
0.000000
0.000000
0.000000
0.000000
0.000000
0.000000
0.000000
0.000000
0.000000
0.000000
0.000000
0.000000
0.000000
0.000000
0.000000
0.000000
0.000000
0.000000
0.000000
0.000000
0.000000
0.000000
0.000000
0.000000
0.000000
0.000000
0.000000
0.000000
0.000000
0.000000
0.000000
0.000000
0.000000
0.000000
0.000000
0.000000
0.000000
0.000000
0.000000
0.000000
0.000000
0.000000
0.000000
0.000000
0.000000
0.000000
0.000000
0.000000
0.000000
0.000000
0.000000
0.000000
0.000000
0.000000
0.000000
0.000000
0.000000
0.000000
0.000000
0.000000
0.000000
0.000000
0.000000
0.000000
0.000000
0.000000
0.000000
0.000000
0.000000
0.000000
0.000000
0.000000
0.000000
0.000000
0.000000
0.000000
0.000000
0.000000
0.000000
0.000000
0.000000
0.000000
0.000000
0.000000
0.000000
0.000000
0.000000
0.000000
0.000000
0.000000
0.000000
0.000000
0.000000
0.000000
0.000000
0.000000
0.000000
0.000000
0.000000
0.000000
0.000000
0.000000
0.000000
0.000000
0.000000
0.000000
0.000000
0.000000
0.000000
0.000000
0.000000
0.000000
0.000000
0.000000
0.000000
0.000000
0.000000
0.000000
0.000000
0.000000
0.000000
0.000000
0.000000
0.000000
0.000000
0.000000
0.000000
0.000000
0.000000
0.000000
0.000000
0.000000
0.000000
0.000000
0.000000
0.000000
0.000000
0.000000
0.000000
0.000000
0.000000
0.000000
0.000000
0.000000
0.000000
0.000000
0.000000
0.000000
0.000000
0.000000
0.000000
0.000000
0.000000
0.000000
0.000000
0.000000
0.000000
0.000000
0.000000
0.000000
0.000000
0.000000
0.000000
0.000000
0.000000
0.000000
0.000000
0.000000
0.000000
0.000000
0.000000
0.000000
0.000000
0.000000
0.000000
0.000000
0.000000
0.000000
0.000000
0.000000
0.000000
0.000000
0.000000
0.000000
0.000000
0.000000
0.000000
0.000000
0.000000
0.000000
0.000000
0.000000
0.000000
0.000000
0.000000
0.000000
0.000000
0.000000
0.000000
0.000000
0.000000
0.000000
0.000000
0.000000
0.000000
0.000000
0.000000
0.000000
0.000000
0.000000
0.000000
0.000000
0.000000
0.000000
0.000000
0.000000
0.000000
0.000000
0.000000
0.000000
0.000000
0.000000
0.000000
0.000000
0.000000
0.000000
0.000000
0.000000
0.000000
0.000000
0.000000
0.000000
0.000000
0.000000
0.000000
0.000000
0.000000
0.000000
0.000000
0.000000
0.000000
0.000000
0.000000
