0.000108
0.000217
0.000326
0.000435
0.000546
0.000656
0.000769
0.000883
0.000998
0.001117
0.001234
0.001359
0.001479
0.001609
0.001737
0.001869
0.002008
0.002143
0.002292
0.002435
0.002587
0.002747
0.002901
0.003073
0.003244
0.003414
0.003605
0.003789
0.003978
0.004190
0.004393
0.004601
0.004835
0.005064
0.005290
0.005544
0.005809
0.006060
0.006325
0.006622
0.006923
0.007210
0.007510
0.007847
0.008203
0.008549
0.008886
0.009235
0.009619
0.010040
0.010486
0.010946
0.011410
0.011880
0.012358
0.012848
0.013351
0.013871
0.014407
0.014962
0.015534
0.016125
0.016735
0.017365
0.018015
0.018685
0.019377
0.020091
0.020826
0.021584
0.022366
0.023171
0.024001
0.024855
0.025735
0.026640
0.027573
0.028532
0.029518
0.030533
0.031577
0.032650
0.033752
0.034885
0.036049
0.037245
0.038473
0.039733
0.041027
0.042355
0.043717
0.045114
0.046547
0.048016
0.049522
0.051065
0.052646
0.054265
0.055923
0.057621
0.059359
0.061137
0.062956
0.064817
0.066721
0.068666
0.070655
0.072688
0.074765
0.076886
0.079052
0.081264
0.083521
0.085825
0.088175
0.090573
0.093018
0.095510
0.098051
0.100640
0.103278
0.105965
0.108701
0.111487
0.114322
0.117207
0.120142
0.123128
0.126164
0.129250
0.132387
0.135575
0.138813
0.142102
0.145442
0.148832
0.152273
0.155764
0.159306
0.162898
0.166540
0.170232
0.173974
0.177765
0.181605
0.185494
0.189431
0.193416
0.197449
0.201529
0.205656
0.209830
0.214049
0.218313
0.222622
0.226975
0.231371
0.235810
0.240290
0.244812
0.249375
0.253977
0.258618
0.263297
0.268013
0.272765
0.277553
0.282375
0.287230
0.292118
0.297036
0.301986
0.306964
0.311970
0.317004
0.322062
0.327146
0.332252
0.337381
0.342531
0.347701
0.352889
0.358094
0.363314
0.368549
0.373797
0.379057
0.384327
0.389607
0.394894
0.400187
0.405485
0.410786
0.416089
0.421393
0.426695
0.431995
0.437292
0.442584
0.447868
0.453145
0.458412
0.463667
0.468911
0.474140
0.479355
0.484552
0.489732
0.494893
0.500032
0.505149
0.510242
0.515311
0.520352
0.525367
0.530352
0.535308
0.540231
0.545122
0.549979
0.554800
0.559585
0.564333
0.569041
0.573710
0.578337
0.582923
0.587464
0.591962
0.596413
0.600820
0.605178
0.609488
0.613749
0.617959
0.622118
0.626226
0.630281
0.634282
0.638228
0.642120
0.645956
0.649735
0.653457
0.657121
0.660726
0.664272
0.667759
0.671185
0.674551
0.677855
0.681097
0.684277
0.687394
0.690449
0.693439
0.696367
0.699230
0.702028
0.704761
0.707430
0.710033
0.712571
0.715042
0.717447
0.719787
0.722059
0.724265
0.726403
0.728475
0.730479
0.732417
0.734286
0.736089
0.737824
0.739492
0.741091
0.742623
0.744086
0.745482
0.746810
0.748071
0.749263
0.750387
0.751444
0.752431
0.753351
0.754203
0.754986
0.755702
0.756349
0.756929
0.757439
0.757882
0.758257
0.758563
0.758802
0.758973
0.759075
0.759109
0.759075
0.758973
0.758802
0.758564
0.758257
0.757882
0.757440
0.756929
0.756350
0.755702
0.754987
0.754203
0.753352
0.752432
0.751444
0.750389
0.749264
0.748072
0.746812
0.745484
0.744088
0.742624
0.741093
0.739493
0.737826
0.736092
0.734289
0.732419
0.730482
0.728478
0.726406
0.724267
0.722061
0.719789
0.717451
0.715046
0.712575
0.710038
0.707436
0.704767
0.702033
0.699236
0.696373
0.693446
0.690455
0.687400
0.684283
0.681103
0.677860
0.674555
0.671190
0.667764
0.664277
0.660731
0.657126
0.653462
0.649740
0.645961
0.642125
0.638233
0.634287
0.630286
0.626232
0.622124
0.617965
0.613755
0.609494
0.605184
0.600826
0.596419
0.591968
0.587470
0.582928
0.578343
0.573716
0.569047
0.564339
0.559592
0.554806
0.549985
0.545128
0.540237
0.535313
0.530358
0.525372
0.520358
0.515316
0.510247
0.505154
0.500037
0.494897
0.489737
0.484558
0.479360
0.474145
0.468915
0.463672
0.458416
0.453149
0.447872
0.442588
0.437297
0.432000
0.426700
0.421397
0.416093
0.410791
0.405490
0.400192
0.394898
0.389612
0.384332
0.379062
0.373802
0.368554
0.363319
0.358099
0.352894
0.347706
0.342537
0.337387
0.332259
0.327152
0.322068
0.317010
0.311976
0.306970
0.301992
0.297043
0.292124
0.287237
0.282382
0.277560
0.272772
0.268020
0.263304
0.258625
0.253984
0.249382
0.244819
0.240297
0.235816
0.231378
0.226981
0.222628
0.218320
0.214056
0.209837
0.205663
0.201536
0.197456
0.193423
0.189438
0.185500
0.181611
0.177771
0.173980
0.170238
0.166546
0.162904
0.159312
0.155770
0.152279
0.148838
0.145448
0.142108
0.138819
0.135581
0.132393
0.129256
0.126170
0.123134
0.120148
0.117213
0.114327
0.111492
0.108706
0.105970
0.103283
0.100645
0.098056
0.095515
0.093023
0.090578
0.088180
0.085830
0.083526
0.081268
0.079056
0.076890
0.074769
0.072692
0.070659
0.068670
0.066724
0.064821
0.062960
0.061141
0.059362
0.057624
0.055927
0.054268
0.052649
0.051068
0.049525
0.048019
0.046550
0.045117
0.043720
0.042358
0.041030
0.039736
0.038476
0.037248
0.036052
0.034888
0.033755
0.032652
0.031579
0.030536
0.029521
0.028534
0.027575
0.026643
0.025737
0.024857
0.024003
0.023173
0.022368
0.021586
0.020828
0.020092
0.019379
0.018687
0.018016
0.017366
0.016737
0.016126
0.015535
0.014963
0.014409
0.013873
0.013354
0.012852
0.012366
0.011896
0.011442
0.011003
0.010579
0.010169
0.009774
0.009391
0.009022
0.008666
0.008322
0.007990
0.007670
0.007361
0.007063
0.006776
0.006500
0.006233
0.005976
0.005729
0.005490
0.005261
0.005040
0.004828
0.004623
0.004427
0.004238
0.004056
0.003881
0.003713
0.003551
0.003396
0.003247
0.003104
0.002967
0.002835
0.002708
0.002587
0.002471
0.002359
0.002252
0.002149
0.002051
0.001957
0.001866
0.001780
0.001697
0.001618
0.001542
0.001469
0.001400
0.001333
0.001270
0.001209
0.001151
0.001095
0.001042
0.000992
0.000943
0.000897
0.000853
0.000811
0.000771
0.000732
0.000696
0.000661
0.000628
0.000596
0.000566
0.000537
0.000510
0.000483
0.000459
0.000435
0.000412
0.000391
0.000370
0.000351
0.000333
0.000315
0.000298
0.000282
0.000267
0.000253
0.000240
0.000227
0.000214
0.000203
0.000192
0.000181
0.000171
0.000162
0.000153
0.000144
0.000136
0.000129
0.000122
0.000115
0.000108
0.000102
0.000096
0.000091
0.000086
0.000081
0.000076
0.000072
0.000068
0.000064
0.000060
0.000056
0.000053
0.000050
0.000047
0.000044
0.000042
0.000039
0.000037
0.000035
0.000033
0.000031
0.000029
0.000027
0.000025
0.000024
0.000022
0.000021
0.000020
0.000018
0.000017
0.000016
0.000015
0.000014
0.000013
0.000013
0.000012
0.000011
0.000010
0.000010
0.000009
0.000008
0.000008
0.000007
0.000007
0.000006
0.000006
0.000006
0.000005
0.000005
0.000005
0.000004
0.000004
0.000004
0.000004
0.000003
0.000003
0.000003
0.000003
0.000002
0.000002
0.000002
0.000002
0.000002
0.000002
0.000002
0.000002
0.000001
0.000001
0.000001
0.000001
0.000001
0.000001
0.000001
0.000001
0.000001
0.000001
0.000001
0.000001
0.000001
0.000001
0.000001
0.000000
0.000000
0.000000
0.000000
0.000000
0.000000
0.000000
0.000000
0.000000
0.000000
0.000000
0.000000
0.000000
0.000000
0.000000
0.000000
0.000000
0.000000
0.000000
0.000000
0.000000
0.000000
0.000000
0.000000
0.000000
0.000000
0.000000
0.000000
0.000000
0.000000
0.000000
0.000000
0.000000
0.000000
0.000000
0.000000
0.000000
0.000000
0.000000
0.000000
0.000000
0.000000
0.000000
0.000000
0.000000
0.000000
0.000000
0.000000
0.000000
0.000000
0.000000
0.000000
0.000000
0.000000
0.000000
0.000000
0.000000
0.000000
0.000000
0.000000
0.000000
0.000000
0.000000
0.000000
0.000000
0.000000
0.000000
0.000000
0.000000
0.000000
0.000000
0.000000
0.000000
0.000000
0.000000
0.000000
0.000000
0.000000
0.000000
0.000000
0.000000
0.000000
0.000000
0.000000
0.000000
0.000000
0.000000
0.000000
0.000000
0.000000
0.000000
0.000000
0.000000
0.000000
0.000000
0.000000
0.000000
0.000000
0.000000
0.000000
0.000000
0.000000
0.000000
0.000000
0.000000
0.000000
0.000000
0.000000
0.000000
0.000000
0.000000
0.000000
0.000000
0.000000
0.000000
0.000000
0.000000
0.000000
0.000000
0.000000
0.000000
0.000000
0.000000
0.000000
0.000000
0.000000
0.000000
0.000000
0.000000
0.000000
0.000000
0.000000
0.000000
0.000000
0.000000
0.000000
0.000000
0.000000
0.000000
0.000000
0.000000
0.000000
0.000000
0.000000
0.000000
0.000000
0.000000
0.000000
0.000000
0.000000
0.000000
0.000000
0.000000
0.000000
0.000000
0.000000
0.000000
0.000000
0.000000
0.000000
0.000000
0.000000
0.000000
0.000000
0.000000
0.000000
0.000000
0.000000
0.000000
0.000000
0.000000
0.000000
0.000000
0.000000
0.000000
0.000000
0.000000
0.000000
0.000000
0.000000
0.000000
0.000000
0.000000
0.000000
0.000000
0.000000
0.000000
0.000000
0.000000
0.000000
0.000000
0.000000
0.000000
0.000000
0.000000
0.000000
0.000000
0.000000
0.000000
0.000000
0.000000
0.000000
0.000000
0.000000
0.000000
0.000000
0.000000
0.000000
0.000000
0.000000
0.000000
0.000000
0.000000
0.000000
0.000000
0.000000
0.000000
0.000000
0.000000
0.000000
0.000000
0.000000
0.000000
0.000000
0.000000
0.000000
0.000000
0.000000
0.000000
0.000000
0.000000
0.000000
0.000000
0.000000
0.000000
0.000000
0.000000
0.000000
0.000000
0.000000
0.000000
0.000000
0.000000
0.000000
0.000000
0.000000
0.000000
0.000000
0.000000
0.000000
0.000000
0.000000
0.000000
0.000000
0.000000
0.000000
0.000000
0.000000
0.000000
0.000000
0.000000
0.000000
0.000000
0.000000
0.000000
0.000000
0.000000
0.000000
0.000000
0.000000
0.000000
0.000000
0.000000
0.000000
0.000000
