0.000111
0.000222
0.000333
0.000445
0.000557
0.000672
0.000786
0.000904
0.001020
0.001143
0.001262
0.001388
0.001514
0.001643
0.001778
0.001910
0.002054
0.002192
0.002340
0.002493
0.002642
0.002808
0.002968
0.003137
0.003318
0.003490
0.003679
0.003876
0.004065
0.004276
0.004492
0.004700
0.004932
0.005175
0.005406
0.005655
0.005928
0.006195
0.006458
0.006751
0.007065
0.007368
0.007668
0.007998
0.008360
0.008726
0.009077
0.009429
0.009808
0.010225
0.010675
0.011143
0.011620
0.012102
0.012591
0.013091
0.013603
0.014132
0.014677
0.015240
0.015821
0.016421
0.017041
0.017680
0.018340
0.019021
0.019723
0.020447
0.021193
0.021963
0.022755
0.023572
0.024414
0.025280
0.026172
0.027090
0.028035
0.029007
0.030007
0.031035
0.032092
0.033179
0.034296
0.035444
0.036622
0.037833
0.039076
0.040352
0.041661
0.043005
0.044383
0.045797
0.047246
0.048732
0.050255
0.051815
0.053413
0.055050
0.056726
0.058442
0.060198
0.061994
0.063832
0.065712
0.067634
0.069599
0.071607
0.073659
0.075755
0.077896
0.080082
0.082313
0.084590
0.086914
0.089284
0.091701
0.094166
0.096679
0.099240
0.101849
0.104506
0.107213
0.109969
0.112775
0.115630
0.118534
0.121489
0.124494
0.127549
0.130655
0.133811
0.137017
0.140274
0.143581
0.146939
0.150347
0.153805
0.157314
0.160872
0.164481
0.168139
0.171846
0.175603
0.179409
0.183263
0.187166
0.191117
0.195115
0.199160
0.203252
0.207390
0.211574
0.215803
0.220076
0.224393
0.228754
0.233157
0.237602
0.242089
0.246615
0.251182
0.255787
0.260430
0.265111
0.269827
0.274579
0.279365
0.284185
0.289037
0.293920
0.298834
0.303777
0.308748
0.313746
0.318770
0.323818
0.328890
0.333983
0.339098
0.344233
0.349387
0.354557
0.359744
0.364945
0.370159
0.375385
0.380621
0.385867
0.391121
0.396381
0.401646
0.406914
0.412184
0.417455
0.422726
0.427994
0.433259
0.438518
0.443772
0.449017
0.454253
0.459478
0.464691
0.469890
0.475075
0.480243
0.485393
0.490524
0.495635
0.500723
0.505788
0.510828
0.515842
0.520829
0.525787
0.530716
0.535613
0.540478
0.545308
0.550104
0.554864
0.559587
0.564271
0.568916
0.573520
0.578081
0.582601
0.587076
0.591506
0.595891
0.600229
0.604518
0.608759
0.612950
0.617091
0.621180
0.625217
0.629202
0.633132
0.637008
0.640829
0.644593
0.648302
0.651953
0.655546
0.659081
0.662557
0.665973
0.669330
0.672626
0.675861
0.679034
0.682147
0.685196
0.688184
0.691108
0.693970
0.696768
0.699502
0.702172
0.704779
0.707320
0.709798
0.712209
0.714556
0.716838
0.719054
0.721205
0.723290
0.725309
0.727262
0.729149
0.730971
0.732726
0.734416
0.736039
0.737596
0.739087
0.740511
0.741869
0.743161
0.744387
0.745547
0.746639
0.747667
0.748626
0.749520
0.750348
0.751110
0.751805
0.752434
0.752997
0.753493
0.753923
0.754288
0.754585
0.754817
0.754983
0.755082
0.755116
0.755082
0.754983
0.754817
0.754586
0.754288
0.753924
0.753494
0.752998
0.752435
0.751806
0.751110
0.750349
0.749521
0.748627
0.747667
0.746640
0.745548
0.744388
0.743162
0.741870
0.740512
0.739088
0.737598
0.736041
0.734418
0.732729
0.730973
0.729152
0.727265
0.725311
0.723292
0.721207
0.719056
0.716840
0.714560
0.712213
0.709802
0.707325
0.704784
0.702178
0.699508
0.696774
0.693976
0.691115
0.688190
0.685202
0.682152
0.679041
0.675866
0.672631
0.669334
0.665978
0.662562
0.659086
0.655551
0.651958
0.648307
0.644599
0.640833
0.637013
0.633137
0.629207
0.625223
0.621186
0.617097
0.612956
0.608765
0.604524
0.600235
0.595896
0.591512
0.587082
0.582607
0.578087
0.573525
0.568922
0.564277
0.559593
0.554871
0.550110
0.545314
0.540483
0.535618
0.530721
0.525793
0.520834
0.515847
0.510833
0.505792
0.500728
0.495639
0.490529
0.485398
0.480248
0.475079
0.469895
0.464695
0.459482
0.454257
0.449021
0.443776
0.438523
0.433263
0.427999
0.422730
0.417460
0.412189
0.406919
0.401650
0.396385
0.391125
0.385872
0.380626
0.375390
0.370164
0.364950
0.359749
0.354562
0.349392
0.344239
0.339104
0.333990
0.328896
0.323824
0.318776
0.313752
0.308754
0.303783
0.298841
0.293927
0.289044
0.284192
0.279372
0.274586
0.269834
0.265117
0.260437
0.255794
0.251189
0.246622
0.242095
0.237609
0.233164
0.228761
0.224400
0.220083
0.215809
0.211580
0.207397
0.203259
0.199167
0.195121
0.191123
0.187173
0.183270
0.179415
0.175609
0.171852
0.168145
0.164487
0.160878
0.157320
0.153811
0.150353
0.146945
0.143587
0.140280
0.137023
0.133817
0.130661
0.127555
0.124500
0.121495
0.118540
0.115635
0.112780
0.109975
0.107218
0.104512
0.101854
0.099245
0.096684
0.094171
0.091706
0.089289
0.086918
0.084594
0.082317
0.080086
0.077900
0.075759
0.073663
0.071611
0.069603
0.067638
0.065716
0.063836
0.061998
0.060201
0.058445
0.056729
0.055053
0.053416
0.051818
0.050258
0.048735
0.047249
0.045800
0.044386
0.043008
0.041664
0.040355
0.039079
0.037836
0.036625
0.035446
0.034299
0.033182
0.032095
0.031038
0.030009
0.029009
0.028037
0.027092
0.026174
0.025282
0.024416
0.023574
0.022757
0.021965
0.021195
0.020449
0.019725
0.019023
0.018342
0.017682
0.017042
0.016423
0.015823
0.015241
0.014678
0.014134
0.013606
0.013096
0.012603
0.012125
0.011664
0.011217
0.010786
0.010369
0.009967
0.009578
0.009202
0.008840
0.008490
0.008152
0.007826
0.007512
0.007209
0.006917
0.006635
0.006363
0.006102
0.005850
0.005607
0.005373
0.005148
0.004932
0.004724
0.004523
0.004330
0.004145
0.003967
0.003795
0.003631
0.003472
0.003320
0.003174
0.003034
0.002900
0.002771
0.002647
0.002528
0.002414
0.002304
0.002200
0.002099
0.002003
0.001911
0.001822
0.001738
0.001657
0.001579
0.001505
0.001434
0.001366
0.001301
0.001239
0.001179
0.001123
0.001068
0.001017
0.000967
0.000920
0.000875
0.000832
0.000790
0.000751
0.000714
0.000678
0.000644
0.000612
0.000581
0.000551
0.000523
0.000496
0.000471
0.000446
0.000423
0.000401
0.000380
0.000361
0.000342
0.000324
0.000307
0.000290
0.000275
0.000260
0.000246
0.000233
0.000220
0.000208
0.000197
0.000186
0.000176
0.000166
0.000157
0.000149
0.000140
0.000133
0.000125
0.000118
0.000111
0.000105
0.000099
0.000094
0.000088
0.000083
0.000078
0.000074
0.000070
0.000066
0.000062
0.000058
0.000055
0.000052
0.000049
0.000046
0.000043
0.000040
0.000038
0.000036
0.000034
0.000032
0.000030
0.000028
0.000026
0.000025
0.000023
0.000022
0.000020
0.000019
0.000018
0.000017
0.000016
0.000015
0.000014
0.000013
0.000012
0.000011
0.000011
0.000010
0.000009
0.000009
0.000008
0.000008
0.000007
0.000007
0.000006
0.000006
0.000005
0.000005
0.000005
0.000004
0.000004
0.000004
0.000004
0.000003
0.000003
0.000003
0.000003
0.000003
0.000002
0.000002
0.000002
0.000002
0.000002
0.000002
0.000002
0.000001
0.000001
0.000001
0.000001
0.000001
0.000001
0.000001
0.000001
0.000001
0.000001
0.000001
0.000001
0.000001
0.000001
0.000001
0.000000
0.000000
0.000000
0.000000
0.000000
0.000000
0.000000
0.000000
0.000000
0.000000
0.000000
0.000000
0.000000
0.000000
0.000000
0.000000
0.000000
0.000000
0.000000
0.000000
0.000000
0.000000
0.000000
0.000000
0.000000
0.000000
0.000000
0.000000
0.000000
0.000000
0.000000
0.000000
0.000000
0.000000
0.000000
0.000000
0.000000
0.000000
0.000000
0.000000
0.000000
0.000000
0.000000
0.000000
0.000000
0.000000
0.000000
0.000000
0.000000
0.000000
0.000000
0.000000
0.000000
0.000000
0.000000
0.000000
0.000000
0.000000
0.000000
0.000000
0.000000
0.000000
0.000000
0.000000
0.000000
0.000000
0.000000
0.000000
0.000000
0.000000
0.000000
0.000000
0.000000
0.000000
0.000000
0.000000
0.000000
0.000000
0.000000
0.000000
0.000000
0.000000
0.000000
0.000000
0.000000
0.000000
0.000000
0.000000
0.000000
0.000000
0.000000
0.000000
0.000000
0.000000
0.000000
0.000000
0.000000
0.000000
0.000000
0.000000
0.000000
0.000000
0.000000
0.000000
0.000000
0.000000
0.000000
0.000000
0.000000
0.000000
0.000000
0.000000
0.000000
0.000000
0.000000
0.000000
0.000000
0.000000
0.000000
0.000000
0.000000
0.000000
0.000000
0.000000
0.000000
0.000000
0.000000
0.000000
0.000000
0.000000
0.000000
0.000000
0.000000
0.000000
0.000000
0.000000
0.000000
0.000000
0.000000
0.000000
0.000000
0.000000
0.000000
0.000000
0.000000
0.000000
0.000000
0.000000
0.000000
0.000000
0.000000
0.000000
0.000000
0.000000
0.000000
0.000000
0.000000
0.000000
0.000000
0.000000
0.000000
0.000000
0.000000
0.000000
0.000000
0.000000
0.000000
0.000000
0.000000
0.000000
0.000000
0.000000
0.000000
0.000000
0.000000
0.000000
0.000000
0.000000
0.000000
0.000000
0.000000
0.000000
0.000000
0.000000
0.000000
0.000000
0.000000
0.000000
0.000000
0.000000
0.000000
0.000000
0.000000
0.000000
0.000000
0.000000
0.000000
0.000000
0.000000
0.000000
0.000000
0.000000
0.000000
0.000000
0.000000
0.000000
0.000000
0.000000
0.000000
0.000000
0.000000
0.000000
0.000000
0.000000
0.000000
0.000000
0.000000
0.000000
0.000000
0.000000
0.000000
0.000000
0.000000
0.000000
0.000000
0.000000
0.000000
0.000000
0.000000
0.000000
0.000000
0.000000
0.000000
0.000000
0.000000
0.000000
0.000000
0.000000
0.000000
0.000000
0.000000
0.000000
0.000000
0.000000
0.000000
0.000000
0.000000
0.000000
0.000000
0.000000
0.000000
0.000000
0.000000
0.000000
0.000000
0.000000
0.000000
0.000000
0.000000
0.000000
0.000000
0.000000
0.000000
0.000000
0.000000
0.000000
0.000000
0.000000
0.000000
0.000000
0.000000
0.000000
0.000000
0.000000
0.000000
