0.000113
0.000227
0.000340
0.000456
0.000570
0.000688
0.000804
0.000925
0.001044
0.001167
0.001292
0.001418
0.001550
0.001679
0.001819
0.001953
0.002098
0.002244
0.002390
0.002549
0.002702
0.002868
0.003037
0.003204
0.003389
0.003570
0.003756
0.003961
0.004157
0.004363
0.004590
0.004806
0.005032
0.005283
0.005527
0.005772
0.006047
0.006329
0.006598
0.006886
0.007205
0.007525
0.007833
0.008158
0.008519
0.008898
0.009269
0.009630
0.010007
0.010418
0.010867
0.011343
0.011831
0.012326
0.012827
0.013337
0.013859
0.014397
0.014951
0.015522
0.016113
0.016722
0.017352
0.018001
0.018671
0.019362
0.020074
0.020809
0.021566
0.022347
0.023151
0.023979
0.024833
0.025711
0.026615
0.027546
0.028504
0.029489
0.030502
0.031544
0.032615
0.033716
0.034848
0.036010
0.037203
0.038429
0.039687
0.040979
0.042304
0.043664
0.045058
0.046488
0.047954
0.049457
0.050997
0.052574
0.054190
0.055845
0.057539
0.059272
0.061047
0.062862
0.064719
0.066617
0.068558
0.070542
0.072570
0.074641
0.076756
0.078917
0.081122
0.083373
0.085670
0.088014
0.090404
0.092842
0.095327
0.097859
0.100440
0.103069
0.105747
0.108474
0.111250
0.114075
0.116950
0.119874
0.122849
0.125873
0.128947
0.132072
0.135247
0.138472
0.141747
0.145073
0.148448
0.151874
0.155350
0.158875
0.162450
0.166075
0.169749
0.173473
0.177245
0.181065
0.184934
0.188850
0.192814
0.196825
0.200882
0.204986
0.209135
0.213329
0.217568
0.221850
0.226176
0.230544
0.234954
0.239405
0.243897
0.248428
0.252998
0.257607
0.262252
0.266934
0.271650
0.276401
0.281186
0.286003
0.290852
0.295731
0.300639
0.305575
0.310539
0.315528
0.320542
0.325579
0.330639
0.335720
0.340821
0.345940
0.351077
0.356230
0.361398
0.366579
0.371772
0.376975
0.382188
0.387409
0.392636
0.397869
0.403105
0.408344
0.413583
0.418822
0.424059
0.429292
0.434521
0.439743
0.444958
0.450164
0.455359
0.460542
0.465711
0.470866
0.476005
0.481126
0.486229
0.491311
0.496371
0.501408
0.506421
0.511407
0.516367
0.521298
0.526200
0.531071
0.535910
0.540715
0.545486
0.550221
0.554919
0.559579
0.564199
0.568780
0.573318
0.577815
0.582268
0.586676
0.591039
0.595356
0.599625
0.603846
0.608017
0.612139
0.616210
0.620229
0.624195
0.628109
0.631969
0.635774
0.639524
0.643217
0.646854
0.650434
0.653957
0.657421
0.660826
0.664173
0.667460
0.670686
0.673852
0.676957
0.680001
0.682982
0.685903
0.688761
0.691557
0.694290
0.696961
0.699567
0.702111
0.704591
0.707008
0.709360
0.711649
0.713873
0.716033
0.718128
0.720160
0.722126
0.724028
0.725865
0.727638
0.729347
0.730991
0.732569
0.734084
0.735534
0.736919
0.738239
0.739495
0.740686
0.741813
0.742875
0.743873
0.744805
0.745673
0.746477
0.747217
0.747892
0.748503
0.749049
0.749531
0.749948
0.750302
0.750591
0.750816
0.750977
0.751073
0.751105
0.751073
0.750977
0.750816
0.750591
0.750302
0.749949
0.749531
0.749050
0.748503
0.747893
0.747217
0.746478
0.745674
0.744806
0.743873
0.742876
0.741814
0.740688
0.739496
0.738240
0.736920
0.735535
0.734086
0.732572
0.730993
0.729349
0.727641
0.725868
0.724031
0.722129
0.720162
0.718131
0.716035
0.713875
0.711652
0.709364
0.707012
0.704596
0.702116
0.699573
0.696966
0.694296
0.691564
0.688768
0.685909
0.682989
0.680006
0.676962
0.673857
0.670691
0.667464
0.664177
0.660831
0.657426
0.653962
0.650439
0.646860
0.643222
0.639528
0.635779
0.631974
0.628114
0.624201
0.620235
0.616216
0.612145
0.608024
0.603852
0.599632
0.595362
0.591045
0.586682
0.582274
0.577821
0.573325
0.568786
0.564206
0.559585
0.554926
0.550227
0.545492
0.540721
0.535915
0.531077
0.526206
0.521304
0.516372
0.511412
0.506425
0.501413
0.496375
0.491315
0.486234
0.481132
0.476010
0.470871
0.465716
0.460546
0.455363
0.450168
0.444963
0.439748
0.434525
0.429297
0.424063
0.418826
0.413587
0.408348
0.403110
0.397874
0.392641
0.387413
0.382193
0.376980
0.371776
0.366583
0.361403
0.356235
0.351082
0.345946
0.340827
0.335726
0.330645
0.325585
0.320548
0.315534
0.310545
0.305581
0.300645
0.295737
0.290859
0.286010
0.281193
0.276408
0.271657
0.266940
0.262259
0.257613
0.253005
0.248435
0.243903
0.239412
0.234960
0.230550
0.226182
0.221856
0.217574
0.213335
0.209141
0.204992
0.200889
0.196832
0.192821
0.188857
0.184940
0.181071
0.177251
0.173479
0.169756
0.166081
0.162457
0.158881
0.155356
0.151880
0.148454
0.145079
0.141753
0.138478
0.135253
0.132078
0.128953
0.125879
0.122854
0.119880
0.116955
0.114080
0.111255
0.108479
0.105752
0.103074
0.100445
0.097864
0.095331
0.092846
0.090409
0.088018
0.085675
0.083378
0.081126
0.078921
0.076760
0.074645
0.072573
0.070546
0.068562
0.066621
0.064722
0.062866
0.061050
0.059276
0.057542
0.055848
0.054193
0.052578
0.051000
0.049460
0.047958
0.046491
0.045061
0.043667
0.042307
0.040982
0.039690
0.038432
0.037206
0.036013
0.034850
0.033719
0.032618
0.031547
0.030505
0.029492
0.028506
0.027548
0.026618
0.025713
0.024835
0.023981
0.023153
0.022349
0.021568
0.020811
0.020076
0.019363
0.018672
0.018002
0.017353
0.016724
0.016115
0.015524
0.014952
0.014399
0.013863
0.013345
0.012843
0.012358
0.011889
0.011435
0.010997
0.010573
0.010163
0.009768
0.009386
0.009017
0.008661
0.008317
0.007986
0.007666
0.007357
0.007060
0.006773
0.006496
0.006230
0.005973
0.005726
0.005488
0.005259
0.005038
0.004826
0.004621
0.004425
0.004236
0.004054
0.003879
0.003711
0.003550
0.003395
0.003246
0.003103
0.002966
0.002834
0.002708
0.002586
0.002470
0.002358
0.002251
0.002149
0.002050
0.001956
0.001866
0.001779
0.001697
0.001617
0.001541
0.001469
0.001399
0.001333
0.001269
0.001209
0.001151
0.001095
0.001042
0.000991
0.000943
0.000897
0.000853
0.000811
0.000771
0.000732
0.000696
0.000661
0.000628
0.000596
0.000566
0.000537
0.000509
0.000483
0.000458
0.000435
0.000412
0.000391
0.000370
0.000351
0.000333
0.000315
0.000298
0.000282
0.000267
0.000253
0.000239
0.000227
0.000214
0.000203
0.000192
0.000181
0.000171
0.000162
0.000153
0.000144
0.000136
0.000129
0.000122
0.000115
0.000108
0.000102
0.000096
0.000091
0.000086
0.000081
0.000076
0.000072
0.000068
0.000064
0.000060
0.000056
0.000053
0.000050
0.000047
0.000044
0.000042
0.000039
0.000037
0.000035
0.000033
0.000031
0.000029
0.000027
0.000025
0.000024
0.000022
0.000021
0.000020
0.000018
0.000017
0.000016
0.000015
0.000014
0.000013
0.000013
0.000012
0.000011
0.000010
0.000010
0.000009
0.000008
0.000008
0.000007
0.000007
0.000006
0.000006
0.000006
0.000005
0.000005
0.000005
0.000004
0.000004
0.000004
0.000004
0.000003
0.000003
0.000003
0.000003
0.000002
0.000002
0.000002
0.000002
0.000002
0.000002
0.000002
0.000002
0.000001
0.000001
0.000001
0.000001
0.000001
0.000001
0.000001
0.000001
0.000001
0.000001
0.000001
0.000001
0.000001
0.000001
0.000001
0.000000
0.000000
0.000000
0.000000
0.000000
0.000000
0.000000
0.000000
0.000000
0.000000
0.000000
0.000000
0.000000
0.000000
0.000000
0.000000
0.000000
0.000000
0.000000
0.000000
0.000000
0.000000
0.000000
0.000000
0.000000
0.000000
0.000000
0.000000
0.000000
0.000000
0.000000
0.000000
0.000000
0.000000
0.000000
0.000000
0.000000
0.000000
0.000000
0.000000
0.000000
0.000000
0.000000
0.000000
0.000000
0.000000
0.000000
0.000000
0.000000
0.000000
0.000000
0.000000
0.000000
0.000000
0.000000
0.000000
0.000000
0.000000
0.000000
0.000000
0.000000
0.000000
0.000000
0.000000
0.000000
0.000000
0.000000
0.000000
0.000000
0.000000
0.000000
0.000000
0.000000
0.000000
0.000000
0.000000
0.000000
0.000000
0.000000
0.000000
0.000000
0.000000
0.000000
0.000000
0.000000
0.000000
0.000000
0.000000
0.000000
0.000000
0.000000
0.000000
0.000000
0.000000
0.000000
0.000000
0.000000
0.000000
0.000000
0.000000
0.000000
0.000000
0.000000
0.000000
0.000000
0.000000
0.000000
0.000000
0.000000
0.000000
0.000000
0.000000
0.000000
0.000000
0.000000
0.000000
0.000000
0.000000
0.000000
0.000000
0.000000
0.000000
0.000000
0.000000
0.000000
0.000000
0.000000
0.000000
0.000000
0.000000
0.000000
0.000000
0.000000
0.000000
0.000000
0.000000
0.000000
0.000000
0.000000
0.000000
0.000000
0.000000
0.000000
0.000000
0.000000
0.000000
0.000000
0.000000
0.000000
0.000000
0.000000
0.000000
0.000000
0.000000
0.000000
0.000000
0.000000
0.000000
0.000000
0.000000
0.000000
0.000000
0.000000
0.000000
0.000000
0.000000
0.000000
0.000000
0.000000
0.000000
0.000000
0.000000
0.000000
0.000000
0.000000
0.000000
0.000000
0.000000
0.000000
0.000000
0.000000
0.000000
0.000000
0.000000
0.000000
0.000000
0.000000
0.000000
0.000000
0.000000
0.000000
0.000000
0.000000
0.000000
0.000000
0.000000
0.000000
0.000000
0.000000
0.000000
0.000000
0.000000
0.000000
0.000000
0.000000
0.000000
0.000000
0.000000
0.000000
0.000000
0.000000
0.000000
0.000000
0.000000
0.000000
0.000000
0.000000
0.000000
0.000000
0.000000
0.000000
0.000000
0.000000
0.000000
0.000000
0.000000
0.000000
0.000000
0.000000
0.000000
0.000000
0.000000
0.000000
0.000000
0.000000
0.000000
0.000000
0.000000
0.000000
0.000000
0.000000
0.000000
0.000000
0.000000
0.000000
0.000000
0.000000
0.000000
0.000000
0.000000
0.000000
0.000000
0.000000
0.000000
0.000000
0.000000
0.000000
0.000000
0.000000
0.000000
0.000000
0.000000
0.000000
0.000000
0.000000
0.000000
0.000000
0.000000
0.000000
0.000000
0.000000
0.000000
0.000000
0.000000
