0.000116
0.000232
0.000348
0.000466
0.000583
0.000703
0.000823
0.000944
0.001069
0.001193
0.001323
0.001449
0.001585
0.001717
0.001858
0.001999
0.002142
0.002296
0.002443
0.002604
0.002765
0.002928
0.003106
0.003275
0.003460
0.003651
0.003837
0.004043
0.004251
0.004456
0.004684
0.004914
0.005139
0.005390
0.005649
0.005897
0.006166
0.006459
0.006743
0.007028
0.007344
0.007679
0.008003
0.008326
0.008682
0.009069
0.009458
0.009835
0.010214
0.010621
0.011067
0.011545
0.012044
0.012551
0.013065
0.013586
0.014119
0.014666
0.015229
0.015810
0.016410
0.017029
0.017667
0.018326
0.019006
0.019708
0.020431
0.021176
0.021945
0.022737
0.023552
0.024393
0.025258
0.026149
0.027066
0.028009
0.028980
0.029978
0.031005
0.032061
0.033146
0.034261
0.035407
0.036584
0.037792
0.039033
0.040307
0.041614
0.042955
0.044331
0.045742
0.047189
0.048672
0.050191
0.051748
0.053343
0.054977
0.056649
0.058361
0.060114
0.061906
0.063740
0.065615
0.067533
0.069493
0.071496
0.073543
0.075634
0.077769
0.079949
0.082174
0.084445
0.086762
0.089126
0.091536
0.093994
0.096499
0.099052
0.101653
0.104302
0.107000
0.109747
0.112543
0.115388
0.118282
0.121227
0.124221
0.127264
0.130358
0.133502
0.136696
0.139939
0.143233
0.146577
0.149970
0.153414
0.156907
0.160449
0.164041
0.167683
0.171373
0.175111
0.178898
0.182733
0.186616
0.190546
0.194523
0.198547
0.202616
0.206731
0.210891
0.215095
0.219343
0.223635
0.227968
0.232344
0.236761
0.241218
0.245715
0.250251
0.254824
0.259435
0.264083
0.268765
0.273482
0.278232
0.283015
0.287830
0.292674
0.297548
0.302451
0.307380
0.312336
0.317316
0.322320
0.327346
0.332394
0.337461
0.342548
0.347652
0.352772
0.357907
0.363055
0.368215
0.373387
0.378567
0.383756
0.388952
0.394153
0.399358
0.404565
0.409774
0.414982
0.420188
0.425391
0.430589
0.435781
0.440966
0.446142
0.451308
0.456462
0.461602
0.466728
0.471838
0.476931
0.482005
0.487059
0.492092
0.497101
0.502087
0.507047
0.511980
0.516885
0.521761
0.526605
0.531419
0.536199
0.540944
0.545655
0.550328
0.554964
0.559561
0.564118
0.568634
0.573107
0.577538
0.581924
0.586266
0.590561
0.594810
0.599010
0.603162
0.607264
0.611315
0.615316
0.619264
0.623160
0.627003
0.630792
0.634526
0.638204
0.641827
0.645393
0.648902
0.652353
0.655747
0.659081
0.662358
0.665574
0.668730
0.671827
0.674864
0.677839
0.680754
0.683607
0.686399
0.689129
0.691797
0.694403
0.696947
0.699428
0.701846
0.704202
0.706495
0.708725
0.710892
0.712995
0.715036
0.717013
0.718927
0.720778
0.722565
0.724290
0.725952
0.727550
0.729084
0.730556
0.731965
0.733310
0.734593
0.735813
0.736969
0.738063
0.739095
0.740062
0.740968
0.741810
0.742590
0.743308
0.743962
0.744555
0.745085
0.745552
0.745957
0.746300
0.746580
0.746799
0.746954
0.747047
0.747079
0.747048
0.746955
0.746799
0.746581
0.746300
0.745958
0.745553
0.745086
0.744556
0.743963
0.743308
0.742590
0.741810
0.740968
0.740063
0.739095
0.738065
0.736971
0.735813
0.734594
0.733312
0.731966
0.730558
0.729086
0.727552
0.725953
0.724292
0.722569
0.720781
0.718930
0.717015
0.715038
0.712997
0.710894
0.708728
0.706499
0.704206
0.701851
0.699432
0.696952
0.694409
0.691803
0.689135
0.686405
0.683613
0.680760
0.677845
0.674869
0.671833
0.668736
0.665578
0.662362
0.659086
0.655751
0.652358
0.648906
0.645397
0.641831
0.638209
0.634531
0.630797
0.627008
0.623166
0.619270
0.615322
0.611321
0.607270
0.603168
0.599016
0.594816
0.590567
0.586272
0.581931
0.577544
0.573113
0.568640
0.564124
0.559567
0.554971
0.550335
0.545661
0.540950
0.536204
0.531424
0.526611
0.521766
0.516890
0.511985
0.507052
0.502091
0.497106
0.492096
0.487064
0.482010
0.476936
0.471843
0.466732
0.461606
0.456465
0.451312
0.446146
0.440970
0.435786
0.430594
0.425395
0.420192
0.414986
0.409778
0.404570
0.399363
0.394158
0.388957
0.383761
0.378572
0.373391
0.368220
0.363060
0.357911
0.352777
0.347657
0.342553
0.337467
0.332400
0.327352
0.322326
0.317322
0.312342
0.307386
0.302457
0.297555
0.292681
0.287836
0.283022
0.278239
0.273489
0.268772
0.264089
0.259442
0.254831
0.250257
0.245722
0.241225
0.236768
0.232351
0.227975
0.223641
0.219350
0.215102
0.210897
0.206737
0.202623
0.198553
0.194530
0.190553
0.186623
0.182740
0.178904
0.175117
0.171379
0.167689
0.164047
0.160456
0.156913
0.153420
0.149976
0.146583
0.143239
0.139945
0.136701
0.133508
0.130364
0.127270
0.124226
0.121232
0.118288
0.115393
0.112548
0.109752
0.107005
0.104307
0.101658
0.099057
0.096504
0.093999
0.091541
0.089130
0.086767
0.084450
0.082179
0.079953
0.077773
0.075638
0.073547
0.071500
0.069497
0.067537
0.065619
0.063744
0.061910
0.060117
0.058365
0.056653
0.054980
0.053347
0.051752
0.050195
0.048675
0.047192
0.045745
0.044334
0.042958
0.041617
0.040310
0.039036
0.037795
0.036586
0.035410
0.034264
0.033149
0.032063
0.031008
0.029981
0.028982
0.028011
0.027068
0.026151
0.025260
0.024395
0.023554
0.022739
0.021947
0.021178
0.020433
0.019710
0.019008
0.018328
0.017669
0.017030
0.016411
0.015812
0.015231
0.014669
0.014124
0.013598
0.013088
0.012595
0.012118
0.011657
0.011211
0.010780
0.010364
0.009961
0.009573
0.009197
0.008835
0.008485
0.008148
0.007822
0.007508
0.007205
0.006913
0.006632
0.006361
0.006099
0.005847
0.005605
0.005371
0.005146
0.004930
0.004722
0.004521
0.004329
0.004143
0.003965
0.003794
0.003629
0.003471
0.003319
0.003173
0.003033
0.002899
0.002770
0.002646
0.002527
0.002413
0.002304
0.002199
0.002099
0.002002
0.001910
0.001822
0.001737
0.001656
0.001579
0.001505
0.001434
0.001366
0.001301
0.001239
0.001179
0.001122
0.001068
0.001016
0.000967
0.000920
0.000874
0.000831
0.000790
0.000751
0.000714
0.000678
0.000644
0.000611
0.000580
0.000551
0.000523
0.000496
0.000471
0.000446
0.000423
0.000401
0.000380
0.000361
0.000342
0.000324
0.000307
0.000290
0.000275
0.000260
0.000246
0.000233
0.000220
0.000208
0.000197
0.000186
0.000176
0.000166
0.000157
0.000149
0.000140
0.000133
0.000125
0.000118
0.000111
0.000105
0.000099
0.000094
0.000088
0.000083
0.000078
0.000074
0.000070
0.000066
0.000062
0.000058
0.000055
0.000052
0.000049
0.000046
0.000043
0.000040
0.000038
0.000036
0.000034
0.000032
0.000030
0.000028
0.000026
0.000025
0.000023
0.000022
0.000020
0.000019
0.000018
0.000017
0.000016
0.000015
0.000014
0.000013
0.000012
0.000011
0.000011
0.000010
0.000009
0.000009
0.000008
0.000008
0.000007
0.000007
0.000006
0.000006
0.000005
0.000005
0.000005
0.000004
0.000004
0.000004
0.000004
0.000003
0.000003
0.000003
0.000003
0.000003
0.000002
0.000002
0.000002
0.000002
0.000002
0.000002
0.000002
0.000001
0.000001
0.000001
0.000001
0.000001
0.000001
0.000001
0.000001
0.000001
0.000001
0.000001
0.000001
0.000001
0.000001
0.000001
0.000000
0.000000
0.000000
0.000000
0.000000
0.000000
0.000000
0.000000
0.000000
0.000000
0.000000
0.000000
0.000000
0.000000
0.000000
0.000000
0.000000
0.000000
0.000000
0.000000
0.000000
0.000000
0.000000
0.000000
0.000000
0.000000
0.000000
0.000000
0.000000
0.000000
0.000000
0.000000
0.000000
0.000000
0.000000
0.000000
0.000000
0.000000
0.000000
0.000000
0.000000
0.000000
0.000000
0.000000
0.000000
0.000000
0.000000
0.000000
0.000000
0.000000
0.000000
0.000000
0.000000
0.000000
0.000000
0.000000
0.000000
0.000000
0.000000
0.000000
0.000000
0.000000
0.000000
0.000000
0.000000
0.000000
0.000000
0.000000
0.000000
0.000000
0.000000
0.000000
0.000000
0.000000
0.000000
0.000000
0.000000
0.000000
0.000000
0.000000
0.000000
0.000000
0.000000
0.000000
0.000000
0.000000
0.000000
0.000000
0.000000
0.000000
0.000000
0.000000
0.000000
0.000000
0.000000
0.000000
0.000000
0.000000
0.000000
0.000000
0.000000
0.000000
0.000000
0.000000
0.000000
0.000000
0.000000
0.000000
0.000000
0.000000
0.000000
0.000000
0.000000
0.000000
0.000000
0.000000
0.000000
0.000000
0.000000
0.000000
0.000000
0.000000
0.000000
0.000000
0.000000
0.000000
0.000000
0.000000
0.000000
0.000000
0.000000
0.000000
0.000000
0.000000
0.000000
0.000000
0.000000
0.000000
0.000000
0.000000
0.000000
0.000000
0.000000
0.000000
0.000000
0.000000
0.000000
0.000000
0.000000
0.000000
0.000000
0.000000
0.000000
0.000000
0.000000
0.000000
0.000000
0.000000
0.000000
0.000000
0.000000
0.000000
0.000000
0.000000
0.000000
0.000000
0.000000
0.000000
0.000000
0.000000
0.000000
0.000000
0.000000
0.000000
0.000000
0.000000
0.000000
0.000000
0.000000
0.000000
0.000000
0.000000
0.000000
0.000000
0.000000
0.000000
0.000000
0.000000
0.000000
0.000000
0.000000
0.000000
0.000000
0.000000
0.000000
0.000000
0.000000
0.000000
0.000000
0.000000
0.000000
0.000000
0.000000
0.000000
0.000000
0.000000
0.000000
0.000000
0.000000
0.000000
0.000000
0.000000
0.000000
0.000000
0.000000
0.000000
0.000000
0.000000
0.000000
0.000000
0.000000
0.000000
0.000000
0.000000
0.000000
0.000000
0.000000
0.000000
0.000000
0.000000
0.000000
0.000000
0.000000
0.000000
0.000000
0.000000
0.000000
0.000000
0.000000
0.000000
0.000000
0.000000
0.000000
0.000000
0.000000
0.000000
0.000000
0.000000
0.000000
0.000000
0.000000
0.000000
0.000000
0.000000
0.000000
0.000000
0.000000
0.000000
0.000000
0.000000
0.000000
0.000000
0.000000
0.000000
0.000000
0.000000
0.000000
0.000000
0.000000
0.000000
0.000000
0.000000
0.000000
0.000000
