0.000119
0.000237
0.000357
0.000476
0.000597
0.000718
0.000842
0.000965
0.001094
0.001219
0.001352
0.001483
0.001620
0.001758
0.001897
0.002046
0.002189
0.002346
0.002499
0.002659
0.002828
0.002992
0.003172
0.003351
0.003532
0.003731
0.003923
0.004126
0.004345
0.004554
0.004779
0.005021
0.005252
0.005498
0.005767
0.006027
0.006292
0.006588
0.006888
0.007178
0.007489
0.007830
0.008172
0.008503
0.008853
0.009240
0.009645
0.010040
0.010429
0.010833
0.011274
0.011753
0.012258
0.012778
0.013304
0.013838
0.014382
0.014939
0.015512
0.016102
0.016711
0.017340
0.017988
0.018657
0.019348
0.020059
0.020793
0.021550
0.022329
0.023133
0.023960
0.024812
0.025690
0.026593
0.027522
0.028479
0.029463
0.030475
0.031515
0.032585
0.033684
0.034813
0.035974
0.037166
0.038389
0.039646
0.040935
0.042258
0.043615
0.045007
0.046435
0.047898
0.049398
0.050935
0.052510
0.054122
0.055773
0.057464
0.059194
0.060965
0.062776
0.064629
0.066523
0.068459
0.070439
0.072461
0.074528
0.076638
0.078793
0.080993
0.083238
0.085529
0.087866
0.090250
0.092680
0.095158
0.097683
0.100256
0.102877
0.105547
0.108265
0.111032
0.113848
0.116713
0.119627
0.122591
0.125605
0.128668
0.131781
0.134944
0.138157
0.141419
0.144731
0.148093
0.151505
0.154966
0.158476
0.162036
0.165644
0.169302
0.173008
0.176762
0.180564
0.184413
0.188310
0.192254
0.196244
0.200280
0.204361
0.208487
0.212658
0.216873
0.221130
0.225430
0.229772
0.234155
0.238578
0.243041
0.247543
0.252083
0.256660
0.261273
0.265922
0.270605
0.275322
0.280071
0.284852
0.289663
0.294504
0.299373
0.304269
0.309192
0.314139
0.319110
0.324104
0.329119
0.334153
0.339207
0.344279
0.349367
0.354470
0.359587
0.364715
0.369855
0.375004
0.380162
0.385327
0.390497
0.395671
0.400848
0.406026
0.411203
0.416380
0.421553
0.426722
0.431884
0.437040
0.442187
0.447324
0.452449
0.457561
0.462659
0.467741
0.472806
0.477852
0.482879
0.487885
0.492867
0.497826
0.502760
0.507666
0.512545
0.517395
0.522215
0.527003
0.531758
0.536479
0.541165
0.545814
0.550426
0.555000
0.559533
0.564026
0.568477
0.572885
0.577250
0.581569
0.585844
0.590071
0.594251
0.598382
0.602465
0.606497
0.610479
0.614409
0.618287
0.622112
0.625883
0.629601
0.633264
0.636871
0.640422
0.643916
0.647354
0.650734
0.654058
0.657322
0.660527
0.663673
0.666760
0.669788
0.672756
0.675662
0.678509
0.681295
0.684021
0.686685
0.689288
0.691830
0.694310
0.696729
0.699086
0.701381
0.703614
0.705786
0.707895
0.709942
0.711928
0.713851
0.715713
0.717512
0.719250
0.720926
0.722540
0.724093
0.725583
0.727013
0.728380
0.729687
0.730931
0.732115
0.733237
0.734298
0.735298
0.736237
0.737114
0.737932
0.738687
0.739383
0.740018
0.740591
0.741105
0.741558
0.741951
0.742282
0.742554
0.742766
0.742916
0.743007
0.743037
0.743007
0.742917
0.742766
0.742554
0.742283
0.741951
0.741559
0.741106
0.740593
0.740018
0.739383
0.738688
0.737932
0.737115
0.736237
0.735299
0.734299
0.733238
0.732116
0.730932
0.729687
0.728382
0.727014
0.725585
0.724095
0.722542
0.720928
0.719253
0.717515
0.715715
0.713853
0.711930
0.709944
0.707898
0.705788
0.703618
0.701385
0.699090
0.696733
0.694315
0.691836
0.689294
0.686691
0.684027
0.681302
0.678515
0.675668
0.672760
0.669793
0.666765
0.663678
0.660531
0.657326
0.654062
0.650739
0.647359
0.643921
0.640427
0.636876
0.633269
0.629606
0.625889
0.622117
0.618293
0.614415
0.610484
0.606503
0.602471
0.598388
0.594258
0.590077
0.585849
0.581575
0.577256
0.572891
0.568483
0.564032
0.559539
0.555006
0.550433
0.545821
0.541170
0.536485
0.531763
0.527008
0.522220
0.517401
0.512551
0.507671
0.502764
0.497831
0.492872
0.487889
0.482884
0.477858
0.472811
0.467745
0.462663
0.457565
0.452453
0.447328
0.442191
0.437045
0.431889
0.426726
0.421557
0.416384
0.411208
0.406030
0.400852
0.395675
0.390501
0.385331
0.380166
0.375009
0.369859
0.364720
0.359591
0.354475
0.349372
0.344284
0.339213
0.334159
0.329124
0.324110
0.319116
0.314145
0.309198
0.304275
0.299379
0.294510
0.289670
0.284859
0.280078
0.275329
0.270612
0.265929
0.261280
0.256667
0.252089
0.247550
0.243048
0.238585
0.234161
0.229778
0.225436
0.221136
0.216879
0.212664
0.208494
0.204368
0.200286
0.196251
0.192261
0.188317
0.184420
0.180570
0.176768
0.173014
0.169308
0.165651
0.162042
0.158482
0.154972
0.151511
0.148099
0.144737
0.141425
0.138163
0.134950
0.131787
0.128674
0.125611
0.122597
0.119633
0.116718
0.113853
0.111037
0.108270
0.105552
0.102882
0.100261
0.097688
0.095163
0.092685
0.090254
0.087870
0.085533
0.083242
0.080997
0.078797
0.076642
0.074532
0.072465
0.070443
0.068463
0.066527
0.064632
0.062780
0.060968
0.059198
0.057467
0.055777
0.054126
0.052513
0.050938
0.049401
0.047901
0.046438
0.045010
0.043618
0.042261
0.040938
0.039649
0.038392
0.037168
0.035977
0.034816
0.033687
0.032587
0.031518
0.030477
0.029465
0.028481
0.027525
0.026595
0.025692
0.024814
0.023962
0.023135
0.022331
0.021552
0.020795
0.020061
0.019349
0.018659
0.017990
0.017341
0.016713
0.016104
0.015514
0.014943
0.014390
0.013855
0.013337
0.012836
0.012351
0.011882
0.011429
0.010991
0.010567
0.010158
0.009763
0.009381
0.009012
0.008657
0.008313
0.007982
0.007662
0.007354
0.007057
0.006770
0.006494
0.006227
0.005971
0.005724
0.005486
0.005257
0.005036
0.004824
0.004620
0.004423
0.004234
0.004053
0.003878
0.003710
0.003549
0.003394
0.003245
0.003102
0.002965
0.002833
0.002707
0.002585
0.002469
0.002358
0.002251
0.002148
0.002050
0.001956
0.001865
0.001779
0.001696
0.001617
0.001541
0.001469
0.001399
0.001333
0.001269
0.001208
0.001150
0.001095
0.001042
0.000991
0.000943
0.000897
0.000853
0.000811
0.000770
0.000732
0.000696
0.000661
0.000627
0.000596
0.000566
0.000537
0.000509
0.000483
0.000458
0.000435
0.000412
0.000391
0.000370
0.000351
0.000332
0.000315
0.000298
0.000282
0.000267
0.000253
0.000239
0.000227
0.000214
0.000203
0.000192
0.000181
0.000171
0.000162
0.000153
0.000144
0.000136
0.000129
0.000122
0.000115
0.000108
0.000102
0.000096
0.000091
0.000086
0.000081
0.000076
0.000072
0.000068
0.000064
0.000060
0.000056
0.000053
0.000050
0.000047
0.000044
0.000042
0.000039
0.000037
0.000035
0.000033
0.000031
0.000029
0.000027
0.000025
0.000024
0.000022
0.000021
0.000020
0.000018
0.000017
0.000016
0.000015
0.000014
0.000013
0.000013
0.000012
0.000011
0.000010
0.000010
0.000009
0.000008
0.000008
0.000007
0.000007
0.000006
0.000006
0.000006
0.000005
0.000005
0.000005
0.000004
0.000004
0.000004
0.000004
0.000003
0.000003
0.000003
0.000003
0.000002
0.000002
0.000002
0.000002
0.000002
0.000002
0.000002
0.000002
0.000001
0.000001
0.000001
0.000001
0.000001
0.000001
0.000001
0.000001
0.000001
0.000001
0.000001
0.000001
0.000001
0.000001
0.000001
0.000000
0.000000
0.000000
0.000000
0.000000
0.000000
0.000000
0.000000
0.000000
0.000000
0.000000
0.000000
0.000000
0.000000
0.000000
0.000000
0.000000
0.000000
0.000000
0.000000
0.000000
0.000000
0.000000
0.000000
0.000000
0.000000
0.000000
0.000000
0.000000
0.000000
0.000000
0.000000
0.000000
0.000000
0.000000
0.000000
0.000000
0.000000
0.000000
0.000000
0.000000
0.000000
0.000000
0.000000
0.000000
0.000000
0.000000
0.000000
0.000000
0.000000
0.000000
0.000000
0.000000
0.000000
0.000000
0.000000
0.000000
0.000000
0.000000
0.000000
0.000000
0.000000
0.000000
0.000000
0.000000
0.000000
0.000000
0.000000
0.000000
0.000000
0.000000
0.000000
0.000000
0.000000
0.000000
0.000000
0.000000
0.000000
0.000000
0.000000
0.000000
0.000000
0.000000
0.000000
0.000000
0.000000
0.000000
0.000000
0.000000
0.000000
0.000000
0.000000
0.000000
0.000000
0.000000
0.000000
0.000000
0.000000
0.000000
0.000000
0.000000
0.000000
0.000000
0.000000
0.000000
0.000000
0.000000
0.000000
0.000000
0.000000
0.000000
0.000000
0.000000
0.000000
0.000000
0.000000
0.000000
0.000000
0.000000
0.000000
0.000000
0.000000
0.000000
0.000000
0.000000
0.000000
0.000000
0.000000
0.000000
0.000000
0.000000
0.000000
0.000000
0.000000
0.000000
0.000000
0.000000
0.000000
0.000000
0.000000
0.000000
0.000000
0.000000
0.000000
0.000000
0.000000
0.000000
0.000000
0.000000
0.000000
0.000000
0.000000
0.000000
0.000000
0.000000
0.000000
0.000000
0.000000
0.000000
0.000000
0.000000
0.000000
0.000000
0.000000
0.000000
0.000000
0.000000
0.000000
0.000000
0.000000
0.000000
0.000000
0.000000
0.000000
0.000000
0.000000
0.000000
0.000000
0.000000
0.000000
0.000000
0.000000
0.000000
0.000000
0.000000
0.000000
0.000000
0.000000
0.000000
0.000000
0.000000
0.000000
0.000000
0.000000
0.000000
0.000000
0.000000
0.000000
0.000000
0.000000
0.000000
0.000000
0.000000
0.000000
0.000000
0.000000
0.000000
0.000000
0.000000
0.000000
0.000000
0.000000
0.000000
0.000000
0.000000
0.000000
0.000000
0.000000
0.000000
0.000000
0.000000
0.000000
0.000000
0.000000
0.000000
0.000000
0.000000
0.000000
0.000000
0.000000
0.000000
0.000000
0.000000
0.000000
0.000000
0.000000
0.000000
0.000000
0.000000
0.000000
0.000000
0.000000
0.000000
0.000000
0.000000
0.000000
0.000000
0.000000
0.000000
0.000000
0.000000
0.000000
0.000000
0.000000
0.000000
0.000000
0.000000
0.000000
0.000000
0.000000
0.000000
0.000000
0.000000
0.000000
0.000000
0.000000
0.000000
0.000000
0.000000
0.000000
0.000000
0.000000
0.000000
