0.000121
0.000242
0.000365
0.000486
0.000611
0.000734
0.000862
0.000987
0.001118
0.001248
0.001381
0.001518
0.001654
0.001799
0.001939
0.002091
0.002240
0.002396
0.002558
0.002716
0.002891
0.003060
0.003238
0.003427
0.003609
0.003809
0.004012
0.004213
0.004436
0.004656
0.004878
0.005125
0.005369
0.005612
0.005883
0.006159
0.006426
0.006718
0.007031
0.007333
0.007641
0.007982
0.008339
0.008684
0.009033
0.009416
0.009829
0.010244
0.010647
0.011055
0.011491
0.011967
0.012477
0.013006
0.013546
0.014093
0.014648
0.015216
0.015799
0.016399
0.017017
0.017656
0.018314
0.018993
0.019694
0.020416
0.021161
0.021929
0.022720
0.023535
0.024374
0.025238
0.026128
0.027043
0.027986
0.028955
0.029953
0.030978
0.032032
0.033116
0.034229
0.035374
0.036549
0.037755
0.038994
0.040266
0.041571
0.042910
0.044284
0.045693
0.047137
0.048617
0.050134
0.051688
0.053280
0.054911
0.056580
0.058288
0.060037
0.061826
0.063656
0.065527
0.067441
0.069397
0.071395
0.073437
0.075523
0.077653
0.079828
0.082048
0.084313
0.086624
0.088981
0.091385
0.093836
0.096334
0.098879
0.101473
0.104114
0.106804
0.109542
0.112329
0.115165
0.118050
0.120985
0.123969
0.127002
0.130084
0.133217
0.136399
0.139631
0.142912
0.146242
0.149622
0.153052
0.156530
0.160058
0.163635
0.167260
0.170933
0.174655
0.178424
0.182241
0.186105
0.190016
0.193973
0.197976
0.202024
0.206117
0.210255
0.214436
0.218661
0.222927
0.227236
0.231585
0.235975
0.240405
0.244874
0.249380
0.253924
0.258504
0.263120
0.267770
0.272454
0.277170
0.281918
0.286696
0.291505
0.296341
0.301204
0.306094
0.311009
0.315948
0.320910
0.325893
0.330896
0.335918
0.340958
0.346014
0.351086
0.356171
0.361269
0.366378
0.371497
0.376624
0.381758
0.386898
0.392042
0.397189
0.402338
0.407486
0.412633
0.417777
0.422917
0.428051
0.433178
0.438297
0.443405
0.448502
0.453587
0.458657
0.463711
0.468749
0.473769
0.478768
0.483747
0.488704
0.493637
0.498544
0.503425
0.508279
0.513103
0.517898
0.522661
0.527392
0.532089
0.536751
0.541376
0.545964
0.550514
0.555025
0.559495
0.563923
0.568309
0.572652
0.576950
0.581203
0.585410
0.589569
0.593681
0.597743
0.601756
0.605718
0.609629
0.613489
0.617296
0.621050
0.624750
0.628397
0.631988
0.635523
0.639003
0.642426
0.645793
0.649102
0.652354
0.655547
0.658682
0.661758
0.664775
0.667733
0.670632
0.673470
0.676250
0.678968
0.681627
0.684226
0.686763
0.689241
0.691658
0.694014
0.696310
0.698544
0.700718
0.702830
0.704882
0.706874
0.708804
0.710673
0.712482
0.714231
0.715919
0.717546
0.719114
0.720620
0.722067
0.723454
0.724780
0.726047
0.727254
0.728402
0.729489
0.730517
0.731486
0.732396
0.733246
0.734038
0.734770
0.735443
0.736058
0.736613
0.737110
0.737549
0.737929
0.738250
0.738513
0.738717
0.738863
0.738951
0.738980
0.738951
0.738864
0.738718
0.738513
0.738251
0.737929
0.737550
0.737111
0.736614
0.736058
0.735444
0.734770
0.734038
0.733246
0.732396
0.731487
0.730518
0.729490
0.728402
0.727255
0.726048
0.724782
0.723455
0.722069
0.720622
0.719115
0.717549
0.715922
0.714234
0.712485
0.710676
0.708806
0.706876
0.704885
0.702834
0.700721
0.698548
0.696314
0.694019
0.691663
0.689247
0.686770
0.684232
0.681633
0.678975
0.676256
0.673476
0.670637
0.667738
0.664780
0.661763
0.658686
0.655551
0.652357
0.649106
0.645797
0.642430
0.639008
0.635528
0.631993
0.628402
0.624756
0.621055
0.617301
0.613495
0.609635
0.605724
0.601762
0.597749
0.593687
0.589575
0.585415
0.581209
0.576956
0.572658
0.568316
0.563929
0.559501
0.555031
0.550521
0.545971
0.541382
0.536756
0.532094
0.527397
0.522667
0.517904
0.513109
0.508284
0.503430
0.498549
0.493641
0.488708
0.483752
0.478774
0.473774
0.468753
0.463716
0.458661
0.453591
0.448506
0.443409
0.438301
0.433182
0.428055
0.422921
0.417781
0.412637
0.407490
0.402342
0.397194
0.392046
0.386902
0.381763
0.376628
0.371501
0.366382
0.361274
0.356176
0.351091
0.346019
0.340963
0.335924
0.330902
0.325899
0.320916
0.315954
0.311016
0.306101
0.301211
0.296347
0.291511
0.286703
0.281925
0.277177
0.272461
0.267777
0.263127
0.258511
0.253931
0.249387
0.244880
0.240412
0.235982
0.231592
0.227242
0.222933
0.218667
0.214442
0.210261
0.206124
0.202031
0.197983
0.193980
0.190023
0.186112
0.182248
0.178431
0.174661
0.170939
0.167266
0.163641
0.160064
0.156536
0.153058
0.149628
0.146248
0.142918
0.139636
0.136405
0.133223
0.130090
0.127008
0.123974
0.120990
0.118056
0.115171
0.112335
0.109547
0.106809
0.104119
0.101478
0.098884
0.096339
0.093840
0.091390
0.088986
0.086628
0.084317
0.082052
0.079832
0.077657
0.075527
0.073441
0.071399
0.069400
0.067445
0.065531
0.063660
0.061830
0.060041
0.058292
0.056583
0.054914
0.053284
0.051691
0.050137
0.048620
0.047140
0.045696
0.044287
0.042913
0.041574
0.040269
0.038997
0.037758
0.036551
0.035376
0.034232
0.033119
0.032035
0.030981
0.029955
0.028958
0.027988
0.027046
0.026130
0.025240
0.024376
0.023537
0.022722
0.021931
0.021163
0.020418
0.019696
0.018995
0.018316
0.017657
0.017019
0.016401
0.015802
0.015222
0.014660
0.014116
0.013590
0.013080
0.012588
0.012111
0.011650
0.011205
0.010774
0.010358
0.009956
0.009568
0.009193
0.008831
0.008482
0.008144
0.007819
0.007505
0.007202
0.006910
0.006629
0.006358
0.006097
0.005845
0.005603
0.005369
0.005144
0.004928
0.004720
0.004520
0.004327
0.004142
0.003964
0.003793
0.003628
0.003470
0.003318
0.003172
0.003032
0.002898
0.002769
0.002645
0.002526
0.002412
0.002303
0.002198
0.002098
0.002002
0.001910
0.001821
0.001737
0.001656
0.001578
0.001504
0.001433
0.001365
0.001300
0.001238
0.001179
0.001122
0.001068
0.001016
0.000967
0.000919
0.000874
0.000831
0.000790
0.000751
0.000714
0.000678
0.000644
0.000611
0.000580
0.000551
0.000523
0.000496
0.000471
0.000446
0.000423
0.000401
0.000380
0.000360
0.000342
0.000324
0.000306
0.000290
0.000275
0.000260
0.000246
0.000233
0.000220
0.000208
0.000197
0.000186
0.000176
0.000166
0.000157
0.000149
0.000140
0.000132
0.000125
0.000118
0.000111
0.000105
0.000099
0.000094
0.000088
0.000083
0.000078
0.000074
0.000070
0.000066
0.000062
0.000058
0.000055
0.000052
0.000049
0.000046
0.000043
0.000040
0.000038
0.000036
0.000034
0.000032
0.000030
0.000028
0.000026
0.000025
0.000023
0.000022
0.000020
0.000019
0.000018
0.000017
0.000016
0.000015
0.000014
0.000013
0.000012
0.000011
0.000011
0.000010
0.000009
0.000009
0.000008
0.000008
0.000007
0.000007
0.000006
0.000006
0.000005
0.000005
0.000005
0.000004
0.000004
0.000004
0.000004
0.000003
0.000003
0.000003
0.000003
0.000003
0.000002
0.000002
0.000002
0.000002
0.000002
0.000002
0.000002
0.000001
0.000001
0.000001
0.000001
0.000001
0.000001
0.000001
0.000001
0.000001
0.000001
0.000001
0.000001
0.000001
0.000001
0.000001
0.000000
0.000000
0.000000
0.000000
0.000000
0.000000
0.000000
0.000000
0.000000
0.000000
0.000000
0.000000
0.000000
0.000000
0.000000
0.000000
0.000000
0.000000
0.000000
0.000000
0.000000
0.000000
0.000000
0.000000
0.000000
0.000000
0.000000
0.000000
0.000000
0.000000
0.000000
0.000000
0.000000
0.000000
0.000000
0.000000
0.000000
0.000000
0.000000
0.000000
0.000000
0.000000
0.000000
0.000000
0.000000
0.000000
0.000000
0.000000
0.000000
0.000000
0.000000
0.000000
0.000000
0.000000
0.000000
0.000000
0.000000
0.000000
0.000000
0.000000
0.000000
0.000000
0.000000
0.000000
0.000000
0.000000
0.000000
0.000000
0.000000
0.000000
0.000000
0.000000
0.000000
0.000000
0.000000
0.000000
0.000000
0.000000
0.000000
0.000000
0.000000
0.000000
0.000000
0.000000
0.000000
0.000000
0.000000
0.000000
0.000000
0.000000
0.000000
0.000000
0.000000
0.000000
0.000000
0.000000
0.000000
0.000000
0.000000
0.000000
0.000000
0.000000
0.000000
0.000000
0.000000
0.000000
0.000000
0.000000
0.000000
0.000000
0.000000
0.000000
0.000000
0.000000
0.000000
0.000000
0.000000
0.000000
0.000000
0.000000
0.000000
0.000000
0.000000
0.000000
0.000000
0.000000
0.000000
0.000000
0.000000
0.000000
0.000000
0.000000
0.000000
0.000000
0.000000
0.000000
0.000000
0.000000
0.000000
0.000000
0.000000
0.000000
0.000000
0.000000
0.000000
0.000000
0.000000
0.000000
0.000000
0.000000
0.000000
0.000000
0.000000
0.000000
0.000000
0.000000
0.000000
0.000000
0.000000
0.000000
0.000000
0.000000
0.000000
0.000000
0.000000
0.000000
0.000000
0.000000
0.000000
0.000000
0.000000
0.000000
0.000000
0.000000
0.000000
0.000000
0.000000
0.000000
0.000000
0.000000
0.000000
0.000000
0.000000
0.000000
0.000000
0.000000
0.000000
0.000000
0.000000
0.000000
0.000000
0.000000
0.000000
0.000000
0.000000
0.000000
0.000000
0.000000
0.000000
0.000000
0.000000
0.000000
0.000000
0.000000
0.000000
0.000000
0.000000
0.000000
0.000000
0.000000
0.000000
0.000000
0.000000
0.000000
0.000000
0.000000
0.000000
0.000000
0.000000
0.000000
0.000000
0.000000
0.000000
0.000000
0.000000
0.000000
0.000000
0.000000
0.000000
0.000000
0.000000
0.000000
0.000000
0.000000
0.000000
0.000000
0.000000
0.000000
0.000000
0.000000
0.000000
0.000000
0.000000
0.000000
0.000000
0.000000
0.000000
0.000000
0.000000
0.000000
0.000000
0.000000
0.000000
0.000000
0.000000
0.000000
0.000000
0.000000
0.000000
0.000000
0.000000
0.000000
0.000000
0.000000
0.000000
0.000000
0.000000
0.000000
0.000000
0.000000
0.000000
0.000000
0.000000
