0.000008
0.000024
0.000036
0.000019
0.000066
0.000141
0.000187
0.000208
0.000222
0.000235
0.000249
0.000264
0.000280
0.000296
0.000313
0.000331
0.000351
0.000371
0.000392
0.000415
0.000438
0.000463
0.000489
0.000517
0.000546
0.000577
0.000609
0.000643
0.000678
0.000716
0.000755
0.000797
0.000840
0.000886
0.000934
0.000984
0.001037
0.001092
0.001151
0.001212
0.001276
0.001343
0.001414
0.001487
0.001565
0.001646
0.001731
0.001820
0.001913
0.002011
0.002113
0.002220
0.002332
0.002449
0.002571
0.002699
0.002833
0.002972
0.003118
0.003271
0.003430
0.003597
0.003770
0.003952
0.004141
0.004338
0.004544
0.004759
0.004983
0.005216
0.005459
0.005713
0.005977
0.006252
0.006538
0.006836
0.007147
0.007470
0.007805
0.008155
0.008518
0.008896
0.009289
0.009697
0.010121
0.010561
0.011018
0.011493
0.011986
0.012498
0.013029
0.013580
0.014151
0.014744
0.015358
0.015994
0.016654
0.017337
0.018045
0.018778
0.019537
0.020322
0.021135
0.021976
0.022846
0.023746
0.024676
0.025638
0.026632
0.027658
0.028719
0.029814
0.030945
0.032113
0.033318
0.034561
0.035844
0.037167
0.038531
0.039937
0.041386
0.042880
0.044418
0.046003
0.047634
0.049314
0.051042
0.052821
0.054651
0.056533
0.058468
0.060458
0.062502
0.064604
0.066762
0.068979
0.071255
0.073592
0.075990
0.078451
0.080976
0.083565
0.086220
0.088942
0.091731
0.094589
0.097516
0.100515
0.103584
0.106727
0.109943
0.113233
0.116599
0.120040
0.123559
0.127156
0.130832
0.134587
0.138422
0.142338
0.146336
0.150417
0.154580
0.158827
0.163159
0.167575
0.172077
0.176664
0.181338
0.186099
0.190946
0.195881
0.200904
0.206014
0.211213
0.216500
0.221875
0.227338
0.232890
0.238529
0.244257
0.250073
0.255976
0.261966
0.268044
0.274208
0.280458
0.286794
0.293214
0.299719
0.306308
0.312978
0.319731
0.326565
0.333478
0.340470
0.347540
0.354686
0.361907
0.369202
0.376569
0.384006
0.391513
0.399088
0.406728
0.414432
0.422198
0.430024
0.437908
0.445849
0.453843
0.461889
0.469984
0.478126
0.486313
0.494542
0.502809
0.511114
0.519453
0.527823
0.536221
0.544645
0.553091
0.561556
0.570038
0.578534
0.587039
0.595551
0.604067
0.612582
0.621094
0.629600
0.638095
0.646577
0.655041
0.663484
0.671903
0.680293
0.688652
0.696975
0.705258
0.713498
0.721690
0.729833
0.737920
0.745948
0.753915
0.761815
0.769645
0.777401
0.785080
0.792677
0.800188
0.807611
0.814940
0.822173
0.829305
0.836333
0.843252
0.850061
0.856754
0.863329
0.869781
0.876108
0.882305
0.888370
0.894299
0.900088
0.905736
0.911237
0.916591
0.921792
0.926839
0.931729
0.936459
0.941025
0.945427
0.949660
0.953722
0.957612
0.961327
0.964865
0.968224
0.971401
0.974395
0.977204
0.979827
0.982262
0.984508
0.986563
0.988426
0.990095
0.991571
0.992852
0.993937
0.994825
0.995517
0.996011
0.996308
0.996407
0.996308
0.996011
0.995517
0.994825
0.993937
0.992852
0.991572
0.990096
0.988427
0.986564
0.984510
0.982264
0.979829
0.977206
0.974397
0.971403
0.968226
0.964867
0.961330
0.957615
0.953725
0.949662
0.945429
0.941028
0.936462
0.931732
0.926843
0.921796
0.916594
0.911241
0.905740
0.900092
0.894303
0.888374
0.882309
0.876112
0.869786
0.863333
0.856759
0.850065
0.843257
0.836337
0.829309
0.822177
0.814945
0.807616
0.800193
0.792682
0.785085
0.777407
0.769651
0.761820
0.753920
0.745954
0.737925
0.729838
0.721696
0.713504
0.705264
0.696981
0.688658
0.680300
0.671910
0.663491
0.655048
0.646584
0.638103
0.629607
0.621102
0.612590
0.604074
0.595559
0.587047
0.578542
0.570047
0.561565
0.553099
0.544653
0.536229
0.527831
0.519462
0.511123
0.502819
0.494551
0.486322
0.478136
0.469994
0.461899
0.453853
0.445859
0.437918
0.430034
0.422208
0.414441
0.406737
0.399097
0.391523
0.384016
0.376578
0.369211
0.361917
0.354696
0.347550
0.340480
0.333488
0.326575
0.319741
0.312988
0.306318
0.299729
0.293224
0.286804
0.280468
0.274218
0.268054
0.261976
0.255986
0.250082
0.244267
0.238539
0.232899
0.227347
0.221884
0.216509
0.211222
0.206024
0.200913
0.195890
0.190955
0.186108
0.181347
0.176673
0.172085
0.167584
0.163167
0.158836
0.154588
0.150425
0.146344
0.142346
0.138430
0.134594
0.130839
0.127163
0.123567
0.120048
0.116606
0.113240
0.109950
0.106734
0.103591
0.100521
0.097523
0.094595
0.091737
0.088948
0.086226
0.083571
0.080982
0.078457
0.075996
0.073597
0.071260
0.068984
0.066767
0.064608
0.062507
0.060462
0.058473
0.056538
0.054655
0.052825
0.051047
0.049318
0.047638
0.046007
0.044422
0.042884
0.041390
0.039941
0.038535
0.037170
0.035847
0.034565
0.033321
0.032116
0.030949
0.029817
0.028722
0.027661
0.026634
0.025640
0.024679
0.023749
0.022849
0.021979
0.021138
0.020325
0.019539
0.018780
0.018047
0.017339
0.016656
0.015996
0.015359
0.014745
0.014153
0.013582
0.013031
0.012500
0.011988
0.011495
0.011020
0.010562
0.010122
0.009698
0.009290
0.008897
0.008519
0.008156
0.007806
0.007471
0.007148
0.006837
0.006539
0.006253
0.005978
0.005714
0.005460
0.005217
0.004984
0.004760
0.004545
0.004339
0.004141
0.003952
0.003771
0.003597
0.003431
0.003271
0.003119
0.002973
0.002833
0.002699
0.002571
0.002449
0.002332
0.002220
0.002113
0.002011
0.001913
0.001820
0.001731
0.001646
0.001565
0.001488
0.001414
0.001343
0.001276
0.001212
0.001151
0.001093
0.001037
0.000984
0.000934
0.000886
0.000840
0.000797
0.000755
0.000716
0.000679
0.000643
0.000609
0.000577
0.000546
0.000517
0.000490
0.000463
0.000438
0.000415
0.000392
0.000371
0.000351
0.000331
0.000313
0.000296
0.000280
0.000264
0.000249
0.000235
0.000222
0.000210
0.000198
0.000187
0.000176
0.000166
0.000157
0.000148
0.000139
0.000131
0.000123
0.000116
0.000110
0.000103
0.000097
0.000091
0.000086
0.000081
0.000076
0.000072
0.000067
0.000063
0.000059
0.000056
0.000052
0.000049
0.000046
0.000043
0.000041
0.000038
0.000036
0.000034
0.000032
0.000030
0.000028
0.000026
0.000024
0.000023
0.000021
0.000020
0.000019
0.000018
0.000016
0.000015
0.000014
0.000013
0.000013
0.000012
0.000011
0.000010
0.000010
0.000009
0.000008
0.000008
0.000007
0.000007
0.000006
0.000006
0.000006
0.000005
0.000005
0.000005
0.000004
0.000004
0.000004
0.000003
0.000003
0.000003
0.000003
0.000003
0.000002
0.000002
0.000002
0.000002
0.000002
0.000002
0.000002
0.000001
0.000001
0.000001
0.000001
0.000001
0.000001
0.000001
0.000001
0.000001
0.000001
0.000001
0.000001
0.000001
0.000001
0.000001
0.000000
0.000000
0.000000
0.000000
0.000000
0.000000
0.000000
0.000000
0.000000
0.000000
0.000000
0.000000
0.000000
0.000000
0.000000
0.000000
0.000000
0.000000
0.000000
0.000000
0.000000
0.000000
0.000000
0.000000
0.000000
0.000000
0.000000
0.000000
0.000000
0.000000
0.000000
0.000000
0.000000
0.000000
0.000000
0.000000
0.000000
0.000000
0.000000
0.000000
0.000000
0.000000
0.000000
0.000000
0.000000
0.000000
0.000000
0.000000
0.000000
0.000000
0.000000
0.000000
0.000000
0.000000
0.000000
0.000000
0.000000
0.000000
0.000000
0.000000
0.000000
0.000000
0.000000
0.000000
0.000000
0.000000
0.000000
0.000000
0.000000
0.000000
0.000000
0.000000
0.000000
0.000000
0.000000
0.000000
0.000000
0.000000
0.000000
0.000000
0.000000
0.000000
0.000000
0.000000
0.000000
0.000000
0.000000
0.000000
0.000000
0.000000
0.000000
0.000000
0.000000
0.000000
0.000000
0.000000
0.000000
0.000000
0.000000
0.000000
0.000000
0.000000
0.000000
0.000000
0.000000
0.000000
0.000000
0.000000
0.000000
0.000000
0.000000
0.000000
0.000000
0.000000
0.000000
0.000000
0.000000
0.000000
0.000000
0.000000
0.000000
0.000000
0.000000
0.000000
0.000000
0.000000
0.000000
0.000000
0.000000
0.000000
0.000000
0.000000
0.000000
0.000000
0.000000
0.000000
0.000000
0.000000
0.000000
0.000000
0.000000
0.000000
0.000000
0.000000
0.000000
0.000000
0.000000
0.000000
0.000000
0.000000
0.000000
0.000000
0.000000
0.000000
0.000000
0.000000
0.000000
0.000000
0.000000
0.000000
0.000000
0.000000
0.000000
0.000000
0.000000
0.000000
0.000000
0.000000
0.000000
0.000000
0.000000
0.000000
0.000000
0.000000
0.000000
0.000000
0.000000
0.000000
0.000000
0.000000
0.000000
0.000000
0.000000
0.000000
0.000000
0.000000
0.000000
0.000000
0.000000
0.000000
0.000000
0.000000
0.000000
0.000000
0.000000
0.000000
0.000000
0.000000
0.000000
0.000000
0.000000
0.000000
0.000000
0.000000
0.000000
0.000000
0.000000
0.000000
0.000000
0.000000
0.000000
0.000000
0.000000
0.000000
0.000000
0.000000
0.000000
0.000000
0.000000
0.000000
0.000000
0.000000
0.000000
0.000000
0.000000
0.000000
0.000000
0.000000
0.000000
0.000000
0.000000
0.000000
0.000000
0.000000
0.000000
0.000000
0.000000
0.000000
0.000000
0.000000
0.000000
0.000000
0.000000
0.000000
0.000000
0.000000
0.000000
0.000000
0.000000
0.000000
0.000000
0.000000
0.000000
0.000000
0.000000
0.000000
0.000000
0.000000
0.000000
0.000000
0.000000
0.000000
0.000000
0.000000
0.000000
0.000000
0.000000
0.000000
0.000000
0.000000
0.000000
0.000000
0.000000
0.000000
0.000000
0.000000
0.000000
0.000000
0.000000
0.000000
0.000000
0.000000
0.000000
0.000000
0.000000
0.000000
0.000000
0.000000
0.000000
0.000000
0.000000
0.000000
0.000000
0.000000
0.000000
0.000000
0.000000
0.000000
0.000000
0.000000
0.000000
0.000000
0.000000
0.000000
0.000000
0.000000
0.000000
0.000000
0.000000
0.000000
0.000000
0.000000
0.000000
0.000000
0.000000
0.000000
0.000000
