0.000124
0.000248
0.000373
0.000498
0.000624
0.000751
0.000880
0.001011
0.001142
0.001277
0.001411
0.001553
0.001691
0.001839
0.001984
0.002136
0.002292
0.002447
0.002615
0.002777
0.002951
0.003130
0.003307
0.003501
0.003690
0.003888
0.004101
0.004305
0.004527
0.004759
0.004984
0.005228
0.005486
0.005733
0.006001
0.006288
0.006565
0.006852
0.007170
0.007490
0.007801
0.008137
0.008503
0.008867
0.009222
0.009599
0.010013
0.010444
0.010867
0.011284
0.011718
0.012190
0.012700
0.013237
0.013789
0.014350
0.014918
0.015497
0.016090
0.016700
0.017329
0.017977
0.018645
0.019335
0.020046
0.020779
0.021535
0.022314
0.023116
0.023943
0.024794
0.025670
0.026572
0.027501
0.028456
0.029439
0.030449
0.031489
0.032557
0.033655
0.034783
0.035941
0.037131
0.038353
0.039608
0.040895
0.042216
0.043571
0.044961
0.046386
0.047847
0.049345
0.050879
0.052451
0.054060
0.055709
0.057396
0.059123
0.060890
0.062698
0.064546
0.066437
0.068369
0.070344
0.072363
0.074424
0.076530
0.078680
0.080874
0.083114
0.085399
0.087730
0.090108
0.092532
0.095003
0.097522
0.100088
0.102701
0.105363
0.108073
0.110832
0.113639
0.116495
0.119400
0.122354
0.125358
0.128411
0.131513
0.134665
0.137866
0.141117
0.144416
0.147765
0.151164
0.154611
0.158107
0.161652
0.165245
0.168887
0.172577
0.176314
0.180099
0.183931
0.187809
0.191734
0.195704
0.199720
0.203780
0.207885
0.212033
0.216225
0.220459
0.224735
0.229052
0.233409
0.237806
0.242242
0.246716
0.251227
0.255775
0.260358
0.264975
0.269627
0.274311
0.279026
0.283772
0.288548
0.293353
0.298184
0.303043
0.307926
0.312833
0.317763
0.322715
0.327687
0.332678
0.337687
0.342712
0.347754
0.352809
0.357876
0.362955
0.368044
0.373141
0.378245
0.383356
0.388471
0.393589
0.398708
0.403828
0.408946
0.414062
0.419173
0.424279
0.429378
0.434469
0.439551
0.444621
0.449678
0.454721
0.459749
0.464760
0.469753
0.474727
0.479680
0.484611
0.489518
0.494400
0.499256
0.504084
0.508884
0.513654
0.518393
0.523100
0.527773
0.532411
0.537013
0.541578
0.546105
0.550593
0.555040
0.559447
0.563810
0.568131
0.572408
0.576639
0.580825
0.584964
0.589056
0.593097
0.597091
0.601034
0.604926
0.608767
0.612556
0.616292
0.619975
0.623604
0.627179
0.630698
0.634162
0.637571
0.640922
0.644217
0.647455
0.650635
0.653758
0.656822
0.659828
0.662776
0.665664
0.668493
0.671264
0.673975
0.676627
0.679219
0.681752
0.684224
0.686637
0.688991
0.691285
0.693518
0.695692
0.697806
0.699860
0.701855
0.703790
0.705665
0.707480
0.709237
0.710935
0.712573
0.714152
0.715672
0.717133
0.718536
0.719880
0.721165
0.722393
0.723562
0.724673
0.725727
0.726722
0.727660
0.728540
0.729363
0.730129
0.730837
0.731488
0.732083
0.732620
0.733100
0.733525
0.733892
0.734203
0.734457
0.734654
0.734796
0.734880
0.734908
0.734881
0.734796
0.734655
0.734457
0.734204
0.733893
0.733526
0.733102
0.732621
0.732083
0.731489
0.730837
0.730129
0.729363
0.728540
0.727661
0.726722
0.725727
0.724674
0.723563
0.722393
0.721167
0.719881
0.718537
0.717135
0.715674
0.714154
0.712575
0.710937
0.709240
0.707483
0.705667
0.703793
0.701858
0.699864
0.697809
0.695696
0.693522
0.691289
0.688996
0.686644
0.684230
0.681757
0.679225
0.676633
0.673981
0.671269
0.668499
0.665669
0.662780
0.659833
0.656827
0.653762
0.650639
0.647459
0.644221
0.640926
0.637575
0.634167
0.630703
0.627184
0.623609
0.619980
0.616297
0.612561
0.608773
0.604931
0.601039
0.597097
0.593103
0.589061
0.584970
0.580831
0.576646
0.572414
0.568137
0.563816
0.559453
0.555046
0.550599
0.546111
0.541584
0.537019
0.532416
0.527778
0.523105
0.518399
0.513659
0.508889
0.504089
0.499260
0.494404
0.489522
0.484615
0.479685
0.474732
0.469758
0.464764
0.459753
0.454725
0.449681
0.444624
0.439554
0.434473
0.429383
0.424284
0.419177
0.414065
0.408950
0.403832
0.398712
0.393593
0.388475
0.383360
0.378250
0.373145
0.368048
0.362959
0.357881
0.352813
0.347758
0.342718
0.337692
0.332684
0.327693
0.322721
0.317769
0.312839
0.307932
0.303049
0.298191
0.293359
0.288555
0.283779
0.279033
0.274317
0.269633
0.264982
0.260364
0.255781
0.251234
0.246722
0.242248
0.237812
0.233415
0.229058
0.224741
0.220465
0.216231
0.212040
0.207891
0.203787
0.199726
0.195711
0.191740
0.187816
0.183937
0.180105
0.176320
0.172583
0.168893
0.165251
0.161658
0.158113
0.154617
0.151170
0.147771
0.144422
0.141122
0.137872
0.134671
0.131519
0.128417
0.125364
0.122360
0.119406
0.116501
0.113644
0.110837
0.108078
0.105368
0.102706
0.100092
0.097526
0.095008
0.092537
0.090113
0.087735
0.085404
0.083118
0.080878
0.078684
0.076534
0.074428
0.072366
0.070348
0.068373
0.066441
0.064550
0.062701
0.060894
0.059127
0.057400
0.055712
0.054064
0.052454
0.050882
0.049348
0.047851
0.046390
0.044964
0.043574
0.042219
0.040898
0.039611
0.038356
0.037134
0.035944
0.034785
0.033657
0.032559
0.031491
0.030452
0.029441
0.028459
0.027503
0.026575
0.025672
0.024796
0.023945
0.023118
0.022316
0.021537
0.020781
0.020048
0.019337
0.018647
0.017979
0.017331
0.016703
0.016094
0.015505
0.014934
0.014382
0.013847
0.013330
0.012829
0.012344
0.011876
0.011423
0.010985
0.010562
0.010153
0.009758
0.009377
0.009008
0.008653
0.008310
0.007979
0.007659
0.007351
0.007054
0.006767
0.006491
0.006225
0.005969
0.005722
0.005484
0.005255
0.005034
0.004822
0.004618
0.004422
0.004233
0.004051
0.003877
0.003709
0.003548
0.003393
0.003244
0.003101
0.002964
0.002832
0.002706
0.002585
0.002468
0.002357
0.002250
0.002147
0.002049
0.001955
0.001865
0.001779
0.001696
0.001617
0.001541
0.001468
0.001399
0.001332
0.001269
0.001208
0.001150
0.001095
0.001042
0.000991
0.000943
0.000897
0.000852
0.000810
0.000770
0.000732
0.000695
0.000661
0.000627
0.000596
0.000565
0.000537
0.000509
0.000483
0.000458
0.000435
0.000412
0.000391
0.000370
0.000351
0.000332
0.000315
0.000298
0.000282
0.000267
0.000253
0.000239
0.000227
0.000214
0.000203
0.000192
0.000181
0.000171
0.000162
0.000153
0.000144
0.000136
0.000129
0.000122
0.000115
0.000108
0.000102
0.000096
0.000091
0.000086
0.000081
0.000076
0.000072
0.000068
0.000064
0.000060
0.000056
0.000053
0.000050
0.000047
0.000044
0.000042
0.000039
0.000037
0.000035
0.000033
0.000031
0.000029
0.000027
0.000025
0.000024
0.000022
0.000021
0.000020
0.000018
0.000017
0.000016
0.000015
0.000014
0.000013
0.000013
0.000012
0.000011
0.000010
0.000010
0.000009
0.000008
0.000008
0.000007
0.000007
0.000006
0.000006
0.000006
0.000005
0.000005
0.000005
0.000004
0.000004
0.000004
0.000004
0.000003
0.000003
0.000003
0.000003
0.000002
0.000002
0.000002
0.000002
0.000002
0.000002
0.000002
0.000002
0.000001
0.000001
0.000001
0.000001
0.000001
0.000001
0.000001
0.000001
0.000001
0.000001
0.000001
0.000001
0.000001
0.000001
0.000001
0.000000
0.000000
0.000000
0.000000
0.000000
0.000000
0.000000
0.000000
0.000000
0.000000
0.000000
0.000000
0.000000
0.000000
0.000000
0.000000
0.000000
0.000000
0.000000
0.000000
0.000000
0.000000
0.000000
0.000000
0.000000
0.000000
0.000000
0.000000
0.000000
0.000000
0.000000
0.000000
0.000000
0.000000
0.000000
0.000000
0.000000
0.000000
0.000000
0.000000
0.000000
0.000000
0.000000
0.000000
0.000000
0.000000
0.000000
0.000000
0.000000
0.000000
0.000000
0.000000
0.000000
0.000000
0.000000
0.000000
0.000000
0.000000
0.000000
0.000000
0.000000
0.000000
0.000000
0.000000
0.000000
0.000000
0.000000
0.000000
0.000000
0.000000
0.000000
0.000000
0.000000
0.000000
0.000000
0.000000
0.000000
0.000000
0.000000
0.000000
0.000000
0.000000
0.000000
0.000000
0.000000
0.000000
0.000000
0.000000
0.000000
0.000000
0.000000
0.000000
0.000000
0.000000
0.000000
0.000000
0.000000
0.000000
0.000000
0.000000
0.000000
0.000000
0.000000
0.000000
0.000000
0.000000
0.000000
0.000000
0.000000
0.000000
0.000000
0.000000
0.000000
0.000000
0.000000
0.000000
0.000000
0.000000
0.000000
0.000000
0.000000
0.000000
0.000000
0.000000
0.000000
0.000000
0.000000
0.000000
0.000000
0.000000
0.000000
0.000000
0.000000
0.000000
0.000000
0.000000
0.000000
0.000000
0.000000
0.000000
0.000000
0.000000
0.000000
0.000000
0.000000
0.000000
0.000000
0.000000
0.000000
0.000000
0.000000
0.000000
0.000000
0.000000
0.000000
0.000000
0.000000
0.000000
0.000000
0.000000
0.000000
0.000000
0.000000
0.000000
0.000000
0.000000
0.000000
0.000000
0.000000
0.000000
0.000000
0.000000
0.000000
0.000000
0.000000
0.000000
0.000000
0.000000
0.000000
0.000000
0.000000
0.000000
0.000000
0.000000
0.000000
0.000000
0.000000
0.000000
0.000000
0.000000
0.000000
0.000000
0.000000
0.000000
0.000000
0.000000
0.000000
0.000000
0.000000
0.000000
0.000000
0.000000
0.000000
0.000000
0.000000
0.000000
0.000000
0.000000
0.000000
0.000000
0.000000
0.000000
0.000000
0.000000
0.000000
0.000000
0.000000
0.000000
0.000000
0.000000
0.000000
0.000000
0.000000
0.000000
0.000000
0.000000
0.000000
0.000000
0.000000
0.000000
0.000000
0.000000
0.000000
0.000000
0.000000
0.000000
0.000000
0.000000
0.000000
0.000000
0.000000
0.000000
0.000000
0.000000
0.000000
0.000000
0.000000
0.000000
0.000000
0.000000
0.000000
0.000000
0.000000
0.000000
0.000000
0.000000
0.000000
0.000000
0.000000
0.000000
0.000000
0.000000
0.000000
0.000000
0.000000
0.000000
0.000000
0.000000
0.000000
0.000000
0.000000
0.000000
