0.000127
0.000254
0.000381
0.000510
0.000638
0.000769
0.000899
0.001034
0.001167
0.001306
0.001443
0.001587
0.001730
0.001878
0.002030
0.002181
0.002344
0.002501
0.002671
0.002841
0.003013
0.003200
0.003380
0.003574
0.003774
0.003970
0.004187
0.004402
0.004620
0.004860
0.005094
0.005335
0.005600
0.005859
0.006123
0.006415
0.006707
0.006995
0.007311
0.007644
0.007968
0.008300
0.008666
0.009047
0.009416
0.009791
0.010202
0.010643
0.011085
0.011517
0.011955
0.012422
0.012930
0.013472
0.014035
0.014608
0.015190
0.015781
0.016386
0.017006
0.017645
0.018303
0.018982
0.019682
0.020404
0.021148
0.021914
0.022705
0.023519
0.024357
0.025220
0.026109
0.027024
0.027965
0.028933
0.029929
0.030954
0.032006
0.033089
0.034201
0.035343
0.036517
0.037722
0.038959
0.040229
0.041533
0.042870
0.044241
0.045648
0.047089
0.048567
0.050082
0.051633
0.053223
0.054850
0.056517
0.058222
0.059967
0.061753
0.063580
0.065447
0.067357
0.069309
0.071303
0.073341
0.075422
0.077547
0.079717
0.081932
0.084192
0.086497
0.088849
0.091247
0.093691
0.096182
0.098721
0.101308
0.103942
0.106624
0.109354
0.112133
0.114961
0.117837
0.120762
0.123737
0.126760
0.129832
0.132954
0.136125
0.139346
0.142615
0.145933
0.149301
0.152717
0.156182
0.159696
0.163258
0.166868
0.170527
0.174232
0.177985
0.181785
0.185632
0.189524
0.193463
0.197446
0.201474
0.205547
0.209663
0.213823
0.218025
0.222268
0.226553
0.230878
0.235243
0.239646
0.244088
0.248567
0.253083
0.257634
0.262220
0.266839
0.271491
0.276175
0.280890
0.285634
0.290407
0.295208
0.300035
0.304887
0.309763
0.314663
0.319584
0.324525
0.329486
0.334464
0.339460
0.344471
0.349496
0.354534
0.359584
0.364643
0.369711
0.374787
0.379868
0.384955
0.390044
0.395135
0.400227
0.405317
0.410405
0.415490
0.420568
0.425640
0.430704
0.435758
0.440802
0.445833
0.450850
0.455851
0.460837
0.465804
0.470752
0.475679
0.480585
0.485468
0.490325
0.495156
0.499961
0.504736
0.509482
0.514197
0.518880
0.523530
0.528145
0.532724
0.537266
0.541770
0.546235
0.550661
0.555045
0.559388
0.563687
0.567942
0.572153
0.576317
0.580436
0.584506
0.588529
0.592502
0.596426
0.600299
0.604121
0.607892
0.611610
0.615275
0.618886
0.622444
0.625947
0.629395
0.632787
0.636123
0.639403
0.642627
0.645794
0.648903
0.651954
0.654948
0.657883
0.660761
0.663580
0.666340
0.669042
0.671685
0.674270
0.676795
0.679262
0.681670
0.684019
0.686309
0.688540
0.690712
0.692825
0.694880
0.696875
0.698812
0.700691
0.702511
0.704273
0.705977
0.707623
0.709212
0.710742
0.712215
0.713631
0.714990
0.716291
0.717536
0.718724
0.719856
0.720931
0.721950
0.722912
0.723818
0.724670
0.725466
0.726206
0.726891
0.727519
0.728093
0.728612
0.729077
0.729487
0.729841
0.730142
0.730387
0.730578
0.730714
0.730796
0.730823
0.730796
0.730714
0.730578
0.730388
0.730142
0.729842
0.729487
0.729078
0.728613
0.728095
0.727520
0.726891
0.726206
0.725466
0.724670
0.723819
0.722912
0.721950
0.720931
0.719856
0.718725
0.717537
0.716293
0.714991
0.713633
0.712217
0.710745
0.709214
0.707626
0.705980
0.704276
0.702514
0.700694
0.698815
0.696879
0.694882
0.692828
0.690716
0.688545
0.686314
0.684025
0.681676
0.679268
0.676802
0.674276
0.671691
0.669048
0.666346
0.663585
0.660766
0.657888
0.654952
0.651958
0.648906
0.645797
0.642631
0.639407
0.636127
0.632792
0.629400
0.625952
0.622449
0.618891
0.615280
0.611615
0.607897
0.604126
0.600304
0.596432
0.592508
0.588535
0.584512
0.580441
0.576323
0.572159
0.567948
0.563693
0.559394
0.555052
0.550667
0.546242
0.541777
0.537272
0.532730
0.528150
0.523535
0.518886
0.514202
0.509487
0.504742
0.499965
0.495161
0.490329
0.485472
0.480590
0.475685
0.470757
0.465808
0.460841
0.455855
0.450853
0.445836
0.440805
0.435762
0.430708
0.425644
0.420572
0.415493
0.410409
0.405321
0.400231
0.395139
0.390048
0.384959
0.379873
0.374791
0.369716
0.364647
0.359588
0.354539
0.349501
0.344476
0.339465
0.334470
0.329491
0.324531
0.319590
0.314669
0.309769
0.304893
0.300041
0.295214
0.290413
0.285641
0.280896
0.276182
0.271498
0.266846
0.262226
0.257640
0.253089
0.248574
0.244095
0.239653
0.235249
0.230884
0.226559
0.222274
0.218031
0.213829
0.209670
0.205554
0.201481
0.197453
0.193469
0.189531
0.185638
0.181791
0.177991
0.174238
0.170533
0.166874
0.163264
0.159702
0.156188
0.152723
0.149307
0.145939
0.142621
0.139351
0.136131
0.132960
0.129838
0.126766
0.123742
0.120768
0.117843
0.114966
0.112139
0.109360
0.106629
0.103947
0.101313
0.098726
0.096187
0.093696
0.091251
0.088853
0.086502
0.084196
0.081936
0.079721
0.077551
0.075426
0.073345
0.071307
0.069312
0.067361
0.065451
0.063583
0.061757
0.059971
0.058226
0.056520
0.054854
0.053226
0.051637
0.050085
0.048570
0.047093
0.045651
0.044244
0.042873
0.041536
0.040232
0.038962
0.037725
0.036520
0.035346
0.034204
0.033091
0.032009
0.030956
0.029932
0.028936
0.027967
0.027026
0.026111
0.025222
0.024359
0.023521
0.022707
0.021916
0.021150
0.020405
0.019684
0.018984
0.018305
0.017647
0.017009
0.016392
0.015793
0.015213
0.014652
0.014109
0.013583
0.013074
0.012582
0.012105
0.011645
0.011200
0.010769
0.010354
0.009952
0.009564
0.009189
0.008827
0.008478
0.008141
0.007816
0.007502
0.007200
0.006908
0.006627
0.006356
0.006095
0.005843
0.005601
0.005367
0.005143
0.004927
0.004718
0.004518
0.004326
0.004141
0.003963
0.003792
0.003627
0.003469
0.003317
0.003172
0.003032
0.002897
0.002768
0.002644
0.002526
0.002412
0.002303
0.002198
0.002098
0.002001
0.001909
0.001821
0.001737
0.001656
0.001578
0.001504
0.001433
0.001365
0.001300
0.001238
0.001179
0.001122
0.001068
0.001016
0.000967
0.000919
0.000874
0.000831
0.000790
0.000751
0.000713
0.000678
0.000644
0.000611
0.000580
0.000551
0.000523
0.000496
0.000471
0.000446
0.000423
0.000401
0.000380
0.000360
0.000342
0.000324
0.000306
0.000290
0.000275
0.000260
0.000246
0.000233
0.000220
0.000208
0.000197
0.000186
0.000176
0.000166
0.000157
0.000149
0.000140
0.000132
0.000125
0.000118
0.000111
0.000105
0.000099
0.000094
0.000088
0.000083
0.000078
0.000074
0.000070
0.000066
0.000062
0.000058
0.000055
0.000052
0.000049
0.000046
0.000043
0.000040
0.000038
0.000036
0.000034
0.000032
0.000030
0.000028
0.000026
0.000025
0.000023
0.000022
0.000020
0.000019
0.000018
0.000017
0.000016
0.000015
0.000014
0.000013
0.000012
0.000011
0.000011
0.000010
0.000009
0.000009
0.000008
0.000008
0.000007
0.000007
0.000006
0.000006
0.000005
0.000005
0.000005
0.000004
0.000004
0.000004
0.000004
0.000003
0.000003
0.000003
0.000003
0.000003
0.000002
0.000002
0.000002
0.000002
0.000002
0.000002
0.000002
0.000001
0.000001
0.000001
0.000001
0.000001
0.000001
0.000001
0.000001
0.000001
0.000001
0.000001
0.000001
0.000001
0.000001
0.000001
0.000000
0.000000
0.000000
0.000000
0.000000
0.000000
0.000000
0.000000
0.000000
0.000000
0.000000
0.000000
0.000000
0.000000
0.000000
0.000000
0.000000
0.000000
0.000000
0.000000
0.000000
0.000000
0.000000
0.000000
0.000000
0.000000
0.000000
0.000000
0.000000
0.000000
0.000000
0.000000
0.000000
0.000000
0.000000
0.000000
0.000000
0.000000
0.000000
0.000000
0.000000
0.000000
0.000000
0.000000
0.000000
0.000000
0.000000
0.000000
0.000000
0.000000
0.000000
0.000000
0.000000
0.000000
0.000000
0.000000
0.000000
0.000000
0.000000
0.000000
0.000000
0.000000
0.000000
0.000000
0.000000
0.000000
0.000000
0.000000
0.000000
0.000000
0.000000
0.000000
0.000000
0.000000
0.000000
0.000000
0.000000
0.000000
0.000000
0.000000
0.000000
0.000000
0.000000
0.000000
0.000000
0.000000
0.000000
0.000000
0.000000
0.000000
0.000000
0.000000
0.000000
0.000000
0.000000
0.000000
0.000000
0.000000
0.000000
0.000000
0.000000
0.000000
0.000000
0.000000
0.000000
0.000000
0.000000
0.000000
0.000000
0.000000
0.000000
0.000000
0.000000
0.000000
0.000000
0.000000
0.000000
0.000000
0.000000
0.000000
0.000000
0.000000
0.000000
0.000000
0.000000
0.000000
0.000000
0.000000
0.000000
0.000000
0.000000
0.000000
0.000000
0.000000
0.000000
0.000000
0.000000
0.000000
0.000000
0.000000
0.000000
0.000000
0.000000
0.000000
0.000000
0.000000
0.000000
0.000000
0.000000
0.000000
0.000000
0.000000
0.000000
0.000000
0.000000
0.000000
0.000000
0.000000
0.000000
0.000000
0.000000
0.000000
0.000000
0.000000
0.000000
0.000000
0.000000
0.000000
0.000000
0.000000
0.000000
0.000000
0.000000
0.000000
0.000000
0.000000
0.000000
0.000000
0.000000
0.000000
0.000000
0.000000
0.000000
0.000000
0.000000
0.000000
0.000000
0.000000
0.000000
0.000000
0.000000
0.000000
0.000000
0.000000
0.000000
0.000000
0.000000
0.000000
0.000000
0.000000
0.000000
0.000000
0.000000
0.000000
0.000000
0.000000
0.000000
0.000000
0.000000
0.000000
0.000000
0.000000
0.000000
0.000000
0.000000
0.000000
0.000000
0.000000
0.000000
0.000000
0.000000
0.000000
0.000000
0.000000
0.000000
0.000000
0.000000
0.000000
0.000000
0.000000
0.000000
0.000000
0.000000
0.000000
0.000000
0.000000
0.000000
0.000000
0.000000
0.000000
0.000000
0.000000
0.000000
0.000000
0.000000
0.000000
0.000000
0.000000
0.000000
0.000000
0.000000
0.000000
0.000000
0.000000
0.000000
0.000000
0.000000
0.000000
0.000000
0.000000
0.000000
0.000000
0.000000
0.000000
0.000000
0.000000
0.000000
0.000000
0.000000
0.000000
0.000000
0.000000
