0.000129
0.000260
0.000389
0.000521
0.000652
0.000787
0.000919
0.001057
0.001194
0.001335
0.001477
0.001621
0.001770
0.001918
0.002076
0.002230
0.002394
0.002559
0.002727
0.002906
0.003079
0.003268
0.003457
0.003649
0.003857
0.004058
0.004273
0.004500
0.004719
0.004959
0.005206
0.005448
0.005713
0.005986
0.006252
0.006542
0.006848
0.007145
0.007455
0.007796
0.008136
0.008471
0.008833
0.009224
0.009611
0.009993
0.010398
0.010841
0.011301
0.011752
0.012198
0.012665
0.013169
0.013712
0.014283
0.014869
0.015465
0.016069
0.016685
0.017317
0.017966
0.018634
0.019324
0.020034
0.020767
0.021522
0.022300
0.023101
0.023927
0.024777
0.025653
0.026554
0.027482
0.028436
0.029417
0.030427
0.031465
0.032532
0.033628
0.034755
0.035912
0.037101
0.038321
0.039574
0.040859
0.042179
0.043532
0.044920
0.046343
0.047801
0.049296
0.050828
0.052397
0.054004
0.055650
0.057334
0.059058
0.060822
0.062626
0.064472
0.066359
0.068287
0.070258
0.072272
0.074330
0.076431
0.078576
0.080766
0.083001
0.085281
0.087606
0.089978
0.092397
0.094862
0.097374
0.099933
0.102540
0.105194
0.107897
0.110648
0.113447
0.116295
0.119191
0.122137
0.125131
0.128174
0.131266
0.134408
0.137598
0.140837
0.144126
0.147463
0.150849
0.154283
0.157766
0.161297
0.164876
0.168503
0.172178
0.175899
0.179668
0.183483
0.187344
0.191251
0.195203
0.199200
0.203240
0.207325
0.211453
0.215623
0.219835
0.224087
0.228381
0.232714
0.237086
0.241496
0.245944
0.250428
0.254948
0.259502
0.264090
0.268711
0.273364
0.278047
0.282761
0.287503
0.292273
0.297069
0.301891
0.306737
0.311606
0.316497
0.321409
0.326340
0.331289
0.336255
0.341237
0.346233
0.351242
0.356263
0.361294
0.366333
0.371381
0.376434
0.381492
0.386554
0.391618
0.396682
0.401746
0.406806
0.411864
0.416916
0.421961
0.426999
0.432027
0.437045
0.442050
0.447041
0.452018
0.456977
0.461920
0.466843
0.471746
0.476627
0.481485
0.486318
0.491126
0.495906
0.500658
0.505381
0.510072
0.514732
0.519359
0.523951
0.528507
0.533027
0.537509
0.541953
0.546356
0.550719
0.555039
0.559318
0.563552
0.567742
0.571885
0.575983
0.580034
0.584037
0.587991
0.591895
0.595749
0.599552
0.603303
0.607003
0.610650
0.614244
0.617784
0.621270
0.624701
0.628077
0.631398
0.634662
0.637871
0.641023
0.644118
0.647156
0.650136
0.653059
0.655924
0.658732
0.661481
0.664172
0.666806
0.669381
0.671899
0.674357
0.676758
0.679101
0.681386
0.683612
0.685781
0.687891
0.689944
0.691938
0.693876
0.695755
0.697578
0.699343
0.701051
0.702703
0.704297
0.705837
0.707319
0.708744
0.710115
0.711429
0.712688
0.713892
0.715041
0.716135
0.717174
0.718158
0.719088
0.719964
0.720786
0.721555
0.722269
0.722930
0.723537
0.724090
0.724591
0.725039
0.725435
0.725777
0.726067
0.726303
0.726487
0.726618
0.726697
0.726724
0.726697
0.726619
0.726488
0.726304
0.726067
0.725778
0.725436
0.725040
0.724592
0.724092
0.723537
0.722930
0.722269
0.721554
0.720786
0.719964
0.719088
0.718158
0.717174
0.716135
0.715042
0.713893
0.712690
0.711430
0.710116
0.708747
0.707321
0.705838
0.704300
0.702705
0.701054
0.699346
0.697581
0.695759
0.693879
0.691941
0.689947
0.687895
0.685785
0.683617
0.681391
0.679107
0.676764
0.674364
0.671904
0.669387
0.666811
0.664178
0.661486
0.658736
0.655929
0.653063
0.650140
0.647159
0.644121
0.641026
0.637875
0.634666
0.631402
0.628082
0.624706
0.621275
0.617789
0.614249
0.610655
0.607008
0.603309
0.599557
0.595755
0.591900
0.587997
0.584043
0.580040
0.575989
0.571892
0.567747
0.563558
0.559324
0.555046
0.550725
0.546363
0.541959
0.537516
0.533033
0.528513
0.523956
0.519364
0.514737
0.510078
0.505386
0.500663
0.495911
0.491130
0.486323
0.481489
0.476632
0.471751
0.466848
0.461924
0.456981
0.452021
0.447045
0.442053
0.437048
0.432031
0.427003
0.421965
0.416920
0.411867
0.406810
0.401749
0.396686
0.391622
0.386558
0.381496
0.376438
0.371385
0.366337
0.361298
0.356267
0.351247
0.346238
0.341242
0.336261
0.331295
0.326346
0.321415
0.316503
0.311613
0.306743
0.301897
0.297075
0.292279
0.287510
0.282767
0.278054
0.273371
0.268718
0.264097
0.259508
0.254954
0.250434
0.245950
0.241503
0.237092
0.232720
0.228387
0.224094
0.219841
0.215629
0.211459
0.207331
0.203247
0.199206
0.195209
0.191257
0.187351
0.183489
0.179674
0.175906
0.172184
0.168509
0.164882
0.161303
0.157772
0.154289
0.150855
0.147469
0.144132
0.140843
0.137604
0.134413
0.131272
0.128180
0.125137
0.122142
0.119197
0.116300
0.113452
0.110653
0.107902
0.105199
0.102545
0.099938
0.097378
0.094866
0.092401
0.089983
0.087611
0.085285
0.083005
0.080770
0.078580
0.076435
0.074334
0.072276
0.070262
0.068291
0.066362
0.064475
0.062630
0.060826
0.059062
0.057338
0.055653
0.054008
0.052401
0.050831
0.049300
0.047804
0.046346
0.044923
0.043535
0.042182
0.040862
0.039577
0.038324
0.037103
0.035915
0.034757
0.033631
0.032534
0.031467
0.030429
0.029420
0.028438
0.027484
0.026556
0.025655
0.024780
0.023929
0.023103
0.022302
0.021524
0.020769
0.020036
0.019326
0.018637
0.017969
0.017321
0.016694
0.016086
0.015497
0.014927
0.014375
0.013840
0.013323
0.012823
0.012339
0.011871
0.011418
0.010980
0.010558
0.010149
0.009754
0.009373
0.009005
0.008650
0.008307
0.007976
0.007656
0.007348
0.007051
0.006765
0.006489
0.006223
0.005967
0.005720
0.005482
0.005253
0.005033
0.004821
0.004617
0.004421
0.004232
0.004050
0.003876
0.003708
0.003547
0.003392
0.003243
0.003100
0.002963
0.002832
0.002705
0.002584
0.002468
0.002356
0.002250
0.002147
0.002049
0.001955
0.001865
0.001778
0.001695
0.001616
0.001540
0.001468
0.001399
0.001332
0.001269
0.001208
0.001150
0.001095
0.001042
0.000991
0.000943
0.000896
0.000852
0.000810
0.000770
0.000732
0.000695
0.000660
0.000627
0.000596
0.000565
0.000537
0.000509
0.000483
0.000458
0.000435
0.000412
0.000391
0.000370
0.000351
0.000332
0.000315
0.000298
0.000282
0.000267
0.000253
0.000239
0.000226
0.000214
0.000203
0.000192
0.000181
0.000171
0.000162
0.000153
0.000144
0.000136
0.000129
0.000122
0.000115
0.000108
0.000102
0.000096
0.000091
0.000086
0.000081
0.000076
0.000072
0.000068
0.000064
0.000060
0.000056
0.000053
0.000050
0.000047
0.000044
0.000042
0.000039
0.000037
0.000035
0.000033
0.000031
0.000029
0.000027
0.000025
0.000024
0.000022
0.000021
0.000020
0.000018
0.000017
0.000016
0.000015
0.000014
0.000013
0.000013
0.000012
0.000011
0.000010
0.000010
0.000009
0.000008
0.000008
0.000007
0.000007
0.000006
0.000006
0.000006
0.000005
0.000005
0.000005
0.000004
0.000004
0.000004
0.000004
0.000003
0.000003
0.000003
0.000003
0.000002
0.000002
0.000002
0.000002
0.000002
0.000002
0.000002
0.000002
0.000001
0.000001
0.000001
0.000001
0.000001
0.000001
0.000001
0.000001
0.000001
0.000001
0.000001
0.000001
0.000001
0.000001
0.000001
0.000000
0.000000
0.000000
0.000000
0.000000
0.000000
0.000000
0.000000
0.000000
0.000000
0.000000
0.000000
0.000000
0.000000
0.000000
0.000000
0.000000
0.000000
0.000000
0.000000
0.000000
0.000000
0.000000
0.000000
0.000000
0.000000
0.000000
0.000000
0.000000
0.000000
0.000000
0.000000
0.000000
0.000000
0.000000
0.000000
0.000000
0.000000
0.000000
0.000000
0.000000
0.000000
0.000000
0.000000
0.000000
0.000000
0.000000
0.000000
0.000000
0.000000
0.000000
0.000000
0.000000
0.000000
0.000000
0.000000
0.000000
0.000000
0.000000
0.000000
0.000000
0.000000
0.000000
0.000000
0.000000
0.000000
0.000000
0.000000
0.000000
0.000000
0.000000
0.000000
0.000000
0.000000
0.000000
0.000000
0.000000
0.000000
0.000000
0.000000
0.000000
0.000000
0.000000
0.000000
0.000000
0.000000
0.000000
0.000000
0.000000
0.000000
0.000000
0.000000
0.000000
0.000000
0.000000
0.000000
0.000000
0.000000
0.000000
0.000000
0.000000
0.000000
0.000000
0.000000
0.000000
0.000000
0.000000
0.000000
0.000000
0.000000
0.000000
0.000000
0.000000
0.000000
0.000000
0.000000
0.000000
0.000000
0.000000
0.000000
0.000000
0.000000
0.000000
0.000000
0.000000
0.000000
0.000000
0.000000
0.000000
0.000000
0.000000
0.000000
0.000000
0.000000
0.000000
0.000000
0.000000
0.000000
0.000000
0.000000
0.000000
0.000000
0.000000
0.000000
0.000000
0.000000
0.000000
0.000000
0.000000
0.000000
0.000000
0.000000
0.000000
0.000000
0.000000
0.000000
0.000000
0.000000
0.000000
0.000000
0.000000
0.000000
0.000000
0.000000
0.000000
0.000000
0.000000
0.000000
0.000000
0.000000
0.000000
0.000000
0.000000
0.000000
0.000000
0.000000
0.000000
0.000000
0.000000
0.000000
0.000000
0.000000
0.000000
0.000000
0.000000
0.000000
0.000000
0.000000
0.000000
0.000000
0.000000
0.000000
0.000000
0.000000
0.000000
0.000000
0.000000
0.000000
0.000000
0.000000
0.000000
0.000000
0.000000
0.000000
0.000000
0.000000
0.000000
0.000000
0.000000
0.000000
0.000000
0.000000
0.000000
0.000000
0.000000
0.000000
0.000000
0.000000
0.000000
0.000000
0.000000
0.000000
0.000000
0.000000
0.000000
0.000000
0.000000
0.000000
0.000000
0.000000
0.000000
0.000000
0.000000
0.000000
0.000000
0.000000
0.000000
0.000000
0.000000
0.000000
0.000000
0.000000
0.000000
0.000000
0.000000
0.000000
0.000000
0.000000
0.000000
0.000000
0.000000
0.000000
0.000000
0.000000
0.000000
0.000000
0.000000
0.000000
0.000000
0.000000
0.000000
0.000000
0.000000
0.000000
0.000000
0.000000
0.000000
0.000000
0.000000
0.000000
0.000000
