0.000132
0.000265
0.000398
0.000533
0.000667
0.000804
0.000941
0.001080
0.001221
0.001363
0.001511
0.001656
0.001810
0.001961
0.002121
0.002281
0.002445
0.002617
0.002786
0.002969
0.003148
0.003336
0.003534
0.003727
0.003938
0.004149
0.004362
0.004595
0.004823
0.005060
0.005317
0.005566
0.005828
0.006112
0.006388
0.006673
0.006987
0.007298
0.007608
0.007948
0.008304
0.008649
0.009007
0.009400
0.009805
0.010200
0.010604
0.011044
0.011514
0.011985
0.012447
0.012916
0.013417
0.013959
0.014535
0.015132
0.015741
0.016360
0.016989
0.017632
0.018292
0.018971
0.019671
0.020392
0.021135
0.021902
0.022691
0.023504
0.024342
0.025204
0.026092
0.027006
0.027946
0.028913
0.029908
0.030931
0.031983
0.033064
0.034175
0.035316
0.036488
0.037692
0.038928
0.040196
0.041498
0.042833
0.044202
0.045607
0.047047
0.048522
0.050035
0.051584
0.053171
0.054796
0.056459
0.058162
0.059904
0.061687
0.063510
0.065374
0.067280
0.069228
0.071219
0.073253
0.075330
0.077451
0.079616
0.081826
0.084081
0.086381
0.088727
0.091120
0.093558
0.096044
0.098577
0.101156
0.103784
0.106459
0.109182
0.111953
0.114773
0.117641
0.120558
0.123523
0.126537
0.129600
0.132712
0.135873
0.139083
0.142341
0.145648
0.149004
0.152408
0.155861
0.159362
0.162910
0.166506
0.170150
0.173841
0.177578
0.181362
0.185192
0.189068
0.192989
0.196954
0.200964
0.205017
0.209114
0.213252
0.217433
0.221655
0.225917
0.230219
0.234560
0.238939
0.243355
0.247808
0.252297
0.256821
0.261378
0.265969
0.270591
0.275244
0.279927
0.284639
0.289379
0.294146
0.298937
0.303754
0.308594
0.313455
0.318337
0.323239
0.328159
0.333097
0.338050
0.343018
0.347998
0.352991
0.357994
0.363006
0.368025
0.373052
0.378083
0.383117
0.388154
0.393192
0.398229
0.403264
0.408294
0.413321
0.418341
0.423353
0.428355
0.433348
0.438328
0.443294
0.448246
0.453182
0.458099
0.462998
0.467877
0.472734
0.477568
0.482379
0.487163
0.491920
0.496649
0.501348
0.506017
0.510654
0.515259
0.519829
0.524363
0.528861
0.533322
0.537743
0.542126
0.546467
0.550766
0.555023
0.559237
0.563406
0.567530
0.571607
0.575638
0.579620
0.583555
0.587440
0.591275
0.595059
0.598792
0.602473
0.606102
0.609677
0.613200
0.616668
0.620083
0.623441
0.626746
0.629995
0.633187
0.636324
0.639404
0.642428
0.645394
0.648303
0.651156
0.653951
0.656688
0.659368
0.661990
0.664555
0.667063
0.669512
0.671905
0.674239
0.676517
0.678738
0.680901
0.683007
0.685056
0.687048
0.688983
0.690862
0.692684
0.694450
0.696160
0.697815
0.699414
0.700958
0.702447
0.703881
0.705260
0.706585
0.707855
0.709072
0.710235
0.711344
0.712401
0.713404
0.714354
0.715251
0.716096
0.716889
0.717630
0.718318
0.718956
0.719541
0.720074
0.720557
0.720989
0.721369
0.721700
0.721978
0.722206
0.722384
0.722510
0.722586
0.722612
0.722586
0.722510
0.722384
0.722207
0.721979
0.721701
0.721371
0.720990
0.720558
0.720075
0.719542
0.718956
0.718318
0.717630
0.716889
0.716095
0.715251
0.714353
0.713403
0.712401
0.711345
0.710235
0.709073
0.707856
0.706586
0.705262
0.703882
0.702448
0.700960
0.699416
0.697818
0.696164
0.694453
0.692687
0.690864
0.688986
0.687050
0.685060
0.683011
0.680906
0.678743
0.676523
0.674246
0.671911
0.669518
0.667068
0.664560
0.661995
0.659373
0.656693
0.653955
0.651160
0.648307
0.645397
0.642431
0.639407
0.636328
0.633191
0.629999
0.626751
0.623447
0.620087
0.616673
0.613205
0.609682
0.606106
0.602478
0.598797
0.595064
0.591280
0.587445
0.583561
0.579626
0.575643
0.571613
0.567536
0.563412
0.559243
0.555030
0.550772
0.546473
0.542132
0.537750
0.533328
0.528867
0.524369
0.519834
0.515264
0.510660
0.506023
0.501354
0.496653
0.491924
0.487167
0.482383
0.477573
0.472739
0.467882
0.463002
0.458103
0.453185
0.448250
0.443298
0.438331
0.433351
0.428359
0.423357
0.418344
0.413324
0.408298
0.403267
0.398233
0.393196
0.388158
0.383121
0.378087
0.373056
0.368030
0.363010
0.357998
0.352996
0.348003
0.343022
0.338055
0.333102
0.328165
0.323245
0.318343
0.313461
0.308599
0.303760
0.298943
0.294152
0.289385
0.284646
0.279934
0.275251
0.270597
0.265975
0.261385
0.256827
0.252304
0.247815
0.243362
0.238945
0.234566
0.230225
0.225923
0.221661
0.217439
0.213259
0.209120
0.205024
0.200970
0.196961
0.192995
0.189075
0.185199
0.181369
0.177585
0.173847
0.170156
0.166512
0.162916
0.159368
0.155867
0.152414
0.149010
0.145654
0.142347
0.139089
0.135879
0.132718
0.129606
0.126543
0.123529
0.120563
0.117647
0.114778
0.111959
0.109187
0.106464
0.103789
0.101161
0.098581
0.096049
0.093563
0.091124
0.088732
0.086386
0.084085
0.081830
0.079620
0.077455
0.075334
0.073257
0.071223
0.069232
0.067284
0.065378
0.063514
0.061690
0.059908
0.058165
0.056463
0.054799
0.053174
0.051587
0.050038
0.048526
0.047050
0.045610
0.044205
0.042836
0.041501
0.040199
0.038931
0.037695
0.036491
0.035319
0.034178
0.033067
0.031986
0.030934
0.029911
0.028916
0.027948
0.027008
0.026094
0.025206
0.024344
0.023506
0.022693
0.021903
0.021137
0.020394
0.019673
0.018973
0.018295
0.017638
0.017001
0.016383
0.015785
0.015206
0.014645
0.014102
0.013577
0.013068
0.012576
0.012100
0.011640
0.011195
0.010765
0.010349
0.009948
0.009560
0.009186
0.008824
0.008475
0.008138
0.007813
0.007500
0.007197
0.006906
0.006625
0.006354
0.006093
0.005841
0.005599
0.005366
0.005141
0.004925
0.004717
0.004517
0.004325
0.004140
0.003962
0.003791
0.003626
0.003468
0.003316
0.003171
0.003031
0.002897
0.002768
0.002644
0.002525
0.002411
0.002302
0.002198
0.002097
0.002001
0.001909
0.001821
0.001736
0.001655
0.001578
0.001504
0.001433
0.001365
0.001300
0.001238
0.001179
0.001122
0.001068
0.001016
0.000966
0.000919
0.000874
0.000831
0.000790
0.000751
0.000713
0.000678
0.000644
0.000611
0.000580
0.000551
0.000523
0.000496
0.000471
0.000446
0.000423
0.000401
0.000380
0.000360
0.000342
0.000324
0.000306
0.000290
0.000275
0.000260
0.000246
0.000233
0.000220
0.000208
0.000197
0.000186
0.000176
0.000166
0.000157
0.000149
0.000140
0.000132
0.000125
0.000118
0.000111
0.000105
0.000099
0.000094
0.000088
0.000083
0.000078
0.000074
0.000070
0.000066
0.000062
0.000058
0.000055
0.000052
0.000049
0.000046
0.000043
0.000040
0.000038
0.000036
0.000034
0.000032
0.000030
0.000028
0.000026
0.000025
0.000023
0.000022
0.000020
0.000019
0.000018
0.000017
0.000016
0.000015
0.000014
0.000013
0.000012
0.000011
0.000011
0.000010
0.000009
0.000009
0.000008
0.000008
0.000007
0.000007
0.000006
0.000006
0.000005
0.000005
0.000005
0.000004
0.000004
0.000004
0.000004
0.000003
0.000003
0.000003
0.000003
0.000003
0.000002
0.000002
0.000002
0.000002
0.000002
0.000002
0.000002
0.000001
0.000001
0.000001
0.000001
0.000001
0.000001
0.000001
0.000001
0.000001
0.000001
0.000001
0.000001
0.000001
0.000001
0.000001
0.000000
0.000000
0.000000
0.000000
0.000000
0.000000
0.000000
0.000000
0.000000
0.000000
0.000000
0.000000
0.000000
0.000000
0.000000
0.000000
0.000000
0.000000
0.000000
0.000000
0.000000
0.000000
0.000000
0.000000
0.000000
0.000000
0.000000
0.000000
0.000000
0.000000
0.000000
0.000000
0.000000
0.000000
0.000000
0.000000
0.000000
0.000000
0.000000
0.000000
0.000000
0.000000
0.000000
0.000000
0.000000
0.000000
0.000000
0.000000
0.000000
0.000000
0.000000
0.000000
0.000000
0.000000
0.000000
0.000000
0.000000
0.000000
0.000000
0.000000
0.000000
0.000000
0.000000
0.000000
0.000000
0.000000
0.000000
0.000000
0.000000
0.000000
0.000000
0.000000
0.000000
0.000000
0.000000
0.000000
0.000000
0.000000
0.000000
0.000000
0.000000
0.000000
0.000000
0.000000
0.000000
0.000000
0.000000
0.000000
0.000000
0.000000
0.000000
0.000000
0.000000
0.000000
0.000000
0.000000
0.000000
0.000000
0.000000
0.000000
0.000000
0.000000
0.000000
0.000000
0.000000
0.000000
0.000000
0.000000
0.000000
0.000000
0.000000
0.000000
0.000000
0.000000
0.000000
0.000000
0.000000
0.000000
0.000000
0.000000
0.000000
0.000000
0.000000
0.000000
0.000000
0.000000
0.000000
0.000000
0.000000
0.000000
0.000000
0.000000
0.000000
0.000000
0.000000
0.000000
0.000000
0.000000
0.000000
0.000000
0.000000
0.000000
0.000000
0.000000
0.000000
0.000000
0.000000
0.000000
0.000000
0.000000
0.000000
0.000000
0.000000
0.000000
0.000000
0.000000
0.000000
0.000000
0.000000
0.000000
0.000000
0.000000
0.000000
0.000000
0.000000
0.000000
0.000000
0.000000
0.000000
0.000000
0.000000
0.000000
0.000000
0.000000
0.000000
0.000000
0.000000
0.000000
0.000000
0.000000
0.000000
0.000000
0.000000
0.000000
0.000000
0.000000
0.000000
0.000000
0.000000
0.000000
0.000000
0.000000
0.000000
0.000000
0.000000
0.000000
0.000000
0.000000
0.000000
0.000000
0.000000
0.000000
0.000000
0.000000
0.000000
0.000000
0.000000
0.000000
0.000000
0.000000
0.000000
0.000000
0.000000
0.000000
0.000000
0.000000
0.000000
0.000000
0.000000
0.000000
0.000000
0.000000
0.000000
0.000000
0.000000
0.000000
0.000000
0.000000
0.000000
0.000000
0.000000
0.000000
0.000000
0.000000
0.000000
0.000000
0.000000
0.000000
0.000000
0.000000
0.000000
0.000000
0.000000
0.000000
0.000000
0.000000
0.000000
0.000000
0.000000
0.000000
0.000000
0.000000
0.000000
0.000000
0.000000
0.000000
0.000000
0.000000
0.000000
0.000000
0.000000
0.000000
0.000000
0.000000
0.000000
0.000000
0.000000
0.000000
0.000000
0.000000
0.000000
