0.000136
0.000271
0.000408
0.000544
0.000683
0.000821
0.000963
0.001103
0.001249
0.001393
0.001544
0.001693
0.001849
0.002006
0.002166
0.002333
0.002497
0.002675
0.002848
0.003031
0.003220
0.003407
0.003611
0.003810
0.004019
0.004241
0.004456
0.004690
0.004930
0.005166
0.005426
0.005688
0.005948
0.006235
0.006525
0.006811
0.007125
0.007451
0.007768
0.008104
0.008468
0.008830
0.009190
0.009580
0.009997
0.010410
0.010819
0.011254
0.011728
0.012217
0.012698
0.013176
0.013676
0.014214
0.014792
0.015398
0.016020
0.016653
0.017296
0.017951
0.018622
0.019313
0.020023
0.020755
0.021510
0.022287
0.023088
0.023913
0.024763
0.025637
0.026538
0.027464
0.028417
0.029398
0.030406
0.031443
0.032509
0.033604
0.034730
0.035886
0.037073
0.038292
0.039543
0.040827
0.042144
0.043496
0.044882
0.046303
0.047760
0.049252
0.050782
0.052349
0.053953
0.055596
0.057278
0.058999
0.060760
0.062562
0.064404
0.066287
0.068213
0.070180
0.072190
0.074244
0.076341
0.078482
0.080667
0.082897
0.085172
0.087493
0.089860
0.092273
0.094732
0.097238
0.099791
0.102392
0.105040
0.107735
0.110479
0.113271
0.116111
0.118999
0.121936
0.124922
0.127956
0.131039
0.134171
0.137351
0.140580
0.143858
0.147183
0.150558
0.153980
0.157451
0.160969
0.164535
0.168148
0.171809
0.175516
0.179269
0.183068
0.186913
0.190803
0.194738
0.198717
0.202739
0.206805
0.210913
0.215063
0.219254
0.223485
0.227756
0.232067
0.236415
0.240801
0.245224
0.249682
0.254175
0.258703
0.263263
0.267855
0.272479
0.277132
0.281814
0.286525
0.291262
0.296024
0.300812
0.305622
0.310455
0.315309
0.320182
0.325074
0.329983
0.334908
0.339848
0.344801
0.349767
0.354742
0.359727
0.364720
0.369719
0.374724
0.379732
0.384743
0.389754
0.394765
0.399775
0.404780
0.409781
0.414776
0.419763
0.424741
0.429709
0.434665
0.439608
0.444535
0.449447
0.454341
0.459217
0.464072
0.468906
0.473717
0.478504
0.483266
0.488000
0.492707
0.497384
0.502031
0.506646
0.511228
0.515777
0.520290
0.524767
0.529206
0.533606
0.537967
0.542288
0.546567
0.550803
0.554996
0.559145
0.563249
0.567306
0.571316
0.575280
0.579195
0.583061
0.586876
0.590642
0.594356
0.598019
0.601629
0.605187
0.608691
0.612142
0.615539
0.618881
0.622168
0.625400
0.628577
0.631698
0.634763
0.637772
0.640723
0.643618
0.646456
0.649238
0.651963
0.654630
0.657240
0.659794
0.662290
0.664730
0.667112
0.669438
0.671707
0.673919
0.676076
0.678175
0.680218
0.682206
0.684138
0.686013
0.687833
0.689599
0.691308
0.692963
0.694565
0.696111
0.697604
0.699043
0.700429
0.701762
0.703041
0.704267
0.705442
0.706564
0.707634
0.708653
0.709620
0.710536
0.711400
0.712215
0.712978
0.713692
0.714355
0.714968
0.715532
0.716045
0.716510
0.716926
0.717292
0.717609
0.717877
0.718097
0.718267
0.718389
0.718462
0.718486
0.718462
0.718389
0.718268
0.718098
0.717879
0.717610
0.717293
0.716926
0.716511
0.716046
0.715533
0.714969
0.714355
0.713692
0.712978
0.712214
0.711400
0.710535
0.709620
0.708653
0.707635
0.706565
0.705442
0.704269
0.703042
0.701763
0.700431
0.699045
0.697606
0.696114
0.694568
0.692968
0.691312
0.689602
0.687836
0.686016
0.684140
0.682210
0.680223
0.678180
0.676080
0.673925
0.671713
0.669444
0.667117
0.664735
0.662295
0.659799
0.657245
0.654635
0.651967
0.649242
0.646460
0.643622
0.640726
0.637774
0.634766
0.631702
0.628581
0.625405
0.622173
0.618886
0.615544
0.612147
0.608696
0.605191
0.601634
0.598024
0.594361
0.590647
0.586882
0.583067
0.579201
0.575286
0.571323
0.567312
0.563255
0.559151
0.555002
0.550810
0.546573
0.542294
0.537974
0.533612
0.529211
0.524772
0.520295
0.515782
0.511234
0.506651
0.502036
0.497389
0.492712
0.488005
0.483270
0.478508
0.473722
0.468911
0.464076
0.459221
0.454345
0.449450
0.444539
0.439611
0.434669
0.429713
0.424745
0.419767
0.414780
0.409785
0.404784
0.399778
0.394769
0.389758
0.384747
0.379736
0.374728
0.369724
0.364724
0.359731
0.354747
0.349771
0.344806
0.339853
0.334914
0.329989
0.325080
0.320188
0.315315
0.310461
0.305628
0.300818
0.296030
0.291268
0.286531
0.281821
0.277138
0.272485
0.267862
0.263269
0.258709
0.254182
0.249689
0.245230
0.240807
0.236421
0.232073
0.227762
0.223491
0.219260
0.215069
0.210919
0.206811
0.202746
0.198723
0.194745
0.190810
0.186920
0.183075
0.179275
0.175522
0.171815
0.168154
0.164541
0.160975
0.157457
0.153986
0.150564
0.147190
0.143864
0.140586
0.137357
0.134177
0.131045
0.127962
0.124928
0.121942
0.119005
0.116116
0.113276
0.110484
0.107741
0.105045
0.102397
0.099796
0.097243
0.094737
0.092277
0.089864
0.087498
0.085177
0.082901
0.080671
0.078486
0.076345
0.074248
0.072194
0.070184
0.068216
0.066291
0.064407
0.062565
0.060764
0.059003
0.057282
0.055600
0.053957
0.052352
0.050785
0.049256
0.047763
0.046306
0.044885
0.043499
0.042147
0.040830
0.039546
0.038294
0.037076
0.035888
0.034732
0.033607
0.032512
0.031446
0.030409
0.029400
0.028420
0.027467
0.026540
0.025640
0.024765
0.023915
0.023090
0.022289
0.021512
0.020757
0.020025
0.019316
0.018627
0.017960
0.017313
0.016686
0.016078
0.015490
0.014920
0.014368
0.013834
0.013317
0.012817
0.012334
0.011866
0.011413
0.010976
0.010554
0.010145
0.009751
0.009370
0.009002
0.008647
0.008304
0.007973
0.007654
0.007346
0.007049
0.006763
0.006487
0.006221
0.005965
0.005718
0.005481
0.005252
0.005032
0.004820
0.004616
0.004419
0.004231
0.004049
0.003875
0.003707
0.003546
0.003391
0.003243
0.003100
0.002963
0.002831
0.002705
0.002584
0.002467
0.002356
0.002249
0.002147
0.002048
0.001954
0.001864
0.001778
0.001695
0.001616
0.001540
0.001468
0.001398
0.001332
0.001269
0.001208
0.001150
0.001094
0.001041
0.000991
0.000942
0.000896
0.000852
0.000810
0.000770
0.000732
0.000695
0.000660
0.000627
0.000596
0.000565
0.000537
0.000509
0.000483
0.000458
0.000435
0.000412
0.000391
0.000370
0.000351
0.000332
0.000315
0.000298
0.000282
0.000267
0.000253
0.000239
0.000226
0.000214
0.000203
0.000192
0.000181
0.000171
0.000162
0.000153
0.000144
0.000136
0.000129
0.000122
0.000115
0.000108
0.000102
0.000096
0.000091
0.000086
0.000081
0.000076
0.000072
0.000068
0.000064
0.000060
0.000056
0.000053
0.000050
0.000047
0.000044
0.000042
0.000039
0.000037
0.000035
0.000033
0.000031
0.000029
0.000027
0.000025
0.000024
0.000022
0.000021
0.000020
0.000018
0.000017
0.000016
0.000015
0.000014
0.000013
0.000013
0.000012
0.000011
0.000010
0.000010
0.000009
0.000008
0.000008
0.000007
0.000007
0.000006
0.000006
0.000006
0.000005
0.000005
0.000005
0.000004
0.000004
0.000004
0.000004
0.000003
0.000003
0.000003
0.000003
0.000002
0.000002
0.000002
0.000002
0.000002
0.000002
0.000002
0.000002
0.000001
0.000001
0.000001
0.000001
0.000001
0.000001
0.000001
0.000001
0.000001
0.000001
0.000001
0.000001
0.000001
0.000001
0.000001
0.000000
0.000000
0.000000
0.000000
0.000000
0.000000
0.000000
0.000000
0.000000
0.000000
0.000000
0.000000
0.000000
0.000000
0.000000
0.000000
0.000000
0.000000
0.000000
0.000000
0.000000
0.000000
0.000000
0.000000
0.000000
0.000000
0.000000
0.000000
0.000000
0.000000
0.000000
0.000000
0.000000
0.000000
0.000000
0.000000
0.000000
0.000000
0.000000
0.000000
0.000000
0.000000
0.000000
0.000000
0.000000
0.000000
0.000000
0.000000
0.000000
0.000000
0.000000
0.000000
0.000000
0.000000
0.000000
0.000000
0.000000
0.000000
0.000000
0.000000
0.000000
0.000000
0.000000
0.000000
0.000000
0.000000
0.000000
0.000000
0.000000
0.000000
0.000000
0.000000
0.000000
0.000000
0.000000
0.000000
0.000000
0.000000
0.000000
0.000000
0.000000
0.000000
0.000000
0.000000
0.000000
0.000000
0.000000
0.000000
0.000000
0.000000
0.000000
0.000000
0.000000
0.000000
0.000000
0.000000
0.000000
0.000000
0.000000
0.000000
0.000000
0.000000
0.000000
0.000000
0.000000
0.000000
0.000000
0.000000
0.000000
0.000000
0.000000
0.000000
0.000000
0.000000
0.000000
0.000000
0.000000
0.000000
0.000000
0.000000
0.000000
0.000000
0.000000
0.000000
0.000000
0.000000
0.000000
0.000000
0.000000
0.000000
0.000000
0.000000
0.000000
0.000000
0.000000
0.000000
0.000000
0.000000
0.000000
0.000000
0.000000
0.000000
0.000000
0.000000
0.000000
0.000000
0.000000
0.000000
0.000000
0.000000
0.000000
0.000000
0.000000
0.000000
0.000000
0.000000
0.000000
0.000000
0.000000
0.000000
0.000000
0.000000
0.000000
0.000000
0.000000
0.000000
0.000000
0.000000
0.000000
0.000000
0.000000
0.000000
0.000000
0.000000
0.000000
0.000000
0.000000
0.000000
0.000000
0.000000
0.000000
0.000000
0.000000
0.000000
0.000000
0.000000
0.000000
0.000000
0.000000
0.000000
0.000000
0.000000
0.000000
0.000000
0.000000
0.000000
0.000000
0.000000
0.000000
0.000000
0.000000
0.000000
0.000000
0.000000
0.000000
0.000000
0.000000
0.000000
0.000000
0.000000
0.000000
0.000000
0.000000
0.000000
0.000000
0.000000
0.000000
0.000000
0.000000
0.000000
0.000000
0.000000
0.000000
0.000000
0.000000
0.000000
0.000000
0.000000
0.000000
0.000000
0.000000
0.000000
0.000000
0.000000
0.000000
0.000000
0.000000
0.000000
0.000000
0.000000
0.000000
0.000000
0.000000
0.000000
0.000000
0.000000
0.000000
0.000000
0.000000
0.000000
0.000000
0.000000
0.000000
0.000000
0.000000
0.000000
0.000000
0.000000
0.000000
0.000000
0.000000
0.000000
0.000000
0.000000
0.000000
0.000000
0.000000
0.000000
0.000000
0.000000
