0.000139
0.000277
0.000417
0.000556
0.000698
0.000839
0.000984
0.001128
0.001277
0.001425
0.001577
0.001733
0.001889
0.002052
0.002213
0.002385
0.002553
0.002731
0.002913
0.003095
0.003291
0.003482
0.003686
0.003895
0.004103
0.004330
0.004554
0.004786
0.005035
0.005278
0.005535
0.005809
0.006075
0.006359
0.006662
0.006956
0.007266
0.007601
0.007932
0.008266
0.008633
0.009011
0.009380
0.009766
0.010187
0.010619
0.011040
0.011474
0.011946
0.012446
0.012948
0.013441
0.013944
0.014480
0.015057
0.015668
0.016302
0.016949
0.017606
0.018274
0.018958
0.019659
0.020381
0.021124
0.021890
0.022679
0.023491
0.024328
0.025190
0.026077
0.026990
0.027929
0.028896
0.029890
0.030912
0.031962
0.033042
0.034152
0.035292
0.036463
0.037665
0.038899
0.040166
0.041466
0.042800
0.044167
0.045570
0.047008
0.048482
0.049992
0.051539
0.053123
0.054746
0.056407
0.058107
0.059847
0.061626
0.063447
0.065308
0.067211
0.069155
0.071143
0.073173
0.075246
0.077363
0.079524
0.081729
0.083980
0.086275
0.088617
0.091004
0.093437
0.095917
0.098444
0.101018
0.103639
0.106308
0.109024
0.111788
0.114601
0.117461
0.120370
0.123327
0.126333
0.129387
0.132490
0.135641
0.138841
0.142089
0.145386
0.148731
0.152123
0.155564
0.159053
0.162589
0.166172
0.169802
0.173479
0.177202
0.180971
0.184786
0.188645
0.192550
0.196498
0.200490
0.204525
0.208603
0.212722
0.216883
0.221084
0.225325
0.229605
0.233924
0.238280
0.242672
0.247101
0.251564
0.256062
0.260593
0.265156
0.269750
0.274374
0.279027
0.283708
0.288417
0.293151
0.297909
0.302692
0.307496
0.312322
0.317168
0.322032
0.326913
0.331811
0.336723
0.341650
0.346588
0.351537
0.356496
0.361462
0.366436
0.371414
0.376397
0.381382
0.386369
0.391355
0.396339
0.401320
0.406296
0.411267
0.416230
0.421184
0.426128
0.431060
0.435979
0.440884
0.445772
0.450643
0.455496
0.460329
0.465140
0.469929
0.474694
0.479433
0.484146
0.488831
0.493487
0.498112
0.502705
0.507267
0.511794
0.516286
0.520742
0.525160
0.529541
0.533881
0.538181
0.542440
0.546656
0.550829
0.554958
0.559042
0.563080
0.567071
0.571015
0.574910
0.578757
0.582554
0.586300
0.589996
0.593640
0.597232
0.600772
0.604259
0.607692
0.611071
0.614396
0.617666
0.620882
0.624041
0.627146
0.630195
0.633188
0.636125
0.639005
0.641828
0.644595
0.647306
0.649960
0.652558
0.655098
0.657583
0.660011
0.662382
0.664697
0.666957
0.669160
0.671307
0.673399
0.675435
0.677416
0.679342
0.681213
0.683030
0.684791
0.686499
0.688153
0.689754
0.691301
0.692796
0.694238
0.695627
0.696964
0.698250
0.699484
0.700667
0.701799
0.702881
0.703911
0.704892
0.705824
0.706705
0.707537
0.708321
0.709055
0.709741
0.710380
0.710969
0.711510
0.712004
0.712451
0.712850
0.713202
0.713507
0.713764
0.713975
0.714139
0.714256
0.714326
0.714349
0.714326
0.714256
0.714139
0.713976
0.713766
0.713508
0.713203
0.712851
0.712452
0.712005
0.711511
0.710969
0.710380
0.709742
0.709055
0.708320
0.707537
0.706704
0.705823
0.704892
0.703912
0.702881
0.701799
0.700668
0.699485
0.698251
0.696966
0.695629
0.694239
0.692798
0.691304
0.689757
0.688157
0.686502
0.684794
0.683033
0.681217
0.679346
0.677421
0.675440
0.673404
0.671313
0.669166
0.666962
0.664703
0.662387
0.660016
0.657587
0.655104
0.652562
0.649964
0.647310
0.644599
0.641832
0.639007
0.636127
0.633191
0.630199
0.627150
0.624046
0.620886
0.617671
0.614401
0.611076
0.607696
0.604263
0.600777
0.597237
0.593645
0.590002
0.586306
0.582560
0.578763
0.574916
0.571021
0.567077
0.563086
0.559048
0.554964
0.550836
0.546663
0.542446
0.538188
0.533887
0.529546
0.525166
0.520747
0.516291
0.511800
0.507272
0.502711
0.498117
0.493491
0.488835
0.484150
0.479437
0.474698
0.469934
0.465144
0.460333
0.455500
0.450647
0.445776
0.440887
0.435983
0.431064
0.426131
0.421188
0.416233
0.411270
0.406300
0.401323
0.396343
0.391358
0.386372
0.381386
0.376401
0.371419
0.366440
0.361467
0.356500
0.351542
0.346593
0.341655
0.336729
0.331817
0.326919
0.322038
0.317173
0.312328
0.307502
0.302698
0.297915
0.293157
0.288423
0.283715
0.279033
0.274380
0.269756
0.265162
0.260599
0.256068
0.251571
0.247107
0.242679
0.238286
0.233930
0.229612
0.225331
0.221090
0.216889
0.212728
0.208609
0.204532
0.200497
0.196505
0.192556
0.188652
0.184792
0.180977
0.177208
0.173485
0.169808
0.166178
0.162595
0.159059
0.155570
0.152130
0.148737
0.145392
0.142095
0.138847
0.135647
0.132496
0.129393
0.126339
0.123333
0.120376
0.117467
0.114606
0.111793
0.109029
0.106313
0.103644
0.101023
0.098449
0.095922
0.093442
0.091008
0.088621
0.086280
0.083984
0.081734
0.079528
0.077367
0.075250
0.073176
0.071146
0.069159
0.067215
0.065312
0.063450
0.061630
0.059850
0.058111
0.056410
0.054749
0.053127
0.051542
0.049995
0.048485
0.047011
0.045573
0.044170
0.042803
0.041469
0.040169
0.038902
0.037668
0.036465
0.035295
0.034155
0.033045
0.031965
0.030914
0.029892
0.028898
0.027932
0.026992
0.026079
0.025192
0.024330
0.023493
0.022681
0.021892
0.021126
0.020384
0.019663
0.018964
0.018286
0.017630
0.016993
0.016376
0.015778
0.015199
0.014639
0.014096
0.013571
0.013063
0.012571
0.012095
0.011636
0.011191
0.010761
0.010346
0.009945
0.009557
0.009183
0.008821
0.008472
0.008136
0.007811
0.007497
0.007195
0.006904
0.006623
0.006352
0.006091
0.005840
0.005598
0.005364
0.005140
0.004924
0.004716
0.004516
0.004324
0.004139
0.003961
0.003790
0.003625
0.003467
0.003316
0.003170
0.003030
0.002896
0.002767
0.002643
0.002525
0.002411
0.002302
0.002197
0.002097
0.002001
0.001909
0.001820
0.001736
0.001655
0.001578
0.001503
0.001433
0.001365
0.001300
0.001238
0.001178
0.001122
0.001068
0.001016
0.000966
0.000919
0.000874
0.000831
0.000790
0.000751
0.000713
0.000678
0.000644
0.000611
0.000580
0.000551
0.000523
0.000496
0.000470
0.000446
0.000423
0.000401
0.000380
0.000360
0.000341
0.000323
0.000306
0.000290
0.000275
0.000260
0.000246
0.000233
0.000220
0.000208
0.000197
0.000186
0.000176
0.000166
0.000157
0.000149
0.000140
0.000132
0.000125
0.000118
0.000111
0.000105
0.000099
0.000094
0.000088
0.000083
0.000078
0.000074
0.000070
0.000066
0.000062
0.000058
0.000055
0.000052
0.000049
0.000046
0.000043
0.000040
0.000038
0.000036
0.000034
0.000032
0.000030
0.000028
0.000026
0.000025
0.000023
0.000022
0.000020
0.000019
0.000018
0.000017
0.000016
0.000015
0.000014
0.000013
0.000012
0.000011
0.000011
0.000010
0.000009
0.000009
0.000008
0.000008
0.000007
0.000007
0.000006
0.000006
0.000005
0.000005
0.000005
0.000004
0.000004
0.000004
0.000004
0.000003
0.000003
0.000003
0.000003
0.000003
0.000002
0.000002
0.000002
0.000002
0.000002
0.000002
0.000002
0.000001
0.000001
0.000001
0.000001
0.000001
0.000001
0.000001
0.000001
0.000001
0.000001
0.000001
0.000001
0.000001
0.000001
0.000001
0.000000
0.000000
0.000000
0.000000
0.000000
0.000000
0.000000
0.000000
0.000000
0.000000
0.000000
0.000000
0.000000
0.000000
0.000000
0.000000
0.000000
0.000000
0.000000
0.000000
0.000000
0.000000
0.000000
0.000000
0.000000
0.000000
0.000000
0.000000
0.000000
0.000000
0.000000
0.000000
0.000000
0.000000
0.000000
0.000000
0.000000
0.000000
0.000000
0.000000
0.000000
0.000000
0.000000
0.000000
0.000000
0.000000
0.000000
0.000000
0.000000
0.000000
0.000000
0.000000
0.000000
0.000000
0.000000
0.000000
0.000000
0.000000
0.000000
0.000000
0.000000
0.000000
0.000000
0.000000
0.000000
0.000000
0.000000
0.000000
0.000000
0.000000
0.000000
0.000000
0.000000
0.000000
0.000000
0.000000
0.000000
0.000000
0.000000
0.000000
0.000000
0.000000
0.000000
0.000000
0.000000
0.000000
0.000000
0.000000
0.000000
0.000000
0.000000
0.000000
0.000000
0.000000
0.000000
0.000000
0.000000
0.000000
0.000000
0.000000
0.000000
0.000000
0.000000
0.000000
0.000000
0.000000
0.000000
0.000000
0.000000
0.000000
0.000000
0.000000
0.000000
0.000000
0.000000
0.000000
0.000000
0.000000
0.000000
0.000000
0.000000
0.000000
0.000000
0.000000
0.000000
0.000000
0.000000
0.000000
0.000000
0.000000
0.000000
0.000000
0.000000
0.000000
0.000000
0.000000
0.000000
0.000000
0.000000
0.000000
0.000000
0.000000
0.000000
0.000000
0.000000
0.000000
0.000000
0.000000
0.000000
0.000000
0.000000
0.000000
0.000000
0.000000
0.000000
0.000000
0.000000
0.000000
0.000000
0.000000
0.000000
0.000000
0.000000
0.000000
0.000000
0.000000
0.000000
0.000000
0.000000
0.000000
0.000000
0.000000
0.000000
0.000000
0.000000
0.000000
0.000000
0.000000
0.000000
0.000000
0.000000
0.000000
0.000000
0.000000
0.000000
0.000000
0.000000
0.000000
0.000000
0.000000
0.000000
0.000000
0.000000
0.000000
0.000000
0.000000
0.000000
0.000000
0.000000
0.000000
0.000000
0.000000
0.000000
0.000000
0.000000
0.000000
0.000000
0.000000
0.000000
0.000000
0.000000
0.000000
0.000000
0.000000
0.000000
0.000000
0.000000
0.000000
0.000000
0.000000
0.000000
0.000000
0.000000
0.000000
0.000000
0.000000
0.000000
0.000000
0.000000
0.000000
0.000000
0.000000
0.000000
0.000000
0.000000
0.000000
0.000000
0.000000
0.000000
0.000000
0.000000
0.000000
0.000000
0.000000
0.000000
0.000000
0.000000
0.000000
0.000000
0.000000
0.000000
0.000000
0.000000
0.000000
0.000000
0.000000
0.000000
0.000000
0.000000
0.000000
0.000000
0.000000
0.000000
0.000000
0.000000
0.000000
0.000000
0.000000
0.000000
0.000000
