0.000142
0.000283
0.000426
0.000569
0.000713
0.000858
0.001005
0.001154
0.001304
0.001458
0.001611
0.001772
0.001930
0.002097
0.002262
0.002435
0.002611
0.002789
0.002978
0.003162
0.003360
0.003560
0.003762
0.003980
0.004192
0.004419
0.004654
0.004886
0.005139
0.005393
0.005649
0.005928
0.006207
0.006488
0.006796
0.007105
0.007413
0.007751
0.008098
0.008437
0.008800
0.009190
0.009575
0.009961
0.010380
0.010825
0.011265
0.011703
0.012170
0.012676
0.013195
0.013708
0.014220
0.014755
0.015330
0.015944
0.016587
0.017247
0.017919
0.018601
0.019298
0.020011
0.020744
0.021499
0.022276
0.023076
0.023900
0.024749
0.025623
0.026523
0.027449
0.028401
0.029381
0.030388
0.031424
0.032489
0.033583
0.034707
0.035862
0.037048
0.038265
0.039515
0.040798
0.042114
0.043463
0.044848
0.046267
0.047722
0.049213
0.050740
0.052305
0.053907
0.055548
0.057227
0.058946
0.060704
0.062503
0.064342
0.066223
0.068145
0.070109
0.072116
0.074166
0.076259
0.078396
0.080577
0.082803
0.085074
0.087390
0.089752
0.092159
0.094613
0.097114
0.099662
0.102256
0.104898
0.107587
0.110324
0.113109
0.115942
0.118823
0.121753
0.124730
0.127756
0.130830
0.133953
0.137124
0.140343
0.143611
0.146926
0.150290
0.153701
0.157160
0.160667
0.164220
0.167821
0.171468
0.175161
0.178900
0.182685
0.186514
0.190389
0.194307
0.198269
0.202274
0.206322
0.210412
0.214542
0.218714
0.222925
0.227175
0.231464
0.235790
0.240154
0.244553
0.248987
0.253455
0.257957
0.262491
0.267056
0.271651
0.276276
0.280929
0.285609
0.290315
0.295046
0.299800
0.304577
0.309376
0.314194
0.319031
0.323886
0.328756
0.333642
0.338542
0.343454
0.348378
0.353310
0.358252
0.363199
0.368153
0.373110
0.378071
0.383032
0.387994
0.392954
0.397911
0.402864
0.407811
0.412750
0.417681
0.422602
0.427511
0.432408
0.437290
0.442156
0.447005
0.451835
0.456646
0.461435
0.466203
0.470946
0.475664
0.480356
0.485019
0.489654
0.494259
0.498832
0.503372
0.507879
0.512351
0.516786
0.521185
0.525545
0.529865
0.534146
0.538385
0.542581
0.546735
0.550844
0.554909
0.558927
0.562899
0.566824
0.570701
0.574528
0.578307
0.582034
0.585712
0.589338
0.592912
0.596433
0.599902
0.603317
0.606679
0.609986
0.613240
0.616437
0.619581
0.622669
0.625701
0.628678
0.631599
0.634464
0.637272
0.640024
0.642720
0.645360
0.647944
0.650471
0.652942
0.655358
0.657717
0.660021
0.662269
0.664461
0.666599
0.668682
0.670709
0.672682
0.674601
0.676465
0.678275
0.680033
0.681736
0.683386
0.684984
0.686530
0.688024
0.689467
0.690858
0.692197
0.693486
0.694726
0.695914
0.697053
0.698143
0.699184
0.700176
0.701119
0.702015
0.702862
0.703662
0.704415
0.705120
0.705779
0.706392
0.706957
0.707477
0.707952
0.708380
0.708763
0.709100
0.709392
0.709639
0.709841
0.709998
0.710111
0.710178
0.710200
0.710178
0.710111
0.709999
0.709842
0.709641
0.709393
0.709101
0.708764
0.708380
0.707952
0.707478
0.706958
0.706392
0.705779
0.705120
0.704414
0.703661
0.702861
0.702014
0.701119
0.700176
0.699184
0.698143
0.697054
0.695916
0.694726
0.693488
0.692199
0.690859
0.689469
0.688027
0.686534
0.684988
0.683389
0.681739
0.680035
0.678279
0.676468
0.674605
0.672686
0.670714
0.668687
0.666604
0.664467
0.662274
0.660026
0.657722
0.655363
0.652947
0.650476
0.647948
0.645364
0.642724
0.640027
0.637275
0.634467
0.631602
0.628682
0.625705
0.622673
0.619585
0.616442
0.613244
0.609991
0.606683
0.603321
0.599906
0.596438
0.592916
0.589343
0.585717
0.582040
0.578313
0.574535
0.570706
0.566830
0.562906
0.558934
0.554915
0.550851
0.546741
0.542588
0.538391
0.534152
0.529871
0.525550
0.521190
0.516792
0.512356
0.507884
0.503377
0.498837
0.494263
0.489659
0.485024
0.480360
0.475668
0.470951
0.466207
0.461440
0.456650
0.451839
0.447008
0.442159
0.437293
0.432411
0.427515
0.422605
0.417685
0.412753
0.407814
0.402867
0.397915
0.392958
0.387998
0.383036
0.378075
0.373115
0.368157
0.363204
0.358256
0.353315
0.348382
0.343459
0.338547
0.333648
0.328762
0.323891
0.319037
0.314199
0.309381
0.304583
0.299806
0.295052
0.290321
0.285615
0.280935
0.276283
0.271658
0.267062
0.262497
0.257963
0.253462
0.248993
0.244559
0.240160
0.235797
0.231470
0.227181
0.222931
0.218720
0.214548
0.210418
0.206328
0.202281
0.198276
0.194314
0.190395
0.186521
0.182691
0.178906
0.175167
0.171474
0.167827
0.164226
0.160673
0.157166
0.153707
0.150296
0.146932
0.143617
0.140349
0.137130
0.133959
0.130836
0.127762
0.124736
0.121758
0.118829
0.115948
0.113115
0.110330
0.107592
0.104903
0.102261
0.099667
0.097119
0.094618
0.092164
0.089756
0.087394
0.085078
0.082807
0.080581
0.078400
0.076263
0.074169
0.072120
0.070113
0.068148
0.066226
0.064346
0.062506
0.060708
0.058949
0.057231
0.055551
0.053911
0.052308
0.050743
0.049216
0.047725
0.046270
0.044851
0.043466
0.042116
0.040800
0.039518
0.038268
0.037050
0.035865
0.034710
0.033586
0.032491
0.031427
0.030391
0.029383
0.028403
0.027451
0.026525
0.025626
0.024752
0.023903
0.023078
0.022278
0.021501
0.020747
0.020016
0.019306
0.018619
0.017952
0.017305
0.016678
0.016071
0.015483
0.014914
0.014363
0.013829
0.013312
0.012813
0.012329
0.011862
0.011409
0.010972
0.010550
0.010142
0.009747
0.009367
0.008999
0.008644
0.008301
0.007971
0.007652
0.007344
0.007047
0.006761
0.006485
0.006219
0.005963
0.005717
0.005479
0.005251
0.005030
0.004818
0.004615
0.004418
0.004230
0.004048
0.003874
0.003706
0.003545
0.003391
0.003242
0.003099
0.002962
0.002831
0.002704
0.002583
0.002467
0.002356
0.002249
0.002146
0.002048
0.001954
0.001864
0.001778
0.001695
0.001616
0.001540
0.001468
0.001398
0.001332
0.001268
0.001208
0.001150
0.001094
0.001041
0.000991
0.000942
0.000896
0.000852
0.000810
0.000770
0.000732
0.000695
0.000660
0.000627
0.000595
0.000565
0.000537
0.000509
0.000483
0.000458
0.000435
0.000412
0.000391
0.000370
0.000351
0.000332
0.000315
0.000298
0.000282
0.000267
0.000253
0.000239
0.000226
0.000214
0.000203
0.000192
0.000181
0.000171
0.000162
0.000153
0.000144
0.000136
0.000129
0.000122
0.000115
0.000108
0.000102
0.000096
0.000091
0.000086
0.000081
0.000076
0.000072
0.000068
0.000064
0.000060
0.000056
0.000053
0.000050
0.000047
0.000044
0.000042
0.000039
0.000037
0.000035
0.000033
0.000031
0.000029
0.000027
0.000025
0.000024
0.000022
0.000021
0.000020
0.000018
0.000017
0.000016
0.000015
0.000014
0.000013
0.000013
0.000012
0.000011
0.000010
0.000010
0.000009
0.000008
0.000008
0.000007
0.000007
0.000006
0.000006
0.000006
0.000005
0.000005
0.000005
0.000004
0.000004
0.000004
0.000004
0.000003
0.000003
0.000003
0.000003
0.000002
0.000002
0.000002
0.000002
0.000002
0.000002
0.000002
0.000002
0.000001
0.000001
0.000001
0.000001
0.000001
0.000001
0.000001
0.000001
0.000001
0.000001
0.000001
0.000001
0.000001
0.000001
0.000001
0.000000
0.000000
0.000000
0.000000
0.000000
0.000000
0.000000
0.000000
0.000000
0.000000
0.000000
0.000000
0.000000
0.000000
0.000000
0.000000
0.000000
0.000000
0.000000
0.000000
0.000000
0.000000
0.000000
0.000000
0.000000
0.000000
0.000000
0.000000
0.000000
0.000000
0.000000
0.000000
0.000000
0.000000
0.000000
0.000000
0.000000
0.000000
0.000000
0.000000
0.000000
0.000000
0.000000
0.000000
0.000000
0.000000
0.000000
0.000000
0.000000
0.000000
0.000000
0.000000
0.000000
0.000000
0.000000
0.000000
0.000000
0.000000
0.000000
0.000000
0.000000
0.000000
0.000000
0.000000
0.000000
0.000000
0.000000
0.000000
0.000000
0.000000
0.000000
0.000000
0.000000
0.000000
0.000000
0.000000
0.000000
0.000000
0.000000
0.000000
0.000000
0.000000
0.000000
0.000000
0.000000
0.000000
0.000000
0.000000
0.000000
0.000000
0.000000
0.000000
0.000000
0.000000
0.000000
0.000000
0.000000
0.000000
0.000000
0.000000
0.000000
0.000000
0.000000
0.000000
0.000000
0.000000
0.000000
0.000000
0.000000
0.000000
0.000000
0.000000
0.000000
0.000000
0.000000
0.000000
0.000000
0.000000
0.000000
0.000000
0.000000
0.000000
0.000000
0.000000
0.000000
0.000000
0.000000
0.000000
0.000000
0.000000
0.000000
0.000000
0.000000
0.000000
0.000000
0.000000
0.000000
0.000000
0.000000
0.000000
0.000000
0.000000
0.000000
0.000000
0.000000
0.000000
0.000000
0.000000
0.000000
0.000000
0.000000
0.000000
0.000000
0.000000
0.000000
0.000000
0.000000
0.000000
0.000000
0.000000
0.000000
0.000000
0.000000
0.000000
0.000000
0.000000
0.000000
0.000000
0.000000
0.000000
0.000000
0.000000
0.000000
0.000000
0.000000
0.000000
0.000000
0.000000
0.000000
0.000000
0.000000
0.000000
0.000000
0.000000
0.000000
0.000000
0.000000
0.000000
0.000000
0.000000
0.000000
0.000000
0.000000
0.000000
0.000000
0.000000
0.000000
0.000000
0.000000
0.000000
0.000000
0.000000
0.000000
0.000000
0.000000
0.000000
0.000000
0.000000
0.000000
0.000000
0.000000
0.000000
0.000000
0.000000
0.000000
0.000000
0.000000
0.000000
0.000000
0.000000
0.000000
0.000000
0.000000
0.000000
0.000000
0.000000
0.000000
0.000000
0.000000
0.000000
0.000000
0.000000
0.000000
0.000000
0.000000
0.000000
0.000000
0.000000
0.000000
0.000000
0.000000
0.000000
0.000000
0.000000
0.000000
0.000000
0.000000
0.000000
0.000000
0.000000
0.000000
0.000000
0.000000
0.000000
0.000000
0.000000
0.000000
0.000000
0.000000
0.000000
0.000000
0.000000
0.000000
0.000000
0.000000
0.000000
0.000000
0.000000
0.000000
