0.000145
0.000290
0.000435
0.000582
0.000729
0.000878
0.001027
0.001180
0.001332
0.001491
0.001647
0.001811
0.001973
0.002142
0.002314
0.002487
0.002670
0.002849
0.003041
0.003233
0.003430
0.003639
0.003843
0.004064
0.004285
0.004510
0.004754
0.004992
0.005243
0.005509
0.005768
0.006047
0.006339
0.006624
0.006931
0.007254
0.007568
0.007903
0.008261
0.008614
0.008974
0.009367
0.009770
0.010165
0.010579
0.011030
0.011489
0.011939
0.012405
0.012909
0.013442
0.013975
0.014502
0.015041
0.015613
0.016227
0.016876
0.017548
0.018235
0.018932
0.019642
0.020368
0.021113
0.021879
0.022668
0.023480
0.024316
0.025177
0.026063
0.026975
0.027914
0.028880
0.029873
0.030894
0.031944
0.033022
0.034131
0.035270
0.036439
0.037641
0.038873
0.040139
0.041437
0.042770
0.044136
0.045537
0.046973
0.048445
0.049953
0.051498
0.053081
0.054701
0.056360
0.058057
0.059795
0.061572
0.063389
0.065248
0.067148
0.069089
0.071073
0.073100
0.075169
0.077283
0.079440
0.081641
0.083888
0.086179
0.088516
0.090898
0.093327
0.095801
0.098323
0.100891
0.103506
0.106169
0.108879
0.111637
0.114443
0.117296
0.120198
0.123147
0.126145
0.129191
0.132285
0.135428
0.138619
0.141857
0.145144
0.148479
0.151861
0.155291
0.158768
0.162292
0.165863
0.169481
0.173144
0.176854
0.180609
0.184409
0.188254
0.192143
0.196075
0.200051
0.204069
0.208129
0.212231
0.216373
0.220554
0.224775
0.229035
0.233332
0.237666
0.242036
0.246442
0.250881
0.255355
0.259860
0.264397
0.268964
0.273561
0.278185
0.282838
0.287516
0.292220
0.296947
0.301697
0.306468
0.311260
0.316070
0.320899
0.325743
0.330603
0.335477
0.340364
0.345262
0.350170
0.355086
0.360009
0.364938
0.369871
0.374807
0.379745
0.384683
0.389619
0.394553
0.399483
0.404406
0.409323
0.414232
0.419130
0.424017
0.428891
0.433752
0.438596
0.443424
0.448233
0.453022
0.457790
0.462537
0.467259
0.471956
0.476628
0.481271
0.485886
0.490470
0.495023
0.499543
0.504030
0.508482
0.512898
0.517277
0.521618
0.525919
0.530180
0.534400
0.538578
0.542712
0.546802
0.550848
0.554848
0.558801
0.562707
0.566565
0.570375
0.574134
0.577844
0.581502
0.585111
0.588666
0.592170
0.595621
0.599018
0.602362
0.605652
0.608888
0.612069
0.615195
0.618266
0.621282
0.624242
0.627147
0.629996
0.632789
0.635526
0.638206
0.640831
0.643400
0.645913
0.648371
0.650773
0.653119
0.655410
0.657645
0.659827
0.661952
0.664025
0.666042
0.668005
0.669915
0.671771
0.673574
0.675324
0.677022
0.678667
0.680260
0.681803
0.683294
0.684734
0.686125
0.687465
0.688755
0.689996
0.691188
0.692332
0.693428
0.694475
0.695475
0.696428
0.697334
0.698193
0.699007
0.699775
0.700497
0.701174
0.701805
0.702392
0.702934
0.703433
0.703887
0.704297
0.704664
0.704987
0.705266
0.705503
0.705697
0.705847
0.705955
0.706019
0.706040
0.706019
0.705955
0.705848
0.705698
0.705504
0.705268
0.704988
0.704665
0.704298
0.703887
0.703433
0.702935
0.702393
0.701805
0.701173
0.700496
0.699774
0.699007
0.698194
0.697334
0.696428
0.695476
0.694476
0.693428
0.692333
0.691189
0.689997
0.688757
0.687467
0.686127
0.684737
0.683297
0.681807
0.680264
0.678670
0.677025
0.675328
0.673578
0.671775
0.669919
0.668010
0.666047
0.664029
0.661958
0.659832
0.657650
0.655414
0.653124
0.650777
0.648375
0.645917
0.643404
0.640834
0.638209
0.635528
0.632792
0.629999
0.627150
0.624246
0.621286
0.618270
0.615199
0.612073
0.608892
0.605657
0.602367
0.599022
0.595625
0.592175
0.588671
0.585116
0.581508
0.577850
0.574140
0.570380
0.566571
0.562713
0.558807
0.554854
0.550854
0.546809
0.542718
0.538584
0.534406
0.530186
0.525925
0.521623
0.517283
0.512904
0.508488
0.504035
0.499549
0.495028
0.490474
0.485890
0.481275
0.476632
0.471961
0.467264
0.462541
0.457794
0.453026
0.448236
0.443427
0.438599
0.433755
0.428895
0.424020
0.419133
0.414235
0.409326
0.404410
0.399486
0.394557
0.389623
0.384687
0.379749
0.374811
0.369875
0.364942
0.360013
0.355090
0.350174
0.345267
0.340369
0.335483
0.330609
0.325749
0.320904
0.316076
0.311266
0.306474
0.301702
0.296953
0.292225
0.287522
0.282844
0.278192
0.273567
0.268970
0.264403
0.259866
0.255361
0.250888
0.246448
0.242043
0.237673
0.233338
0.229041
0.224781
0.220560
0.216378
0.212237
0.208135
0.204075
0.200057
0.196082
0.192149
0.188260
0.184416
0.180615
0.176860
0.173151
0.169487
0.165869
0.162298
0.158774
0.155297
0.151867
0.148485
0.145150
0.141863
0.138624
0.135434
0.132291
0.129197
0.126151
0.123153
0.120203
0.117301
0.114448
0.111642
0.108884
0.106174
0.103511
0.100896
0.098328
0.095806
0.093331
0.090903
0.088520
0.086183
0.083892
0.081646
0.079444
0.077287
0.075173
0.073103
0.071077
0.069093
0.067151
0.065251
0.063393
0.061575
0.059798
0.058061
0.056363
0.054704
0.053084
0.051501
0.049956
0.048448
0.046976
0.045540
0.044139
0.042772
0.041440
0.040142
0.038876
0.037643
0.036442
0.035273
0.034134
0.033025
0.031946
0.030896
0.029875
0.028882
0.027916
0.026978
0.026065
0.025179
0.024318
0.023482
0.022670
0.021882
0.021117
0.020374
0.019654
0.018956
0.018279
0.017622
0.016986
0.016369
0.015772
0.015194
0.014633
0.014091
0.013566
0.013058
0.012567
0.012091
0.011632
0.011187
0.010758
0.010343
0.009941
0.009554
0.009180
0.008819
0.008470
0.008133
0.007809
0.007495
0.007193
0.006902
0.006621
0.006350
0.006090
0.005838
0.005596
0.005363
0.005139
0.004923
0.004715
0.004515
0.004323
0.004138
0.003960
0.003789
0.003625
0.003467
0.003315
0.003170
0.003030
0.002895
0.002767
0.002643
0.002524
0.002411
0.002301
0.002197
0.002097
0.002000
0.001908
0.001820
0.001736
0.001655
0.001577
0.001503
0.001432
0.001365
0.001300
0.001238
0.001178
0.001122
0.001067
0.001016
0.000966
0.000919
0.000874
0.000831
0.000790
0.000751
0.000713
0.000678
0.000643
0.000611
0.000580
0.000551
0.000523
0.000496
0.000470
0.000446
0.000423
0.000401
0.000380
0.000360
0.000341
0.000323
0.000306
0.000290
0.000275
0.000260
0.000246
0.000233
0.000220
0.000208
0.000197
0.000186
0.000176
0.000166
0.000157
0.000149
0.000140
0.000132
0.000125
0.000118
0.000111
0.000105
0.000099
0.000094
0.000088
0.000083
0.000078
0.000074
0.000070
0.000066
0.000062
0.000058
0.000055
0.000052
0.000048
0.000046
0.000043
0.000040
0.000038
0.000036
0.000034
0.000032
0.000030
0.000028
0.000026
0.000025
0.000023
0.000022
0.000020
0.000019
0.000018
0.000017
0.000016
0.000015
0.000014
0.000013
0.000012
0.000011
0.000011
0.000010
0.000009
0.000009
0.000008
0.000008
0.000007
0.000007
0.000006
0.000006
0.000005
0.000005
0.000005
0.000004
0.000004
0.000004
0.000004
0.000003
0.000003
0.000003
0.000003
0.000003
0.000002
0.000002
0.000002
0.000002
0.000002
0.000002
0.000002
0.000001
0.000001
0.000001
0.000001
0.000001
0.000001
0.000001
0.000001
0.000001
0.000001
0.000001
0.000001
0.000001
0.000001
0.000001
0.000000
0.000000
0.000000
0.000000
0.000000
0.000000
0.000000
0.000000
0.000000
0.000000
0.000000
0.000000
0.000000
0.000000
0.000000
0.000000
0.000000
0.000000
0.000000
0.000000
0.000000
0.000000
0.000000
0.000000
0.000000
0.000000
0.000000
0.000000
0.000000
0.000000
0.000000
0.000000
0.000000
0.000000
0.000000
0.000000
0.000000
0.000000
0.000000
0.000000
0.000000
0.000000
0.000000
0.000000
0.000000
0.000000
0.000000
0.000000
0.000000
0.000000
0.000000
0.000000
0.000000
0.000000
0.000000
0.000000
0.000000
0.000000
0.000000
0.000000
0.000000
0.000000
0.000000
0.000000
0.000000
0.000000
0.000000
0.000000
0.000000
0.000000
0.000000
0.000000
0.000000
0.000000
0.000000
0.000000
0.000000
0.000000
0.000000
0.000000
0.000000
0.000000
0.000000
0.000000
0.000000
0.000000
0.000000
0.000000
0.000000
0.000000
0.000000
0.000000
0.000000
0.000000
0.000000
0.000000
0.000000
0.000000
0.000000
0.000000
0.000000
0.000000
0.000000
0.000000
0.000000
0.000000
0.000000
0.000000
0.000000
0.000000
0.000000
0.000000
0.000000
0.000000
0.000000
0.000000
0.000000
0.000000
0.000000
0.000000
0.000000
0.000000
0.000000
0.000000
0.000000
0.000000
0.000000
0.000000
0.000000
0.000000
0.000000
0.000000
0.000000
0.000000
0.000000
0.000000
0.000000
0.000000
0.000000
0.000000
0.000000
0.000000
0.000000
0.000000
0.000000
0.000000
0.000000
0.000000
0.000000
0.000000
0.000000
0.000000
0.000000
0.000000
0.000000
0.000000
0.000000
0.000000
0.000000
0.000000
0.000000
0.000000
0.000000
0.000000
0.000000
0.000000
0.000000
0.000000
0.000000
0.000000
0.000000
0.000000
0.000000
0.000000
0.000000
0.000000
0.000000
0.000000
0.000000
0.000000
0.000000
0.000000
0.000000
0.000000
0.000000
0.000000
0.000000
0.000000
0.000000
0.000000
0.000000
0.000000
0.000000
0.000000
0.000000
0.000000
0.000000
0.000000
0.000000
0.000000
0.000000
0.000000
0.000000
0.000000
0.000000
0.000000
0.000000
0.000000
0.000000
0.000000
0.000000
0.000000
0.000000
0.000000
0.000000
0.000000
0.000000
0.000000
0.000000
0.000000
0.000000
0.000000
0.000000
0.000000
0.000000
0.000000
0.000000
0.000000
0.000000
0.000000
0.000000
0.000000
0.000000
0.000000
0.000000
0.000000
0.000000
0.000000
0.000000
0.000000
0.000000
0.000000
0.000000
0.000000
0.000000
0.000000
0.000000
0.000000
0.000000
0.000000
0.000000
0.000000
0.000000
0.000000
0.000000
0.000000
0.000000
0.000000
0.000000
0.000000
0.000000
0.000000
0.000000
0.000000
0.000000
0.000000
0.000000
0.000000
0.000000
