0.000148
0.000297
0.000445
0.000595
0.000745
0.000898
0.001050
0.001206
0.001362
0.001523
0.001684
0.001849
0.002018
0.002187
0.002366
0.002541
0.002727
0.002913
0.003105
0.003305
0.003503
0.003717
0.003927
0.004147
0.004379
0.004606
0.004852
0.005101
0.005351
0.005623
0.005893
0.006169
0.006469
0.006765
0.007069
0.007400
0.007728
0.008060
0.008423
0.008792
0.009156
0.009547
0.009962
0.010373
0.010788
0.011237
0.011711
0.012179
0.012649
0.013149
0.013688
0.014241
0.014787
0.015335
0.015906
0.016519
0.017171
0.017853
0.018553
0.019266
0.019990
0.020729
0.021487
0.022265
0.023065
0.023889
0.024737
0.025611
0.026510
0.027435
0.028386
0.029365
0.030372
0.031407
0.032470
0.033564
0.034687
0.035840
0.037025
0.038241
0.039490
0.040771
0.042086
0.043434
0.044817
0.046235
0.047688
0.049177
0.050702
0.052265
0.053866
0.055504
0.057181
0.058897
0.060653
0.062449
0.064286
0.066164
0.068083
0.070044
0.072048
0.074094
0.076184
0.078317
0.080495
0.082717
0.084984
0.087295
0.089653
0.092056
0.094505
0.097001
0.099543
0.102132
0.104768
0.107452
0.110183
0.112961
0.115788
0.118662
0.121584
0.124554
0.127572
0.130638
0.133753
0.136915
0.140125
0.143384
0.146689
0.150043
0.153444
0.156892
0.160387
0.163929
0.167518
0.171153
0.174833
0.178559
0.182330
0.186145
0.190005
0.193908
0.197855
0.201843
0.205874
0.209947
0.214060
0.218213
0.222405
0.226635
0.230904
0.235210
0.239551
0.243928
0.248340
0.252784
0.257262
0.261771
0.266310
0.270879
0.275477
0.280102
0.284753
0.289430
0.294130
0.298854
0.303599
0.308364
0.313149
0.317952
0.322771
0.327605
0.332454
0.337315
0.342189
0.347072
0.351964
0.356863
0.361768
0.366677
0.371590
0.376504
0.381419
0.386333
0.391244
0.396151
0.401053
0.405947
0.410834
0.415710
0.420576
0.425429
0.430268
0.435092
0.439898
0.444687
0.449456
0.454203
0.458930
0.463632
0.468309
0.472961
0.477585
0.482179
0.486744
0.491278
0.495779
0.500246
0.504679
0.509076
0.513436
0.517758
0.522041
0.526283
0.530485
0.534644
0.538760
0.542832
0.546859
0.550840
0.554775
0.558663
0.562502
0.566294
0.570036
0.573728
0.577368
0.580958
0.584496
0.587982
0.591415
0.594795
0.598121
0.601394
0.604612
0.607776
0.610885
0.613939
0.616938
0.619881
0.622769
0.625602
0.628379
0.631099
0.633765
0.636374
0.638928
0.641426
0.643869
0.646256
0.648589
0.650866
0.653089
0.655256
0.657370
0.659430
0.661436
0.663389
0.665288
0.667135
0.668929
0.670670
0.672360
0.673998
0.675586
0.677122
0.678608
0.680045
0.681432
0.682770
0.684059
0.685301
0.686493
0.687639
0.688738
0.689790
0.690795
0.691755
0.692669
0.693537
0.694361
0.695141
0.695877
0.696568
0.697216
0.697820
0.698381
0.698900
0.699377
0.699812
0.700204
0.700554
0.700863
0.701130
0.701356
0.701541
0.701685
0.701788
0.701849
0.701870
0.701849
0.701788
0.701685
0.701542
0.701357
0.701131
0.700864
0.700555
0.700204
0.699812
0.699377
0.698901
0.698382
0.697820
0.697215
0.696567
0.695875
0.695140
0.694361
0.693537
0.692669
0.691755
0.690796
0.689790
0.688739
0.687640
0.686495
0.685302
0.684061
0.682773
0.681435
0.680048
0.678612
0.677125
0.675589
0.674002
0.672364
0.670674
0.668932
0.667138
0.665293
0.663394
0.661441
0.659435
0.657375
0.655261
0.653093
0.650871
0.648593
0.646261
0.643873
0.641430
0.638931
0.636377
0.633768
0.631103
0.628382
0.625605
0.622773
0.619885
0.616941
0.613943
0.610889
0.607780
0.604616
0.601398
0.598125
0.594799
0.591420
0.587986
0.584501
0.580963
0.577374
0.573734
0.570042
0.566300
0.562509
0.558669
0.554782
0.550846
0.546865
0.542838
0.538766
0.534650
0.530491
0.526289
0.522047
0.517764
0.513442
0.509082
0.504685
0.500252
0.495784
0.491282
0.486749
0.482184
0.477588
0.472965
0.468314
0.463636
0.458933
0.454207
0.449459
0.444690
0.439901
0.435095
0.430271
0.425432
0.420579
0.415714
0.410837
0.405950
0.401056
0.396154
0.391248
0.386337
0.381423
0.376508
0.371594
0.366681
0.361772
0.356867
0.351968
0.347076
0.342193
0.337321
0.332459
0.327610
0.322776
0.317957
0.313154
0.308370
0.303604
0.298859
0.294136
0.289435
0.284759
0.280108
0.275483
0.270886
0.266317
0.261777
0.257268
0.252791
0.248346
0.243934
0.239557
0.235216
0.230910
0.226641
0.222411
0.218218
0.214066
0.209953
0.205881
0.201850
0.197861
0.193915
0.190011
0.186152
0.182336
0.178565
0.174839
0.171159
0.167524
0.163935
0.160393
0.156898
0.153450
0.150049
0.146695
0.143389
0.140131
0.136921
0.133758
0.130644
0.127578
0.124560
0.121589
0.118667
0.115793
0.112967
0.110188
0.107457
0.104773
0.102137
0.099548
0.097006
0.094510
0.092061
0.089657
0.087300
0.084988
0.082721
0.080499
0.078321
0.076188
0.074098
0.072052
0.070048
0.068087
0.066167
0.064290
0.062453
0.060657
0.058901
0.057185
0.055508
0.053869
0.052269
0.050706
0.049180
0.047691
0.046238
0.044820
0.043437
0.042089
0.040774
0.039493
0.038244
0.037028
0.035843
0.034689
0.033566
0.032473
0.031409
0.030374
0.029368
0.028389
0.027437
0.026512
0.025613
0.024740
0.023891
0.023068
0.022268
0.021492
0.020738
0.020007
0.019298
0.018611
0.017944
0.017298
0.016672
0.016065
0.015478
0.014909
0.014358
0.013824
0.013308
0.012808
0.012325
0.011858
0.011406
0.010969
0.010547
0.010139
0.009745
0.009364
0.008996
0.008642
0.008299
0.007968
0.007650
0.007342
0.007045
0.006759
0.006484
0.006218
0.005962
0.005715
0.005478
0.005249
0.005029
0.004817
0.004614
0.004418
0.004229
0.004048
0.003873
0.003706
0.003545
0.003390
0.003241
0.003099
0.002962
0.002830
0.002704
0.002583
0.002467
0.002355
0.002248
0.002146
0.002048
0.001954
0.001864
0.001777
0.001695
0.001616
0.001540
0.001467
0.001398
0.001332
0.001268
0.001208
0.001150
0.001094
0.001041
0.000991
0.000942
0.000896
0.000852
0.000810
0.000770
0.000732
0.000695
0.000660
0.000627
0.000595
0.000565
0.000536
0.000509
0.000483
0.000458
0.000434
0.000412
0.000391
0.000370
0.000351
0.000332
0.000315
0.000298
0.000282
0.000267
0.000253
0.000239
0.000226
0.000214
0.000203
0.000192
0.000181
0.000171
0.000162
0.000153
0.000144
0.000136
0.000129
0.000122
0.000115
0.000108
0.000102
0.000096
0.000091
0.000086
0.000081
0.000076
0.000072
0.000068
0.000064
0.000060
0.000056
0.000053
0.000050
0.000047
0.000044
0.000042
0.000039
0.000037
0.000035
0.000033
0.000031
0.000029
0.000027
0.000025
0.000024
0.000022
0.000021
0.000020
0.000018
0.000017
0.000016
0.000015
0.000014
0.000013
0.000013
0.000012
0.000011
0.000010
0.000010
0.000009
0.000008
0.000008
0.000007
0.000007
0.000006
0.000006
0.000006
0.000005
0.000005
0.000005
0.000004
0.000004
0.000004
0.000004
0.000003
0.000003
0.000003
0.000003
0.000002
0.000002
0.000002
0.000002
0.000002
0.000002
0.000002
0.000002
0.000001
0.000001
0.000001
0.000001
0.000001
0.000001
0.000001
0.000001
0.000001
0.000001
0.000001
0.000001
0.000001
0.000001
0.000001
0.000000
0.000000
0.000000
0.000000
0.000000
0.000000
0.000000
0.000000
0.000000
0.000000
0.000000
0.000000
0.000000
0.000000
0.000000
0.000000
0.000000
0.000000
0.000000
0.000000
0.000000
0.000000
0.000000
0.000000
0.000000
0.000000
0.000000
0.000000
0.000000
0.000000
0.000000
0.000000
0.000000
0.000000
0.000000
0.000000
0.000000
0.000000
0.000000
0.000000
0.000000
0.000000
0.000000
0.000000
0.000000
0.000000
0.000000
0.000000
0.000000
0.000000
0.000000
0.000000
0.000000
0.000000
0.000000
0.000000
0.000000
0.000000
0.000000
0.000000
0.000000
0.000000
0.000000
0.000000
0.000000
0.000000
0.000000
0.000000
0.000000
0.000000
0.000000
0.000000
0.000000
0.000000
0.000000
0.000000
0.000000
0.000000
0.000000
0.000000
0.000000
0.000000
0.000000
0.000000
0.000000
0.000000
0.000000
0.000000
0.000000
0.000000
0.000000
0.000000
0.000000
0.000000
0.000000
0.000000
0.000000
0.000000
0.000000
0.000000
0.000000
0.000000
0.000000
0.000000
0.000000
0.000000
0.000000
0.000000
0.000000
0.000000
0.000000
0.000000
0.000000
0.000000
0.000000
0.000000
0.000000
0.000000
0.000000
0.000000
0.000000
0.000000
0.000000
0.000000
0.000000
0.000000
0.000000
0.000000
0.000000
0.000000
0.000000
0.000000
0.000000
0.000000
0.000000
0.000000
0.000000
0.000000
0.000000
0.000000
0.000000
0.000000
0.000000
0.000000
0.000000
0.000000
0.000000
0.000000
0.000000
0.000000
0.000000
0.000000
0.000000
0.000000
0.000000
0.000000
0.000000
0.000000
0.000000
0.000000
0.000000
0.000000
0.000000
0.000000
0.000000
0.000000
0.000000
0.000000
0.000000
0.000000
0.000000
0.000000
0.000000
0.000000
0.000000
0.000000
0.000000
0.000000
0.000000
0.000000
0.000000
0.000000
0.000000
0.000000
0.000000
0.000000
0.000000
0.000000
0.000000
0.000000
0.000000
0.000000
0.000000
0.000000
0.000000
0.000000
0.000000
0.000000
0.000000
0.000000
0.000000
0.000000
0.000000
0.000000
0.000000
0.000000
0.000000
0.000000
0.000000
0.000000
0.000000
0.000000
0.000000
0.000000
0.000000
0.000000
0.000000
0.000000
0.000000
0.000000
0.000000
0.000000
0.000000
0.000000
0.000000
0.000000
0.000000
0.000000
0.000000
0.000000
0.000000
0.000000
0.000000
0.000000
0.000000
0.000000
0.000000
0.000000
0.000000
0.000000
0.000000
0.000000
0.000000
0.000000
0.000000
0.000000
0.000000
0.000000
0.000000
0.000000
0.000000
0.000000
0.000000
0.000000
0.000000
0.000000
0.000000
0.000000
0.000000
0.000000
0.000000
0.000000
0.000000
0.000000
0.000000
0.000000
0.000000
0.000000
