0.000151
0.000303
0.000455
0.000608
0.000761
0.000917
0.001074
0.001232
0.001393
0.001555
0.001723
0.001888
0.002063
0.002235
0.002416
0.002598
0.002784
0.002978
0.003170
0.003377
0.003579
0.003794
0.004014
0.004234
0.004472
0.004706
0.004951
0.005210
0.005464
0.005737
0.006019
0.006297
0.006599
0.006909
0.007214
0.007546
0.007889
0.008226
0.008587
0.008969
0.009345
0.009733
0.010154
0.010582
0.011005
0.011450
0.011931
0.012420
0.012901
0.013399
0.013938
0.014505
0.015072
0.015635
0.016210
0.016820
0.017473
0.018162
0.018875
0.019602
0.020342
0.021095
0.021866
0.022656
0.023469
0.024305
0.025165
0.026051
0.026963
0.027900
0.028865
0.029857
0.030878
0.031927
0.033005
0.034112
0.035250
0.036419
0.037618
0.038850
0.040114
0.041412
0.042742
0.044107
0.045507
0.046941
0.048411
0.049918
0.051461
0.053042
0.054660
0.056317
0.058012
0.059747
0.061522
0.063337
0.065193
0.067090
0.069029
0.071010
0.073033
0.075100
0.077210
0.079363
0.081561
0.083804
0.086091
0.088423
0.090801
0.093225
0.095696
0.098212
0.100775
0.103385
0.106042
0.108747
0.111498
0.114298
0.117145
0.120040
0.122982
0.125973
0.129011
0.132098
0.135232
0.138414
0.141644
0.144922
0.148246
0.151619
0.155039
0.158505
0.162019
0.165578
0.169184
0.172836
0.176533
0.180275
0.184061
0.187892
0.191767
0.195684
0.199644
0.203646
0.207690
0.211774
0.215899
0.220063
0.224265
0.228505
0.232782
0.237096
0.241445
0.245828
0.250246
0.254696
0.259177
0.263689
0.268231
0.272802
0.277400
0.282025
0.286675
0.291349
0.296046
0.300766
0.305506
0.310265
0.315042
0.319837
0.324646
0.329470
0.334308
0.339156
0.344016
0.348884
0.353759
0.358641
0.363528
0.368418
0.373309
0.378201
0.383093
0.387982
0.392867
0.397747
0.402621
0.407486
0.412342
0.417186
0.422019
0.426838
0.431641
0.436427
0.441196
0.445945
0.450673
0.455380
0.460063
0.464721
0.469353
0.473958
0.478534
0.483080
0.487595
0.492077
0.496526
0.500941
0.505320
0.509662
0.513965
0.518230
0.522454
0.526637
0.530779
0.534877
0.538931
0.542940
0.546904
0.550821
0.554691
0.558513
0.562286
0.566010
0.569684
0.573308
0.576879
0.580400
0.583868
0.587284
0.590646
0.593956
0.597211
0.600412
0.603559
0.606650
0.609687
0.612669
0.615595
0.618467
0.621283
0.624043
0.626747
0.629397
0.631990
0.634528
0.637011
0.639438
0.641810
0.644128
0.646391
0.648600
0.650753
0.652854
0.654901
0.656894
0.658835
0.660723
0.662558
0.664341
0.666072
0.667753
0.669382
0.670962
0.672491
0.673971
0.675401
0.676783
0.678118
0.679403
0.680642
0.681834
0.682979
0.684078
0.685133
0.686141
0.687104
0.688023
0.688898
0.689730
0.690518
0.691264
0.691967
0.692627
0.693247
0.693824
0.694360
0.694856
0.695311
0.695726
0.696100
0.696434
0.696728
0.696983
0.697199
0.697375
0.697513
0.697610
0.697669
0.697689
0.697669
0.697611
0.697513
0.697376
0.697200
0.696985
0.696730
0.696435
0.696101
0.695726
0.695311
0.694856
0.694360
0.693824
0.693246
0.692627
0.691966
0.691263
0.690518
0.689729
0.688898
0.688023
0.687105
0.686141
0.685132
0.684079
0.682980
0.681835
0.680644
0.679406
0.678120
0.676786
0.675404
0.673974
0.672495
0.670966
0.669386
0.667757
0.666076
0.664345
0.662562
0.660727
0.658839
0.656898
0.654905
0.652859
0.650758
0.648604
0.646395
0.644132
0.641815
0.639442
0.637014
0.634531
0.631993
0.629400
0.626751
0.624046
0.621286
0.618470
0.615599
0.612673
0.609691
0.606654
0.603563
0.600416
0.597215
0.593960
0.590651
0.587289
0.583873
0.580406
0.576885
0.573314
0.569691
0.566016
0.562292
0.558519
0.554698
0.550827
0.546910
0.542947
0.538937
0.534883
0.530785
0.526644
0.522460
0.518236
0.513971
0.509667
0.505325
0.500947
0.496532
0.492082
0.487600
0.483084
0.478538
0.473962
0.469357
0.464725
0.460067
0.455383
0.450677
0.445948
0.441199
0.436430
0.431644
0.426840
0.422022
0.417190
0.412345
0.407489
0.402624
0.397751
0.392871
0.387986
0.383097
0.378205
0.373313
0.368422
0.363532
0.358645
0.353764
0.348888
0.344020
0.339161
0.334313
0.329476
0.324652
0.319842
0.315048
0.310271
0.305511
0.300771
0.296052
0.291355
0.286681
0.282031
0.277406
0.272808
0.268238
0.263696
0.259183
0.254702
0.250252
0.245835
0.241451
0.237102
0.232788
0.228511
0.224271
0.220068
0.215905
0.211780
0.207696
0.203653
0.199651
0.195690
0.191773
0.187899
0.184068
0.180281
0.176539
0.172842
0.169190
0.165584
0.162025
0.158511
0.155045
0.151625
0.148253
0.144928
0.141650
0.138420
0.135238
0.132103
0.129017
0.125978
0.122988
0.120045
0.117150
0.114303
0.111504
0.108752
0.106047
0.103390
0.100780
0.098217
0.095700
0.093230
0.090806
0.088428
0.086095
0.083808
0.081565
0.079367
0.077214
0.075104
0.073037
0.071014
0.069033
0.067094
0.065197
0.063341
0.061526
0.059751
0.058016
0.056320
0.054664
0.053045
0.051464
0.049921
0.048415
0.046944
0.045510
0.044110
0.042745
0.041415
0.040117
0.038853
0.037621
0.036421
0.035253
0.034115
0.033007
0.031929
0.030880
0.029860
0.028868
0.027903
0.026965
0.026053
0.025168
0.024307
0.023471
0.022660
0.021872
0.021108
0.020366
0.019646
0.018948
0.018272
0.017616
0.016980
0.016363
0.015767
0.015188
0.014628
0.014086
0.013562
0.013054
0.012563
0.012088
0.011628
0.011184
0.010755
0.010340
0.009939
0.009551
0.009177
0.008816
0.008468
0.008131
0.007807
0.007494
0.007191
0.006900
0.006620
0.006349
0.006088
0.005837
0.005595
0.005362
0.005138
0.004922
0.004714
0.004514
0.004322
0.004137
0.003959
0.003788
0.003624
0.003466
0.003315
0.003169
0.003029
0.002895
0.002766
0.002643
0.002524
0.002410
0.002301
0.002197
0.002096
0.002000
0.001908
0.001820
0.001736
0.001655
0.001577
0.001503
0.001432
0.001364
0.001300
0.001238
0.001178
0.001122
0.001067
0.001016
0.000966
0.000919
0.000874
0.000831
0.000790
0.000751
0.000713
0.000677
0.000643
0.000611
0.000580
0.000551
0.000523
0.000496
0.000470
0.000446
0.000423
0.000401
0.000380
0.000360
0.000341
0.000323
0.000306
0.000290
0.000275
0.000260
0.000246
0.000233
0.000220
0.000208
0.000197
0.000186
0.000176
0.000166
0.000157
0.000149
0.000140
0.000132
0.000125
0.000118
0.000111
0.000105
0.000099
0.000094
0.000088
0.000083
0.000078
0.000074
0.000070
0.000066
0.000062
0.000058
0.000055
0.000052
0.000048
0.000046
0.000043
0.000040
0.000038
0.000036
0.000034
0.000032
0.000030
0.000028
0.000026
0.000025
0.000023
0.000022
0.000020
0.000019
0.000018
0.000017
0.000016
0.000015
0.000014
0.000013
0.000012
0.000011
0.000011
0.000010
0.000009
0.000009
0.000008
0.000008
0.000007
0.000007
0.000006
0.000006
0.000005
0.000005
0.000005
0.000004
0.000004
0.000004
0.000004
0.000003
0.000003
0.000003
0.000003
0.000003
0.000002
0.000002
0.000002
0.000002
0.000002
0.000002
0.000002
0.000001
0.000001
0.000001
0.000001
0.000001
0.000001
0.000001
0.000001
0.000001
0.000001
0.000001
0.000001
0.000001
0.000001
0.000001
0.000000
0.000000
0.000000
0.000000
0.000000
0.000000
0.000000
0.000000
0.000000
0.000000
0.000000
0.000000
0.000000
0.000000
0.000000
0.000000
0.000000
0.000000
0.000000
0.000000
0.000000
0.000000
0.000000
0.000000
0.000000
0.000000
0.000000
0.000000
0.000000
0.000000
0.000000
0.000000
0.000000
0.000000
0.000000
0.000000
0.000000
0.000000
0.000000
0.000000
0.000000
0.000000
0.000000
0.000000
0.000000
0.000000
0.000000
0.000000
0.000000
0.000000
0.000000
0.000000
0.000000
0.000000
0.000000
0.000000
0.000000
0.000000
0.000000
0.000000
0.000000
0.000000
0.000000
0.000000
0.000000
0.000000
0.000000
0.000000
0.000000
0.000000
0.000000
0.000000
0.000000
0.000000
0.000000
0.000000
0.000000
0.000000
0.000000
0.000000
0.000000
0.000000
0.000000
0.000000
0.000000
0.000000
0.000000
0.000000
0.000000
0.000000
0.000000
0.000000
0.000000
0.000000
0.000000
0.000000
0.000000
0.000000
0.000000
0.000000
0.000000
0.000000
0.000000
0.000000
0.000000
0.000000
0.000000
0.000000
0.000000
0.000000
0.000000
0.000000
0.000000
0.000000
0.000000
0.000000
0.000000
0.000000
0.000000
0.000000
0.000000
0.000000
0.000000
0.000000
0.000000
0.000000
0.000000
0.000000
0.000000
0.000000
0.000000
0.000000
0.000000
0.000000
0.000000
0.000000
0.000000
0.000000
0.000000
0.000000
0.000000
0.000000
0.000000
0.000000
0.000000
0.000000
0.000000
0.000000
0.000000
0.000000
0.000000
0.000000
0.000000
0.000000
0.000000
0.000000
0.000000
0.000000
0.000000
0.000000
0.000000
0.000000
0.000000
0.000000
0.000000
0.000000
0.000000
0.000000
0.000000
0.000000
0.000000
0.000000
0.000000
0.000000
0.000000
0.000000
0.000000
0.000000
0.000000
0.000000
0.000000
0.000000
0.000000
0.000000
0.000000
0.000000
0.000000
0.000000
0.000000
0.000000
0.000000
0.000000
0.000000
0.000000
0.000000
0.000000
0.000000
0.000000
0.000000
0.000000
0.000000
0.000000
0.000000
0.000000
0.000000
0.000000
0.000000
0.000000
0.000000
0.000000
0.000000
0.000000
0.000000
0.000000
0.000000
0.000000
0.000000
0.000000
0.000000
0.000000
0.000000
0.000000
0.000000
0.000000
0.000000
0.000000
0.000000
0.000000
0.000000
0.000000
0.000000
0.000000
0.000000
0.000000
0.000000
0.000000
0.000000
0.000000
0.000000
0.000000
0.000000
0.000000
0.000000
0.000000
0.000000
0.000000
0.000000
0.000000
0.000000
0.000000
0.000000
0.000000
0.000000
0.000000
0.000000
0.000000
0.000000
0.000000
0.000000
0.000000
0.000000
0.000000
0.000000
0.000000
0.000000
0.000000
0.000000
0.000000
