0.000011
0.000017
0.000044
0.000028
0.000041
0.000113
0.000176
0.000207
0.000224
0.000238
0.000252
0.000267
0.000282
0.000299
0.000316
0.000334
0.000354
0.000374
0.000396
0.000418
0.000442
0.000467
0.000494
0.000522
0.000551
0.000582
0.000614
0.000648
0.000684
0.000722
0.000761
0.000803
0.000847
0.000893
0.000941
0.000992
0.001045
0.001101
0.001159
0.001221
0.001285
0.001353
0.001424
0.001498
0.001576
0.001658
0.001743
0.001833
0.001927
0.002025
0.002127
0.002235
0.002347
0.002465
0.002588
0.002717
0.002851
0.002992
0.003138
0.003292
0.003452
0.003619
0.003794
0.003976
0.004166
0.004364
0.004571
0.004787
0.005012
0.005247
0.005491
0.005746
0.006011
0.006287
0.006575
0.006874
0.007186
0.007510
0.007847
0.008198
0.008563
0.008942
0.009336
0.009746
0.010172
0.010614
0.011073
0.011549
0.012044
0.012558
0.013091
0.013643
0.014217
0.014811
0.015427
0.016066
0.016728
0.017413
0.018123
0.018858
0.019620
0.020407
0.021223
0.022066
0.022939
0.023841
0.024774
0.025738
0.026734
0.027764
0.028827
0.029925
0.031059
0.032230
0.033438
0.034684
0.035969
0.037295
0.038662
0.040071
0.041524
0.043020
0.044562
0.046149
0.047784
0.049467
0.051199
0.052981
0.054814
0.056699
0.058638
0.060630
0.062678
0.064783
0.066945
0.069165
0.071444
0.073784
0.076186
0.078650
0.081178
0.083771
0.086429
0.089153
0.091946
0.094807
0.097737
0.100739
0.103812
0.106957
0.110176
0.113469
0.116837
0.120282
0.123804
0.127403
0.131081
0.134838
0.138676
0.142595
0.146595
0.150677
0.154843
0.159092
0.163425
0.167843
0.172347
0.176936
0.181611
0.186372
0.191221
0.196157
0.201180
0.206291
0.211490
0.216777
0.222153
0.227616
0.233167
0.238806
0.244534
0.250349
0.256251
0.262240
0.268317
0.274479
0.280728
0.287062
0.293480
0.299982
0.306568
0.313237
0.319986
0.326816
0.333727
0.340715
0.347781
0.354923
0.362140
0.369430
0.376792
0.384225
0.391727
0.399296
0.406930
0.414628
0.422388
0.430208
0.438086
0.446020
0.454007
0.462046
0.470133
0.478268
0.486447
0.494667
0.502927
0.511223
0.519553
0.527914
0.536303
0.544717
0.553154
0.561610
0.570082
0.578567
0.587062
0.595564
0.604069
0.612574
0.621075
0.629570
0.638054
0.646524
0.654977
0.663409
0.671816
0.680194
0.688541
0.696852
0.705123
0.713351
0.721532
0.729662
0.737737
0.745754
0.753708
0.761596
0.769414
0.777158
0.784824
0.792409
0.799909
0.807320
0.814637
0.821858
0.828978
0.835994
0.842902
0.849700
0.856382
0.862945
0.869387
0.875702
0.881889
0.887943
0.893861
0.899641
0.905279
0.910771
0.916114
0.921307
0.926345
0.931226
0.935947
0.940505
0.944898
0.949124
0.953179
0.957062
0.960770
0.964301
0.967654
0.970825
0.973814
0.976618
0.979236
0.981666
0.983908
0.985959
0.987818
0.989485
0.990958
0.992236
0.993319
0.994206
0.994896
0.995389
0.995685
0.995784
0.995685
0.995389
0.994896
0.994206
0.993319
0.992236
0.990958
0.989486
0.987819
0.985960
0.983909
0.981668
0.979238
0.976620
0.973816
0.970827
0.967656
0.964304
0.960773
0.957064
0.953182
0.949126
0.944901
0.940508
0.935950
0.931229
0.926348
0.921310
0.916118
0.910774
0.905282
0.899645
0.893865
0.887947
0.881893
0.875706
0.869391
0.862949
0.856386
0.849704
0.842907
0.835999
0.828982
0.821862
0.814642
0.807324
0.799914
0.792415
0.784830
0.777163
0.769419
0.761601
0.753714
0.745759
0.737743
0.729668
0.721538
0.713357
0.705129
0.696858
0.688547
0.680201
0.671823
0.663416
0.654984
0.646531
0.638061
0.629577
0.621083
0.612581
0.604077
0.595572
0.587070
0.578575
0.570090
0.561618
0.553162
0.544726
0.536311
0.527922
0.519561
0.511232
0.502936
0.494676
0.486456
0.478277
0.470143
0.462055
0.454017
0.446029
0.438096
0.430218
0.422398
0.414638
0.406940
0.399305
0.391736
0.384235
0.376802
0.369440
0.362150
0.354933
0.347791
0.340725
0.333737
0.326827
0.319996
0.313246
0.306578
0.299993
0.293490
0.287071
0.280738
0.274489
0.268326
0.262250
0.256261
0.250358
0.244543
0.238816
0.233176
0.227625
0.222162
0.216787
0.211500
0.206301
0.201189
0.196166
0.191230
0.186381
0.181619
0.176944
0.172355
0.167852
0.163434
0.159100
0.154851
0.150685
0.146603
0.142602
0.138684
0.134846
0.131088
0.127410
0.123811
0.120289
0.116844
0.113476
0.110183
0.106964
0.103818
0.100745
0.097744
0.094813
0.091952
0.089159
0.086435
0.083776
0.081184
0.078656
0.076192
0.073790
0.071450
0.069170
0.066950
0.064788
0.062683
0.060635
0.058642
0.056704
0.054818
0.052985
0.051203
0.049471
0.047788
0.046153
0.044566
0.043024
0.041528
0.040075
0.038666
0.037299
0.035973
0.034687
0.033441
0.032233
0.031062
0.029928
0.028830
0.027767
0.026737
0.025741
0.024776
0.023843
0.022941
0.022069
0.021225
0.020410
0.019622
0.018861
0.018125
0.017415
0.016729
0.016068
0.015429
0.014813
0.014218
0.013645
0.013092
0.012559
0.012046
0.011551
0.011074
0.010615
0.010173
0.009747
0.009337
0.008943
0.008564
0.008199
0.007848
0.007511
0.007187
0.006875
0.006576
0.006288
0.006012
0.005746
0.005492
0.005247
0.005013
0.004788
0.004572
0.004365
0.004167
0.003977
0.003794
0.003620
0.003453
0.003292
0.003139
0.002992
0.002852
0.002717
0.002589
0.002465
0.002348
0.002235
0.002128
0.002025
0.001927
0.001833
0.001744
0.001658
0.001576
0.001499
0.001424
0.001353
0.001286
0.001221
0.001160
0.001101
0.001045
0.000992
0.000941
0.000893
0.000847
0.000803
0.000762
0.000722
0.000684
0.000648
0.000614
0.000582
0.000551
0.000522
0.000494
0.000467
0.000442
0.000418
0.000396
0.000374
0.000354
0.000334
0.000316
0.000299
0.000282
0.000267
0.000252
0.000238
0.000224
0.000212
0.000200
0.000189
0.000178
0.000168
0.000158
0.000149
0.000140
0.000132
0.000125
0.000117
0.000111
0.000104
0.000098
0.000092
0.000087
0.000082
0.000077
0.000072
0.000068
0.000064
0.000060
0.000056
0.000053
0.000050
0.000047
0.000044
0.000041
0.000039
0.000036
0.000034
0.000032
0.000030
0.000028
0.000026
0.000025
0.000023
0.000022
0.000020
0.000019
0.000018
0.000017
0.000016
0.000015
0.000014
0.000013
0.000012
0.000011
0.000010
0.000010
0.000009
0.000009
0.000008
0.000007
0.000007
0.000006
0.000006
0.000006
0.000005
0.000005
0.000005
0.000004
0.000004
0.000004
0.000003
0.000003
0.000003
0.000003
0.000003
0.000002
0.000002
0.000002
0.000002
0.000002
0.000002
0.000002
0.000001
0.000001
0.000001
0.000001
0.000001
0.000001
0.000001
0.000001
0.000001
0.000001
0.000001
0.000001
0.000001
0.000001
0.000001
0.000000
0.000000
0.000000
0.000000
0.000000
0.000000
0.000000
0.000000
0.000000
0.000000
0.000000
0.000000
0.000000
0.000000
0.000000
0.000000
0.000000
0.000000
0.000000
0.000000
0.000000
0.000000
0.000000
0.000000
0.000000
0.000000
0.000000
0.000000
0.000000
0.000000
0.000000
0.000000
0.000000
0.000000
0.000000
0.000000
0.000000
0.000000
0.000000
0.000000
0.000000
0.000000
0.000000
0.000000
0.000000
0.000000
0.000000
0.000000
0.000000
0.000000
0.000000
0.000000
0.000000
0.000000
0.000000
0.000000
0.000000
0.000000
0.000000
0.000000
0.000000
0.000000
0.000000
0.000000
0.000000
0.000000
0.000000
0.000000
0.000000
0.000000
0.000000
0.000000
0.000000
0.000000
0.000000
0.000000
0.000000
0.000000
0.000000
0.000000
0.000000
0.000000
0.000000
0.000000
0.000000
0.000000
0.000000
0.000000
0.000000
0.000000
0.000000
0.000000
0.000000
0.000000
0.000000
0.000000
0.000000
0.000000
0.000000
0.000000
0.000000
0.000000
0.000000
0.000000
0.000000
0.000000
0.000000
0.000000
0.000000
0.000000
0.000000
0.000000
0.000000
0.000000
0.000000
0.000000
0.000000
0.000000
0.000000
0.000000
0.000000
0.000000
0.000000
0.000000
0.000000
0.000000
0.000000
0.000000
0.000000
0.000000
0.000000
0.000000
0.000000
0.000000
0.000000
0.000000
0.000000
0.000000
0.000000
0.000000
0.000000
0.000000
0.000000
0.000000
0.000000
0.000000
0.000000
0.000000
0.000000
0.000000
0.000000
0.000000
0.000000
0.000000
0.000000
0.000000
0.000000
0.000000
0.000000
0.000000
0.000000
0.000000
0.000000
0.000000
0.000000
0.000000
0.000000
0.000000
0.000000
0.000000
0.000000
0.000000
0.000000
0.000000
0.000000
0.000000
0.000000
0.000000
0.000000
0.000000
0.000000
0.000000
0.000000
0.000000
0.000000
0.000000
0.000000
0.000000
0.000000
0.000000
0.000000
0.000000
0.000000
0.000000
0.000000
0.000000
0.000000
0.000000
0.000000
0.000000
0.000000
0.000000
0.000000
0.000000
0.000000
0.000000
0.000000
0.000000
0.000000
0.000000
0.000000
0.000000
0.000000
0.000000
0.000000
0.000000
0.000000
0.000000
0.000000
0.000000
0.000000
0.000000
0.000000
0.000000
0.000000
0.000000
0.000000
0.000000
0.000000
0.000000
0.000000
0.000000
0.000000
0.000000
0.000000
0.000000
0.000000
0.000000
0.000000
0.000000
0.000000
0.000000
0.000000
0.000000
0.000000
0.000000
0.000000
0.000000
0.000000
0.000000
0.000000
0.000000
0.000000
0.000000
0.000000
0.000000
0.000000
0.000000
0.000000
0.000000
0.000000
0.000000
0.000000
0.000000
0.000000
0.000000
0.000000
0.000000
0.000000
0.000000
0.000000
0.000000
0.000000
0.000000
0.000000
0.000000
0.000000
0.000000
0.000000
0.000000
0.000000
0.000000
0.000000
0.000000
0.000000
0.000000
0.000000
0.000000
0.000000
0.000000
0.000000
0.000000
0.000000
0.000000
0.000000
0.000000
0.000000
0.000000
0.000000
0.000000
0.000000
0.000000
0.000000
0.000000
0.000000
0.000000
0.000000
0.000000
0.000000
0.000000
0.000000
0.000000
0.000000
0.000000
0.000000
0.000000
0.000000
