0.000155
0.000310
0.000465
0.000621
0.000779
0.000937
0.001098
0.001258
0.001425
0.001589
0.001760
0.001930
0.002107
0.002285
0.002467
0.002656
0.002843
0.003043
0.003239
0.003447
0.003659
0.003872
0.004101
0.004325
0.004564
0.004809
0.005053
0.005318
0.005582
0.005853
0.006144
0.006431
0.006730
0.007051
0.007366
0.007695
0.008049
0.008397
0.008756
0.009145
0.009537
0.009927
0.010347
0.010790
0.011227
0.011673
0.012154
0.012658
0.013157
0.013659
0.014195
0.014769
0.015356
0.015938
0.016522
0.017133
0.017785
0.018477
0.019200
0.019942
0.020697
0.021466
0.022250
0.023053
0.023878
0.024726
0.025599
0.026498
0.027422
0.028373
0.029351
0.030357
0.031391
0.032454
0.033546
0.034668
0.035821
0.037005
0.038220
0.039467
0.040747
0.042061
0.043408
0.044789
0.046205
0.047657
0.049144
0.050668
0.052229
0.053828
0.055464
0.057139
0.058854
0.060607
0.062401
0.064235
0.066110
0.068027
0.069985
0.071986
0.074029
0.076116
0.078246
0.080420
0.082639
0.084901
0.087209
0.089563
0.091962
0.094406
0.096897
0.099435
0.102019
0.104650
0.107328
0.110053
0.112826
0.115646
0.118514
0.121429
0.124392
0.127403
0.130462
0.133569
0.136723
0.139925
0.143175
0.146471
0.149816
0.153207
0.156645
0.160130
0.163661
0.167239
0.170862
0.174530
0.178244
0.182002
0.185804
0.189650
0.193539
0.197471
0.201444
0.205460
0.209516
0.213612
0.217748
0.221922
0.226134
0.230384
0.234670
0.238991
0.243347
0.247737
0.252160
0.256615
0.261100
0.265615
0.270159
0.274731
0.279330
0.283954
0.288603
0.293274
0.297968
0.302683
0.307418
0.312170
0.316940
0.321726
0.326526
0.331339
0.336164
0.341000
0.345845
0.350698
0.355557
0.360421
0.365288
0.370158
0.375029
0.379899
0.384766
0.389630
0.394490
0.399342
0.404187
0.409023
0.413847
0.418659
0.423458
0.428242
0.433010
0.437759
0.442489
0.447198
0.451886
0.456550
0.461190
0.465803
0.470390
0.474948
0.479476
0.483973
0.488438
0.492869
0.497265
0.501626
0.505951
0.510237
0.514484
0.518691
0.522857
0.526981
0.531062
0.535099
0.539091
0.543038
0.546937
0.550790
0.554595
0.558350
0.562057
0.565714
0.569320
0.572875
0.576378
0.579830
0.583227
0.586573
0.589865
0.593103
0.596287
0.599416
0.602491
0.605511
0.608476
0.611385
0.614239
0.617038
0.619782
0.622470
0.625102
0.627680
0.630201
0.632669
0.635080
0.637437
0.639738
0.641986
0.644180
0.646320
0.648405
0.650438
0.652418
0.654345
0.656220
0.658043
0.659814
0.661534
0.663204
0.664823
0.666393
0.667913
0.669384
0.670807
0.672182
0.673510
0.674791
0.676025
0.677213
0.678356
0.679453
0.680506
0.681515
0.682480
0.683402
0.684280
0.685117
0.685911
0.686664
0.687376
0.688047
0.688677
0.689267
0.689818
0.690328
0.690801
0.691235
0.691629
0.691986
0.692304
0.692584
0.692827
0.693032
0.693200
0.693330
0.693423
0.693479
0.693498
0.693480
0.693424
0.693331
0.693200
0.693033
0.692828
0.692585
0.692305
0.691987
0.691630
0.691235
0.690801
0.690329
0.689818
0.689267
0.688676
0.688046
0.687375
0.686663
0.685911
0.685116
0.684280
0.683402
0.682481
0.681515
0.680507
0.679454
0.678357
0.677215
0.676028
0.674793
0.673513
0.672185
0.670811
0.669388
0.667917
0.666396
0.664827
0.663207
0.661538
0.659818
0.658047
0.656224
0.654349
0.652422
0.650443
0.648410
0.646324
0.644184
0.641990
0.639743
0.637440
0.635083
0.632671
0.630205
0.627683
0.625106
0.622473
0.619785
0.617042
0.614243
0.611389
0.608479
0.605515
0.602495
0.599420
0.596291
0.593107
0.589869
0.586578
0.583232
0.579835
0.576384
0.572881
0.569327
0.565721
0.562063
0.558357
0.554601
0.550796
0.546943
0.543043
0.539097
0.535105
0.531068
0.526987
0.522863
0.518697
0.514490
0.510243
0.505957
0.501632
0.497271
0.492874
0.488442
0.483977
0.479480
0.474952
0.470394
0.465808
0.461194
0.456554
0.451889
0.447201
0.442492
0.437761
0.433012
0.428245
0.423461
0.418663
0.413850
0.409025
0.404190
0.399345
0.394493
0.389634
0.384770
0.379902
0.375033
0.370162
0.365293
0.360425
0.355561
0.350702
0.345850
0.341005
0.336169
0.331344
0.326531
0.321731
0.316945
0.312176
0.307423
0.302689
0.297974
0.293280
0.288608
0.283960
0.279336
0.274737
0.270166
0.265621
0.261106
0.256621
0.252166
0.247743
0.243353
0.238997
0.234676
0.230390
0.226140
0.221928
0.217753
0.213618
0.209522
0.205466
0.201451
0.197477
0.193545
0.189656
0.185810
0.182008
0.178250
0.174536
0.170868
0.167245
0.163667
0.160136
0.156651
0.153213
0.149822
0.146477
0.143180
0.139931
0.136729
0.133575
0.130468
0.127409
0.124398
0.121435
0.118519
0.115651
0.112831
0.110058
0.107333
0.104655
0.102024
0.099440
0.096902
0.094411
0.091966
0.089567
0.087214
0.084906
0.082643
0.080424
0.078250
0.076120
0.074033
0.071990
0.069989
0.068031
0.066114
0.064239
0.062405
0.060611
0.058857
0.057143
0.055468
0.053831
0.052233
0.050672
0.049148
0.047660
0.046208
0.044792
0.043411
0.042064
0.040750
0.039470
0.038223
0.037007
0.035824
0.034671
0.033549
0.032457
0.031394
0.030359
0.029354
0.028375
0.027424
0.026500
0.025602
0.024729
0.023881
0.023058
0.022259
0.021483
0.020730
0.020000
0.019291
0.018604
0.017938
0.017292
0.016666
0.016060
0.015473
0.014904
0.014353
0.013820
0.013304
0.012804
0.012321
0.011854
0.011403
0.010966
0.010544
0.010136
0.009742
0.009362
0.008994
0.008639
0.008297
0.007967
0.007648
0.007340
0.007044
0.006758
0.006482
0.006217
0.005961
0.005714
0.005477
0.005248
0.005028
0.004817
0.004613
0.004417
0.004228
0.004047
0.003873
0.003705
0.003544
0.003389
0.003241
0.003098
0.002961
0.002830
0.002704
0.002582
0.002466
0.002355
0.002248
0.002146
0.002048
0.001954
0.001863
0.001777
0.001695
0.001615
0.001540
0.001467
0.001398
0.001332
0.001268
0.001207
0.001149
0.001094
0.001041
0.000991
0.000942
0.000896
0.000852
0.000810
0.000770
0.000732
0.000695
0.000660
0.000627
0.000595
0.000565
0.000536
0.000509
0.000483
0.000458
0.000434
0.000412
0.000391
0.000370
0.000351
0.000332
0.000315
0.000298
0.000282
0.000267
0.000253
0.000239
0.000226
0.000214
0.000203
0.000192
0.000181
0.000171
0.000162
0.000153
0.000144
0.000136
0.000129
0.000121
0.000115
0.000108
0.000102
0.000096
0.000091
0.000086
0.000081
0.000076
0.000072
0.000068
0.000064
0.000060
0.000056
0.000053
0.000050
0.000047
0.000044
0.000042
0.000039
0.000037
0.000035
0.000033
0.000031
0.000029
0.000027
0.000025
0.000024
0.000022
0.000021
0.000020
0.000018
0.000017
0.000016
0.000015
0.000014
0.000013
0.000013
0.000012
0.000011
0.000010
0.000010
0.000009
0.000008
0.000008
0.000007
0.000007
0.000006
0.000006
0.000006
0.000005
0.000005
0.000005
0.000004
0.000004
0.000004
0.000004
0.000003
0.000003
0.000003
0.000003
0.000002
0.000002
0.000002
0.000002
0.000002
0.000002
0.000002
0.000002
0.000001
0.000001
0.000001
0.000001
0.000001
0.000001
0.000001
0.000001
0.000001
0.000001
0.000001
0.000001
0.000001
0.000001
0.000001
0.000000
0.000000
0.000000
0.000000
0.000000
0.000000
0.000000
0.000000
0.000000
0.000000
0.000000
0.000000
0.000000
0.000000
0.000000
0.000000
0.000000
0.000000
0.000000
0.000000
0.000000
0.000000
0.000000
0.000000
0.000000
0.000000
0.000000
0.000000
0.000000
0.000000
0.000000
0.000000
0.000000
0.000000
0.000000
0.000000
0.000000
0.000000
0.000000
0.000000
0.000000
0.000000
0.000000
0.000000
0.000000
0.000000
0.000000
0.000000
0.000000
0.000000
0.000000
0.000000
0.000000
0.000000
0.000000
0.000000
0.000000
0.000000
0.000000
0.000000
0.000000
0.000000
0.000000
0.000000
0.000000
0.000000
0.000000
0.000000
0.000000
0.000000
0.000000
0.000000
0.000000
0.000000
0.000000
0.000000
0.000000
0.000000
0.000000
0.000000
0.000000
0.000000
0.000000
0.000000
0.000000
0.000000
0.000000
0.000000
0.000000
0.000000
0.000000
0.000000
0.000000
0.000000
0.000000
0.000000
0.000000
0.000000
0.000000
0.000000
0.000000
0.000000
0.000000
0.000000
0.000000
0.000000
0.000000
0.000000
0.000000
0.000000
0.000000
0.000000
0.000000
0.000000
0.000000
0.000000
0.000000
0.000000
0.000000
0.000000
0.000000
0.000000
0.000000
0.000000
0.000000
0.000000
0.000000
0.000000
0.000000
0.000000
0.000000
0.000000
0.000000
0.000000
0.000000
0.000000
0.000000
0.000000
0.000000
0.000000
0.000000
0.000000
0.000000
0.000000
0.000000
0.000000
0.000000
0.000000
0.000000
0.000000
0.000000
0.000000
0.000000
0.000000
0.000000
0.000000
0.000000
0.000000
0.000000
0.000000
0.000000
0.000000
0.000000
0.000000
0.000000
0.000000
0.000000
0.000000
0.000000
0.000000
0.000000
0.000000
0.000000
0.000000
0.000000
0.000000
0.000000
0.000000
0.000000
0.000000
0.000000
0.000000
0.000000
0.000000
0.000000
0.000000
0.000000
0.000000
0.000000
0.000000
0.000000
0.000000
0.000000
0.000000
0.000000
0.000000
0.000000
0.000000
0.000000
0.000000
0.000000
0.000000
0.000000
0.000000
0.000000
0.000000
0.000000
0.000000
0.000000
0.000000
0.000000
0.000000
0.000000
0.000000
0.000000
0.000000
0.000000
0.000000
0.000000
0.000000
0.000000
0.000000
0.000000
0.000000
0.000000
0.000000
0.000000
0.000000
0.000000
0.000000
0.000000
0.000000
0.000000
0.000000
0.000000
0.000000
0.000000
0.000000
0.000000
0.000000
0.000000
0.000000
0.000000
0.000000
0.000000
0.000000
0.000000
0.000000
0.000000
0.000000
0.000000
0.000000
0.000000
0.000000
0.000000
0.000000
0.000000
0.000000
0.000000
0.000000
0.000000
0.000000
0.000000
0.000000
0.000000
0.000000
0.000000
