0.000158
0.000316
0.000476
0.000634
0.000796
0.000957
0.001122
0.001286
0.001455
0.001624
0.001798
0.001974
0.002152
0.002336
0.002520
0.002714
0.002905
0.003107
0.003311
0.003519
0.003739
0.003955
0.004186
0.004420
0.004657
0.004912
0.005161
0.005426
0.005702
0.005974
0.006268
0.006568
0.006867
0.007192
0.007521
0.007850
0.008207
0.008571
0.008932
0.009321
0.009728
0.010129
0.010546
0.010997
0.011452
0.011904
0.012382
0.012895
0.013414
0.013928
0.014462
0.015036
0.015639
0.016242
0.016841
0.017456
0.018106
0.018800
0.019530
0.020285
0.021056
0.021840
0.022639
0.023455
0.024293
0.025154
0.026040
0.026951
0.027888
0.028852
0.029844
0.030863
0.031911
0.032989
0.034095
0.035232
0.036400
0.037599
0.038829
0.040092
0.041388
0.042718
0.044081
0.045479
0.046913
0.048381
0.049886
0.051428
0.053007
0.054623
0.056278
0.057972
0.059705
0.061477
0.063290
0.065143
0.067038
0.068974
0.070952
0.072973
0.075036
0.077143
0.079294
0.081488
0.083727
0.086011
0.088339
0.090713
0.093133
0.095599
0.098111
0.100669
0.103275
0.105926
0.108625
0.111372
0.114165
0.117006
0.119895
0.122831
0.125815
0.128846
0.131925
0.135052
0.138226
0.141448
0.144717
0.148033
0.151396
0.154807
0.158263
0.161767
0.165316
0.168911
0.172551
0.176236
0.179966
0.183740
0.187558
0.191419
0.195322
0.199268
0.203255
0.207283
0.211352
0.215460
0.219606
0.223791
0.228013
0.232272
0.236566
0.240895
0.245258
0.249654
0.254082
0.258541
0.263030
0.267548
0.272094
0.276667
0.281266
0.285889
0.290536
0.295205
0.299895
0.304605
0.309334
0.314080
0.318842
0.323618
0.328408
0.333210
0.338023
0.342846
0.347676
0.352513
0.357355
0.362201
0.367050
0.371899
0.376748
0.381595
0.386439
0.391278
0.396110
0.400935
0.405751
0.410556
0.415349
0.420129
0.424894
0.429643
0.434374
0.439085
0.443776
0.448446
0.453092
0.457714
0.462310
0.466879
0.471420
0.475931
0.480410
0.484858
0.489272
0.493652
0.497996
0.502303
0.506572
0.510803
0.514993
0.519142
0.523250
0.527314
0.531334
0.535309
0.539240
0.543123
0.546959
0.550747
0.554486
0.558176
0.561816
0.565405
0.568944
0.572430
0.575864
0.579246
0.582574
0.585849
0.589070
0.592237
0.595349
0.598407
0.601410
0.604357
0.607251
0.610087
0.612870
0.615596
0.618268
0.620883
0.623443
0.625949
0.628399
0.630795
0.633135
0.635421
0.637653
0.639831
0.641955
0.644026
0.646044
0.648009
0.649922
0.651783
0.653592
0.655350
0.657058
0.658715
0.660323
0.661881
0.663390
0.664852
0.666265
0.667632
0.668952
0.670225
0.671453
0.672635
0.673773
0.674866
0.675916
0.676923
0.677887
0.678809
0.679688
0.680527
0.681324
0.682082
0.682800
0.683478
0.684116
0.684717
0.685278
0.685801
0.686288
0.686736
0.687149
0.687524
0.687863
0.688165
0.688430
0.688661
0.688855
0.689015
0.689138
0.689227
0.689280
0.689298
0.689281
0.689227
0.689139
0.689015
0.688856
0.688662
0.688432
0.688165
0.687863
0.687524
0.687149
0.686737
0.686287
0.685801
0.685278
0.684716
0.684116
0.683477
0.682799
0.682081
0.681324
0.680527
0.679689
0.678809
0.677887
0.676924
0.675917
0.674868
0.673775
0.672637
0.671455
0.670227
0.668954
0.667635
0.666270
0.664856
0.663394
0.661885
0.660326
0.658719
0.657061
0.655354
0.653596
0.651786
0.649926
0.648013
0.646049
0.644030
0.641959
0.639835
0.637657
0.635424
0.633138
0.630798
0.628403
0.625953
0.623447
0.620886
0.618270
0.615599
0.612873
0.610091
0.607253
0.604361
0.601414
0.598411
0.595354
0.592241
0.589074
0.585854
0.582579
0.579251
0.575870
0.572436
0.568950
0.565412
0.561822
0.558182
0.554492
0.550753
0.546965
0.543129
0.539246
0.535316
0.531340
0.527320
0.523256
0.519148
0.514999
0.510808
0.506578
0.502308
0.498001
0.493657
0.489277
0.484862
0.480415
0.475934
0.471423
0.466883
0.462315
0.457718
0.453096
0.448449
0.443779
0.439088
0.434376
0.429645
0.424897
0.420132
0.415353
0.410559
0.405754
0.400938
0.396114
0.391281
0.386442
0.381599
0.376752
0.371903
0.367054
0.362206
0.357360
0.352518
0.347681
0.342850
0.338028
0.333215
0.328413
0.323624
0.318847
0.314085
0.309339
0.304611
0.299901
0.295211
0.290542
0.285895
0.281272
0.276673
0.272100
0.267554
0.263036
0.258547
0.254088
0.249660
0.245264
0.240901
0.236572
0.232278
0.228019
0.223797
0.219612
0.215465
0.211358
0.207289
0.203261
0.199274
0.195329
0.191425
0.187564
0.183746
0.179972
0.176242
0.172557
0.168916
0.165322
0.161772
0.158269
0.154813
0.151403
0.148039
0.144723
0.141454
0.138232
0.135058
0.131931
0.128852
0.125820
0.122836
0.119900
0.117012
0.114170
0.111377
0.108630
0.105931
0.103279
0.100674
0.098116
0.095604
0.093138
0.090718
0.088344
0.086015
0.083731
0.081492
0.079298
0.077147
0.075040
0.072977
0.070956
0.068978
0.067042
0.065147
0.063294
0.061481
0.059708
0.057975
0.056282
0.054627
0.053010
0.051431
0.049890
0.048385
0.046916
0.045482
0.044084
0.042721
0.041391
0.040095
0.038832
0.037601
0.036403
0.035235
0.034098
0.032991
0.031914
0.030866
0.029846
0.028855
0.027891
0.026953
0.026042
0.025157
0.024297
0.023462
0.022651
0.021864
0.021100
0.020359
0.019639
0.018942
0.018265
0.017610
0.016974
0.016358
0.015762
0.015184
0.014624
0.014082
0.013558
0.013050
0.012559
0.012084
0.011625
0.011181
0.010752
0.010337
0.009936
0.009549
0.009175
0.008814
0.008466
0.008129
0.007805
0.007492
0.007190
0.006899
0.006618
0.006348
0.006087
0.005836
0.005594
0.005361
0.005137
0.004921
0.004713
0.004514
0.004321
0.004136
0.003959
0.003788
0.003624
0.003466
0.003314
0.003169
0.003029
0.002895
0.002766
0.002642
0.002524
0.002410
0.002301
0.002196
0.002096
0.002000
0.001908
0.001820
0.001735
0.001654
0.001577
0.001503
0.001432
0.001364
0.001299
0.001237
0.001178
0.001121
0.001067
0.001015
0.000966
0.000919
0.000874
0.000831
0.000790
0.000750
0.000713
0.000677
0.000643
0.000611
0.000580
0.000551
0.000523
0.000496
0.000470
0.000446
0.000423
0.000401
0.000380
0.000360
0.000341
0.000323
0.000306
0.000290
0.000275
0.000260
0.000246
0.000233
0.000220
0.000208
0.000197
0.000186
0.000176
0.000166
0.000157
0.000149
0.000140
0.000132
0.000125
0.000118
0.000111
0.000105
0.000099
0.000094
0.000088
0.000083
0.000078
0.000074
0.000070
0.000066
0.000062
0.000058
0.000055
0.000052
0.000048
0.000046
0.000043
0.000040
0.000038
0.000036
0.000034
0.000032
0.000030
0.000028
0.000026
0.000025
0.000023
0.000022
0.000020
0.000019
0.000018
0.000017
0.000016
0.000015
0.000014
0.000013
0.000012
0.000011
0.000011
0.000010
0.000009
0.000009
0.000008
0.000008
0.000007
0.000007
0.000006
0.000006
0.000005
0.000005
0.000005
0.000004
0.000004
0.000004
0.000004
0.000003
0.000003
0.000003
0.000003
0.000003
0.000002
0.000002
0.000002
0.000002
0.000002
0.000002
0.000002
0.000001
0.000001
0.000001
0.000001
0.000001
0.000001
0.000001
0.000001
0.000001
0.000001
0.000001
0.000001
0.000001
0.000001
0.000001
0.000000
0.000000
0.000000
0.000000
0.000000
0.000000
0.000000
0.000000
0.000000
0.000000
0.000000
0.000000
0.000000
0.000000
0.000000
0.000000
0.000000
0.000000
0.000000
0.000000
0.000000
0.000000
0.000000
0.000000
0.000000
0.000000
0.000000
0.000000
0.000000
0.000000
0.000000
0.000000
0.000000
0.000000
0.000000
0.000000
0.000000
0.000000
0.000000
0.000000
0.000000
0.000000
0.000000
0.000000
0.000000
0.000000
0.000000
0.000000
0.000000
0.000000
0.000000
0.000000
0.000000
0.000000
0.000000
0.000000
0.000000
0.000000
0.000000
0.000000
0.000000
0.000000
0.000000
0.000000
0.000000
0.000000
0.000000
0.000000
0.000000
0.000000
0.000000
0.000000
0.000000
0.000000
0.000000
0.000000
0.000000
0.000000
0.000000
0.000000
0.000000
0.000000
0.000000
0.000000
0.000000
0.000000
0.000000
0.000000
0.000000
0.000000
0.000000
0.000000
0.000000
0.000000
0.000000
0.000000
0.000000
0.000000
0.000000
0.000000
0.000000
0.000000
0.000000
0.000000
0.000000
0.000000
0.000000
0.000000
0.000000
0.000000
0.000000
0.000000
0.000000
0.000000
0.000000
0.000000
0.000000
0.000000
0.000000
0.000000
0.000000
0.000000
0.000000
0.000000
0.000000
0.000000
0.000000
0.000000
0.000000
0.000000
0.000000
0.000000
0.000000
0.000000
0.000000
0.000000
0.000000
0.000000
0.000000
0.000000
0.000000
0.000000
0.000000
0.000000
0.000000
0.000000
0.000000
0.000000
0.000000
0.000000
0.000000
0.000000
0.000000
0.000000
0.000000
0.000000
0.000000
0.000000
0.000000
0.000000
0.000000
0.000000
0.000000
0.000000
0.000000
0.000000
0.000000
0.000000
0.000000
0.000000
0.000000
0.000000
0.000000
0.000000
0.000000
0.000000
0.000000
0.000000
0.000000
0.000000
0.000000
0.000000
0.000000
0.000000
0.000000
0.000000
0.000000
0.000000
0.000000
0.000000
0.000000
0.000000
0.000000
0.000000
0.000000
0.000000
0.000000
0.000000
0.000000
0.000000
0.000000
0.000000
0.000000
0.000000
0.000000
0.000000
0.000000
0.000000
0.000000
0.000000
0.000000
0.000000
0.000000
0.000000
0.000000
0.000000
0.000000
0.000000
0.000000
0.000000
0.000000
0.000000
0.000000
0.000000
0.000000
0.000000
0.000000
0.000000
0.000000
0.000000
0.000000
0.000000
0.000000
0.000000
0.000000
0.000000
0.000000
0.000000
0.000000
0.000000
0.000000
0.000000
0.000000
0.000000
0.000000
0.000000
0.000000
0.000000
0.000000
0.000000
0.000000
0.000000
0.000000
0.000000
0.000000
0.000000
0.000000
0.000000
0.000000
0.000000
0.000000
0.000000
0.000000
0.000000
0.000000
0.000000
0.000000
