0.000162
0.000323
0.000486
0.000649
0.000813
0.000979
0.001146
0.001315
0.001486
0.001661
0.001836
0.002018
0.002198
0.002387
0.002575
0.002771
0.002970
0.003172
0.003384
0.003594
0.003818
0.004041
0.004272
0.004516
0.004755
0.005013
0.005273
0.005536
0.005821
0.006101
0.006394
0.006705
0.007010
0.007334
0.007676
0.008012
0.008367
0.008744
0.009116
0.009502
0.009918
0.010335
0.010753
0.011204
0.011676
0.012142
0.012619
0.013134
0.013670
0.014201
0.014738
0.015311
0.015921
0.016545
0.017164
0.017788
0.018438
0.019132
0.019867
0.020632
0.021418
0.022218
0.023032
0.023863
0.024714
0.025588
0.026487
0.027411
0.028361
0.029339
0.030344
0.031377
0.032439
0.033531
0.034652
0.035804
0.036986
0.038201
0.039447
0.040726
0.042038
0.043384
0.044764
0.046179
0.047629
0.049115
0.050637
0.052197
0.053794
0.055428
0.057102
0.058814
0.060565
0.062357
0.064189
0.066062
0.067976
0.069932
0.071930
0.073971
0.076054
0.078181
0.080352
0.082567
0.084827
0.087131
0.089481
0.091876
0.094316
0.096803
0.099336
0.101916
0.104542
0.107215
0.109935
0.112702
0.115516
0.118378
0.121288
0.124244
0.127249
0.130301
0.133400
0.136547
0.139741
0.142983
0.146271
0.149607
0.152989
0.156418
0.159893
0.163414
0.166981
0.170594
0.174251
0.177953
0.181699
0.185489
0.189322
0.193198
0.197116
0.201075
0.205076
0.209117
0.213197
0.217317
0.221474
0.225669
0.229901
0.234169
0.238471
0.242807
0.247177
0.251579
0.256012
0.260475
0.264968
0.269488
0.274036
0.278610
0.283208
0.287830
0.292475
0.297141
0.301827
0.306532
0.311255
0.315993
0.320747
0.325514
0.330294
0.335085
0.339885
0.344694
0.349509
0.354330
0.359155
0.363982
0.368811
0.373640
0.378467
0.383291
0.388110
0.392923
0.397729
0.402526
0.407312
0.412087
0.416848
0.421595
0.426326
0.431039
0.435733
0.440407
0.445058
0.449688
0.454292
0.458872
0.463424
0.467948
0.472442
0.476905
0.481336
0.485734
0.490098
0.494426
0.498717
0.502970
0.507184
0.511359
0.515492
0.519583
0.523631
0.527635
0.531595
0.535509
0.539376
0.543196
0.546968
0.550691
0.554365
0.557989
0.561563
0.565084
0.568554
0.571971
0.575337
0.578648
0.581906
0.585111
0.588261
0.591357
0.594398
0.597384
0.600315
0.603190
0.606011
0.608776
0.611486
0.614140
0.616739
0.619283
0.621771
0.624204
0.626583
0.628907
0.631177
0.633392
0.635554
0.637662
0.639717
0.641719
0.643669
0.645566
0.647413
0.649207
0.650952
0.652645
0.654290
0.655884
0.657429
0.658927
0.660376
0.661778
0.663135
0.664445
0.665709
0.666928
0.668103
0.669234
0.670321
0.671366
0.672368
0.673329
0.674248
0.675127
0.675965
0.676763
0.677522
0.678243
0.678925
0.679570
0.680176
0.680746
0.681279
0.681776
0.682237
0.682663
0.683053
0.683409
0.683730
0.684016
0.684268
0.684486
0.684670
0.684821
0.684938
0.685022
0.685072
0.685089
0.685073
0.685022
0.684939
0.684821
0.684671
0.684487
0.684269
0.684017
0.683730
0.683410
0.683054
0.682663
0.682237
0.681776
0.681279
0.680746
0.680176
0.679569
0.678924
0.678242
0.677522
0.676764
0.675965
0.675127
0.674249
0.673329
0.672369
0.671367
0.670323
0.669236
0.668105
0.666930
0.665712
0.664448
0.663139
0.661783
0.660380
0.658930
0.657433
0.655887
0.654292
0.652648
0.650955
0.649211
0.647416
0.645571
0.643674
0.641723
0.639721
0.637666
0.635557
0.633396
0.631180
0.628911
0.626586
0.624208
0.621774
0.619285
0.616741
0.614143
0.611489
0.608779
0.606014
0.603194
0.600319
0.597388
0.594402
0.591361
0.588265
0.585116
0.581912
0.578653
0.575342
0.571978
0.568560
0.565091
0.561568
0.557995
0.554371
0.550698
0.546974
0.543202
0.539382
0.535515
0.531601
0.527642
0.523638
0.519589
0.515498
0.511364
0.507190
0.502975
0.498722
0.494431
0.490103
0.485739
0.481341
0.476909
0.472445
0.467952
0.463428
0.458876
0.454296
0.449691
0.445061
0.440409
0.435735
0.431041
0.426328
0.421598
0.416851
0.412090
0.407315
0.402528
0.397732
0.392927
0.388114
0.383294
0.378470
0.373644
0.368815
0.363987
0.359159
0.354334
0.349514
0.344698
0.339889
0.335089
0.330299
0.325519
0.320752
0.315999
0.311260
0.306537
0.301833
0.297147
0.292481
0.287836
0.283214
0.278616
0.274042
0.269494
0.264974
0.260481
0.256018
0.251585
0.247183
0.242813
0.238477
0.234175
0.229907
0.225675
0.221480
0.217323
0.213203
0.209123
0.205082
0.201082
0.197122
0.193204
0.189328
0.185495
0.181705
0.177959
0.174257
0.170600
0.166987
0.163420
0.159899
0.156424
0.152995
0.149613
0.146277
0.142989
0.139747
0.136553
0.133406
0.130306
0.127254
0.124250
0.121293
0.118384
0.115522
0.112707
0.109940
0.107220
0.104547
0.101920
0.099341
0.096808
0.094321
0.091880
0.089485
0.087136
0.084831
0.082571
0.080356
0.078185
0.076058
0.073974
0.071934
0.069936
0.067980
0.066066
0.064193
0.062361
0.060569
0.058817
0.057105
0.055432
0.053797
0.052200
0.050641
0.049118
0.047632
0.046182
0.044767
0.043387
0.042041
0.040729
0.039450
0.038203
0.036989
0.035806
0.034655
0.033533
0.032442
0.031380
0.030346
0.029341
0.028363
0.027413
0.026489
0.025592
0.024719
0.023872
0.023050
0.022251
0.021475
0.020723
0.019993
0.019285
0.018598
0.017932
0.017287
0.016661
0.016055
0.015468
0.014899
0.014349
0.013816
0.013300
0.012801
0.012318
0.011851
0.011400
0.010963
0.010541
0.010134
0.009740
0.009360
0.008992
0.008638
0.008295
0.007965
0.007646
0.007339
0.007042
0.006757
0.006481
0.006216
0.005960
0.005713
0.005476
0.005248
0.005028
0.004816
0.004612
0.004416
0.004228
0.004046
0.003872
0.003705
0.003544
0.003389
0.003240
0.003098
0.002961
0.002829
0.002703
0.002582
0.002466
0.002355
0.002248
0.002146
0.002047
0.001953
0.001863
0.001777
0.001694
0.001615
0.001540
0.001467
0.001398
0.001331
0.001268
0.001207
0.001149
0.001094
0.001041
0.000990
0.000942
0.000896
0.000852
0.000810
0.000770
0.000732
0.000695
0.000660
0.000627
0.000595
0.000565
0.000536
0.000509
0.000483
0.000458
0.000434
0.000412
0.000391
0.000370
0.000351
0.000332
0.000315
0.000298
0.000282
0.000267
0.000253
0.000239
0.000226
0.000214
0.000203
0.000192
0.000181
0.000171
0.000162
0.000153
0.000144
0.000136
0.000129
0.000121
0.000115
0.000108
0.000102
0.000096
0.000091
0.000086
0.000081
0.000076
0.000072
0.000068
0.000064
0.000060
0.000056
0.000053
0.000050
0.000047
0.000044
0.000042
0.000039
0.000037
0.000035
0.000033
0.000031
0.000029
0.000027
0.000025
0.000024
0.000022
0.000021
0.000020
0.000018
0.000017
0.000016
0.000015
0.000014
0.000013
0.000013
0.000012
0.000011
0.000010
0.000010
0.000009
0.000008
0.000008
0.000007
0.000007
0.000006
0.000006
0.000006
0.000005
0.000005
0.000005
0.000004
0.000004
0.000004
0.000004
0.000003
0.000003
0.000003
0.000003
0.000002
0.000002
0.000002
0.000002
0.000002
0.000002
0.000002
0.000002
0.000001
0.000001
0.000001
0.000001
0.000001
0.000001
0.000001
0.000001
0.000001
0.000001
0.000001
0.000001
0.000001
0.000001
0.000001
0.000000
0.000000
0.000000
0.000000
0.000000
0.000000
0.000000
0.000000
0.000000
0.000000
0.000000
0.000000
0.000000
0.000000
0.000000
0.000000
0.000000
0.000000
0.000000
0.000000
0.000000
0.000000
0.000000
0.000000
0.000000
0.000000
0.000000
0.000000
0.000000
0.000000
0.000000
0.000000
0.000000
0.000000
0.000000
0.000000
0.000000
0.000000
0.000000
0.000000
0.000000
0.000000
0.000000
0.000000
0.000000
0.000000
0.000000
0.000000
0.000000
0.000000
0.000000
0.000000
0.000000
0.000000
0.000000
0.000000
0.000000
0.000000
0.000000
0.000000
0.000000
0.000000
0.000000
0.000000
0.000000
0.000000
0.000000
0.000000
0.000000
0.000000
0.000000
0.000000
0.000000
0.000000
0.000000
0.000000
0.000000
0.000000
0.000000
0.000000
0.000000
0.000000
0.000000
0.000000
0.000000
0.000000
0.000000
0.000000
0.000000
0.000000
0.000000
0.000000
0.000000
0.000000
0.000000
0.000000
0.000000
0.000000
0.000000
0.000000
0.000000
0.000000
0.000000
0.000000
0.000000
0.000000
0.000000
0.000000
0.000000
0.000000
0.000000
0.000000
0.000000
0.000000
0.000000
0.000000
0.000000
0.000000
0.000000
0.000000
0.000000
0.000000
0.000000
0.000000
0.000000
0.000000
0.000000
0.000000
0.000000
0.000000
0.000000
0.000000
0.000000
0.000000
0.000000
0.000000
0.000000
0.000000
0.000000
0.000000
0.000000
0.000000
0.000000
0.000000
0.000000
0.000000
0.000000
0.000000
0.000000
0.000000
0.000000
0.000000
0.000000
0.000000
0.000000
0.000000
0.000000
0.000000
0.000000
0.000000
0.000000
0.000000
0.000000
0.000000
0.000000
0.000000
0.000000
0.000000
0.000000
0.000000
0.000000
0.000000
0.000000
0.000000
0.000000
0.000000
0.000000
0.000000
0.000000
0.000000
0.000000
0.000000
0.000000
0.000000
0.000000
0.000000
0.000000
0.000000
0.000000
0.000000
0.000000
0.000000
0.000000
0.000000
0.000000
0.000000
0.000000
0.000000
0.000000
0.000000
0.000000
0.000000
0.000000
0.000000
0.000000
0.000000
0.000000
0.000000
0.000000
0.000000
0.000000
0.000000
0.000000
0.000000
0.000000
0.000000
0.000000
0.000000
0.000000
0.000000
0.000000
0.000000
0.000000
0.000000
0.000000
0.000000
0.000000
0.000000
0.000000
0.000000
0.000000
0.000000
0.000000
0.000000
0.000000
0.000000
0.000000
0.000000
0.000000
0.000000
0.000000
0.000000
0.000000
0.000000
0.000000
0.000000
0.000000
0.000000
0.000000
0.000000
0.000000
0.000000
0.000000
0.000000
0.000000
0.000000
0.000000
0.000000
0.000000
0.000000
0.000000
0.000000
0.000000
0.000000
0.000000
0.000000
