0.000165
0.000331
0.000496
0.000663
0.000831
0.001001
0.001170
0.001345
0.001518
0.001698
0.001876
0.002061
0.002246
0.002438
0.002632
0.002829
0.003035
0.003239
0.003456
0.003672
0.003897
0.004130
0.004361
0.004610
0.004857
0.005114
0.005385
0.005652
0.005938
0.006231
0.006523
0.006840
0.007158
0.007481
0.007829
0.008178
0.008533
0.008916
0.009303
0.009690
0.010108
0.010541
0.010969
0.011417
0.011898
0.012382
0.012865
0.013378
0.013924
0.014476
0.015024
0.015595
0.016207
0.016847
0.017488
0.018126
0.018781
0.019474
0.020211
0.020984
0.021783
0.022599
0.023429
0.024276
0.025141
0.026028
0.026940
0.027877
0.028841
0.029832
0.030850
0.031898
0.032974
0.034080
0.035216
0.036383
0.037581
0.038811
0.040073
0.041368
0.042696
0.044058
0.045455
0.046887
0.048354
0.049858
0.051398
0.052975
0.054590
0.056243
0.057935
0.059666
0.061436
0.063247
0.065098
0.066991
0.068924
0.070900
0.072918
0.074979
0.077083
0.079230
0.081422
0.083657
0.085938
0.088263
0.090633
0.093049
0.095511
0.098019
0.100573
0.103173
0.105821
0.108515
0.111256
0.114044
0.116880
0.119762
0.122692
0.125670
0.128695
0.131767
0.134887
0.138054
0.141268
0.144529
0.147837
0.151192
0.154593
0.158041
0.161535
0.165074
0.168659
0.172288
0.175962
0.179681
0.183443
0.187249
0.191097
0.194988
0.198920
0.202893
0.206907
0.210960
0.215053
0.219184
0.223352
0.227557
0.231798
0.236074
0.240384
0.244728
0.249104
0.253512
0.257950
0.262417
0.266912
0.271435
0.275984
0.280558
0.285157
0.289777
0.294420
0.299082
0.303764
0.308464
0.313179
0.317911
0.322656
0.327413
0.332182
0.336961
0.341749
0.346543
0.351344
0.356148
0.360955
0.365764
0.370573
0.375380
0.380185
0.384985
0.389780
0.394567
0.399345
0.404114
0.408870
0.413614
0.418343
0.423057
0.427753
0.432430
0.437087
0.441723
0.446335
0.450923
0.455486
0.460022
0.464530
0.469009
0.473457
0.477872
0.482254
0.486602
0.490914
0.495190
0.499428
0.503627
0.507786
0.511904
0.515980
0.520013
0.524002
0.527946
0.531845
0.535697
0.539502
0.543258
0.546966
0.550624
0.554232
0.557789
0.561296
0.564749
0.568151
0.571500
0.574796
0.578038
0.581226
0.584359
0.587439
0.590463
0.593433
0.596347
0.599206
0.602010
0.604758
0.607451
0.610088
0.612670
0.615197
0.617668
0.620085
0.622446
0.624754
0.627006
0.629205
0.631350
0.633442
0.635480
0.637466
0.639399
0.641281
0.643111
0.644891
0.646620
0.648299
0.649928
0.651508
0.653040
0.654524
0.655960
0.657350
0.658694
0.659992
0.661246
0.662455
0.663621
0.664742
0.665822
0.666859
0.667855
0.668810
0.669725
0.670599
0.671435
0.672232
0.672990
0.673710
0.674394
0.675042
0.675652
0.676227
0.676767
0.677271
0.677741
0.678178
0.678581
0.678949
0.679286
0.679588
0.679859
0.680097
0.680303
0.680477
0.680619
0.680729
0.680808
0.680856
0.680872
0.680856
0.680809
0.680730
0.680619
0.680477
0.680303
0.680097
0.679860
0.679589
0.679286
0.678950
0.678580
0.678177
0.677741
0.677271
0.676767
0.676227
0.675652
0.675041
0.674393
0.673711
0.672990
0.672231
0.671435
0.670600
0.669725
0.668811
0.667857
0.666861
0.665824
0.664745
0.663622
0.662458
0.661249
0.659997
0.658698
0.657354
0.655964
0.654528
0.653043
0.651511
0.649930
0.648301
0.646623
0.644894
0.643115
0.641285
0.639403
0.637469
0.635484
0.633444
0.631353
0.629209
0.627010
0.624757
0.622450
0.620088
0.617671
0.615199
0.612673
0.610091
0.607453
0.604761
0.602013
0.599210
0.596351
0.593437
0.590468
0.587443
0.584364
0.581231
0.578043
0.574801
0.571506
0.568157
0.564756
0.561302
0.557796
0.554238
0.550630
0.546972
0.543264
0.539507
0.535703
0.531851
0.527953
0.524008
0.520019
0.515986
0.511910
0.507792
0.503633
0.499433
0.495196
0.490920
0.486607
0.482259
0.477876
0.473460
0.469012
0.464535
0.460027
0.455490
0.450927
0.446338
0.441725
0.437089
0.432432
0.427755
0.423059
0.418346
0.413617
0.408873
0.404116
0.399348
0.394570
0.389783
0.384989
0.380189
0.375384
0.370577
0.365768
0.360959
0.356152
0.351348
0.346548
0.341753
0.336966
0.332187
0.327418
0.322661
0.317916
0.313185
0.308469
0.303769
0.299088
0.294425
0.289783
0.285162
0.280564
0.275990
0.271441
0.266918
0.262423
0.257956
0.253518
0.249110
0.244734
0.240390
0.236080
0.231804
0.227563
0.223358
0.219189
0.215059
0.210966
0.206913
0.202899
0.198926
0.194994
0.191104
0.187255
0.183449
0.179687
0.175968
0.172294
0.168664
0.165080
0.161540
0.158047
0.154599
0.151198
0.147843
0.144535
0.141274
0.138060
0.134893
0.131773
0.128700
0.125675
0.122698
0.119768
0.116885
0.114049
0.111261
0.108520
0.105826
0.103178
0.100578
0.098024
0.095516
0.093054
0.090638
0.088267
0.085942
0.083662
0.081426
0.079235
0.077087
0.074983
0.072922
0.070904
0.068928
0.066994
0.065102
0.063251
0.061440
0.059669
0.057938
0.056247
0.054593
0.052978
0.051401
0.049861
0.048357
0.046890
0.045458
0.044061
0.042699
0.041370
0.040076
0.038813
0.037584
0.036386
0.035219
0.034083
0.032977
0.031900
0.030853
0.029834
0.028843
0.027880
0.026943
0.026033
0.025148
0.024289
0.023454
0.022643
0.021857
0.021093
0.020352
0.019633
0.018936
0.018260
0.017604
0.016969
0.016354
0.015757
0.015179
0.014620
0.014079
0.013554
0.013047
0.012556
0.012081
0.011622
0.011178
0.010749
0.010335
0.009934
0.009547
0.009173
0.008813
0.008464
0.008128
0.007804
0.007491
0.007189
0.006898
0.006617
0.006347
0.006086
0.005835
0.005593
0.005360
0.005136
0.004920
0.004713
0.004513
0.004321
0.004136
0.003958
0.003787
0.003623
0.003465
0.003314
0.003168
0.003028
0.002894
0.002766
0.002642
0.002523
0.002410
0.002301
0.002196
0.002096
0.002000
0.001908
0.001820
0.001735
0.001654
0.001577
0.001503
0.001432
0.001364
0.001299
0.001237
0.001178
0.001121
0.001067
0.001015
0.000966
0.000919
0.000874
0.000831
0.000790
0.000750
0.000713
0.000677
0.000643
0.000611
0.000580
0.000551
0.000523
0.000496
0.000470
0.000446
0.000423
0.000401
0.000380
0.000360
0.000341
0.000323
0.000306
0.000290
0.000275
0.000260
0.000246
0.000233
0.000220
0.000208
0.000197
0.000186
0.000176
0.000166
0.000157
0.000148
0.000140
0.000132
0.000125
0.000118
0.000111
0.000105
0.000099
0.000094
0.000088
0.000083
0.000078
0.000074
0.000070
0.000066
0.000062
0.000058
0.000055
0.000052
0.000048
0.000046
0.000043
0.000040
0.000038
0.000036
0.000034
0.000032
0.000030
0.000028
0.000026
0.000025
0.000023
0.000022
0.000020
0.000019
0.000018
0.000017
0.000016
0.000015
0.000014
0.000013
0.000012
0.000011
0.000011
0.000010
0.000009
0.000009
0.000008
0.000008
0.000007
0.000007
0.000006
0.000006
0.000005
0.000005
0.000005
0.000004
0.000004
0.000004
0.000004
0.000003
0.000003
0.000003
0.000003
0.000003
0.000002
0.000002
0.000002
0.000002
0.000002
0.000002
0.000002
0.000001
0.000001
0.000001
0.000001
0.000001
0.000001
0.000001
0.000001
0.000001
0.000001
0.000001
0.000001
0.000001
0.000001
0.000001
0.000000
0.000000
0.000000
0.000000
0.000000
0.000000
0.000000
0.000000
0.000000
0.000000
0.000000
0.000000
0.000000
0.000000
0.000000
0.000000
0.000000
0.000000
0.000000
0.000000
0.000000
0.000000
0.000000
0.000000
0.000000
0.000000
0.000000
0.000000
0.000000
0.000000
0.000000
0.000000
0.000000
0.000000
0.000000
0.000000
0.000000
0.000000
0.000000
0.000000
0.000000
0.000000
0.000000
0.000000
0.000000
0.000000
0.000000
0.000000
0.000000
0.000000
0.000000
0.000000
0.000000
0.000000
0.000000
0.000000
0.000000
0.000000
0.000000
0.000000
0.000000
0.000000
0.000000
0.000000
0.000000
0.000000
0.000000
0.000000
0.000000
0.000000
0.000000
0.000000
0.000000
0.000000
0.000000
0.000000
0.000000
0.000000
0.000000
0.000000
0.000000
0.000000
0.000000
0.000000
0.000000
0.000000
0.000000
0.000000
0.000000
0.000000
0.000000
0.000000
0.000000
0.000000
0.000000
0.000000
0.000000
0.000000
0.000000
0.000000
0.000000
0.000000
0.000000
0.000000
0.000000
0.000000
0.000000
0.000000
0.000000
0.000000
0.000000
0.000000
0.000000
0.000000
0.000000
0.000000
0.000000
0.000000
0.000000
0.000000
0.000000
0.000000
0.000000
0.000000
0.000000
0.000000
0.000000
0.000000
0.000000
0.000000
0.000000
0.000000
0.000000
0.000000
0.000000
0.000000
0.000000
0.000000
0.000000
0.000000
0.000000
0.000000
0.000000
0.000000
0.000000
0.000000
0.000000
0.000000
0.000000
0.000000
0.000000
0.000000
0.000000
0.000000
0.000000
0.000000
0.000000
0.000000
0.000000
0.000000
0.000000
0.000000
0.000000
0.000000
0.000000
0.000000
0.000000
0.000000
0.000000
0.000000
0.000000
0.000000
0.000000
0.000000
0.000000
0.000000
0.000000
0.000000
0.000000
0.000000
0.000000
0.000000
0.000000
0.000000
0.000000
0.000000
0.000000
0.000000
0.000000
0.000000
0.000000
0.000000
0.000000
0.000000
0.000000
0.000000
0.000000
0.000000
0.000000
0.000000
0.000000
0.000000
0.000000
0.000000
0.000000
0.000000
0.000000
0.000000
0.000000
0.000000
0.000000
0.000000
0.000000
0.000000
0.000000
0.000000
0.000000
0.000000
0.000000
0.000000
0.000000
0.000000
0.000000
0.000000
0.000000
0.000000
0.000000
0.000000
0.000000
0.000000
0.000000
0.000000
0.000000
0.000000
0.000000
0.000000
0.000000
0.000000
0.000000
0.000000
0.000000
0.000000
0.000000
0.000000
0.000000
0.000000
0.000000
0.000000
0.000000
0.000000
0.000000
0.000000
0.000000
0.000000
0.000000
0.000000
0.000000
0.000000
0.000000
0.000000
0.000000
0.000000
0.000000
0.000000
0.000000
0.000000
