0.000169
0.000338
0.000507
0.000678
0.000849
0.001023
0.001196
0.001374
0.001551
0.001734
0.001917
0.002105
0.002296
0.002489
0.002690
0.002889
0.003100
0.003310
0.003528
0.003753
0.003978
0.004218
0.004455
0.004705
0.004962
0.005220
0.005497
0.005772
0.006058
0.006361
0.006659
0.006976
0.007307
0.007634
0.007983
0.008347
0.008705
0.009088
0.009490
0.009886
0.010302
0.010746
0.011190
0.011638
0.012121
0.012623
0.013119
0.013630
0.014180
0.014750
0.015315
0.015889
0.016500
0.017149
0.017811
0.018469
0.019134
0.019827
0.020564
0.021343
0.022153
0.022984
0.023831
0.024693
0.025573
0.026475
0.027400
0.028350
0.029327
0.030332
0.031364
0.032426
0.033517
0.034637
0.035788
0.036970
0.038183
0.039429
0.040707
0.042018
0.043362
0.044741
0.046155
0.047604
0.049089
0.050610
0.052168
0.053763
0.055396
0.057068
0.058778
0.060528
0.062317
0.064147
0.066018
0.067930
0.069883
0.071879
0.073917
0.075998
0.078123
0.080290
0.082502
0.084759
0.087060
0.089406
0.091797
0.094234
0.096717
0.099246
0.101821
0.104443
0.107111
0.109827
0.112589
0.115398
0.118254
0.121158
0.124109
0.127107
0.130153
0.133246
0.136386
0.139573
0.142807
0.146087
0.149415
0.152789
0.156209
0.159675
0.163187
0.166745
0.170347
0.173994
0.177685
0.181420
0.185198
0.189019
0.192883
0.196788
0.200734
0.204721
0.208748
0.212814
0.216918
0.221060
0.225239
0.229453
0.233704
0.237988
0.242306
0.246657
0.251039
0.255452
0.259895
0.264365
0.268864
0.273389
0.277939
0.282513
0.287111
0.291729
0.296369
0.301028
0.305705
0.310399
0.315108
0.319831
0.324567
0.329315
0.334073
0.338840
0.343614
0.348394
0.353179
0.357966
0.362756
0.367545
0.372334
0.377120
0.381902
0.386678
0.391448
0.396208
0.400959
0.405699
0.410425
0.415138
0.419834
0.424514
0.429175
0.433816
0.438436
0.443033
0.447605
0.452153
0.456674
0.461166
0.465630
0.470063
0.474463
0.478830
0.483164
0.487461
0.491722
0.495945
0.500130
0.504274
0.508378
0.512439
0.516457
0.520432
0.524361
0.528246
0.532082
0.535873
0.539614
0.543307
0.546951
0.550544
0.554086
0.557577
0.561016
0.564402
0.567735
0.571015
0.574241
0.577414
0.580532
0.583595
0.586603
0.589556
0.592454
0.595297
0.598083
0.600815
0.603491
0.606112
0.608677
0.611187
0.613641
0.616040
0.618385
0.620674
0.622910
0.625092
0.627220
0.629295
0.631316
0.633285
0.635202
0.637066
0.638880
0.640644
0.642357
0.644019
0.645633
0.647198
0.648715
0.650184
0.651607
0.652982
0.654313
0.655598
0.656839
0.658036
0.659191
0.660302
0.661371
0.662400
0.663387
0.664334
0.665242
0.666110
0.666941
0.667733
0.668489
0.669207
0.669890
0.670537
0.671149
0.671726
0.672269
0.672778
0.673255
0.673699
0.674110
0.674490
0.674837
0.675154
0.675439
0.675694
0.675918
0.676111
0.676275
0.676409
0.676512
0.676587
0.676632
0.676647
0.676632
0.676588
0.676513
0.676409
0.676275
0.676112
0.675918
0.675694
0.675440
0.675155
0.674837
0.674489
0.674110
0.673698
0.673255
0.672779
0.672269
0.671726
0.671148
0.670536
0.669889
0.669207
0.668488
0.667733
0.666941
0.666111
0.665243
0.664335
0.663388
0.662401
0.661373
0.660304
0.659194
0.658040
0.656843
0.655602
0.654317
0.652986
0.651610
0.650187
0.648717
0.647200
0.645636
0.644023
0.642360
0.640647
0.638884
0.637071
0.635205
0.633288
0.631319
0.629298
0.627223
0.625096
0.622914
0.620678
0.618388
0.616043
0.613643
0.611189
0.608679
0.606114
0.603494
0.600818
0.598087
0.595300
0.592458
0.589560
0.586607
0.583599
0.580537
0.577419
0.574247
0.571021
0.567741
0.564408
0.561023
0.557583
0.554092
0.550550
0.546957
0.543313
0.539620
0.535879
0.532089
0.528252
0.524368
0.520438
0.516464
0.512445
0.508383
0.504280
0.500135
0.495951
0.491728
0.487466
0.483168
0.478835
0.474467
0.470066
0.465634
0.461171
0.456677
0.452156
0.447608
0.443035
0.438438
0.433819
0.429178
0.424517
0.419837
0.415141
0.410428
0.405701
0.400962
0.396211
0.391451
0.386682
0.381906
0.377124
0.372338
0.367550
0.362760
0.357970
0.353183
0.348398
0.343618
0.338844
0.334078
0.329320
0.324573
0.319837
0.315113
0.310404
0.305710
0.301033
0.296374
0.291735
0.287116
0.282519
0.277945
0.273395
0.268870
0.264372
0.259901
0.255458
0.251045
0.246663
0.242312
0.237994
0.233709
0.229459
0.225244
0.221065
0.216924
0.212819
0.208754
0.204727
0.200740
0.196794
0.192889
0.189026
0.185205
0.181426
0.177691
0.174000
0.170353
0.166750
0.163193
0.159681
0.156215
0.152795
0.149421
0.146093
0.142812
0.139578
0.136391
0.133251
0.130158
0.127113
0.124115
0.121163
0.118260
0.115403
0.112594
0.109832
0.107116
0.104448
0.101826
0.099251
0.096722
0.094239
0.091802
0.089410
0.087064
0.084763
0.082507
0.080295
0.078127
0.076002
0.073921
0.071883
0.069887
0.067934
0.066022
0.064151
0.062321
0.060531
0.058781
0.057071
0.055399
0.053766
0.052171
0.050613
0.049092
0.047607
0.046158
0.044744
0.043365
0.042021
0.040709
0.039431
0.038186
0.036973
0.035791
0.034640
0.033519
0.032428
0.031367
0.030334
0.029330
0.028353
0.027403
0.026480
0.025583
0.024711
0.023864
0.023042
0.022244
0.021469
0.020717
0.019987
0.019279
0.018593
0.017927
0.017282
0.016657
0.016051
0.015464
0.014896
0.014345
0.013813
0.013297
0.012798
0.012315
0.011849
0.011397
0.010961
0.010539
0.010132
0.009738
0.009358
0.008991
0.008636
0.008294
0.007964
0.007645
0.007338
0.007041
0.006756
0.006480
0.006215
0.005959
0.005713
0.005475
0.005247
0.005027
0.004815
0.004612
0.004416
0.004227
0.004046
0.003872
0.003704
0.003543
0.003389
0.003240
0.003098
0.002961
0.002829
0.002703
0.002582
0.002466
0.002354
0.002248
0.002145
0.002047
0.001953
0.001863
0.001777
0.001694
0.001615
0.001539
0.001467
0.001398
0.001331
0.001268
0.001207
0.001149
0.001094
0.001041
0.000990
0.000942
0.000896
0.000852
0.000810
0.000770
0.000731
0.000695
0.000660
0.000627
0.000595
0.000565
0.000536
0.000509
0.000483
0.000458
0.000434
0.000412
0.000391
0.000370
0.000351
0.000332
0.000315
0.000298
0.000282
0.000267
0.000253
0.000239
0.000226
0.000214
0.000203
0.000192
0.000181
0.000171
0.000162
0.000153
0.000144
0.000136
0.000129
0.000121
0.000115
0.000108
0.000102
0.000096
0.000091
0.000086
0.000081
0.000076
0.000072
0.000068
0.000064
0.000060
0.000056
0.000053
0.000050
0.000047
0.000044
0.000042
0.000039
0.000037
0.000035
0.000033
0.000031
0.000029
0.000027
0.000025
0.000024
0.000022
0.000021
0.000020
0.000018
0.000017
0.000016
0.000015
0.000014
0.000013
0.000013
0.000012
0.000011
0.000010
0.000010
0.000009
0.000008
0.000008
0.000007
0.000007
0.000006
0.000006
0.000006
0.000005
0.000005
0.000005
0.000004
0.000004
0.000004
0.000004
0.000003
0.000003
0.000003
0.000003
0.000002
0.000002
0.000002
0.000002
0.000002
0.000002
0.000002
0.000002
0.000001
0.000001
0.000001
0.000001
0.000001
0.000001
0.000001
0.000001
0.000001
0.000001
0.000001
0.000001
0.000001
0.000001
0.000001
0.000000
0.000000
0.000000
0.000000
0.000000
0.000000
0.000000
0.000000
0.000000
0.000000
0.000000
0.000000
0.000000
0.000000
0.000000
0.000000
0.000000
0.000000
0.000000
0.000000
0.000000
0.000000
0.000000
0.000000
0.000000
0.000000
0.000000
0.000000
0.000000
0.000000
0.000000
0.000000
0.000000
0.000000
0.000000
0.000000
0.000000
0.000000
0.000000
0.000000
0.000000
0.000000
0.000000
0.000000
0.000000
0.000000
0.000000
0.000000
0.000000
0.000000
0.000000
0.000000
0.000000
0.000000
0.000000
0.000000
0.000000
0.000000
0.000000
0.000000
0.000000
0.000000
0.000000
0.000000
0.000000
0.000000
0.000000
0.000000
0.000000
0.000000
0.000000
0.000000
0.000000
0.000000
0.000000
0.000000
0.000000
0.000000
0.000000
0.000000
0.000000
0.000000
0.000000
0.000000
0.000000
0.000000
0.000000
0.000000
0.000000
0.000000
0.000000
0.000000
0.000000
0.000000
0.000000
0.000000
0.000000
0.000000
0.000000
0.000000
0.000000
0.000000
0.000000
0.000000
0.000000
0.000000
0.000000
0.000000
0.000000
0.000000
0.000000
0.000000
0.000000
0.000000
0.000000
0.000000
0.000000
0.000000
0.000000
0.000000
0.000000
0.000000
0.000000
0.000000
0.000000
0.000000
0.000000
0.000000
0.000000
0.000000
0.000000
0.000000
0.000000
0.000000
0.000000
0.000000
0.000000
0.000000
0.000000
0.000000
0.000000
0.000000
0.000000
0.000000
0.000000
0.000000
0.000000
0.000000
0.000000
0.000000
0.000000
0.000000
0.000000
0.000000
0.000000
0.000000
0.000000
0.000000
0.000000
0.000000
0.000000
0.000000
0.000000
0.000000
0.000000
0.000000
0.000000
0.000000
0.000000
0.000000
0.000000
0.000000
0.000000
0.000000
0.000000
0.000000
0.000000
0.000000
0.000000
0.000000
0.000000
0.000000
0.000000
0.000000
0.000000
0.000000
0.000000
0.000000
0.000000
0.000000
0.000000
0.000000
0.000000
0.000000
0.000000
0.000000
0.000000
0.000000
0.000000
0.000000
0.000000
0.000000
0.000000
0.000000
0.000000
0.000000
0.000000
0.000000
0.000000
0.000000
0.000000
0.000000
0.000000
0.000000
0.000000
0.000000
0.000000
0.000000
0.000000
0.000000
0.000000
0.000000
0.000000
0.000000
0.000000
0.000000
0.000000
0.000000
0.000000
0.000000
0.000000
0.000000
0.000000
0.000000
0.000000
0.000000
0.000000
0.000000
0.000000
0.000000
0.000000
0.000000
0.000000
0.000000
0.000000
0.000000
0.000000
0.000000
0.000000
0.000000
0.000000
0.000000
0.000000
0.000000
0.000000
0.000000
0.000000
0.000000
0.000000
0.000000
0.000000
0.000000
0.000000
0.000000
0.000000
