0.000172
0.000345
0.000518
0.000693
0.000867
0.001045
0.001223
0.001403
0.001586
0.001770
0.001960
0.002149
0.002347
0.002542
0.002748
0.002952
0.003165
0.003383
0.003601
0.003833
0.004062
0.004305
0.004551
0.004801
0.005067
0.005330
0.005608
0.005895
0.006181
0.006490
0.006800
0.007115
0.007455
0.007792
0.008140
0.008513
0.008884
0.009266
0.009676
0.010087
0.010503
0.010951
0.011412
0.011868
0.012349
0.012862
0.013376
0.013892
0.014441
0.015023
0.015609
0.016193
0.016802
0.017454
0.018133
0.018814
0.019493
0.020191
0.020927
0.021709
0.022528
0.023373
0.024236
0.025115
0.026011
0.026927
0.027866
0.028830
0.029820
0.030839
0.031886
0.032961
0.034066
0.035202
0.036368
0.037565
0.038794
0.040055
0.041349
0.042676
0.044037
0.045433
0.046864
0.048330
0.049832
0.051371
0.052947
0.054560
0.056212
0.057902
0.059631
0.061400
0.063208
0.065058
0.066948
0.068879
0.070853
0.072869
0.074927
0.077028
0.079173
0.081362
0.083594
0.085871
0.088193
0.090560
0.092973
0.095431
0.097935
0.100485
0.103081
0.105724
0.108414
0.111150
0.113933
0.116764
0.119641
0.122566
0.125537
0.128556
0.131622
0.134736
0.137896
0.141103
0.144357
0.147657
0.151004
0.154397
0.157836
0.161321
0.164851
0.168426
0.172046
0.175710
0.179418
0.183170
0.186964
0.190800
0.194679
0.198598
0.202559
0.206559
0.210598
0.214676
0.218792
0.222945
0.227134
0.231359
0.235618
0.239911
0.244236
0.248594
0.252982
0.257400
0.261846
0.266321
0.270822
0.275348
0.279899
0.284474
0.289070
0.293687
0.298323
0.302978
0.307650
0.312338
0.317040
0.321755
0.326482
0.331220
0.335966
0.340721
0.345481
0.350246
0.355015
0.359785
0.364557
0.369327
0.374095
0.378859
0.383617
0.388369
0.393113
0.397847
0.402570
0.407281
0.411977
0.416657
0.421321
0.425967
0.430593
0.435197
0.439779
0.444337
0.448869
0.453375
0.457854
0.462303
0.466721
0.471108
0.475461
0.479780
0.484064
0.488311
0.492520
0.496691
0.500822
0.504911
0.508959
0.512963
0.516924
0.520840
0.524709
0.528533
0.532309
0.536037
0.539715
0.543344
0.546923
0.550451
0.553927
0.557351
0.560723
0.564041
0.567306
0.570517
0.573673
0.576776
0.579824
0.582816
0.585753
0.588635
0.591461
0.594232
0.596947
0.599607
0.602210
0.604759
0.607252
0.609689
0.612071
0.614398
0.616671
0.618889
0.621053
0.623164
0.625221
0.627226
0.629177
0.631077
0.632924
0.634721
0.636467
0.638163
0.639809
0.641407
0.642955
0.644456
0.645909
0.647317
0.648678
0.649993
0.651264
0.652491
0.653675
0.654816
0.655915
0.656973
0.657990
0.658967
0.659904
0.660803
0.661663
0.662486
0.663273
0.664022
0.664736
0.665415
0.666060
0.666670
0.667247
0.667791
0.668303
0.668782
0.669230
0.669648
0.670034
0.670391
0.670717
0.671014
0.671282
0.671521
0.671731
0.671913
0.672066
0.672191
0.672288
0.672358
0.672400
0.672414
0.672400
0.672359
0.672289
0.672191
0.672066
0.671913
0.671731
0.671521
0.671283
0.671015
0.670717
0.670391
0.670034
0.669647
0.669230
0.668782
0.668303
0.667791
0.667247
0.666670
0.666059
0.665415
0.664736
0.664022
0.663273
0.662487
0.661664
0.660804
0.659906
0.658968
0.657991
0.656975
0.655918
0.654819
0.653678
0.652495
0.651268
0.649997
0.648681
0.647319
0.645912
0.644459
0.642958
0.641410
0.639813
0.638166
0.636470
0.634725
0.632928
0.631079
0.629180
0.627229
0.625225
0.623168
0.621057
0.618892
0.616674
0.614401
0.612074
0.609691
0.607253
0.604761
0.602213
0.599609
0.596950
0.594236
0.591465
0.588639
0.585758
0.582820
0.579828
0.576781
0.573679
0.570523
0.567312
0.564047
0.560730
0.557358
0.553934
0.550457
0.546929
0.543350
0.539721
0.536043
0.532315
0.528539
0.524716
0.520846
0.516930
0.512969
0.508964
0.504917
0.500827
0.496696
0.492526
0.488316
0.484068
0.479784
0.475465
0.471111
0.466725
0.462307
0.457858
0.453379
0.448873
0.444339
0.439781
0.435200
0.430595
0.425970
0.421324
0.416661
0.411980
0.407283
0.402573
0.397850
0.393117
0.388373
0.383621
0.378862
0.374098
0.369331
0.364561
0.359789
0.355019
0.350250
0.345485
0.340725
0.335971
0.331225
0.326487
0.321760
0.317045
0.312343
0.307656
0.302984
0.298329
0.293692
0.289075
0.284479
0.279905
0.275354
0.270828
0.266327
0.261853
0.257406
0.252988
0.248599
0.244242
0.239917
0.235624
0.231365
0.227140
0.222951
0.218798
0.214682
0.210604
0.206565
0.202565
0.198605
0.194685
0.190807
0.186970
0.183176
0.179424
0.175716
0.172052
0.168432
0.164857
0.161327
0.157842
0.154403
0.151010
0.147663
0.144363
0.141109
0.137902
0.134741
0.131628
0.128562
0.125543
0.122571
0.119646
0.116769
0.113938
0.111155
0.108419
0.105729
0.103086
0.100490
0.097940
0.095436
0.092977
0.090565
0.088198
0.085876
0.083598
0.081366
0.079177
0.077032
0.074931
0.072872
0.070857
0.068883
0.066952
0.065061
0.063212
0.061403
0.059634
0.057905
0.056215
0.054563
0.052950
0.051374
0.049835
0.048333
0.046867
0.045436
0.044040
0.042679
0.041352
0.040058
0.038797
0.037568
0.036370
0.035204
0.034069
0.032964
0.031888
0.030841
0.029823
0.028833
0.027870
0.026934
0.026024
0.025140
0.024281
0.023446
0.022636
0.021850
0.021087
0.020346
0.019628
0.018931
0.018255
0.017600
0.016965
0.016349
0.015753
0.015176
0.014617
0.014075
0.013551
0.013044
0.012553
0.012079
0.011620
0.011176
0.010747
0.010333
0.009932
0.009545
0.009172
0.008811
0.008463
0.008127
0.007802
0.007489
0.007188
0.006897
0.006616
0.006346
0.006085
0.005834
0.005592
0.005360
0.005135
0.004920
0.004712
0.004512
0.004320
0.004135
0.003958
0.003787
0.003623
0.003465
0.003313
0.003168
0.003028
0.002894
0.002765
0.002642
0.002523
0.002409
0.002300
0.002196
0.002096
0.002000
0.001908
0.001819
0.001735
0.001654
0.001577
0.001503
0.001432
0.001364
0.001299
0.001237
0.001178
0.001121
0.001067
0.001015
0.000966
0.000919
0.000874
0.000831
0.000790
0.000750
0.000713
0.000677
0.000643
0.000611
0.000580
0.000551
0.000523
0.000496
0.000470
0.000446
0.000423
0.000401
0.000380
0.000360
0.000341
0.000323
0.000306
0.000290
0.000275
0.000260
0.000246
0.000233
0.000220
0.000208
0.000197
0.000186
0.000176
0.000166
0.000157
0.000148
0.000140
0.000132
0.000125
0.000118
0.000111
0.000105
0.000099
0.000094
0.000088
0.000083
0.000078
0.000074
0.000070
0.000066
0.000062
0.000058
0.000055
0.000052
0.000048
0.000046
0.000043
0.000040
0.000038
0.000036
0.000034
0.000032
0.000030
0.000028
0.000026
0.000025
0.000023
0.000022
0.000020
0.000019
0.000018
0.000017
0.000016
0.000015
0.000014
0.000013
0.000012
0.000011
0.000011
0.000010
0.000009
0.000009
0.000008
0.000008
0.000007
0.000007
0.000006
0.000006
0.000005
0.000005
0.000005
0.000004
0.000004
0.000004
0.000004
0.000003
0.000003
0.000003
0.000003
0.000003
0.000002
0.000002
0.000002
0.000002
0.000002
0.000002
0.000002
0.000001
0.000001
0.000001
0.000001
0.000001
0.000001
0.000001
0.000001
0.000001
0.000001
0.000001
0.000001
0.000001
0.000001
0.000001
0.000000
0.000000
0.000000
0.000000
0.000000
0.000000
0.000000
0.000000
0.000000
0.000000
0.000000
0.000000
0.000000
0.000000
0.000000
0.000000
0.000000
0.000000
0.000000
0.000000
0.000000
0.000000
0.000000
0.000000
0.000000
0.000000
0.000000
0.000000
0.000000
0.000000
0.000000
0.000000
0.000000
0.000000
0.000000
0.000000
0.000000
0.000000
0.000000
0.000000
0.000000
0.000000
0.000000
0.000000
0.000000
0.000000
0.000000
0.000000
0.000000
0.000000
0.000000
0.000000
0.000000
0.000000
0.000000
0.000000
0.000000
0.000000
0.000000
0.000000
0.000000
0.000000
0.000000
0.000000
0.000000
0.000000
0.000000
0.000000
0.000000
0.000000
0.000000
0.000000
0.000000
0.000000
0.000000
0.000000
0.000000
0.000000
0.000000
0.000000
0.000000
0.000000
0.000000
0.000000
0.000000
0.000000
0.000000
0.000000
0.000000
0.000000
0.000000
0.000000
0.000000
0.000000
0.000000
0.000000
0.000000
0.000000
0.000000
0.000000
0.000000
0.000000
0.000000
0.000000
0.000000
0.000000
0.000000
0.000000
0.000000
0.000000
0.000000
0.000000
0.000000
0.000000
0.000000
0.000000
0.000000
0.000000
0.000000
0.000000
0.000000
0.000000
0.000000
0.000000
0.000000
0.000000
0.000000
0.000000
0.000000
0.000000
0.000000
0.000000
0.000000
0.000000
0.000000
0.000000
0.000000
0.000000
0.000000
0.000000
0.000000
0.000000
0.000000
0.000000
0.000000
0.000000
0.000000
0.000000
0.000000
0.000000
0.000000
0.000000
0.000000
0.000000
0.000000
0.000000
0.000000
0.000000
0.000000
0.000000
0.000000
0.000000
0.000000
0.000000
0.000000
0.000000
0.000000
0.000000
0.000000
0.000000
0.000000
0.000000
0.000000
0.000000
0.000000
0.000000
0.000000
0.000000
0.000000
0.000000
0.000000
0.000000
0.000000
0.000000
0.000000
0.000000
0.000000
0.000000
0.000000
0.000000
0.000000
0.000000
0.000000
0.000000
0.000000
0.000000
0.000000
0.000000
0.000000
0.000000
0.000000
0.000000
0.000000
0.000000
0.000000
0.000000
0.000000
0.000000
0.000000
0.000000
0.000000
0.000000
0.000000
0.000000
0.000000
0.000000
0.000000
0.000000
0.000000
0.000000
0.000000
0.000000
0.000000
0.000000
0.000000
0.000000
0.000000
0.000000
0.000000
0.000000
0.000000
0.000000
0.000000
0.000000
0.000000
0.000000
0.000000
0.000000
0.000000
0.000000
0.000000
0.000000
0.000000
0.000000
0.000000
0.000000
0.000000
0.000000
0.000000
0.000000
0.000000
0.000000
0.000000
0.000000
0.000000
0.000000
0.000000
0.000000
0.000000
0.000000
0.000000
0.000000
0.000000
0.000000
0.000000
