0.000176
0.000353
0.000530
0.000707
0.000887
0.001067
0.001250
0.001433
0.001621
0.001808
0.002003
0.002196
0.002397
0.002598
0.002805
0.003018
0.003231
0.003456
0.003678
0.003913
0.004150
0.004393
0.004649
0.004901
0.005171
0.005444
0.005721
0.006018
0.006311
0.006619
0.006941
0.007261
0.007602
0.007954
0.008304
0.008680
0.009066
0.009450
0.009862
0.010289
0.010712
0.011159
0.011633
0.012104
0.012585
0.013101
0.013634
0.014163
0.014710
0.015296
0.015902
0.016503
0.017115
0.017766
0.018456
0.019158
0.019857
0.020565
0.021302
0.022085
0.022910
0.023767
0.024646
0.025541
0.026453
0.027384
0.028338
0.029316
0.030321
0.031353
0.032414
0.033504
0.034624
0.035774
0.036955
0.038168
0.039412
0.040689
0.041999
0.043343
0.044721
0.046133
0.047581
0.049065
0.050585
0.052141
0.053735
0.055367
0.057037
0.058745
0.060494
0.062281
0.064109
0.065978
0.067888
0.069839
0.071833
0.073869
0.075947
0.078069
0.080234
0.082444
0.084697
0.086995
0.089338
0.091726
0.094160
0.096639
0.099164
0.101735
0.104353
0.107017
0.109728
0.112485
0.115290
0.118141
0.121039
0.123985
0.126978
0.130017
0.133104
0.136238
0.139418
0.142645
0.145919
0.149239
0.152605
0.156017
0.159475
0.162978
0.166527
0.170120
0.173757
0.177438
0.181163
0.184930
0.188740
0.192592
0.196485
0.200419
0.204393
0.208407
0.212459
0.216549
0.220676
0.224840
0.229039
0.233273
0.237541
0.241841
0.246174
0.250538
0.254932
0.259355
0.263805
0.268283
0.272786
0.277314
0.281866
0.286440
0.291034
0.295649
0.300282
0.304933
0.309600
0.314281
0.318976
0.323682
0.328399
0.333126
0.337861
0.342603
0.347349
0.352099
0.356851
0.361605
0.366357
0.371108
0.375854
0.380596
0.385331
0.390059
0.394777
0.399484
0.404178
0.408859
0.413524
0.418173
0.422804
0.427415
0.432005
0.436572
0.441116
0.445635
0.450127
0.454591
0.459026
0.463432
0.467805
0.472145
0.476451
0.480722
0.484955
0.489151
0.493309
0.497427
0.501503
0.505538
0.509529
0.513476
0.517379
0.521236
0.525046
0.528808
0.532523
0.536188
0.539804
0.543369
0.546883
0.550345
0.553756
0.557113
0.560416
0.563667
0.566863
0.570005
0.573092
0.576125
0.579102
0.582024
0.584889
0.587700
0.590455
0.593154
0.595797
0.598384
0.600916
0.603392
0.605812
0.608178
0.610488
0.612743
0.614944
0.617091
0.619183
0.621223
0.623209
0.625144
0.627025
0.628855
0.630634
0.632363
0.634041
0.635671
0.637250
0.638782
0.640266
0.641703
0.643093
0.644438
0.645737
0.646992
0.648204
0.649373
0.650500
0.651585
0.652630
0.653634
0.654599
0.655524
0.656412
0.657262
0.658076
0.658853
0.659595
0.660302
0.660975
0.661615
0.662222
0.662795
0.663337
0.663848
0.664328
0.664777
0.665198
0.665589
0.665951
0.666285
0.666590
0.666867
0.667117
0.667341
0.667537
0.667707
0.667850
0.667967
0.668058
0.668123
0.668161
0.668174
0.668162
0.668123
0.668058
0.667967
0.667850
0.667707
0.667537
0.667341
0.667118
0.666867
0.666590
0.666284
0.665951
0.665589
0.665198
0.664778
0.664328
0.663848
0.663337
0.662795
0.662220
0.661614
0.660975
0.660302
0.659595
0.658854
0.658077
0.657264
0.656413
0.655525
0.654600
0.653636
0.652632
0.651588
0.650503
0.649377
0.648208
0.646997
0.645740
0.644440
0.643095
0.641705
0.640268
0.638784
0.637253
0.635673
0.634044
0.632366
0.630638
0.628858
0.627028
0.625147
0.623213
0.621227
0.619187
0.617093
0.614946
0.612746
0.610490
0.608180
0.605814
0.603394
0.600918
0.598386
0.595800
0.593157
0.590458
0.587704
0.584894
0.582028
0.579106
0.576130
0.573098
0.570011
0.566869
0.563673
0.560423
0.557119
0.553762
0.550351
0.546889
0.543375
0.539810
0.536194
0.532529
0.528815
0.525052
0.521243
0.517386
0.513483
0.509535
0.505543
0.501509
0.497432
0.493314
0.489157
0.484960
0.480726
0.476455
0.472149
0.467808
0.463435
0.459031
0.454595
0.450130
0.445637
0.441119
0.436575
0.432007
0.427417
0.422806
0.418176
0.413528
0.408862
0.404181
0.399486
0.394780
0.390062
0.385335
0.380600
0.375858
0.371111
0.366361
0.361608
0.356855
0.352103
0.347353
0.342607
0.337866
0.333131
0.328404
0.323687
0.318981
0.314286
0.309605
0.304938
0.300288
0.295654
0.291040
0.286445
0.281871
0.277320
0.272792
0.268289
0.263811
0.259361
0.254938
0.250544
0.246180
0.241847
0.237546
0.233279
0.229045
0.224845
0.220682
0.216554
0.212465
0.208413
0.204399
0.200425
0.196492
0.192598
0.188747
0.184936
0.181169
0.177444
0.173763
0.170126
0.166533
0.162984
0.159481
0.156023
0.152611
0.149245
0.145925
0.142651
0.139424
0.136243
0.133109
0.130023
0.126983
0.123991
0.121045
0.118146
0.115295
0.112490
0.109733
0.107022
0.104358
0.101740
0.099169
0.096644
0.094164
0.091731
0.089343
0.086999
0.084701
0.082448
0.080239
0.078073
0.075951
0.073873
0.071837
0.069843
0.067892
0.065982
0.064113
0.062285
0.060497
0.058749
0.057040
0.055370
0.053738
0.052144
0.050588
0.049068
0.047584
0.046136
0.044724
0.043346
0.042002
0.040692
0.039415
0.038170
0.036958
0.035777
0.034627
0.033507
0.032417
0.031356
0.030324
0.029320
0.028343
0.027394
0.026471
0.025575
0.024703
0.023857
0.023035
0.022237
0.021463
0.020711
0.019982
0.019274
0.018588
0.017923
0.017278
0.016653
0.016047
0.015460
0.014892
0.014342
0.013810
0.013294
0.012795
0.012313
0.011846
0.011395
0.010959
0.010537
0.010130
0.009736
0.009356
0.008989
0.008635
0.008292
0.007962
0.007644
0.007337
0.007040
0.006755
0.006479
0.006214
0.005958
0.005712
0.005475
0.005246
0.005026
0.004815
0.004611
0.004415
0.004227
0.004045
0.003871
0.003704
0.003543
0.003388
0.003240
0.003097
0.002960
0.002829
0.002703
0.002582
0.002466
0.002354
0.002248
0.002145
0.002047
0.001953
0.001863
0.001777
0.001694
0.001615
0.001539
0.001467
0.001398
0.001331
0.001268
0.001207
0.001149
0.001094
0.001041
0.000990
0.000942
0.000896
0.000852
0.000810
0.000770
0.000731
0.000695
0.000660
0.000627
0.000595
0.000565
0.000536
0.000509
0.000483
0.000458
0.000434
0.000412
0.000390
0.000370
0.000351
0.000332
0.000315
0.000298
0.000282
0.000267
0.000253
0.000239
0.000226
0.000214
0.000203
0.000192
0.000181
0.000171
0.000162
0.000153
0.000144
0.000136
0.000129
0.000121
0.000115
0.000108
0.000102
0.000096
0.000091
0.000086
0.000081
0.000076
0.000072
0.000068
0.000064
0.000060
0.000056
0.000053
0.000050
0.000047
0.000044
0.000042
0.000039
0.000037
0.000035
0.000033
0.000031
0.000029
0.000027
0.000025
0.000024
0.000022
0.000021
0.000020
0.000018
0.000017
0.000016
0.000015
0.000014
0.000013
0.000013
0.000012
0.000011
0.000010
0.000010
0.000009
0.000008
0.000008
0.000007
0.000007
0.000006
0.000006
0.000006
0.000005
0.000005
0.000005
0.000004
0.000004
0.000004
0.000004
0.000003
0.000003
0.000003
0.000003
0.000002
0.000002
0.000002
0.000002
0.000002
0.000002
0.000002
0.000002
0.000001
0.000001
0.000001
0.000001
0.000001
0.000001
0.000001
0.000001
0.000001
0.000001
0.000001
0.000001
0.000001
0.000001
0.000001
0.000000
0.000000
0.000000
0.000000
0.000000
0.000000
0.000000
0.000000
0.000000
0.000000
0.000000
0.000000
0.000000
0.000000
0.000000
0.000000
0.000000
0.000000
0.000000
0.000000
0.000000
0.000000
0.000000
0.000000
0.000000
0.000000
0.000000
0.000000
0.000000
0.000000
0.000000
0.000000
0.000000
0.000000
0.000000
0.000000
0.000000
0.000000
0.000000
0.000000
0.000000
0.000000
0.000000
0.000000
0.000000
0.000000
0.000000
0.000000
0.000000
0.000000
0.000000
0.000000
0.000000
0.000000
0.000000
0.000000
0.000000
0.000000
0.000000
0.000000
0.000000
0.000000
0.000000
0.000000
0.000000
0.000000
0.000000
0.000000
0.000000
0.000000
0.000000
0.000000
0.000000
0.000000
0.000000
0.000000
0.000000
0.000000
0.000000
0.000000
0.000000
0.000000
0.000000
0.000000
0.000000
0.000000
0.000000
0.000000
0.000000
0.000000
0.000000
0.000000
0.000000
0.000000
0.000000
0.000000
0.000000
0.000000
0.000000
0.000000
0.000000
0.000000
0.000000
0.000000
0.000000
0.000000
0.000000
0.000000
0.000000
0.000000
0.000000
0.000000
0.000000
0.000000
0.000000
0.000000
0.000000
0.000000
0.000000
0.000000
0.000000
0.000000
0.000000
0.000000
0.000000
0.000000
0.000000
0.000000
0.000000
0.000000
0.000000
0.000000
0.000000
0.000000
0.000000
0.000000
0.000000
0.000000
0.000000
0.000000
0.000000
0.000000
0.000000
0.000000
0.000000
0.000000
0.000000
0.000000
0.000000
0.000000
0.000000
0.000000
0.000000
0.000000
0.000000
0.000000
0.000000
0.000000
0.000000
0.000000
0.000000
0.000000
0.000000
0.000000
0.000000
0.000000
0.000000
0.000000
0.000000
0.000000
0.000000
0.000000
0.000000
0.000000
0.000000
0.000000
0.000000
0.000000
0.000000
0.000000
0.000000
0.000000
0.000000
0.000000
0.000000
0.000000
0.000000
0.000000
0.000000
0.000000
0.000000
0.000000
0.000000
0.000000
0.000000
0.000000
0.000000
0.000000
0.000000
0.000000
0.000000
0.000000
0.000000
0.000000
0.000000
0.000000
0.000000
0.000000
0.000000
0.000000
0.000000
0.000000
0.000000
0.000000
0.000000
0.000000
0.000000
0.000000
0.000000
0.000000
0.000000
0.000000
0.000000
0.000000
0.000000
0.000000
0.000000
0.000000
0.000000
0.000000
0.000000
0.000000
0.000000
0.000000
0.000000
0.000000
0.000000
0.000000
0.000000
0.000000
0.000000
0.000000
0.000000
0.000000
0.000000
0.000000
0.000000
0.000000
0.000000
0.000000
0.000000
0.000000
0.000000
0.000000
0.000000
0.000000
0.000000
0.000000
0.000000
0.000000
0.000000
0.000000
0.000000
0.000000
