0.000180
0.000360
0.000541
0.000722
0.000906
0.001090
0.001277
0.001464
0.001656
0.001848
0.002045
0.002244
0.002446
0.002655
0.002864
0.003083
0.003300
0.003528
0.003758
0.003994
0.004240
0.004484
0.004745
0.005006
0.005276
0.005559
0.005839
0.006139
0.006444
0.006752
0.007082
0.007412
0.007752
0.008115
0.008474
0.008849
0.009247
0.009642
0.010052
0.010490
0.010927
0.011373
0.011853
0.012342
0.012829
0.013345
0.013891
0.014438
0.014989
0.015575
0.016194
0.016815
0.017438
0.018088
0.018782
0.019501
0.020223
0.020946
0.021688
0.022471
0.023299
0.024166
0.025059
0.025971
0.026900
0.027848
0.028816
0.029809
0.030828
0.031874
0.032950
0.034054
0.035189
0.036354
0.037550
0.038778
0.040039
0.041332
0.042658
0.044018
0.045413
0.046843
0.048308
0.049809
0.051346
0.052921
0.054533
0.056183
0.057872
0.059599
0.061366
0.063173
0.065021
0.066909
0.068839
0.070810
0.072824
0.074880
0.076979
0.079121
0.081307
0.083537
0.085811
0.088130
0.090494
0.092903
0.095358
0.097858
0.100405
0.102997
0.105636
0.108322
0.111053
0.113832
0.116658
0.119530
0.122450
0.125416
0.128430
0.131490
0.134597
0.137751
0.140952
0.144199
0.147492
0.150832
0.154217
0.157649
0.161125
0.164647
0.168213
0.171824
0.175478
0.179176
0.182918
0.186701
0.190527
0.194394
0.198302
0.202250
0.206237
0.210264
0.214328
0.218430
0.222569
0.226743
0.230952
0.235195
0.239472
0.243780
0.248120
0.252490
0.256889
0.261317
0.265771
0.270251
0.274757
0.279286
0.283838
0.288411
0.293004
0.297616
0.302245
0.306892
0.311552
0.316227
0.320914
0.325612
0.330319
0.335035
0.339758
0.344486
0.349218
0.353953
0.358688
0.363424
0.368157
0.372887
0.377612
0.382332
0.387043
0.391746
0.396437
0.401117
0.405783
0.410433
0.415068
0.419684
0.424281
0.428858
0.433411
0.437942
0.442447
0.446926
0.451377
0.455800
0.460192
0.464553
0.468880
0.473174
0.477432
0.481653
0.485837
0.489982
0.494088
0.498152
0.502174
0.506153
0.510088
0.513978
0.517823
0.521621
0.525371
0.529072
0.532725
0.536327
0.539880
0.543380
0.546829
0.550226
0.553571
0.556860
0.560097
0.563279
0.566407
0.569480
0.572497
0.575460
0.578366
0.581217
0.584012
0.586751
0.589434
0.592061
0.594633
0.597147
0.599607
0.602011
0.604359
0.606652
0.608891
0.611074
0.613203
0.615278
0.617299
0.619268
0.621184
0.623048
0.624861
0.626621
0.628332
0.629992
0.631603
0.633165
0.634679
0.636145
0.637564
0.638937
0.640265
0.641547
0.642786
0.643981
0.645133
0.646245
0.647315
0.648344
0.649333
0.650285
0.651198
0.652072
0.652910
0.653713
0.654479
0.655211
0.655909
0.656574
0.657205
0.657806
0.658375
0.658913
0.659420
0.659897
0.660346
0.660766
0.661158
0.661523
0.661861
0.662171
0.662456
0.662713
0.662947
0.663154
0.663336
0.663495
0.663627
0.663736
0.663820
0.663880
0.663916
0.663928
0.663916
0.663880
0.663820
0.663736
0.663627
0.663494
0.663337
0.663154
0.662947
0.662714
0.662455
0.662171
0.661860
0.661523
0.661159
0.660766
0.660347
0.659898
0.659420
0.658912
0.658374
0.657805
0.657205
0.656574
0.655909
0.655212
0.654480
0.653714
0.652911
0.652073
0.651199
0.650287
0.649336
0.648347
0.647318
0.646248
0.645138
0.643985
0.642789
0.641550
0.640267
0.638939
0.637567
0.636147
0.634681
0.633168
0.631606
0.629995
0.628335
0.626624
0.624864
0.623052
0.621188
0.619272
0.617303
0.615281
0.613205
0.611077
0.608893
0.606654
0.604361
0.602013
0.599609
0.597150
0.594635
0.592064
0.589438
0.586755
0.584017
0.581222
0.578371
0.575465
0.572503
0.569485
0.566413
0.563285
0.560103
0.556867
0.553576
0.550232
0.546835
0.543387
0.539886
0.536334
0.532731
0.529079
0.525377
0.521627
0.517830
0.513985
0.510095
0.506159
0.502180
0.498157
0.494093
0.489987
0.485842
0.481658
0.477436
0.473177
0.468883
0.464556
0.460196
0.455803
0.451381
0.446929
0.442450
0.437944
0.433414
0.428860
0.424284
0.419687
0.415071
0.410436
0.405785
0.401120
0.396440
0.391749
0.387047
0.382336
0.377616
0.372891
0.368161
0.363427
0.358692
0.353957
0.349222
0.344490
0.339762
0.335040
0.330324
0.325617
0.320919
0.316232
0.311558
0.306897
0.302251
0.297621
0.293009
0.288416
0.283843
0.279292
0.274763
0.270258
0.265777
0.261322
0.256895
0.252496
0.248126
0.243786
0.239477
0.235201
0.230958
0.226749
0.222574
0.218436
0.214334
0.210270
0.206244
0.202256
0.198308
0.194400
0.190533
0.186708
0.182924
0.179182
0.175484
0.171830
0.168219
0.164653
0.161131
0.157655
0.154223
0.150838
0.147498
0.144205
0.140957
0.137757
0.134603
0.131495
0.128435
0.125422
0.122455
0.119536
0.116663
0.113837
0.111059
0.108326
0.105641
0.103002
0.100409
0.097863
0.095363
0.092908
0.090499
0.088134
0.085815
0.083541
0.081311
0.079125
0.076983
0.074884
0.072827
0.070814
0.068843
0.066913
0.065025
0.063177
0.061370
0.059603
0.057875
0.056186
0.054536
0.052924
0.051349
0.049812
0.048311
0.046846
0.045416
0.044021
0.042661
0.041335
0.040042
0.038781
0.037553
0.036357
0.035192
0.034057
0.032952
0.031877
0.030831
0.029813
0.028824
0.027861
0.026925
0.026016
0.025132
0.024274
0.023440
0.022630
0.021844
0.021081
0.020341
0.019623
0.018926
0.018251
0.017596
0.016961
0.016346
0.015750
0.015173
0.014614
0.014072
0.013548
0.013042
0.012551
0.012077
0.011618
0.011174
0.010745
0.010331
0.009931
0.009544
0.009170
0.008810
0.008461
0.008125
0.007801
0.007488
0.007187
0.006896
0.006615
0.006345
0.006084
0.005833
0.005592
0.005359
0.005135
0.004919
0.004712
0.004512
0.004320
0.004135
0.003957
0.003787
0.003622
0.003465
0.003313
0.003168
0.003028
0.002894
0.002765
0.002641
0.002523
0.002409
0.002300
0.002196
0.002096
0.001999
0.001907
0.001819
0.001735
0.001654
0.001577
0.001503
0.001432
0.001364
0.001299
0.001237
0.001178
0.001121
0.001067
0.001015
0.000966
0.000919
0.000874
0.000831
0.000790
0.000750
0.000713
0.000677
0.000643
0.000611
0.000580
0.000551
0.000522
0.000496
0.000470
0.000446
0.000423
0.000401
0.000380
0.000360
0.000341
0.000323
0.000306
0.000290
0.000275
0.000260
0.000246
0.000233
0.000220
0.000208
0.000197
0.000186
0.000176
0.000166
0.000157
0.000148
0.000140
0.000132
0.000125
0.000118
0.000111
0.000105
0.000099
0.000094
0.000088
0.000083
0.000078
0.000074
0.000070
0.000066
0.000062
0.000058
0.000055
0.000052
0.000048
0.000046
0.000043
0.000040
0.000038
0.000036
0.000034
0.000032
0.000030
0.000028
0.000026
0.000025
0.000023
0.000022
0.000020
0.000019
0.000018
0.000017
0.000016
0.000015
0.000014
0.000013
0.000012
0.000011
0.000011
0.000010
0.000009
0.000009
0.000008
0.000008
0.000007
0.000007
0.000006
0.000006
0.000005
0.000005
0.000005
0.000004
0.000004
0.000004
0.000004
0.000003
0.000003
0.000003
0.000003
0.000003
0.000002
0.000002
0.000002
0.000002
0.000002
0.000002
0.000002
0.000001
0.000001
0.000001
0.000001
0.000001
0.000001
0.000001
0.000001
0.000001
0.000001
0.000001
0.000001
0.000001
0.000001
0.000001
0.000000
0.000000
0.000000
0.000000
0.000000
0.000000
0.000000
0.000000
0.000000
0.000000
0.000000
0.000000
0.000000
0.000000
0.000000
0.000000
0.000000
0.000000
0.000000
0.000000
0.000000
0.000000
0.000000
0.000000
0.000000
0.000000
0.000000
0.000000
0.000000
0.000000
0.000000
0.000000
0.000000
0.000000
0.000000
0.000000
0.000000
0.000000
0.000000
0.000000
0.000000
0.000000
0.000000
0.000000
0.000000
0.000000
0.000000
0.000000
0.000000
0.000000
0.000000
0.000000
0.000000
0.000000
0.000000
0.000000
0.000000
0.000000
0.000000
0.000000
0.000000
0.000000
0.000000
0.000000
0.000000
0.000000
0.000000
0.000000
0.000000
0.000000
0.000000
0.000000
0.000000
0.000000
0.000000
0.000000
0.000000
0.000000
0.000000
0.000000
0.000000
0.000000
0.000000
0.000000
0.000000
0.000000
0.000000
0.000000
0.000000
0.000000
0.000000
0.000000
0.000000
0.000000
0.000000
0.000000
0.000000
0.000000
0.000000
0.000000
0.000000
0.000000
0.000000
0.000000
0.000000
0.000000
0.000000
0.000000
0.000000
0.000000
0.000000
0.000000
0.000000
0.000000
0.000000
0.000000
0.000000
0.000000
0.000000
0.000000
0.000000
0.000000
0.000000
0.000000
0.000000
0.000000
0.000000
0.000000
0.000000
0.000000
0.000000
0.000000
0.000000
0.000000
0.000000
0.000000
0.000000
0.000000
0.000000
0.000000
0.000000
0.000000
0.000000
0.000000
0.000000
0.000000
0.000000
0.000000
0.000000
0.000000
0.000000
0.000000
0.000000
0.000000
0.000000
0.000000
0.000000
0.000000
0.000000
0.000000
0.000000
0.000000
0.000000
0.000000
0.000000
0.000000
0.000000
0.000000
0.000000
0.000000
0.000000
0.000000
0.000000
0.000000
0.000000
0.000000
0.000000
0.000000
0.000000
0.000000
0.000000
0.000000
0.000000
0.000000
0.000000
0.000000
0.000000
0.000000
0.000000
0.000000
0.000000
0.000000
0.000000
0.000000
0.000000
0.000000
0.000000
0.000000
0.000000
0.000000
0.000000
0.000000
0.000000
0.000000
0.000000
0.000000
0.000000
0.000000
0.000000
0.000000
0.000000
0.000000
0.000000
0.000000
0.000000
0.000000
0.000000
0.000000
0.000000
0.000000
0.000000
0.000000
0.000000
0.000000
0.000000
0.000000
0.000000
0.000000
0.000000
0.000000
0.000000
0.000000
0.000000
0.000000
0.000000
0.000000
0.000000
0.000000
0.000000
0.000000
0.000000
0.000000
0.000000
0.000000
0.000000
0.000000
0.000000
0.000000
0.000000
0.000000
0.000000
0.000000
0.000000
0.000000
0.000000
0.000000
0.000000
0.000000
0.000000
0.000000
0.000000
0.000000
0.000000
0.000000
