0.000184
0.000368
0.000553
0.000738
0.000926
0.001114
0.001304
0.001496
0.001691
0.001889
0.002088
0.002293
0.002498
0.002712
0.002925
0.003147
0.003371
0.003601
0.003839
0.004077
0.004329
0.004580
0.004842
0.005113
0.005384
0.005674
0.005962
0.006262
0.006578
0.006890
0.007223
0.007565
0.007907
0.008275
0.008648
0.009023
0.009427
0.009837
0.010249
0.010691
0.011145
0.011596
0.012076
0.012580
0.013081
0.013596
0.014148
0.014714
0.015276
0.015861
0.016486
0.017128
0.017767
0.018420
0.019114
0.019845
0.020589
0.021332
0.022084
0.022869
0.023698
0.024571
0.025477
0.026406
0.027352
0.028316
0.029301
0.030308
0.031342
0.032403
0.033493
0.034612
0.035761
0.036942
0.038154
0.039397
0.040674
0.041983
0.043326
0.044703
0.046114
0.047561
0.049043
0.050562
0.052117
0.053710
0.055340
0.057009
0.058716
0.060463
0.062249
0.064075
0.065942
0.067850
0.069800
0.071791
0.073825
0.075901
0.078021
0.080184
0.082390
0.084641
0.086936
0.089276
0.091661
0.094092
0.096568
0.099089
0.101657
0.104271
0.106931
0.109638
0.112391
0.115191
0.118038
0.120931
0.123872
0.126859
0.129893
0.132974
0.136102
0.139276
0.142497
0.145764
0.149077
0.152436
0.155841
0.159291
0.162786
0.166326
0.169911
0.173539
0.177211
0.180926
0.184683
0.188483
0.192324
0.196206
0.200128
0.204090
0.208091
0.212131
0.216208
0.220321
0.224470
0.228655
0.232874
0.237126
0.241410
0.245727
0.250073
0.254449
0.258854
0.263285
0.267743
0.272226
0.276733
0.281263
0.285815
0.290387
0.294978
0.299587
0.304213
0.308854
0.313509
0.318176
0.322855
0.327544
0.332241
0.336946
0.341656
0.346371
0.351088
0.355806
0.360525
0.365242
0.369956
0.374666
0.379369
0.384066
0.388753
0.393430
0.398095
0.402747
0.407383
0.412004
0.416607
0.421191
0.425754
0.430295
0.434812
0.439305
0.443771
0.448210
0.452620
0.457001
0.461349
0.465666
0.469947
0.474193
0.478403
0.482576
0.486709
0.490803
0.494856
0.498867
0.502834
0.506758
0.510636
0.514469
0.518255
0.521993
0.525683
0.529323
0.532914
0.536454
0.539943
0.543379
0.546763
0.550094
0.553372
0.556595
0.559764
0.562877
0.565937
0.568940
0.571888
0.574780
0.577617
0.580397
0.583121
0.585788
0.588400
0.590955
0.593454
0.595897
0.598285
0.600616
0.602893
0.605113
0.607280
0.609391
0.611449
0.613453
0.615403
0.617301
0.619146
0.620940
0.622683
0.624375
0.626017
0.627609
0.629153
0.630648
0.632096
0.633497
0.634852
0.636160
0.637425
0.638646
0.639823
0.640959
0.642053
0.643106
0.644119
0.645093
0.646028
0.646926
0.647787
0.648611
0.649400
0.650154
0.650874
0.651561
0.652215
0.652838
0.653428
0.653990
0.654521
0.655022
0.655495
0.655939
0.656357
0.656748
0.657112
0.657450
0.657764
0.658051
0.658315
0.658554
0.658769
0.658961
0.659130
0.659276
0.659398
0.659499
0.659577
0.659632
0.659665
0.659676
0.659665
0.659632
0.659577
0.659499
0.659398
0.659275
0.659130
0.658961
0.658769
0.658554
0.658314
0.658051
0.657763
0.657451
0.657112
0.656748
0.656357
0.655940
0.655495
0.655022
0.654519
0.653989
0.653428
0.652837
0.652215
0.651562
0.650875
0.650155
0.649401
0.648612
0.647788
0.646928
0.646031
0.645096
0.644122
0.643109
0.642057
0.640962
0.639827
0.638648
0.637428
0.636163
0.634854
0.633499
0.632098
0.630650
0.629155
0.627611
0.626019
0.624378
0.622686
0.620944
0.619150
0.617304
0.615406
0.613455
0.611451
0.609394
0.607282
0.605115
0.602895
0.600618
0.598287
0.595900
0.593457
0.590958
0.588403
0.585792
0.583125
0.580402
0.577621
0.574785
0.571894
0.568945
0.565942
0.562884
0.559770
0.556602
0.553378
0.550100
0.546769
0.543385
0.539949
0.536460
0.532920
0.529330
0.525689
0.522000
0.518262
0.514475
0.510643
0.506764
0.502840
0.498872
0.494861
0.490808
0.486714
0.482580
0.478407
0.474197
0.469950
0.465668
0.461353
0.457005
0.452624
0.448214
0.443774
0.439307
0.434814
0.430297
0.425756
0.421193
0.416610
0.412007
0.407386
0.402749
0.398098
0.393433
0.388756
0.384069
0.379373
0.374669
0.369960
0.365246
0.360529
0.355810
0.351092
0.346375
0.341660
0.336950
0.332246
0.327548
0.322860
0.318181
0.313514
0.308859
0.304218
0.299592
0.294983
0.290392
0.285820
0.281269
0.276739
0.272232
0.267749
0.263291
0.258859
0.254455
0.250079
0.245732
0.241416
0.237132
0.232880
0.228661
0.224476
0.220327
0.216213
0.212137
0.208097
0.204097
0.200135
0.196212
0.192330
0.188489
0.184690
0.180932
0.177217
0.173545
0.169917
0.166332
0.162792
0.159297
0.155847
0.152442
0.149083
0.145770
0.142503
0.139282
0.136108
0.132980
0.129899
0.126865
0.123877
0.120937
0.118043
0.115196
0.112396
0.109643
0.106936
0.104276
0.101662
0.099094
0.096572
0.094096
0.091666
0.089281
0.086941
0.084645
0.082394
0.080188
0.078025
0.075905
0.073829
0.071795
0.069804
0.067854
0.065946
0.064079
0.062253
0.060466
0.058720
0.057012
0.055344
0.053713
0.052121
0.050565
0.049046
0.047564
0.046117
0.044706
0.043329
0.041986
0.040676
0.039400
0.038156
0.036945
0.035764
0.034615
0.033495
0.032406
0.031346
0.030314
0.029311
0.028335
0.027386
0.026464
0.025567
0.024697
0.023851
0.023029
0.022231
0.021457
0.020706
0.019977
0.019270
0.018584
0.017919
0.017274
0.016649
0.016044
0.015457
0.014889
0.014339
0.013807
0.013292
0.012793
0.012311
0.011844
0.011393
0.010957
0.010536
0.010128
0.009735
0.009355
0.008988
0.008633
0.008291
0.007961
0.007643
0.007336
0.007039
0.006754
0.006478
0.006213
0.005957
0.005711
0.005474
0.005246
0.005026
0.004814
0.004610
0.004415
0.004226
0.004045
0.003871
0.003703
0.003543
0.003388
0.003240
0.003097
0.002960
0.002829
0.002703
0.002582
0.002465
0.002354
0.002247
0.002145
0.002047
0.001953
0.001863
0.001777
0.001694
0.001615
0.001539
0.001467
0.001397
0.001331
0.001268
0.001207
0.001149
0.001094
0.001041
0.000990
0.000942
0.000896
0.000852
0.000810
0.000770
0.000731
0.000695
0.000660
0.000627
0.000595
0.000565
0.000536
0.000509
0.000483
0.000458
0.000434
0.000412
0.000390
0.000370
0.000351
0.000332
0.000315
0.000298
0.000282
0.000267
0.000253
0.000239
0.000226
0.000214
0.000203
0.000192
0.000181
0.000171
0.000162
0.000153
0.000144
0.000136
0.000129
0.000121
0.000115
0.000108
0.000102
0.000096
0.000091
0.000086
0.000081
0.000076
0.000072
0.000068
0.000064
0.000060
0.000056
0.000053
0.000050
0.000047
0.000044
0.000042
0.000039
0.000037
0.000035
0.000033
0.000031
0.000029
0.000027
0.000025
0.000024
0.000022
0.000021
0.000020
0.000018
0.000017
0.000016
0.000015
0.000014
0.000013
0.000013
0.000012
0.000011
0.000010
0.000010
0.000009
0.000008
0.000008
0.000007
0.000007
0.000006
0.000006
0.000006
0.000005
0.000005
0.000005
0.000004
0.000004
0.000004
0.000004
0.000003
0.000003
0.000003
0.000003
0.000002
0.000002
0.000002
0.000002
0.000002
0.000002
0.000002
0.000002
0.000001
0.000001
0.000001
0.000001
0.000001
0.000001
0.000001
0.000001
0.000001
0.000001
0.000001
0.000001
0.000001
0.000001
0.000001
0.000000
0.000000
0.000000
0.000000
0.000000
0.000000
0.000000
0.000000
0.000000
0.000000
0.000000
0.000000
0.000000
0.000000
0.000000
0.000000
0.000000
0.000000
0.000000
0.000000
0.000000
0.000000
0.000000
0.000000
0.000000
0.000000
0.000000
0.000000
0.000000
0.000000
0.000000
0.000000
0.000000
0.000000
0.000000
0.000000
0.000000
0.000000
0.000000
0.000000
0.000000
0.000000
0.000000
0.000000
0.000000
0.000000
0.000000
0.000000
0.000000
0.000000
0.000000
0.000000
0.000000
0.000000
0.000000
0.000000
0.000000
0.000000
0.000000
0.000000
0.000000
0.000000
0.000000
0.000000
0.000000
0.000000
0.000000
0.000000
0.000000
0.000000
0.000000
0.000000
0.000000
0.000000
0.000000
0.000000
0.000000
0.000000
0.000000
0.000000
0.000000
0.000000
0.000000
0.000000
0.000000
0.000000
0.000000
0.000000
0.000000
0.000000
0.000000
0.000000
0.000000
0.000000
0.000000
0.000000
0.000000
0.000000
0.000000
0.000000
0.000000
0.000000
0.000000
0.000000
0.000000
0.000000
0.000000
0.000000
0.000000
0.000000
0.000000
0.000000
0.000000
0.000000
0.000000
0.000000
0.000000
0.000000
0.000000
0.000000
0.000000
0.000000
0.000000
0.000000
0.000000
0.000000
0.000000
0.000000
0.000000
0.000000
0.000000
0.000000
0.000000
0.000000
0.000000
0.000000
0.000000
0.000000
0.000000
0.000000
0.000000
0.000000
0.000000
0.000000
0.000000
0.000000
0.000000
0.000000
0.000000
0.000000
0.000000
0.000000
0.000000
0.000000
0.000000
0.000000
0.000000
0.000000
0.000000
0.000000
0.000000
0.000000
0.000000
0.000000
0.000000
0.000000
0.000000
0.000000
0.000000
0.000000
0.000000
0.000000
0.000000
0.000000
0.000000
0.000000
0.000000
0.000000
0.000000
0.000000
0.000000
0.000000
0.000000
0.000000
0.000000
0.000000
0.000000
0.000000
0.000000
0.000000
0.000000
0.000000
0.000000
0.000000
0.000000
0.000000
0.000000
0.000000
0.000000
0.000000
0.000000
0.000000
0.000000
0.000000
0.000000
0.000000
0.000000
0.000000
0.000000
0.000000
0.000000
0.000000
0.000000
0.000000
0.000000
0.000000
0.000000
0.000000
0.000000
0.000000
0.000000
0.000000
0.000000
0.000000
0.000000
0.000000
0.000000
0.000000
0.000000
0.000000
0.000000
0.000000
0.000000
0.000000
0.000000
0.000000
0.000000
0.000000
0.000000
0.000000
0.000000
0.000000
0.000000
0.000000
0.000000
0.000000
0.000000
0.000000
0.000000
0.000000
0.000000
0.000000
0.000000
0.000000
0.000000
0.000000
0.000000
0.000000
0.000000
0.000000
0.000000
0.000000
0.000000
