0.000188
0.000376
0.000565
0.000755
0.000945
0.001138
0.001331
0.001529
0.001726
0.001930
0.002132
0.002342
0.002552
0.002769
0.002989
0.003212
0.003444
0.003676
0.003920
0.004163
0.004418
0.004678
0.004941
0.005220
0.005496
0.005788
0.006088
0.006389
0.006711
0.007034
0.007366
0.007719
0.008069
0.008436
0.008822
0.009205
0.009609
0.010033
0.010453
0.010894
0.011361
0.011826
0.012305
0.012817
0.013336
0.013856
0.014408
0.014989
0.015570
0.016158
0.016783
0.017440
0.018100
0.018763
0.019456
0.020193
0.020955
0.021721
0.022488
0.023278
0.024108
0.024985
0.025901
0.026845
0.027809
0.028790
0.029791
0.030814
0.031863
0.032939
0.034043
0.035177
0.036342
0.037537
0.038765
0.040024
0.041317
0.042642
0.044002
0.045395
0.046824
0.048288
0.049788
0.051324
0.052898
0.054508
0.056157
0.057844
0.059571
0.061336
0.063142
0.064987
0.066874
0.068802
0.070771
0.072783
0.074837
0.076934
0.079074
0.081257
0.083485
0.085756
0.088073
0.090434
0.092840
0.095292
0.097789
0.100332
0.102921
0.105556
0.108237
0.110965
0.113740
0.116561
0.119429
0.122344
0.125305
0.128314
0.131369
0.134470
0.137619
0.140813
0.144054
0.147341
0.150674
0.154052
0.157476
0.160945
0.164459
0.168017
0.171619
0.175265
0.178954
0.182686
0.186459
0.190275
0.194131
0.198028
0.201965
0.205941
0.209955
0.214007
0.218096
0.222221
0.226381
0.230576
0.234804
0.239065
0.243357
0.247681
0.252034
0.256415
0.260825
0.265260
0.269721
0.274207
0.278716
0.283246
0.287797
0.292368
0.296957
0.301563
0.306184
0.310820
0.315468
0.320128
0.324799
0.329478
0.334165
0.338858
0.343555
0.348256
0.352958
0.357660
0.362361
0.367060
0.371754
0.376443
0.381124
0.385797
0.390460
0.395111
0.399749
0.404373
0.408980
0.413570
0.418141
0.422692
0.427220
0.431726
0.436206
0.440661
0.445089
0.449487
0.453856
0.458194
0.462499
0.466770
0.471005
0.475204
0.479366
0.483488
0.487571
0.491614
0.495614
0.499571
0.503484
0.507351
0.511173
0.514948
0.518675
0.522354
0.525983
0.529562
0.533091
0.536568
0.539993
0.543365
0.546683
0.549949
0.553160
0.556316
0.559417
0.562463
0.565453
0.568387
0.571266
0.574087
0.576853
0.579562
0.582216
0.584811
0.587351
0.589835
0.592262
0.594633
0.596949
0.599208
0.601412
0.603561
0.605655
0.607695
0.609681
0.611613
0.613493
0.615320
0.617095
0.618819
0.620493
0.622116
0.623689
0.625214
0.626690
0.628119
0.629501
0.630837
0.632127
0.633373
0.634575
0.635734
0.636850
0.637926
0.638962
0.639957
0.640914
0.641832
0.642713
0.643558
0.644367
0.645141
0.645881
0.646587
0.647260
0.647902
0.648512
0.649093
0.649644
0.650165
0.650659
0.651124
0.651563
0.651975
0.652361
0.652723
0.653059
0.653371
0.653660
0.653925
0.654168
0.654388
0.654586
0.654762
0.654918
0.655051
0.655164
0.655256
0.655328
0.655378
0.655409
0.655418
0.655408
0.655378
0.655327
0.655256
0.655164
0.655051
0.654917
0.654762
0.654585
0.654388
0.654167
0.653925
0.653660
0.653372
0.653059
0.652723
0.652361
0.651975
0.651563
0.651124
0.650658
0.650165
0.649643
0.649093
0.648513
0.647903
0.647261
0.646587
0.645881
0.645142
0.644369
0.643560
0.642716
0.641834
0.640917
0.639960
0.638965
0.637929
0.636854
0.635737
0.634577
0.633375
0.632129
0.630839
0.629502
0.628121
0.626692
0.625215
0.623691
0.622119
0.620496
0.618823
0.617099
0.615323
0.613496
0.611616
0.609684
0.607697
0.605657
0.603563
0.601414
0.599210
0.596950
0.594635
0.592264
0.589837
0.587355
0.584815
0.582219
0.579567
0.576858
0.574092
0.571271
0.568392
0.565458
0.562469
0.559423
0.556322
0.553166
0.549955
0.546690
0.543371
0.539999
0.536574
0.533097
0.529569
0.525990
0.522360
0.518682
0.514955
0.511179
0.507357
0.503489
0.499576
0.495619
0.491618
0.487577
0.483493
0.479370
0.475208
0.471008
0.466772
0.462501
0.458198
0.453860
0.449491
0.445091
0.440664
0.436209
0.431728
0.427223
0.422694
0.418144
0.413573
0.408983
0.404375
0.399752
0.395114
0.390463
0.385801
0.381128
0.376446
0.371758
0.367063
0.362365
0.357664
0.352961
0.348260
0.343559
0.338862
0.334169
0.329482
0.324804
0.320133
0.315473
0.310825
0.306189
0.301568
0.296962
0.292373
0.287803
0.283252
0.278721
0.274213
0.269727
0.265266
0.260831
0.256421
0.252039
0.247686
0.243363
0.239071
0.234810
0.230581
0.226387
0.222227
0.218102
0.214013
0.209961
0.205947
0.201971
0.198034
0.194138
0.190281
0.186466
0.182692
0.178960
0.175271
0.171625
0.168023
0.164465
0.160951
0.157482
0.154058
0.150680
0.147347
0.144060
0.140819
0.137624
0.134476
0.131374
0.128319
0.125311
0.122349
0.119435
0.116566
0.113745
0.110970
0.108242
0.105561
0.102926
0.100337
0.097793
0.095296
0.092844
0.090438
0.088077
0.085761
0.083489
0.081261
0.079078
0.076938
0.074841
0.072787
0.070775
0.068806
0.066878
0.064991
0.063145
0.061340
0.059574
0.057848
0.056161
0.054512
0.052901
0.051327
0.049791
0.048291
0.046827
0.045398
0.044005
0.042645
0.041320
0.040027
0.038768
0.037540
0.036345
0.035180
0.034046
0.032942
0.031867
0.030822
0.029805
0.028815
0.027853
0.026918
0.026009
0.025126
0.024268
0.023434
0.022625
0.021839
0.021076
0.020336
0.019618
0.018922
0.018247
0.017592
0.016957
0.016342
0.015747
0.015170
0.014611
0.014070
0.013546
0.013039
0.012549
0.012075
0.011616
0.011172
0.010744
0.010329
0.009929
0.009542
0.009169
0.008808
0.008460
0.008124
0.007800
0.007487
0.007186
0.006895
0.006614
0.006344
0.006084
0.005833
0.005591
0.005358
0.005134
0.004919
0.004711
0.004511
0.004319
0.004135
0.003957
0.003786
0.003622
0.003464
0.003313
0.003167
0.003028
0.002894
0.002765
0.002641
0.002523
0.002409
0.002300
0.002196
0.002095
0.001999
0.001907
0.001819
0.001735
0.001654
0.001577
0.001503
0.001432
0.001364
0.001299
0.001237
0.001178
0.001121
0.001067
0.001015
0.000966
0.000919
0.000874
0.000831
0.000789
0.000750
0.000713
0.000677
0.000643
0.000611
0.000580
0.000551
0.000522
0.000496
0.000470
0.000446
0.000423
0.000401
0.000380
0.000360
0.000341
0.000323
0.000306
0.000290
0.000275
0.000260
0.000246
0.000233
0.000220
0.000208
0.000197
0.000186
0.000176
0.000166
0.000157
0.000148
0.000140
0.000132
0.000125
0.000118
0.000111
0.000105
0.000099
0.000094
0.000088
0.000083
0.000078
0.000074
0.000070
0.000066
0.000062
0.000058
0.000055
0.000052
0.000048
0.000046
0.000043
0.000040
0.000038
0.000036
0.000034
0.000032
0.000030
0.000028
0.000026
0.000025
0.000023
0.000022
0.000020
0.000019
0.000018
0.000017
0.000016
0.000015
0.000014
0.000013
0.000012
0.000011
0.000011
0.000010
0.000009
0.000009
0.000008
0.000008
0.000007
0.000007
0.000006
0.000006
0.000005
0.000005
0.000005
0.000004
0.000004
0.000004
0.000004
0.000003
0.000003
0.000003
0.000003
0.000003
0.000002
0.000002
0.000002
0.000002
0.000002
0.000002
0.000002
0.000001
0.000001
0.000001
0.000001
0.000001
0.000001
0.000001
0.000001
0.000001
0.000001
0.000001
0.000001
0.000001
0.000001
0.000001
0.000000
0.000000
0.000000
0.000000
0.000000
0.000000
0.000000
0.000000
0.000000
0.000000
0.000000
0.000000
0.000000
0.000000
0.000000
0.000000
0.000000
0.000000
0.000000
0.000000
0.000000
0.000000
0.000000
0.000000
0.000000
0.000000
0.000000
0.000000
0.000000
0.000000
0.000000
0.000000
0.000000
0.000000
0.000000
0.000000
0.000000
0.000000
0.000000
0.000000
0.000000
0.000000
0.000000
0.000000
0.000000
0.000000
0.000000
0.000000
0.000000
0.000000
0.000000
0.000000
0.000000
0.000000
0.000000
0.000000
0.000000
0.000000
0.000000
0.000000
0.000000
0.000000
0.000000
0.000000
0.000000
0.000000
0.000000
0.000000
0.000000
0.000000
0.000000
0.000000
0.000000
0.000000
0.000000
0.000000
0.000000
0.000000
0.000000
0.000000
0.000000
0.000000
0.000000
0.000000
0.000000
0.000000
0.000000
0.000000
0.000000
0.000000
0.000000
0.000000
0.000000
0.000000
0.000000
0.000000
0.000000
0.000000
0.000000
0.000000
0.000000
0.000000
0.000000
0.000000
0.000000
0.000000
0.000000
0.000000
0.000000
0.000000
0.000000
0.000000
0.000000
0.000000
0.000000
0.000000
0.000000
0.000000
0.000000
0.000000
0.000000
0.000000
0.000000
0.000000
0.000000
0.000000
0.000000
0.000000
0.000000
0.000000
0.000000
0.000000
0.000000
0.000000
0.000000
0.000000
0.000000
0.000000
0.000000
0.000000
0.000000
0.000000
0.000000
0.000000
0.000000
0.000000
0.000000
0.000000
0.000000
0.000000
0.000000
0.000000
0.000000
0.000000
0.000000
0.000000
0.000000
0.000000
0.000000
0.000000
0.000000
0.000000
0.000000
0.000000
0.000000
0.000000
0.000000
0.000000
0.000000
0.000000
0.000000
0.000000
0.000000
0.000000
0.000000
0.000000
0.000000
0.000000
0.000000
0.000000
0.000000
0.000000
0.000000
0.000000
0.000000
0.000000
0.000000
0.000000
0.000000
0.000000
0.000000
0.000000
0.000000
0.000000
0.000000
0.000000
0.000000
0.000000
0.000000
0.000000
0.000000
0.000000
0.000000
0.000000
0.000000
0.000000
0.000000
0.000000
0.000000
0.000000
0.000000
0.000000
0.000000
0.000000
0.000000
0.000000
0.000000
0.000000
0.000000
0.000000
0.000000
0.000000
0.000000
0.000000
0.000000
0.000000
0.000000
0.000000
0.000000
0.000000
0.000000
0.000000
0.000000
0.000000
0.000000
0.000000
0.000000
0.000000
0.000000
0.000000
0.000000
0.000000
0.000000
0.000000
0.000000
0.000000
0.000000
0.000000
0.000000
0.000000
0.000000
0.000000
0.000000
0.000000
0.000000
0.000000
0.000000
0.000000
0.000000
0.000000
0.000000
0.000000
0.000000
