0.000014
0.000016
0.000041
0.000045
0.000032
0.000083
0.000157
0.000202
0.000225
0.000240
0.000254
0.000269
0.000285
0.000302
0.000319
0.000338
0.000357
0.000378
0.000399
0.000422
0.000446
0.000472
0.000498
0.000526
0.000556
0.000587
0.000620
0.000654
0.000690
0.000728
0.000768
0.000810
0.000854
0.000900
0.000949
0.001000
0.001054
0.001110
0.001169
0.001231
0.001296
0.001364
0.001435
0.001510
0.001588
0.001671
0.001757
0.001847
0.001941
0.002040
0.002143
0.002251
0.002365
0.002483
0.002607
0.002736
0.002871
0.003013
0.003160
0.003314
0.003475
0.003644
0.003819
0.004002
0.004193
0.004393
0.004601
0.004818
0.005044
0.005279
0.005525
0.005781
0.006047
0.006325
0.006614
0.006915
0.007228
0.007553
0.007892
0.008245
0.008611
0.008992
0.009388
0.009799
0.010227
0.010670
0.011131
0.011610
0.012107
0.012622
0.013157
0.013712
0.014287
0.014884
0.015502
0.016143
0.016807
0.017495
0.018208
0.018945
0.019709
0.020499
0.021317
0.022163
0.023039
0.023943
0.024879
0.025846
0.026845
0.027878
0.028944
0.030045
0.031182
0.032356
0.033567
0.034816
0.036105
0.037434
0.038804
0.040217
0.041672
0.043172
0.044717
0.046308
0.047946
0.049632
0.051368
0.053153
0.054990
0.056878
0.058821
0.060817
0.062868
0.064976
0.067142
0.069365
0.071649
0.073992
0.076397
0.078865
0.081396
0.083992
0.086654
0.089382
0.092178
0.095042
0.097976
0.100981
0.104057
0.107206
0.110428
0.113724
0.117095
0.120543
0.124067
0.127669
0.131350
0.135110
0.138950
0.142871
0.146874
0.150959
0.155126
0.159378
0.163713
0.168133
0.172638
0.177228
0.181905
0.186668
0.191518
0.196454
0.201478
0.206590
0.211790
0.217077
0.222452
0.227916
0.233467
0.239106
0.244832
0.250646
0.256548
0.262536
0.268611
0.274772
0.281019
0.287350
0.293767
0.300267
0.306850
0.313515
0.320261
0.327088
0.333995
0.340979
0.348041
0.355179
0.362391
0.369676
0.377034
0.384461
0.391957
0.399520
0.407149
0.414840
0.422594
0.430407
0.438278
0.446204
0.454184
0.462215
0.470294
0.478420
0.486591
0.494802
0.503053
0.511340
0.519661
0.528012
0.536391
0.544795
0.553221
0.561667
0.570128
0.578603
0.587087
0.595577
0.604071
0.612564
0.621054
0.629537
0.638009
0.646467
0.654907
0.663327
0.671721
0.680088
0.688422
0.696720
0.704978
0.713193
0.721361
0.729478
0.737540
0.745543
0.753484
0.761359
0.769164
0.776895
0.784549
0.792121
0.799607
0.807005
0.814310
0.821517
0.828625
0.835629
0.842525
0.849309
0.855980
0.862531
0.868960
0.875264
0.881439
0.887482
0.893389
0.899158
0.904785
0.910267
0.915600
0.920782
0.925811
0.930682
0.935394
0.939944
0.944328
0.948545
0.952593
0.956468
0.960169
0.963693
0.967038
0.970203
0.973186
0.975985
0.978597
0.981023
0.983260
0.985307
0.987162
0.988826
0.990296
0.991571
0.992652
0.993537
0.994226
0.994718
0.995014
0.995112
0.995014
0.994718
0.994226
0.993537
0.992652
0.991571
0.990296
0.988826
0.987164
0.985308
0.983261
0.981025
0.978599
0.975986
0.973188
0.970206
0.967041
0.963695
0.960171
0.956470
0.952595
0.948548
0.944331
0.939946
0.935397
0.930685
0.925814
0.920786
0.915604
0.910270
0.904789
0.899162
0.893394
0.887486
0.881444
0.875269
0.868964
0.862535
0.855984
0.849314
0.842529
0.835633
0.828629
0.821522
0.814314
0.807010
0.799612
0.792126
0.784554
0.776901
0.769170
0.761365
0.753490
0.745549
0.737546
0.729484
0.721367
0.713199
0.704984
0.696726
0.688428
0.680094
0.671728
0.663334
0.654914
0.646474
0.638016
0.629544
0.621061
0.612572
0.604079
0.595585
0.587095
0.578611
0.570137
0.561675
0.553230
0.544804
0.536399
0.528020
0.519669
0.511349
0.503062
0.494812
0.486600
0.478430
0.470304
0.462224
0.454194
0.446214
0.438287
0.430417
0.422604
0.414850
0.407158
0.399530
0.391967
0.384471
0.377043
0.369686
0.362401
0.355189
0.348051
0.340989
0.334005
0.327098
0.320271
0.313525
0.306860
0.300277
0.293777
0.287360
0.281029
0.274782
0.268621
0.262546
0.256557
0.250656
0.244842
0.239115
0.233476
0.227925
0.222462
0.217086
0.211799
0.206599
0.201488
0.196463
0.191526
0.186677
0.181913
0.177237
0.172646
0.168141
0.163721
0.159386
0.155135
0.150967
0.146882
0.142879
0.138958
0.135118
0.131358
0.127677
0.124074
0.120550
0.117102
0.113731
0.110434
0.107212
0.104064
0.100987
0.097983
0.095049
0.092184
0.089388
0.086660
0.083998
0.081402
0.078871
0.076403
0.073998
0.071654
0.069371
0.067147
0.064981
0.062873
0.060822
0.058825
0.056883
0.054994
0.053157
0.051372
0.049636
0.047950
0.046312
0.044721
0.043176
0.041676
0.040220
0.038808
0.037437
0.036108
0.034819
0.033570
0.032359
0.031185
0.030048
0.028947
0.027881
0.026848
0.025849
0.024882
0.023946
0.023041
0.022166
0.021320
0.020502
0.019711
0.018947
0.018210
0.017497
0.016809
0.016145
0.015504
0.014886
0.014289
0.013714
0.013159
0.012624
0.012108
0.011612
0.011133
0.010672
0.010228
0.009800
0.009389
0.008993
0.008612
0.008246
0.007893
0.007554
0.007229
0.006916
0.006615
0.006326
0.006048
0.005782
0.005526
0.005280
0.005045
0.004818
0.004602
0.004394
0.004194
0.004003
0.003820
0.003644
0.003476
0.003315
0.003161
0.003013
0.002872
0.002736
0.002607
0.002483
0.002365
0.002252
0.002144
0.002040
0.001941
0.001847
0.001757
0.001671
0.001589
0.001510
0.001436
0.001364
0.001296
0.001231
0.001169
0.001110
0.001054
0.001000
0.000949
0.000901
0.000854
0.000810
0.000768
0.000728
0.000690
0.000654
0.000620
0.000587
0.000556
0.000526
0.000498
0.000472
0.000446
0.000422
0.000399
0.000378
0.000357
0.000338
0.000319
0.000302
0.000285
0.000269
0.000254
0.000240
0.000227
0.000214
0.000202
0.000191
0.000180
0.000169
0.000160
0.000151
0.000142
0.000134
0.000126
0.000119
0.000112
0.000105
0.000099
0.000093
0.000088
0.000083
0.000078
0.000073
0.000069
0.000065
0.000061
0.000057
0.000054
0.000050
0.000047
0.000044
0.000042
0.000039
0.000037
0.000034
0.000032
0.000030
0.000028
0.000027
0.000025
0.000023
0.000022
0.000021
0.000019
0.000018
0.000017
0.000016
0.000015
0.000014
0.000013
0.000012
0.000011
0.000011
0.000010
0.000009
0.000009
0.000008
0.000008
0.000007
0.000007
0.000006
0.000006
0.000005
0.000005
0.000005
0.000004
0.000004
0.000004
0.000004
0.000003
0.000003
0.000003
0.000003
0.000002
0.000002
0.000002
0.000002
0.000002
0.000002
0.000002
0.000001
0.000001
0.000001
0.000001
0.000001
0.000001
0.000001
0.000001
0.000001
0.000001
0.000001
0.000001
0.000001
0.000001
0.000001
0.000000
0.000000
0.000000
0.000000
0.000000
0.000000
0.000000
0.000000
0.000000
0.000000
0.000000
0.000000
0.000000
0.000000
0.000000
0.000000
0.000000
0.000000
0.000000
0.000000
0.000000
0.000000
0.000000
0.000000
0.000000
0.000000
0.000000
0.000000
0.000000
0.000000
0.000000
0.000000
0.000000
0.000000
0.000000
0.000000
0.000000
0.000000
0.000000
0.000000
0.000000
0.000000
0.000000
0.000000
0.000000
0.000000
0.000000
0.000000
0.000000
0.000000
0.000000
0.000000
0.000000
0.000000
0.000000
0.000000
0.000000
0.000000
0.000000
0.000000
0.000000
0.000000
0.000000
0.000000
0.000000
0.000000
0.000000
0.000000
0.000000
0.000000
0.000000
0.000000
0.000000
0.000000
0.000000
0.000000
0.000000
0.000000
0.000000
0.000000
0.000000
0.000000
0.000000
0.000000
0.000000
0.000000
0.000000
0.000000
0.000000
0.000000
0.000000
0.000000
0.000000
0.000000
0.000000
0.000000
0.000000
0.000000
0.000000
0.000000
0.000000
0.000000
0.000000
0.000000
0.000000
0.000000
0.000000
0.000000
0.000000
0.000000
0.000000
0.000000
0.000000
0.000000
0.000000
0.000000
0.000000
0.000000
0.000000
0.000000
0.000000
0.000000
0.000000
0.000000
0.000000
0.000000
0.000000
0.000000
0.000000
0.000000
0.000000
0.000000
0.000000
0.000000
0.000000
0.000000
0.000000
0.000000
0.000000
0.000000
0.000000
0.000000
0.000000
0.000000
0.000000
0.000000
0.000000
0.000000
0.000000
0.000000
0.000000
0.000000
0.000000
0.000000
0.000000
0.000000
0.000000
0.000000
0.000000
0.000000
0.000000
0.000000
0.000000
0.000000
0.000000
0.000000
0.000000
0.000000
0.000000
0.000000
0.000000
0.000000
0.000000
0.000000
0.000000
0.000000
0.000000
0.000000
0.000000
0.000000
0.000000
0.000000
0.000000
0.000000
0.000000
0.000000
0.000000
0.000000
0.000000
0.000000
0.000000
0.000000
0.000000
0.000000
0.000000
0.000000
0.000000
0.000000
0.000000
0.000000
0.000000
0.000000
0.000000
0.000000
0.000000
0.000000
0.000000
0.000000
0.000000
0.000000
0.000000
0.000000
0.000000
0.000000
0.000000
0.000000
0.000000
0.000000
0.000000
0.000000
0.000000
0.000000
0.000000
0.000000
0.000000
0.000000
0.000000
0.000000
0.000000
0.000000
0.000000
0.000000
0.000000
0.000000
0.000000
0.000000
0.000000
0.000000
0.000000
0.000000
0.000000
0.000000
0.000000
0.000000
0.000000
0.000000
0.000000
0.000000
0.000000
0.000000
0.000000
0.000000
0.000000
0.000000
0.000000
0.000000
0.000000
0.000000
0.000000
0.000000
0.000000
0.000000
0.000000
0.000000
0.000000
0.000000
0.000000
0.000000
0.000000
0.000000
0.000000
0.000000
0.000000
0.000000
0.000000
0.000000
0.000000
0.000000
0.000000
0.000000
0.000000
0.000000
0.000000
0.000000
0.000000
0.000000
0.000000
0.000000
0.000000
0.000000
0.000000
0.000000
0.000000
0.000000
0.000000
0.000000
0.000000
0.000000
0.000000
0.000000
0.000000
0.000000
0.000000
0.000000
0.000000
0.000000
0.000000
0.000000
0.000000
0.000000
0.000000
0.000000
0.000000
0.000000
0.000000
0.000000
0.000000
