0.000192
0.000384
0.000577
0.000771
0.000965
0.001163
0.001360
0.001562
0.001764
0.001971
0.002179
0.002391
0.002608
0.002826
0.003054
0.003279
0.003517
0.003754
0.004001
0.004253
0.004508
0.004777
0.005044
0.005326
0.005613
0.005904
0.006214
0.006521
0.006845
0.007180
0.007514
0.007872
0.008235
0.008602
0.008996
0.009392
0.009795
0.010228
0.010663
0.011104
0.011577
0.012059
0.012542
0.013056
0.013592
0.014125
0.014676
0.015264
0.015865
0.016464
0.017088
0.017753
0.018434
0.019113
0.019809
0.020546
0.021322
0.022110
0.022898
0.023697
0.024530
0.025409
0.026332
0.027289
0.028269
0.029269
0.030287
0.031327
0.032391
0.033481
0.034601
0.035750
0.036930
0.038141
0.039384
0.040660
0.041968
0.043310
0.044686
0.046097
0.047543
0.049024
0.050542
0.052096
0.053687
0.055316
0.056984
0.058690
0.060435
0.062220
0.064044
0.065910
0.067816
0.069764
0.071753
0.073785
0.075859
0.077977
0.080137
0.082342
0.084590
0.086883
0.089220
0.091602
0.094030
0.096503
0.099021
0.101586
0.104196
0.106853
0.109556
0.112305
0.115101
0.117943
0.120832
0.123768
0.126751
0.129780
0.132856
0.135978
0.139147
0.142362
0.145623
0.148929
0.152282
0.155680
0.159123
0.162610
0.166143
0.169719
0.173339
0.177002
0.180708
0.184456
0.188246
0.192077
0.195949
0.199860
0.203811
0.207801
0.211828
0.215892
0.219993
0.224129
0.228300
0.232505
0.236742
0.241011
0.245312
0.249642
0.254002
0.258389
0.262803
0.267242
0.271706
0.276193
0.280703
0.285234
0.289785
0.294353
0.298940
0.303542
0.308159
0.312789
0.317431
0.322083
0.326744
0.331414
0.336090
0.340771
0.345455
0.350141
0.354828
0.359514
0.364197
0.368877
0.373551
0.378218
0.382877
0.387526
0.392164
0.396789
0.401400
0.405995
0.410572
0.415131
0.419670
0.424187
0.428681
0.433150
0.437594
0.442011
0.446399
0.450757
0.455084
0.459379
0.463640
0.467865
0.472054
0.476205
0.480318
0.484391
0.488423
0.492414
0.496361
0.500264
0.504122
0.507933
0.511698
0.515415
0.519083
0.522702
0.526271
0.529789
0.533254
0.536668
0.540029
0.543337
0.546591
0.549790
0.552934
0.556023
0.559056
0.562034
0.564955
0.567820
0.570629
0.573380
0.576075
0.578714
0.581296
0.583820
0.586288
0.588700
0.591055
0.593355
0.595598
0.597786
0.599917
0.601995
0.604017
0.605986
0.607900
0.609761
0.611570
0.613326
0.615032
0.616686
0.618290
0.619844
0.621349
0.622806
0.624216
0.625578
0.626894
0.628165
0.629391
0.630574
0.631714
0.632811
0.633867
0.634884
0.635861
0.636798
0.637699
0.638562
0.639389
0.640181
0.640938
0.641662
0.642353
0.643012
0.643639
0.644236
0.644803
0.645341
0.645852
0.646334
0.646790
0.647220
0.647624
0.648003
0.648359
0.648691
0.649000
0.649286
0.649551
0.649794
0.650015
0.650217
0.650398
0.650558
0.650700
0.650821
0.650925
0.651009
0.651073
0.651120
0.651147
0.651156
0.651146
0.651119
0.651073
0.651008
0.650924
0.650821
0.650699
0.650558
0.650396
0.650216
0.650015
0.649793
0.649551
0.649287
0.649000
0.648691
0.648359
0.648004
0.647625
0.647220
0.646790
0.646334
0.645851
0.645341
0.644804
0.644236
0.643639
0.643012
0.642354
0.641663
0.640940
0.640183
0.639392
0.638564
0.637702
0.636802
0.635863
0.634887
0.633871
0.632814
0.631716
0.630576
0.629394
0.628167
0.626895
0.625580
0.624217
0.622808
0.621351
0.619847
0.618293
0.616689
0.615035
0.613329
0.611573
0.609764
0.607903
0.605988
0.604019
0.601997
0.599920
0.597787
0.595600
0.593357
0.591058
0.588703
0.586292
0.583824
0.581300
0.578718
0.576081
0.573385
0.570633
0.567825
0.564960
0.562039
0.559062
0.556028
0.552940
0.549796
0.546597
0.543343
0.540035
0.536674
0.533261
0.529795
0.526277
0.522708
0.519090
0.515422
0.511704
0.507939
0.504127
0.500269
0.496366
0.492418
0.488428
0.484396
0.480323
0.476209
0.472057
0.467868
0.463642
0.459382
0.455088
0.450761
0.446402
0.442014
0.437597
0.433153
0.428683
0.424190
0.419672
0.415134
0.410575
0.405997
0.401403
0.396792
0.392167
0.387530
0.382881
0.378221
0.373554
0.368880
0.364201
0.359517
0.354831
0.350145
0.345459
0.340774
0.336094
0.331418
0.326749
0.322088
0.317436
0.312794
0.308164
0.303547
0.298945
0.294358
0.289790
0.285239
0.280709
0.276199
0.271712
0.267248
0.262808
0.258394
0.254007
0.249648
0.245318
0.241017
0.236748
0.232510
0.228306
0.224135
0.219999
0.215898
0.211834
0.207807
0.203817
0.199867
0.195955
0.192083
0.188252
0.184462
0.180714
0.177008
0.173345
0.169725
0.166148
0.162616
0.159128
0.155685
0.152288
0.148935
0.145628
0.142367
0.139152
0.135984
0.132861
0.129785
0.126756
0.123774
0.120838
0.117949
0.115106
0.112310
0.109561
0.106858
0.104201
0.101590
0.099026
0.096507
0.094034
0.091607
0.089225
0.086887
0.084594
0.082346
0.080142
0.077981
0.075864
0.073789
0.071757
0.069768
0.067820
0.065914
0.064048
0.062223
0.060438
0.058693
0.056987
0.055320
0.053691
0.052099
0.050545
0.049027
0.047546
0.046100
0.044689
0.043313
0.041971
0.040662
0.039387
0.038144
0.036933
0.035753
0.034604
0.033485
0.032396
0.031337
0.030306
0.029303
0.028327
0.027379
0.026457
0.025561
0.024691
0.023845
0.023024
0.022226
0.021452
0.020701
0.019972
0.019266
0.018580
0.017915
0.017271
0.016646
0.016041
0.015455
0.014887
0.014337
0.013805
0.013290
0.012791
0.012309
0.011842
0.011391
0.010955
0.010534
0.010127
0.009733
0.009353
0.008986
0.008632
0.008290
0.007960
0.007642
0.007335
0.007039
0.006753
0.006478
0.006212
0.005957
0.005711
0.005473
0.005245
0.005025
0.004814
0.004610
0.004414
0.004226
0.004045
0.003871
0.003703
0.003542
0.003388
0.003239
0.003097
0.002960
0.002828
0.002702
0.002581
0.002465
0.002354
0.002247
0.002145
0.002047
0.001953
0.001863
0.001777
0.001694
0.001615
0.001539
0.001467
0.001397
0.001331
0.001268
0.001207
0.001149
0.001094
0.001041
0.000990
0.000942
0.000896
0.000852
0.000810
0.000770
0.000731
0.000695
0.000660
0.000627
0.000595
0.000565
0.000536
0.000509
0.000483
0.000458
0.000434
0.000412
0.000390
0.000370
0.000351
0.000332
0.000315
0.000298
0.000282
0.000267
0.000253
0.000239
0.000226
0.000214
0.000203
0.000192
0.000181
0.000171
0.000162
0.000153
0.000144
0.000136
0.000129
0.000121
0.000115
0.000108
0.000102
0.000096
0.000091
0.000086
0.000081
0.000076
0.000072
0.000068
0.000064
0.000060
0.000056
0.000053
0.000050
0.000047
0.000044
0.000042
0.000039
0.000037
0.000035
0.000033
0.000031
0.000029
0.000027
0.000025
0.000024
0.000022
0.000021
0.000020
0.000018
0.000017
0.000016
0.000015
0.000014
0.000013
0.000013
0.000012
0.000011
0.000010
0.000010
0.000009
0.000008
0.000008
0.000007
0.000007
0.000006
0.000006
0.000006
0.000005
0.000005
0.000005
0.000004
0.000004
0.000004
0.000004
0.000003
0.000003
0.000003
0.000003
0.000002
0.000002
0.000002
0.000002
0.000002
0.000002
0.000002
0.000002
0.000001
0.000001
0.000001
0.000001
0.000001
0.000001
0.000001
0.000001
0.000001
0.000001
0.000001
0.000001
0.000001
0.000001
0.000001
0.000000
0.000000
0.000000
0.000000
0.000000
0.000000
0.000000
0.000000
0.000000
0.000000
0.000000
0.000000
0.000000
0.000000
0.000000
0.000000
0.000000
0.000000
0.000000
0.000000
0.000000
0.000000
0.000000
0.000000
0.000000
0.000000
0.000000
0.000000
0.000000
0.000000
0.000000
0.000000
0.000000
0.000000
0.000000
0.000000
0.000000
0.000000
0.000000
0.000000
0.000000
0.000000
0.000000
0.000000
0.000000
0.000000
0.000000
0.000000
0.000000
0.000000
0.000000
0.000000
0.000000
0.000000
0.000000
0.000000
0.000000
0.000000
0.000000
0.000000
0.000000
0.000000
0.000000
0.000000
0.000000
0.000000
0.000000
0.000000
0.000000
0.000000
0.000000
0.000000
0.000000
0.000000
0.000000
0.000000
0.000000
0.000000
0.000000
0.000000
0.000000
0.000000
0.000000
0.000000
0.000000
0.000000
0.000000
0.000000
0.000000
0.000000
0.000000
0.000000
0.000000
0.000000
0.000000
0.000000
0.000000
0.000000
0.000000
0.000000
0.000000
0.000000
0.000000
0.000000
0.000000
0.000000
0.000000
0.000000
0.000000
0.000000
0.000000
0.000000
0.000000
0.000000
0.000000
0.000000
0.000000
0.000000
0.000000
0.000000
0.000000
0.000000
0.000000
0.000000
0.000000
0.000000
0.000000
0.000000
0.000000
0.000000
0.000000
0.000000
0.000000
0.000000
0.000000
0.000000
0.000000
0.000000
0.000000
0.000000
0.000000
0.000000
0.000000
0.000000
0.000000
0.000000
0.000000
0.000000
0.000000
0.000000
0.000000
0.000000
0.000000
0.000000
0.000000
0.000000
0.000000
0.000000
0.000000
0.000000
0.000000
0.000000
0.000000
0.000000
0.000000
0.000000
0.000000
0.000000
0.000000
0.000000
0.000000
0.000000
0.000000
0.000000
0.000000
0.000000
0.000000
0.000000
0.000000
0.000000
0.000000
0.000000
0.000000
0.000000
0.000000
0.000000
0.000000
0.000000
0.000000
0.000000
0.000000
0.000000
0.000000
0.000000
0.000000
0.000000
0.000000
0.000000
0.000000
0.000000
0.000000
0.000000
0.000000
0.000000
0.000000
0.000000
0.000000
0.000000
0.000000
0.000000
0.000000
0.000000
0.000000
0.000000
0.000000
0.000000
0.000000
0.000000
0.000000
0.000000
0.000000
0.000000
0.000000
0.000000
0.000000
0.000000
0.000000
0.000000
0.000000
0.000000
0.000000
0.000000
0.000000
0.000000
0.000000
0.000000
0.000000
0.000000
0.000000
0.000000
0.000000
0.000000
0.000000
0.000000
0.000000
0.000000
0.000000
0.000000
0.000000
0.000000
0.000000
0.000000
0.000000
0.000000
0.000000
0.000000
0.000000
0.000000
0.000000
0.000000
0.000000
0.000000
