0.000196
0.000393
0.000589
0.000788
0.000986
0.001187
0.001390
0.001595
0.001802
0.002012
0.002226
0.002441
0.002664
0.002886
0.003118
0.003350
0.003590
0.003835
0.004083
0.004343
0.004602
0.004875
0.005151
0.005434
0.005730
0.006026
0.006339
0.006657
0.006981
0.007325
0.007668
0.008026
0.008402
0.008775
0.009170
0.009581
0.009989
0.010423
0.010874
0.011322
0.011796
0.012293
0.012787
0.013300
0.013846
0.014397
0.014953
0.015542
0.016159
0.016776
0.017403
0.018070
0.018767
0.019467
0.020172
0.020909
0.021692
0.022499
0.023310
0.024125
0.024963
0.025843
0.026771
0.027739
0.028735
0.029752
0.030788
0.031845
0.032925
0.034032
0.035166
0.036331
0.037526
0.038753
0.040011
0.041303
0.042628
0.043986
0.045379
0.046807
0.048270
0.049769
0.051304
0.052877
0.054486
0.056134
0.057820
0.059545
0.061309
0.063113
0.064957
0.066842
0.068769
0.070736
0.072746
0.074798
0.076893
0.079031
0.081212
0.083437
0.085707
0.088020
0.090379
0.092782
0.095231
0.097725
0.100265
0.102851
0.105483
0.108161
0.110885
0.113656
0.116473
0.119337
0.122247
0.125204
0.128208
0.131258
0.134355
0.137497
0.140687
0.143922
0.147202
0.150529
0.153901
0.157318
0.160780
0.164287
0.167837
0.171431
0.175069
0.178749
0.182472
0.186237
0.190043
0.193889
0.197776
0.201702
0.205667
0.209670
0.213710
0.217787
0.221899
0.226046
0.230228
0.234442
0.238688
0.242966
0.247274
0.251611
0.255976
0.260369
0.264787
0.269230
0.273696
0.278186
0.282696
0.287227
0.291776
0.296343
0.300927
0.305525
0.310137
0.314761
0.319395
0.324040
0.328692
0.333352
0.338016
0.342685
0.347355
0.352027
0.356698
0.361366
0.366032
0.370692
0.375346
0.379991
0.384627
0.389253
0.393865
0.398463
0.403046
0.407612
0.412160
0.416687
0.421194
0.425677
0.430136
0.434569
0.438975
0.443353
0.447702
0.452019
0.456304
0.460555
0.464772
0.468951
0.473093
0.477197
0.481261
0.485284
0.489265
0.493203
0.497097
0.500945
0.504748
0.508503
0.512211
0.515870
0.519479
0.523038
0.526546
0.530002
0.533405
0.536756
0.540053
0.543296
0.546484
0.549617
0.552694
0.555716
0.558681
0.561591
0.564443
0.567239
0.569977
0.572659
0.575284
0.577851
0.580361
0.582815
0.585212
0.587552
0.589835
0.592063
0.594234
0.596350
0.598409
0.600415
0.602365
0.604262
0.606106
0.607896
0.609634
0.611320
0.612955
0.614540
0.616074
0.617561
0.618998
0.620387
0.621729
0.623026
0.624276
0.625483
0.626645
0.627765
0.628842
0.629878
0.630874
0.631831
0.632750
0.633631
0.634475
0.635283
0.636057
0.636795
0.637501
0.638176
0.638818
0.639428
0.640010
0.640562
0.641086
0.641582
0.642053
0.642496
0.642915
0.643309
0.643679
0.644026
0.644351
0.644654
0.644935
0.645196
0.645436
0.645657
0.645858
0.646040
0.646204
0.646349
0.646477
0.646587
0.646680
0.646756
0.646814
0.646856
0.646881
0.646889
0.646880
0.646855
0.646814
0.646755
0.646680
0.646587
0.646477
0.646348
0.646203
0.646039
0.645857
0.645656
0.645436
0.645196
0.644935
0.644654
0.644351
0.644027
0.643680
0.643309
0.642915
0.642496
0.642052
0.641582
0.641086
0.640562
0.640010
0.639429
0.638818
0.638177
0.637503
0.636797
0.636058
0.635285
0.634477
0.633634
0.632752
0.631834
0.630877
0.629882
0.628844
0.627767
0.626647
0.625484
0.624278
0.623027
0.621731
0.620389
0.618999
0.617563
0.616078
0.614543
0.612958
0.611323
0.609636
0.607899
0.606108
0.604264
0.602367
0.600417
0.598411
0.596351
0.594235
0.592064
0.589838
0.587554
0.585215
0.582819
0.580366
0.577855
0.575289
0.572664
0.569982
0.567244
0.564448
0.561596
0.558687
0.555721
0.552701
0.549623
0.546491
0.543302
0.540059
0.536762
0.533412
0.530008
0.526552
0.523044
0.519485
0.515876
0.512217
0.508509
0.504754
0.500950
0.497102
0.493208
0.489270
0.485289
0.481265
0.477201
0.473097
0.468954
0.464774
0.460558
0.456308
0.452023
0.447705
0.443356
0.438978
0.434572
0.430138
0.425679
0.421196
0.416690
0.412163
0.407615
0.403049
0.398466
0.393868
0.389256
0.384631
0.379995
0.375349
0.370695
0.366035
0.361370
0.356701
0.352030
0.347359
0.342688
0.338020
0.333356
0.328697
0.324045
0.319401
0.314766
0.310142
0.305530
0.300932
0.296348
0.291781
0.287232
0.282702
0.278191
0.273702
0.269236
0.264793
0.260374
0.255982
0.251617
0.247280
0.242972
0.238694
0.234448
0.230233
0.226052
0.221905
0.217793
0.213716
0.209676
0.205673
0.201708
0.197782
0.193896
0.190049
0.186243
0.182478
0.178756
0.175075
0.171437
0.167843
0.164292
0.160786
0.157324
0.153907
0.150535
0.147208
0.143927
0.140692
0.137503
0.134360
0.131263
0.128213
0.125210
0.122253
0.119342
0.116478
0.113661
0.110890
0.108166
0.105488
0.102856
0.100270
0.097730
0.095236
0.092787
0.090383
0.088025
0.085711
0.083442
0.081216
0.079035
0.076897
0.074802
0.072750
0.070740
0.068772
0.066846
0.064961
0.063117
0.061313
0.059548
0.057823
0.056137
0.054490
0.052880
0.051308
0.049772
0.048273
0.046810
0.045382
0.043989
0.042631
0.041306
0.040014
0.038755
0.037529
0.036334
0.035170
0.034036
0.032933
0.031859
0.030814
0.029797
0.028808
0.027846
0.026911
0.026003
0.025120
0.024262
0.023429
0.022620
0.021834
0.021072
0.020332
0.019614
0.018918
0.018243
0.017589
0.016954
0.016340
0.015744
0.015167
0.014608
0.014068
0.013544
0.013037
0.012547
0.012073
0.011614
0.011171
0.010742
0.010328
0.009928
0.009541
0.009168
0.008807
0.008459
0.008123
0.007799
0.007486
0.007185
0.006894
0.006614
0.006344
0.006083
0.005832
0.005591
0.005358
0.005134
0.004918
0.004711
0.004511
0.004319
0.004134
0.003957
0.003786
0.003622
0.003464
0.003313
0.003167
0.003027
0.002893
0.002765
0.002641
0.002523
0.002409
0.002300
0.002195
0.002095
0.001999
0.001907
0.001819
0.001735
0.001654
0.001577
0.001503
0.001432
0.001364
0.001299
0.001237
0.001178
0.001121
0.001067
0.001015
0.000966
0.000919
0.000874
0.000831
0.000789
0.000750
0.000713
0.000677
0.000643
0.000611
0.000580
0.000551
0.000522
0.000496
0.000470
0.000446
0.000423
0.000401
0.000380
0.000360
0.000341
0.000323
0.000306
0.000290
0.000275
0.000260
0.000246
0.000233
0.000220
0.000208
0.000197
0.000186
0.000176
0.000166
0.000157
0.000148
0.000140
0.000132
0.000125
0.000118
0.000111
0.000105
0.000099
0.000094
0.000088
0.000083
0.000078
0.000074
0.000070
0.000066
0.000062
0.000058
0.000055
0.000052
0.000048
0.000046
0.000043
0.000040
0.000038
0.000036
0.000034
0.000032
0.000030
0.000028
0.000026
0.000025
0.000023
0.000022
0.000020
0.000019
0.000018
0.000017
0.000016
0.000015
0.000014
0.000013
0.000012
0.000011
0.000011
0.000010
0.000009
0.000009
0.000008
0.000008
0.000007
0.000007
0.000006
0.000006
0.000005
0.000005
0.000005
0.000004
0.000004
0.000004
0.000004
0.000003
0.000003
0.000003
0.000003
0.000003
0.000002
0.000002
0.000002
0.000002
0.000002
0.000002
0.000002
0.000001
0.000001
0.000001
0.000001
0.000001
0.000001
0.000001
0.000001
0.000001
0.000001
0.000001
0.000001
0.000001
0.000001
0.000001
0.000000
0.000000
0.000000
0.000000
0.000000
0.000000
0.000000
0.000000
0.000000
0.000000
0.000000
0.000000
0.000000
0.000000
0.000000
0.000000
0.000000
0.000000
0.000000
0.000000
0.000000
0.000000
0.000000
0.000000
0.000000
0.000000
0.000000
0.000000
0.000000
0.000000
0.000000
0.000000
0.000000
0.000000
0.000000
0.000000
0.000000
0.000000
0.000000
0.000000
0.000000
0.000000
0.000000
0.000000
0.000000
0.000000
0.000000
0.000000
0.000000
0.000000
0.000000
0.000000
0.000000
0.000000
0.000000
0.000000
0.000000
0.000000
0.000000
0.000000
0.000000
0.000000
0.000000
0.000000
0.000000
0.000000
0.000000
0.000000
0.000000
0.000000
0.000000
0.000000
0.000000
0.000000
0.000000
0.000000
0.000000
0.000000
0.000000
0.000000
0.000000
0.000000
0.000000
0.000000
0.000000
0.000000
0.000000
0.000000
0.000000
0.000000
0.000000
0.000000
0.000000
0.000000
0.000000
0.000000
0.000000
0.000000
0.000000
0.000000
0.000000
0.000000
0.000000
0.000000
0.000000
0.000000
0.000000
0.000000
0.000000
0.000000
0.000000
0.000000
0.000000
0.000000
0.000000
0.000000
0.000000
0.000000
0.000000
0.000000
0.000000
0.000000
0.000000
0.000000
0.000000
0.000000
0.000000
0.000000
0.000000
0.000000
0.000000
0.000000
0.000000
0.000000
0.000000
0.000000
0.000000
0.000000
0.000000
0.000000
0.000000
0.000000
0.000000
0.000000
0.000000
0.000000
0.000000
0.000000
0.000000
0.000000
0.000000
0.000000
0.000000
0.000000
0.000000
0.000000
0.000000
0.000000
0.000000
0.000000
0.000000
0.000000
0.000000
0.000000
0.000000
0.000000
0.000000
0.000000
0.000000
0.000000
0.000000
0.000000
0.000000
0.000000
0.000000
0.000000
0.000000
0.000000
0.000000
0.000000
0.000000
0.000000
0.000000
0.000000
0.000000
0.000000
0.000000
0.000000
0.000000
0.000000
0.000000
0.000000
0.000000
0.000000
0.000000
0.000000
0.000000
0.000000
0.000000
0.000000
0.000000
0.000000
0.000000
0.000000
0.000000
0.000000
0.000000
0.000000
0.000000
0.000000
0.000000
0.000000
0.000000
0.000000
0.000000
0.000000
0.000000
0.000000
0.000000
0.000000
0.000000
0.000000
0.000000
0.000000
0.000000
0.000000
0.000000
0.000000
0.000000
0.000000
0.000000
0.000000
0.000000
0.000000
0.000000
0.000000
0.000000
0.000000
0.000000
0.000000
0.000000
0.000000
0.000000
0.000000
0.000000
0.000000
0.000000
0.000000
0.000000
0.000000
0.000000
0.000000
0.000000
0.000000
0.000000
0.000000
0.000000
0.000000
0.000000
0.000000
0.000000
0.000000
