0.000200
0.000401
0.000602
0.000804
0.001008
0.001212
0.001420
0.001628
0.001841
0.002054
0.002274
0.002493
0.002720
0.002948
0.003182
0.003422
0.003664
0.003916
0.004168
0.004433
0.004699
0.004974
0.005259
0.005544
0.005848
0.006151
0.006466
0.006795
0.007123
0.007471
0.007826
0.008185
0.008568
0.008954
0.009349
0.009769
0.010190
0.010623
0.011085
0.011547
0.012020
0.012526
0.013037
0.013553
0.014102
0.014671
0.015238
0.015827
0.016454
0.017091
0.017728
0.018395
0.019101
0.019823
0.020543
0.021284
0.022068
0.022889
0.023723
0.024558
0.025407
0.026290
0.027220
0.028196
0.029205
0.030240
0.031295
0.032369
0.033466
0.034589
0.035739
0.036919
0.038130
0.039372
0.040647
0.041955
0.043296
0.044671
0.046081
0.047526
0.049007
0.050523
0.052076
0.053667
0.055295
0.056961
0.058666
0.060410
0.062193
0.064017
0.065881
0.067785
0.069731
0.071719
0.073749
0.075822
0.077937
0.080096
0.082298
0.084544
0.086834
0.089169
0.091549
0.093974
0.096444
0.098960
0.101521
0.104128
0.106781
0.109481
0.112227
0.115019
0.117857
0.120742
0.123674
0.126652
0.129677
0.132748
0.135865
0.139028
0.142238
0.145493
0.148794
0.152140
0.155532
0.158968
0.162449
0.165974
0.169543
0.173155
0.176810
0.180508
0.184247
0.188028
0.191850
0.195712
0.199613
0.203554
0.207533
0.211549
0.215602
0.219690
0.223814
0.227972
0.232164
0.236387
0.240642
0.244928
0.249243
0.253587
0.257958
0.262355
0.266777
0.271223
0.275692
0.280183
0.284694
0.289225
0.293772
0.298337
0.302917
0.307511
0.312118
0.316736
0.321363
0.325999
0.330642
0.335291
0.339944
0.344599
0.349256
0.353912
0.358567
0.363218
0.367865
0.372506
0.377138
0.381762
0.386375
0.390976
0.395562
0.400134
0.404689
0.409225
0.413742
0.418238
0.422712
0.427161
0.431584
0.435981
0.440349
0.444688
0.448997
0.453273
0.457515
0.461723
0.465894
0.470028
0.474123
0.478179
0.482193
0.486166
0.490096
0.493981
0.497822
0.501616
0.505362
0.509061
0.512712
0.516312
0.519862
0.523361
0.526808
0.530202
0.533543
0.536830
0.540063
0.543241
0.546364
0.549430
0.552441
0.555395
0.558293
0.561134
0.563917
0.566644
0.569312
0.571924
0.574477
0.576974
0.579413
0.581796
0.584121
0.586389
0.588601
0.590757
0.592856
0.594899
0.596888
0.598821
0.600700
0.602526
0.604298
0.606017
0.607685
0.609301
0.610866
0.612381
0.613847
0.615265
0.616634
0.617956
0.619232
0.620462
0.621647
0.622789
0.623888
0.624945
0.625960
0.626935
0.627872
0.628769
0.629630
0.630454
0.631241
0.631995
0.632715
0.633402
0.634057
0.634681
0.635274
0.635838
0.636373
0.636881
0.637362
0.637817
0.638247
0.638652
0.639034
0.639392
0.639729
0.640044
0.640338
0.640611
0.640865
0.641100
0.641316
0.641515
0.641696
0.641859
0.642006
0.642136
0.642250
0.642348
0.642431
0.642499
0.642551
0.642588
0.642610
0.642617
0.642610
0.642587
0.642550
0.642498
0.642431
0.642348
0.642249
0.642135
0.642005
0.641858
0.641695
0.641515
0.641317
0.641100
0.640866
0.640612
0.640338
0.640044
0.639729
0.639392
0.639034
0.638652
0.638247
0.637817
0.637362
0.636881
0.636373
0.635838
0.635275
0.634682
0.634058
0.633404
0.632717
0.631998
0.631244
0.630456
0.629632
0.628772
0.627874
0.626939
0.625963
0.624947
0.623890
0.622790
0.621649
0.620463
0.619233
0.617957
0.616636
0.615267
0.613850
0.612384
0.610869
0.609303
0.607687
0.606020
0.604301
0.602528
0.600702
0.598823
0.596889
0.594901
0.592857
0.590758
0.588603
0.586392
0.584124
0.581799
0.579417
0.576978
0.574482
0.571928
0.569317
0.566648
0.563922
0.561138
0.558298
0.555401
0.552447
0.549437
0.546370
0.543247
0.540069
0.536836
0.533549
0.530208
0.526814
0.523367
0.519868
0.516319
0.512718
0.509068
0.505368
0.501621
0.497826
0.493986
0.490100
0.486171
0.482198
0.478183
0.474127
0.470031
0.465897
0.461725
0.457519
0.453276
0.449000
0.444692
0.440352
0.435983
0.431586
0.427163
0.422714
0.418241
0.413745
0.409229
0.404692
0.400137
0.395565
0.390978
0.386378
0.381765
0.377142
0.372509
0.367869
0.363222
0.358570
0.353916
0.349259
0.344603
0.339947
0.335295
0.330646
0.326003
0.321368
0.316740
0.312123
0.307516
0.302922
0.298342
0.293778
0.289230
0.284699
0.280188
0.275698
0.271229
0.266783
0.262361
0.257963
0.253593
0.249249
0.244934
0.240648
0.236393
0.232169
0.227978
0.223820
0.219696
0.215607
0.211555
0.207539
0.203560
0.199620
0.195718
0.191856
0.188035
0.184253
0.180514
0.176816
0.173161
0.169549
0.165980
0.162455
0.158974
0.155537
0.152146
0.148800
0.145499
0.142243
0.139034
0.135870
0.132753
0.129682
0.126658
0.123679
0.120748
0.117863
0.115024
0.112232
0.109486
0.106786
0.104133
0.101526
0.098964
0.096449
0.093978
0.091554
0.089174
0.086839
0.084548
0.082302
0.080100
0.077941
0.075826
0.073753
0.071723
0.069735
0.067789
0.065884
0.064020
0.062197
0.060413
0.058669
0.056965
0.055298
0.053670
0.052080
0.050526
0.049010
0.047529
0.046084
0.044674
0.043299
0.041958
0.040650
0.039375
0.038133
0.036922
0.035743
0.034594
0.033476
0.032388
0.031329
0.030298
0.029295
0.028320
0.027372
0.026451
0.025555
0.024685
0.023840
0.023019
0.022222
0.021448
0.020697
0.019969
0.019262
0.018576
0.017912
0.017268
0.016643
0.016038
0.015452
0.014884
0.014335
0.013803
0.013288
0.012789
0.012307
0.011841
0.011390
0.010954
0.010533
0.010126
0.009732
0.009352
0.008985
0.008631
0.008289
0.007959
0.007641
0.007334
0.007038
0.006752
0.006477
0.006212
0.005956
0.005710
0.005473
0.005245
0.005025
0.004813
0.004610
0.004414
0.004226
0.004044
0.003870
0.003703
0.003542
0.003388
0.003239
0.003097
0.002960
0.002828
0.002702
0.002581
0.002465
0.002354
0.002247
0.002145
0.002047
0.001953
0.001863
0.001776
0.001694
0.001615
0.001539
0.001467
0.001397
0.001331
0.001268
0.001207
0.001149
0.001094
0.001041
0.000990
0.000942
0.000896
0.000852
0.000810
0.000770
0.000731
0.000695
0.000660
0.000627
0.000595
0.000565
0.000536
0.000509
0.000483
0.000458
0.000434
0.000412
0.000390
0.000370
0.000351
0.000332
0.000315
0.000298
0.000282
0.000267
0.000253
0.000239
0.000226
0.000214
0.000203
0.000192
0.000181
0.000171
0.000162
0.000153
0.000144
0.000136
0.000129
0.000121
0.000115
0.000108
0.000102
0.000096
0.000091
0.000086
0.000081
0.000076
0.000072
0.000068
0.000064
0.000060
0.000056
0.000053
0.000050
0.000047
0.000044
0.000042
0.000039
0.000037
0.000035
0.000033
0.000031
0.000029
0.000027
0.000025
0.000024
0.000022
0.000021
0.000020
0.000018
0.000017
0.000016
0.000015
0.000014
0.000013
0.000013
0.000012
0.000011
0.000010
0.000010
0.000009
0.000008
0.000008
0.000007
0.000007
0.000006
0.000006
0.000006
0.000005
0.000005
0.000005
0.000004
0.000004
0.000004
0.000004
0.000003
0.000003
0.000003
0.000003
0.000002
0.000002
0.000002
0.000002
0.000002
0.000002
0.000002
0.000002
0.000001
0.000001
0.000001
0.000001
0.000001
0.000001
0.000001
0.000001
0.000001
0.000001
0.000001
0.000001
0.000001
0.000001
0.000001
0.000000
0.000000
0.000000
0.000000
0.000000
0.000000
0.000000
0.000000
0.000000
0.000000
0.000000
0.000000
0.000000
0.000000
0.000000
0.000000
0.000000
0.000000
0.000000
0.000000
0.000000
0.000000
0.000000
0.000000
0.000000
0.000000
0.000000
0.000000
0.000000
0.000000
0.000000
0.000000
0.000000
0.000000
0.000000
0.000000
0.000000
0.000000
0.000000
0.000000
0.000000
0.000000
0.000000
0.000000
0.000000
0.000000
0.000000
0.000000
0.000000
0.000000
0.000000
0.000000
0.000000
0.000000
0.000000
0.000000
0.000000
0.000000
0.000000
0.000000
0.000000
0.000000
0.000000
0.000000
0.000000
0.000000
0.000000
0.000000
0.000000
0.000000
0.000000
0.000000
0.000000
0.000000
0.000000
0.000000
0.000000
0.000000
0.000000
0.000000
0.000000
0.000000
0.000000
0.000000
0.000000
0.000000
0.000000
0.000000
0.000000
0.000000
0.000000
0.000000
0.000000
0.000000
0.000000
0.000000
0.000000
0.000000
0.000000
0.000000
0.000000
0.000000
0.000000
0.000000
0.000000
0.000000
0.000000
0.000000
0.000000
0.000000
0.000000
0.000000
0.000000
0.000000
0.000000
0.000000
0.000000
0.000000
0.000000
0.000000
0.000000
0.000000
0.000000
0.000000
0.000000
0.000000
0.000000
0.000000
0.000000
0.000000
0.000000
0.000000
0.000000
0.000000
0.000000
0.000000
0.000000
0.000000
0.000000
0.000000
0.000000
0.000000
0.000000
0.000000
0.000000
0.000000
0.000000
0.000000
0.000000
0.000000
0.000000
0.000000
0.000000
0.000000
0.000000
0.000000
0.000000
0.000000
0.000000
0.000000
0.000000
0.000000
0.000000
0.000000
0.000000
0.000000
0.000000
0.000000
0.000000
0.000000
0.000000
0.000000
0.000000
0.000000
0.000000
0.000000
0.000000
0.000000
0.000000
0.000000
0.000000
0.000000
0.000000
0.000000
0.000000
0.000000
0.000000
0.000000
0.000000
0.000000
0.000000
0.000000
0.000000
0.000000
0.000000
0.000000
0.000000
0.000000
0.000000
0.000000
0.000000
0.000000
0.000000
0.000000
0.000000
0.000000
0.000000
0.000000
0.000000
0.000000
0.000000
0.000000
0.000000
0.000000
0.000000
0.000000
0.000000
0.000000
0.000000
0.000000
0.000000
0.000000
0.000000
0.000000
0.000000
0.000000
0.000000
0.000000
0.000000
0.000000
0.000000
0.000000
0.000000
0.000000
0.000000
0.000000
0.000000
0.000000
0.000000
0.000000
0.000000
0.000000
0.000000
0.000000
0.000000
0.000000
0.000000
0.000000
0.000000
0.000000
0.000000
0.000000
0.000000
0.000000
0.000000
0.000000
0.000000
0.000000
0.000000
0.000000
0.000000
