0.000205
0.000409
0.000615
0.000821
0.001030
0.001238
0.001451
0.001663
0.001880
0.002098
0.002321
0.002547
0.002776
0.003012
0.003248
0.003495
0.003740
0.003998
0.004256
0.004523
0.004799
0.005075
0.005368
0.005660
0.005965
0.006280
0.006596
0.006932
0.007269
0.007618
0.007985
0.008350
0.008735
0.009134
0.009533
0.009957
0.010393
0.010830
0.011295
0.011774
0.012252
0.012760
0.013288
0.013814
0.014363
0.014945
0.015529
0.016122
0.016751
0.017406
0.018060
0.018729
0.019439
0.020178
0.020920
0.021669
0.022453
0.023282
0.024137
0.024995
0.025859
0.026748
0.027681
0.028661
0.029682
0.030733
0.031806
0.032899
0.034014
0.035153
0.036319
0.037515
0.038741
0.040000
0.041291
0.042615
0.043973
0.045365
0.046792
0.048254
0.049752
0.051287
0.052858
0.054467
0.056113
0.057798
0.059522
0.061285
0.063087
0.064930
0.066814
0.068739
0.070705
0.072713
0.074763
0.076856
0.078992
0.081171
0.083394
0.085662
0.087973
0.090329
0.092730
0.095176
0.097668
0.100205
0.102788
0.105417
0.108091
0.110812
0.113579
0.116393
0.119253
0.122159
0.125112
0.128111
0.131157
0.134249
0.137387
0.140571
0.143800
0.147076
0.150396
0.153763
0.157173
0.160629
0.164129
0.167672
0.171259
0.174889
0.178562
0.182276
0.186032
0.189829
0.193667
0.197544
0.201460
0.205415
0.209407
0.213437
0.217502
0.221603
0.225738
0.229906
0.234108
0.238340
0.242604
0.246898
0.251220
0.255570
0.259946
0.264347
0.268773
0.273223
0.277694
0.282186
0.286697
0.291227
0.295773
0.300335
0.304912
0.309501
0.314102
0.318713
0.323332
0.327959
0.332593
0.337231
0.341872
0.346514
0.351156
0.355797
0.360435
0.365069
0.369697
0.374318
0.378929
0.383530
0.388119
0.392695
0.397256
0.401800
0.406327
0.410833
0.415320
0.419784
0.424224
0.428638
0.433026
0.437386
0.441716
0.446016
0.450284
0.454518
0.458718
0.462882
0.467007
0.471095
0.475143
0.479150
0.483115
0.487037
0.490915
0.494748
0.498535
0.502274
0.505965
0.509607
0.513200
0.516742
0.520233
0.523671
0.527057
0.530389
0.533667
0.536890
0.540059
0.543172
0.546229
0.549229
0.552173
0.555060
0.557890
0.560662
0.563377
0.566034
0.568632
0.571174
0.573657
0.576083
0.578451
0.580762
0.583016
0.585212
0.587353
0.589436
0.591464
0.593435
0.595352
0.597214
0.599022
0.600776
0.602477
0.604126
0.605723
0.607269
0.608764
0.610210
0.611608
0.612957
0.614259
0.615514
0.616723
0.617887
0.619007
0.620085
0.621120
0.622114
0.623068
0.623982
0.624859
0.625698
0.626500
0.627268
0.628000
0.628699
0.629365
0.630000
0.630604
0.631178
0.631723
0.632240
0.632730
0.633193
0.633632
0.634046
0.634435
0.634802
0.635147
0.635470
0.635773
0.636056
0.636319
0.636564
0.636790
0.637000
0.637192
0.637368
0.637529
0.637673
0.637803
0.637919
0.638019
0.638106
0.638179
0.638239
0.638284
0.638317
0.638336
0.638342
0.638336
0.638316
0.638283
0.638237
0.638178
0.638105
0.638018
0.637917
0.637802
0.637673
0.637528
0.637368
0.637192
0.637000
0.636791
0.636564
0.636320
0.636056
0.635773
0.635471
0.635147
0.634803
0.634436
0.634046
0.633632
0.633194
0.632730
0.632241
0.631724
0.631180
0.630605
0.630002
0.629367
0.628701
0.628002
0.627270
0.626502
0.625700
0.624861
0.623985
0.623071
0.622117
0.621122
0.620086
0.619009
0.617888
0.616723
0.615515
0.614260
0.612958
0.611610
0.610213
0.608767
0.607271
0.605725
0.604128
0.602480
0.600778
0.599024
0.597216
0.595354
0.593437
0.591465
0.589438
0.587355
0.585215
0.583018
0.580765
0.578455
0.576087
0.573661
0.571178
0.568637
0.566038
0.563382
0.560667
0.557895
0.555066
0.552179
0.549236
0.546236
0.543178
0.540065
0.536897
0.533673
0.530395
0.527063
0.523677
0.520239
0.516748
0.513206
0.509614
0.505971
0.502279
0.498540
0.494753
0.490920
0.487042
0.483120
0.479154
0.475147
0.471099
0.467011
0.462884
0.458721
0.454522
0.450287
0.446019
0.441719
0.437388
0.433028
0.428640
0.424226
0.419786
0.415322
0.410837
0.406329
0.401803
0.397258
0.392698
0.388122
0.383533
0.378932
0.374321
0.369700
0.365073
0.360439
0.355801
0.351160
0.346517
0.341875
0.337235
0.332597
0.327964
0.323337
0.318717
0.314106
0.309506
0.304916
0.300340
0.295778
0.291232
0.286702
0.282191
0.277699
0.273228
0.268779
0.264353
0.259951
0.255575
0.251225
0.246903
0.242610
0.238346
0.234113
0.229912
0.225743
0.221608
0.217508
0.213442
0.209413
0.205421
0.201467
0.197550
0.193673
0.189836
0.186039
0.182282
0.178568
0.174895
0.171265
0.167678
0.164134
0.160635
0.157179
0.153768
0.150402
0.147081
0.143806
0.140576
0.137392
0.134254
0.131162
0.128117
0.125118
0.122165
0.119258
0.116398
0.113585
0.110817
0.108096
0.105421
0.102793
0.100210
0.097673
0.095181
0.092735
0.090334
0.087978
0.085666
0.083399
0.081176
0.078996
0.076860
0.074767
0.072717
0.070709
0.068742
0.066818
0.064934
0.063091
0.061288
0.059525
0.057801
0.056116
0.054470
0.052861
0.051290
0.049755
0.048257
0.046795
0.045368
0.043976
0.042618
0.041294
0.040003
0.038745
0.037518
0.036324
0.035160
0.034027
0.032924
0.031851
0.030806
0.029790
0.028801
0.027840
0.026905
0.025997
0.025115
0.024257
0.023424
0.022615
0.021830
0.021068
0.020328
0.019611
0.018915
0.018240
0.017586
0.016952
0.016337
0.015742
0.015165
0.014606
0.014065
0.013542
0.013035
0.012545
0.012071
0.011613
0.011169
0.010741
0.010327
0.009927
0.009540
0.009167
0.008806
0.008458
0.008122
0.007798
0.007486
0.007184
0.006893
0.006613
0.006343
0.006083
0.005832
0.005590
0.005357
0.005133
0.004918
0.004710
0.004511
0.004319
0.004134
0.003956
0.003786
0.003622
0.003464
0.003312
0.003167
0.003027
0.002893
0.002765
0.002641
0.002523
0.002409
0.002300
0.002195
0.002095
0.001999
0.001907
0.001819
0.001735
0.001654
0.001577
0.001502
0.001432
0.001364
0.001299
0.001237
0.001178
0.001121
0.001067
0.001015
0.000966
0.000919
0.000874
0.000831
0.000789
0.000750
0.000713
0.000677
0.000643
0.000611
0.000580
0.000551
0.000522
0.000496
0.000470
0.000446
0.000423
0.000401
0.000380
0.000360
0.000341
0.000323
0.000306
0.000290
0.000275
0.000260
0.000246
0.000233
0.000220
0.000208
0.000197
0.000186
0.000176
0.000166
0.000157
0.000148
0.000140
0.000132
0.000125
0.000118
0.000111
0.000105
0.000099
0.000094
0.000088
0.000083
0.000078
0.000074
0.000070
0.000066
0.000062
0.000058
0.000055
0.000052
0.000048
0.000046
0.000043
0.000040
0.000038
0.000036
0.000034
0.000032
0.000030
0.000028
0.000026
0.000025
0.000023
0.000022
0.000020
0.000019
0.000018
0.000017
0.000016
0.000015
0.000014
0.000013
0.000012
0.000011
0.000011
0.000010
0.000009
0.000009
0.000008
0.000008
0.000007
0.000007
0.000006
0.000006
0.000005
0.000005
0.000005
0.000004
0.000004
0.000004
0.000004
0.000003
0.000003
0.000003
0.000003
0.000003
0.000002
0.000002
0.000002
0.000002
0.000002
0.000002
0.000002
0.000001
0.000001
0.000001
0.000001
0.000001
0.000001
0.000001
0.000001
0.000001
0.000001
0.000001
0.000001
0.000001
0.000001
0.000001
0.000000
0.000000
0.000000
0.000000
0.000000
0.000000
0.000000
0.000000
0.000000
0.000000
0.000000
0.000000
0.000000
0.000000
0.000000
0.000000
0.000000
0.000000
0.000000
0.000000
0.000000
0.000000
0.000000
0.000000
0.000000
0.000000
0.000000
0.000000
0.000000
0.000000
0.000000
0.000000
0.000000
0.000000
0.000000
0.000000
0.000000
0.000000
0.000000
0.000000
0.000000
0.000000
0.000000
0.000000
0.000000
0.000000
0.000000
0.000000
0.000000
0.000000
0.000000
0.000000
0.000000
0.000000
0.000000
0.000000
0.000000
0.000000
0.000000
0.000000
0.000000
0.000000
0.000000
0.000000
0.000000
0.000000
0.000000
0.000000
0.000000
0.000000
0.000000
0.000000
0.000000
0.000000
0.000000
0.000000
0.000000
0.000000
0.000000
0.000000
0.000000
0.000000
0.000000
0.000000
0.000000
0.000000
0.000000
0.000000
0.000000
0.000000
0.000000
0.000000
0.000000
0.000000
0.000000
0.000000
0.000000
0.000000
0.000000
0.000000
0.000000
0.000000
0.000000
0.000000
0.000000
0.000000
0.000000
0.000000
0.000000
0.000000
0.000000
0.000000
0.000000
0.000000
0.000000
0.000000
0.000000
0.000000
0.000000
0.000000
0.000000
0.000000
0.000000
0.000000
0.000000
0.000000
0.000000
0.000000
0.000000
0.000000
0.000000
0.000000
0.000000
0.000000
0.000000
0.000000
0.000000
0.000000
0.000000
0.000000
0.000000
0.000000
0.000000
0.000000
0.000000
0.000000
0.000000
0.000000
0.000000
0.000000
0.000000
0.000000
0.000000
0.000000
0.000000
0.000000
0.000000
0.000000
0.000000
0.000000
0.000000
0.000000
0.000000
0.000000
0.000000
0.000000
0.000000
0.000000
0.000000
0.000000
0.000000
0.000000
0.000000
0.000000
0.000000
0.000000
0.000000
0.000000
0.000000
0.000000
0.000000
0.000000
0.000000
0.000000
0.000000
0.000000
0.000000
0.000000
0.000000
0.000000
0.000000
0.000000
0.000000
0.000000
0.000000
0.000000
0.000000
0.000000
0.000000
0.000000
0.000000
0.000000
0.000000
0.000000
0.000000
0.000000
0.000000
0.000000
0.000000
0.000000
0.000000
0.000000
0.000000
0.000000
0.000000
0.000000
0.000000
0.000000
0.000000
0.000000
0.000000
0.000000
0.000000
0.000000
0.000000
0.000000
0.000000
0.000000
0.000000
0.000000
0.000000
0.000000
0.000000
0.000000
0.000000
0.000000
0.000000
0.000000
0.000000
0.000000
0.000000
0.000000
0.000000
0.000000
0.000000
0.000000
0.000000
0.000000
0.000000
0.000000
0.000000
0.000000
0.000000
0.000000
0.000000
0.000000
0.000000
0.000000
0.000000
0.000000
0.000000
