0.000209
0.000418
0.000628
0.000839
0.001051
0.001265
0.001481
0.001699
0.001919
0.002144
0.002369
0.002602
0.002834
0.003076
0.003316
0.003567
0.003820
0.004079
0.004347
0.004615
0.004899
0.005181
0.005476
0.005778
0.006085
0.006408
0.006731
0.007069
0.007419
0.007769
0.008143
0.008520
0.008905
0.009315
0.009724
0.010149
0.010597
0.011044
0.011509
0.012001
0.012492
0.012999
0.013538
0.014081
0.014632
0.015219
0.015822
0.016425
0.017055
0.017721
0.018396
0.019074
0.019784
0.020534
0.021298
0.022063
0.022850
0.023682
0.024551
0.025433
0.026318
0.027217
0.028153
0.029137
0.030167
0.031232
0.032322
0.033434
0.034567
0.035724
0.036907
0.038118
0.039361
0.040636
0.041943
0.043283
0.044658
0.046067
0.047511
0.048991
0.050507
0.052059
0.053649
0.055276
0.056941
0.058644
0.060387
0.062169
0.063992
0.065854
0.067757
0.069702
0.071688
0.073717
0.075788
0.077901
0.080058
0.082258
0.084502
0.086790
0.089123
0.091501
0.093923
0.096390
0.098903
0.101462
0.104066
0.106717
0.109413
0.112155
0.114944
0.117779
0.120660
0.123588
0.126562
0.129582
0.132649
0.135761
0.138920
0.142124
0.145374
0.148670
0.152010
0.155396
0.158826
0.162301
0.165819
0.169381
0.172986
0.176634
0.180324
0.184055
0.187828
0.191641
0.195494
0.199386
0.203317
0.207286
0.211292
0.215334
0.219411
0.223523
0.227669
0.231848
0.236059
0.240301
0.244573
0.248874
0.253203
0.257559
0.261940
0.266346
0.270776
0.275228
0.279700
0.284193
0.288704
0.293233
0.297777
0.302336
0.306909
0.311493
0.316088
0.320692
0.325304
0.329922
0.334545
0.339171
0.343800
0.348429
0.353056
0.357682
0.362303
0.366919
0.371527
0.376127
0.380717
0.385295
0.389861
0.394411
0.398945
0.403462
0.407959
0.412436
0.416891
0.421323
0.425729
0.430108
0.434460
0.438783
0.443075
0.447335
0.451562
0.455755
0.459911
0.464031
0.468111
0.472152
0.476153
0.480111
0.484026
0.487898
0.491724
0.495504
0.499236
0.502920
0.506555
0.510141
0.513676
0.517159
0.520590
0.523968
0.527292
0.530562
0.533778
0.536937
0.540042
0.543090
0.546081
0.549014
0.551891
0.554711
0.557473
0.560176
0.562822
0.565409
0.567938
0.570409
0.572823
0.575177
0.577474
0.579714
0.581897
0.584021
0.586090
0.588102
0.590058
0.591958
0.593803
0.595593
0.597330
0.599013
0.600643
0.602222
0.603748
0.605224
0.606651
0.608027
0.609356
0.610637
0.611871
0.613059
0.614203
0.615301
0.616357
0.617370
0.618342
0.619273
0.620166
0.621020
0.621837
0.622617
0.623362
0.624073
0.624750
0.625394
0.626007
0.626591
0.627144
0.627668
0.628165
0.628636
0.629080
0.629500
0.629895
0.630268
0.630617
0.630947
0.631255
0.631542
0.631812
0.632063
0.632296
0.632512
0.632711
0.632896
0.633064
0.633218
0.633359
0.633484
0.633597
0.633697
0.633784
0.633860
0.633923
0.633974
0.634014
0.634042
0.634058
0.634064
0.634058
0.634041
0.634013
0.633973
0.633922
0.633859
0.633784
0.633696
0.633596
0.633484
0.633358
0.633218
0.633064
0.632896
0.632712
0.632513
0.632297
0.632063
0.631812
0.631543
0.631255
0.630947
0.630619
0.630268
0.629895
0.629500
0.629080
0.628636
0.628167
0.627670
0.627145
0.626592
0.626010
0.625396
0.624752
0.624074
0.623364
0.622619
0.621839
0.621023
0.620169
0.619276
0.618344
0.617372
0.616358
0.615302
0.614203
0.613060
0.611873
0.610638
0.609358
0.608030
0.606653
0.605227
0.603751
0.602224
0.600645
0.599015
0.597332
0.595595
0.593805
0.591960
0.590059
0.588103
0.586092
0.584024
0.581899
0.579717
0.577478
0.575181
0.572826
0.570414
0.567943
0.565413
0.562827
0.560181
0.557477
0.554716
0.551897
0.549021
0.546087
0.543096
0.540048
0.536943
0.533783
0.530568
0.527298
0.523974
0.520596
0.517165
0.513682
0.510147
0.506561
0.502926
0.499241
0.495508
0.491728
0.487902
0.484031
0.480115
0.476156
0.472156
0.468115
0.464033
0.459914
0.455758
0.451566
0.447339
0.443078
0.438786
0.434463
0.430111
0.425731
0.421325
0.416894
0.412440
0.407963
0.403465
0.398948
0.394414
0.389863
0.385298
0.380720
0.376130
0.371530
0.366922
0.362306
0.357685
0.353060
0.348432
0.343803
0.339175
0.334549
0.329926
0.325308
0.320697
0.316093
0.311498
0.306914
0.302341
0.297782
0.293238
0.288709
0.284198
0.279706
0.275233
0.270781
0.266352
0.261946
0.257564
0.253209
0.248880
0.244579
0.240307
0.236065
0.231854
0.227675
0.223529
0.219417
0.215339
0.211297
0.207292
0.203323
0.199392
0.195500
0.191647
0.187834
0.184061
0.180330
0.176640
0.172992
0.169387
0.165825
0.162307
0.158832
0.155402
0.152016
0.148676
0.145380
0.142130
0.138926
0.135767
0.132654
0.129588
0.126567
0.123593
0.120666
0.117784
0.114949
0.112160
0.109418
0.106721
0.104071
0.101467
0.098908
0.096395
0.093928
0.091505
0.089128
0.086795
0.084507
0.082262
0.080062
0.077905
0.075792
0.073721
0.071692
0.069706
0.067761
0.065858
0.063995
0.062173
0.060391
0.058648
0.056944
0.055279
0.053652
0.052062
0.050510
0.048994
0.047514
0.046070
0.044661
0.043286
0.041946
0.040639
0.039364
0.038123
0.036913
0.035734
0.034586
0.033468
0.032380
0.031321
0.030291
0.029289
0.028314
0.027367
0.026445
0.025550
0.024680
0.023835
0.023015
0.022218
0.021444
0.020694
0.019965
0.019259
0.018574
0.017909
0.017265
0.016641
0.016036
0.015450
0.014882
0.014333
0.013801
0.013286
0.012788
0.012306
0.011839
0.011389
0.010953
0.010532
0.010124
0.009731
0.009351
0.008985
0.008630
0.008289
0.007959
0.007640
0.007333
0.007037
0.006752
0.006477
0.006211
0.005956
0.005710
0.005473
0.005244
0.005024
0.004813
0.004609
0.004414
0.004225
0.004044
0.003870
0.003703
0.003542
0.003387
0.003239
0.003096
0.002960
0.002828
0.002702
0.002581
0.002465
0.002354
0.002247
0.002145
0.002047
0.001953
0.001863
0.001776
0.001694
0.001615
0.001539
0.001467
0.001397
0.001331
0.001268
0.001207
0.001149
0.001094
0.001041
0.000990
0.000942
0.000896
0.000852
0.000810
0.000770
0.000731
0.000695
0.000660
0.000627
0.000595
0.000565
0.000536
0.000509
0.000483
0.000458
0.000434
0.000412
0.000390
0.000370
0.000351
0.000332
0.000315
0.000298
0.000282
0.000267
0.000253
0.000239
0.000226
0.000214
0.000203
0.000192
0.000181
0.000171
0.000162
0.000153
0.000144
0.000136
0.000129
0.000121
0.000115
0.000108
0.000102
0.000096
0.000091
0.000086
0.000081
0.000076
0.000072
0.000068
0.000064
0.000060
0.000056
0.000053
0.000050
0.000047
0.000044
0.000042
0.000039
0.000037
0.000035
0.000033
0.000031
0.000029
0.000027
0.000025
0.000024
0.000022
0.000021
0.000020
0.000018
0.000017
0.000016
0.000015
0.000014
0.000013
0.000013
0.000012
0.000011
0.000010
0.000010
0.000009
0.000008
0.000008
0.000007
0.000007
0.000006
0.000006
0.000006
0.000005
0.000005
0.000005
0.000004
0.000004
0.000004
0.000004
0.000003
0.000003
0.000003
0.000003
0.000002
0.000002
0.000002
0.000002
0.000002
0.000002
0.000002
0.000002
0.000001
0.000001
0.000001
0.000001
0.000001
0.000001
0.000001
0.000001
0.000001
0.000001
0.000001
0.000001
0.000001
0.000001
0.000001
0.000000
0.000000
0.000000
0.000000
0.000000
0.000000
0.000000
0.000000
0.000000
0.000000
0.000000
0.000000
0.000000
0.000000
0.000000
0.000000
0.000000
0.000000
0.000000
0.000000
0.000000
0.000000
0.000000
0.000000
0.000000
0.000000
0.000000
0.000000
0.000000
0.000000
0.000000
0.000000
0.000000
0.000000
0.000000
0.000000
0.000000
0.000000
0.000000
0.000000
0.000000
0.000000
0.000000
0.000000
0.000000
0.000000
0.000000
0.000000
0.000000
0.000000
0.000000
0.000000
0.000000
0.000000
0.000000
0.000000
0.000000
0.000000
0.000000
0.000000
0.000000
0.000000
0.000000
0.000000
0.000000
0.000000
0.000000
0.000000
0.000000
0.000000
0.000000
0.000000
0.000000
0.000000
0.000000
0.000000
0.000000
0.000000
0.000000
0.000000
0.000000
0.000000
0.000000
0.000000
0.000000
0.000000
0.000000
0.000000
0.000000
0.000000
0.000000
0.000000
0.000000
0.000000
0.000000
0.000000
0.000000
0.000000
0.000000
0.000000
0.000000
0.000000
0.000000
0.000000
0.000000
0.000000
0.000000
0.000000
0.000000
0.000000
0.000000
0.000000
0.000000
0.000000
0.000000
0.000000
0.000000
0.000000
0.000000
0.000000
0.000000
0.000000
0.000000
0.000000
0.000000
0.000000
0.000000
0.000000
0.000000
0.000000
0.000000
0.000000
0.000000
0.000000
0.000000
0.000000
0.000000
0.000000
0.000000
0.000000
0.000000
0.000000
0.000000
0.000000
0.000000
0.000000
0.000000
0.000000
0.000000
0.000000
0.000000
0.000000
0.000000
0.000000
0.000000
0.000000
0.000000
0.000000
0.000000
0.000000
0.000000
0.000000
0.000000
0.000000
0.000000
0.000000
0.000000
0.000000
0.000000
0.000000
0.000000
0.000000
0.000000
0.000000
0.000000
0.000000
0.000000
0.000000
0.000000
0.000000
0.000000
0.000000
0.000000
0.000000
0.000000
0.000000
0.000000
0.000000
0.000000
0.000000
0.000000
0.000000
0.000000
0.000000
0.000000
0.000000
0.000000
0.000000
0.000000
0.000000
0.000000
0.000000
0.000000
0.000000
0.000000
0.000000
0.000000
0.000000
0.000000
0.000000
0.000000
0.000000
0.000000
0.000000
0.000000
0.000000
0.000000
0.000000
0.000000
0.000000
0.000000
0.000000
0.000000
0.000000
0.000000
0.000000
0.000000
0.000000
0.000000
0.000000
0.000000
0.000000
0.000000
0.000000
0.000000
0.000000
0.000000
0.000000
0.000000
0.000000
0.000000
0.000000
0.000000
0.000000
0.000000
0.000000
0.000000
0.000000
0.000000
0.000000
0.000000
0.000000
0.000000
0.000000
0.000000
0.000000
0.000000
0.000000
0.000000
0.000000
