0.000213
0.000427
0.000641
0.000857
0.001073
0.001292
0.001512
0.001736
0.001959
0.002189
0.002419
0.002657
0.002894
0.003139
0.003387
0.003640
0.003901
0.004163
0.004438
0.004711
0.004998
0.005290
0.005586
0.005898
0.006209
0.006537
0.006870
0.007209
0.007569
0.007927
0.008302
0.008692
0.009082
0.009496
0.009919
0.010346
0.010800
0.011263
0.011730
0.012228
0.012735
0.013246
0.013789
0.014350
0.014910
0.015497
0.016115
0.016736
0.017367
0.018038
0.018733
0.019427
0.020139
0.020894
0.021677
0.022462
0.023258
0.024091
0.024969
0.025872
0.026780
0.027696
0.028638
0.029624
0.030660
0.031737
0.032844
0.033975
0.035127
0.036301
0.037501
0.038730
0.039989
0.041280
0.042603
0.043961
0.045352
0.046778
0.048240
0.049737
0.051270
0.052841
0.054449
0.056094
0.057778
0.059501
0.061263
0.063064
0.064906
0.066788
0.068711
0.070676
0.072683
0.074731
0.076823
0.078957
0.081135
0.083356
0.085621
0.087930
0.090284
0.092683
0.095127
0.097616
0.100150
0.102730
0.105356
0.108028
0.110746
0.113510
0.116320
0.119177
0.122079
0.125028
0.128023
0.131065
0.134152
0.137286
0.140465
0.143690
0.146960
0.150275
0.153636
0.157041
0.160490
0.163984
0.167521
0.171101
0.174724
0.178389
0.182096
0.185845
0.189633
0.193462
0.197331
0.201238
0.205183
0.209166
0.213185
0.217239
0.221329
0.225453
0.229609
0.233799
0.238019
0.242269
0.246549
0.250858
0.255193
0.259555
0.263941
0.268351
0.272784
0.277238
0.281712
0.286205
0.290716
0.295243
0.299785
0.304341
0.308909
0.313488
0.318077
0.322673
0.327277
0.331885
0.336498
0.341113
0.345728
0.350343
0.354956
0.359565
0.364169
0.368766
0.373355
0.377934
0.382502
0.387057
0.391598
0.396123
0.400630
0.405119
0.409587
0.414034
0.418457
0.422856
0.427228
0.431572
0.435888
0.440173
0.444426
0.448646
0.452832
0.456983
0.461096
0.465170
0.469205
0.473199
0.477152
0.481061
0.484926
0.488747
0.492520
0.496247
0.499925
0.503554
0.507133
0.510662
0.514139
0.517563
0.520934
0.524251
0.527514
0.530721
0.533874
0.536970
0.540010
0.542993
0.545918
0.548785
0.551595
0.554347
0.557040
0.559676
0.562253
0.564770
0.567230
0.569630
0.571973
0.574257
0.576483
0.578651
0.580763
0.582817
0.584813
0.586753
0.588638
0.590466
0.592240
0.593959
0.595624
0.597237
0.598796
0.600304
0.601761
0.603167
0.604524
0.605832
0.607092
0.608306
0.609473
0.610594
0.611672
0.612704
0.613696
0.614645
0.615554
0.616423
0.617255
0.618049
0.618806
0.619528
0.620216
0.620870
0.621492
0.622082
0.622642
0.623174
0.623677
0.624152
0.624601
0.625025
0.625424
0.625800
0.626153
0.626485
0.626795
0.627086
0.627357
0.627610
0.627846
0.628066
0.628268
0.628456
0.628629
0.628787
0.628932
0.629065
0.629184
0.629292
0.629388
0.629473
0.629547
0.629611
0.629664
0.629707
0.629741
0.629764
0.629778
0.629783
0.629778
0.629763
0.629740
0.629706
0.629663
0.629610
0.629546
0.629472
0.629387
0.629291
0.629184
0.629064
0.628932
0.628787
0.628629
0.628457
0.628269
0.628065
0.627847
0.627611
0.627358
0.627087
0.626796
0.626485
0.626153
0.625799
0.625424
0.625025
0.624602
0.624153
0.623678
0.623175
0.622644
0.622084
0.621493
0.620871
0.620217
0.619529
0.618808
0.618051
0.617257
0.616426
0.615556
0.614647
0.613696
0.612705
0.611672
0.610595
0.609474
0.608307
0.607094
0.605834
0.604526
0.603170
0.601763
0.600306
0.598798
0.597239
0.595627
0.593961
0.592242
0.590468
0.588639
0.586756
0.584815
0.582819
0.580765
0.578655
0.576487
0.574261
0.571977
0.569634
0.567234
0.564774
0.562257
0.559681
0.557045
0.554352
0.551601
0.548791
0.545924
0.542999
0.540016
0.536976
0.533880
0.530728
0.527520
0.524257
0.520940
0.517569
0.514144
0.510668
0.507139
0.503560
0.499931
0.496252
0.492525
0.488751
0.484931
0.481066
0.477156
0.473203
0.469209
0.465173
0.461098
0.456986
0.452836
0.448650
0.444429
0.440176
0.435890
0.431575
0.427230
0.422858
0.418460
0.414037
0.409590
0.405122
0.400633
0.396125
0.391600
0.387060
0.382505
0.377937
0.373358
0.368769
0.364172
0.359568
0.354959
0.350347
0.345732
0.341116
0.336502
0.331889
0.327281
0.322678
0.318081
0.313493
0.308914
0.304346
0.299790
0.295248
0.290721
0.286210
0.281717
0.277243
0.272789
0.268357
0.263946
0.259560
0.255199
0.250863
0.246555
0.242275
0.238025
0.233804
0.229615
0.225458
0.221335
0.217245
0.213190
0.209171
0.205189
0.201244
0.197337
0.193469
0.189640
0.185851
0.182102
0.178395
0.174730
0.171107
0.167527
0.163989
0.160496
0.157047
0.153642
0.150281
0.146966
0.143695
0.140470
0.137291
0.134158
0.131070
0.128029
0.125034
0.122085
0.119182
0.116325
0.113515
0.110751
0.108033
0.105361
0.102735
0.100155
0.097621
0.095132
0.092688
0.090289
0.087935
0.085625
0.083360
0.081139
0.078961
0.076827
0.074735
0.072687
0.070680
0.068715
0.066792
0.064910
0.063068
0.061266
0.059504
0.057782
0.056098
0.054452
0.052844
0.051274
0.049740
0.048243
0.046781
0.045355
0.043964
0.042606
0.041283
0.039992
0.038735
0.037509
0.036315
0.035152
0.034020
0.032917
0.031844
0.030800
0.029784
0.028795
0.027834
0.026900
0.025992
0.025110
0.024253
0.023420
0.022611
0.021826
0.021065
0.020325
0.019608
0.018912
0.018237
0.017583
0.016949
0.016335
0.015739
0.015163
0.014604
0.014064
0.013540
0.013034
0.012544
0.012070
0.011611
0.011168
0.010740
0.010326
0.009926
0.009539
0.009166
0.008805
0.008458
0.008122
0.007798
0.007485
0.007184
0.006893
0.006613
0.006342
0.006082
0.005831
0.005590
0.005357
0.005133
0.004918
0.004710
0.004510
0.004318
0.004134
0.003956
0.003785
0.003621
0.003464
0.003312
0.003167
0.003027
0.002893
0.002764
0.002641
0.002522
0.002409
0.002300
0.002195
0.002095
0.001999
0.001907
0.001819
0.001735
0.001654
0.001576
0.001502
0.001432
0.001364
0.001299
0.001237
0.001178
0.001121
0.001067
0.001015
0.000966
0.000919
0.000874
0.000830
0.000789
0.000750
0.000713
0.000677
0.000643
0.000611
0.000580
0.000550
0.000522
0.000496
0.000470
0.000446
0.000423
0.000401
0.000380
0.000360
0.000341
0.000323
0.000306
0.000290
0.000275
0.000260
0.000246
0.000233
0.000220
0.000208
0.000197
0.000186
0.000176
0.000166
0.000157
0.000148
0.000140
0.000132
0.000125
0.000118
0.000111
0.000105
0.000099
0.000094
0.000088
0.000083
0.000078
0.000074
0.000070
0.000066
0.000062
0.000058
0.000055
0.000052
0.000048
0.000046
0.000043
0.000040
0.000038
0.000036
0.000034
0.000032
0.000030
0.000028
0.000026
0.000025
0.000023
0.000022
0.000020
0.000019
0.000018
0.000017
0.000016
0.000015
0.000014
0.000013
0.000012
0.000011
0.000011
0.000010
0.000009
0.000009
0.000008
0.000008
0.000007
0.000007
0.000006
0.000006
0.000005
0.000005
0.000005
0.000004
0.000004
0.000004
0.000004
0.000003
0.000003
0.000003
0.000003
0.000003
0.000002
0.000002
0.000002
0.000002
0.000002
0.000002
0.000002
0.000001
0.000001
0.000001
0.000001
0.000001
0.000001
0.000001
0.000001
0.000001
0.000001
0.000001
0.000001
0.000001
0.000001
0.000001
0.000000
0.000000
0.000000
0.000000
0.000000
0.000000
0.000000
0.000000
0.000000
0.000000
0.000000
0.000000
0.000000
0.000000
0.000000
0.000000
0.000000
0.000000
0.000000
0.000000
0.000000
0.000000
0.000000
0.000000
0.000000
0.000000
0.000000
0.000000
0.000000
0.000000
0.000000
0.000000
0.000000
0.000000
0.000000
0.000000
0.000000
0.000000
0.000000
0.000000
0.000000
0.000000
0.000000
0.000000
0.000000
0.000000
0.000000
0.000000
0.000000
0.000000
0.000000
0.000000
0.000000
0.000000
0.000000
0.000000
0.000000
0.000000
0.000000
0.000000
0.000000
0.000000
0.000000
0.000000
0.000000
0.000000
0.000000
0.000000
0.000000
0.000000
0.000000
0.000000
0.000000
0.000000
0.000000
0.000000
0.000000
0.000000
0.000000
0.000000
0.000000
0.000000
0.000000
0.000000
0.000000
0.000000
0.000000
0.000000
0.000000
0.000000
0.000000
0.000000
0.000000
0.000000
0.000000
0.000000
0.000000
0.000000
0.000000
0.000000
0.000000
0.000000
0.000000
0.000000
0.000000
0.000000
0.000000
0.000000
0.000000
0.000000
0.000000
0.000000
0.000000
0.000000
0.000000
0.000000
0.000000
0.000000
0.000000
0.000000
0.000000
0.000000
0.000000
0.000000
0.000000
0.000000
0.000000
0.000000
0.000000
0.000000
0.000000
0.000000
0.000000
0.000000
0.000000
0.000000
0.000000
0.000000
0.000000
0.000000
0.000000
0.000000
0.000000
0.000000
0.000000
0.000000
0.000000
0.000000
0.000000
0.000000
0.000000
0.000000
0.000000
0.000000
0.000000
0.000000
0.000000
0.000000
0.000000
0.000000
0.000000
0.000000
0.000000
0.000000
0.000000
0.000000
0.000000
0.000000
0.000000
0.000000
0.000000
0.000000
0.000000
0.000000
0.000000
0.000000
0.000000
0.000000
0.000000
0.000000
0.000000
0.000000
0.000000
0.000000
0.000000
0.000000
0.000000
0.000000
0.000000
0.000000
0.000000
0.000000
0.000000
0.000000
0.000000
0.000000
0.000000
0.000000
0.000000
0.000000
0.000000
0.000000
0.000000
0.000000
0.000000
0.000000
0.000000
0.000000
0.000000
0.000000
0.000000
0.000000
0.000000
0.000000
0.000000
0.000000
0.000000
0.000000
0.000000
0.000000
0.000000
0.000000
0.000000
0.000000
0.000000
0.000000
0.000000
0.000000
0.000000
0.000000
0.000000
0.000000
0.000000
0.000000
0.000000
0.000000
0.000000
0.000000
0.000000
0.000000
0.000000
0.000000
0.000000
0.000000
0.000000
0.000000
0.000000
0.000000
0.000000
0.000000
0.000000
0.000000
0.000000
0.000000
0.000000
0.000000
0.000000
0.000000
0.000000
0.000000
