0.000218
0.000436
0.000655
0.000875
0.001096
0.001320
0.001543
0.001772
0.002001
0.002235
0.002471
0.002711
0.002956
0.003204
0.003459
0.003715
0.003983
0.004250
0.004528
0.004811
0.005099
0.005400
0.005700
0.006018
0.006337
0.006666
0.007011
0.007354
0.007718
0.008089
0.008465
0.008864
0.009264
0.009679
0.010115
0.010550
0.011006
0.011482
0.011958
0.012457
0.012980
0.013502
0.014045
0.014619
0.015194
0.015783
0.016409
0.017049
0.017690
0.018361
0.019069
0.019784
0.020505
0.021260
0.022056
0.022864
0.023675
0.024511
0.025393
0.026312
0.027245
0.028181
0.029133
0.030124
0.031163
0.032249
0.033371
0.034520
0.035692
0.036885
0.038103
0.039349
0.040624
0.041932
0.043272
0.044646
0.046055
0.047498
0.048977
0.050492
0.052043
0.053632
0.055258
0.056922
0.058625
0.060367
0.062148
0.063969
0.065830
0.067732
0.069676
0.071661
0.073687
0.075757
0.077869
0.080024
0.082222
0.084464
0.086751
0.089081
0.091457
0.093877
0.096342
0.098853
0.101409
0.104010
0.106658
0.109351
0.112091
0.114876
0.117708
0.120586
0.123510
0.126480
0.129496
0.132559
0.135667
0.138821
0.142021
0.145266
0.148557
0.151892
0.155272
0.158697
0.162165
0.165678
0.169233
0.172832
0.176472
0.180155
0.183879
0.187644
0.191449
0.195294
0.199177
0.203099
0.207058
0.211055
0.215087
0.219154
0.223255
0.227390
0.231558
0.235757
0.239986
0.244245
0.248533
0.252848
0.257190
0.261556
0.265947
0.270361
0.274797
0.279253
0.283728
0.288222
0.292732
0.297257
0.301797
0.306349
0.310912
0.315486
0.320067
0.324656
0.329251
0.333850
0.338451
0.343054
0.347656
0.352257
0.356854
0.361447
0.366033
0.370611
0.375180
0.379738
0.384284
0.388816
0.393332
0.397830
0.402311
0.406771
0.411210
0.415626
0.420017
0.424382
0.428720
0.433029
0.437308
0.441554
0.445769
0.449949
0.454093
0.458201
0.462271
0.466300
0.470289
0.474236
0.478140
0.482000
0.485815
0.489584
0.493305
0.496979
0.500602
0.504176
0.507699
0.511170
0.514588
0.517953
0.521265
0.524521
0.527722
0.530867
0.533956
0.536989
0.539964
0.542881
0.545740
0.548542
0.551284
0.553969
0.556594
0.559161
0.561668
0.564117
0.566507
0.568837
0.571109
0.573322
0.575478
0.577575
0.579615
0.581598
0.583522
0.585391
0.587204
0.588961
0.590664
0.592312
0.593906
0.595447
0.596936
0.598374
0.599761
0.601098
0.602386
0.603625
0.604817
0.605963
0.607062
0.608118
0.609129
0.610097
0.611024
0.611910
0.612756
0.613564
0.614334
0.615068
0.615766
0.616430
0.617061
0.617658
0.618226
0.618762
0.619270
0.619750
0.620202
0.620628
0.621030
0.621407
0.621762
0.622094
0.622406
0.622696
0.622967
0.623220
0.623455
0.623674
0.623877
0.624064
0.624237
0.624396
0.624542
0.624675
0.624797
0.624908
0.625007
0.625097
0.625176
0.625246
0.625308
0.625359
0.625403
0.625438
0.625465
0.625484
0.625496
0.625499
0.625495
0.625484
0.625464
0.625437
0.625401
0.625358
0.625306
0.625245
0.625175
0.625096
0.625006
0.624907
0.624797
0.624676
0.624542
0.624397
0.624237
0.624064
0.623877
0.623675
0.623457
0.623221
0.622968
0.622696
0.622405
0.622094
0.621762
0.621408
0.621031
0.620630
0.620203
0.619751
0.619272
0.618764
0.618227
0.617660
0.617062
0.616431
0.615768
0.615070
0.614336
0.613566
0.612758
0.611911
0.611025
0.610098
0.609130
0.608118
0.607063
0.605964
0.604818
0.603627
0.602388
0.601100
0.599763
0.598376
0.596938
0.595449
0.593908
0.592313
0.590665
0.588963
0.587206
0.585393
0.583524
0.581599
0.579617
0.577578
0.575481
0.573326
0.571113
0.568841
0.566511
0.564121
0.561672
0.559165
0.556599
0.553974
0.551290
0.548547
0.545747
0.542888
0.539970
0.536995
0.533963
0.530873
0.527728
0.524527
0.521271
0.517959
0.514594
0.511176
0.507705
0.504182
0.500608
0.496983
0.493310
0.489589
0.485820
0.482005
0.478144
0.474240
0.470293
0.466303
0.462273
0.458204
0.454097
0.449953
0.445772
0.441558
0.437310
0.433031
0.428722
0.424385
0.420019
0.415628
0.411213
0.406774
0.402313
0.397833
0.393334
0.388818
0.384287
0.379741
0.375183
0.370615
0.366036
0.361450
0.356858
0.352260
0.347660
0.343058
0.338455
0.333854
0.329255
0.324661
0.320072
0.315490
0.310917
0.306354
0.301802
0.297262
0.292736
0.288226
0.283733
0.279258
0.274802
0.270367
0.265953
0.261562
0.257195
0.252854
0.248539
0.244251
0.239992
0.235762
0.231563
0.227396
0.223261
0.219160
0.215092
0.211060
0.207064
0.203105
0.199183
0.195300
0.191455
0.187650
0.183885
0.180161
0.176478
0.172837
0.169239
0.165683
0.162171
0.158702
0.155278
0.151898
0.148562
0.145272
0.142027
0.138827
0.135672
0.132564
0.129502
0.126485
0.123515
0.120591
0.117713
0.114881
0.112096
0.109356
0.106663
0.104015
0.101413
0.098857
0.096347
0.093881
0.091461
0.089086
0.086755
0.084469
0.082226
0.080028
0.077873
0.075761
0.073691
0.071664
0.069680
0.067736
0.065834
0.063973
0.062151
0.060370
0.058629
0.056926
0.055262
0.053635
0.052047
0.050495
0.048980
0.047501
0.046058
0.044649
0.043275
0.041935
0.040629
0.039355
0.038114
0.036904
0.035726
0.034578
0.033461
0.032374
0.031315
0.030285
0.029283
0.028309
0.027362
0.026441
0.025546
0.024676
0.023831
0.023011
0.022214
0.021441
0.020691
0.019962
0.019256
0.018571
0.017907
0.017263
0.016638
0.016034
0.015448
0.014880
0.014331
0.013799
0.013284
0.012786
0.012304
0.011838
0.011387
0.010952
0.010531
0.010124
0.009730
0.009350
0.008984
0.008630
0.008288
0.007958
0.007640
0.007333
0.007037
0.006751
0.006476
0.006211
0.005955
0.005709
0.005472
0.005244
0.005024
0.004813
0.004609
0.004413
0.004225
0.004044
0.003870
0.003702
0.003542
0.003387
0.003239
0.003096
0.002959
0.002828
0.002702
0.002581
0.002465
0.002354
0.002247
0.002145
0.002047
0.001953
0.001863
0.001776
0.001694
0.001615
0.001539
0.001467
0.001397
0.001331
0.001268
0.001207
0.001149
0.001094
0.001041
0.000990
0.000942
0.000896
0.000852
0.000810
0.000770
0.000731
0.000695
0.000660
0.000627
0.000595
0.000565
0.000536
0.000509
0.000483
0.000458
0.000434
0.000412
0.000390
0.000370
0.000351
0.000332
0.000315
0.000298
0.000282
0.000267
0.000253
0.000239
0.000226
0.000214
0.000203
0.000192
0.000181
0.000171
0.000162
0.000153
0.000144
0.000136
0.000129
0.000121
0.000115
0.000108
0.000102
0.000096
0.000091
0.000086
0.000081
0.000076
0.000072
0.000068
0.000064
0.000060
0.000056
0.000053
0.000050
0.000047
0.000044
0.000042
0.000039
0.000037
0.000035
0.000033
0.000031
0.000029
0.000027
0.000025
0.000024
0.000022
0.000021
0.000020
0.000018
0.000017
0.000016
0.000015
0.000014
0.000013
0.000013
0.000012
0.000011
0.000010
0.000010
0.000009
0.000008
0.000008
0.000007
0.000007
0.000006
0.000006
0.000006
0.000005
0.000005
0.000005
0.000004
0.000004
0.000004
0.000004
0.000003
0.000003
0.000003
0.000003
0.000002
0.000002
0.000002
0.000002
0.000002
0.000002
0.000002
0.000002
0.000001
0.000001
0.000001
0.000001
0.000001
0.000001
0.000001
0.000001
0.000001
0.000001
0.000001
0.000001
0.000001
0.000001
0.000001
0.000000
0.000000
0.000000
0.000000
0.000000
0.000000
0.000000
0.000000
0.000000
0.000000
0.000000
0.000000
0.000000
0.000000
0.000000
0.000000
0.000000
0.000000
0.000000
0.000000
0.000000
0.000000
0.000000
0.000000
0.000000
0.000000
0.000000
0.000000
0.000000
0.000000
0.000000
0.000000
0.000000
0.000000
0.000000
0.000000
0.000000
0.000000
0.000000
0.000000
0.000000
0.000000
0.000000
0.000000
0.000000
0.000000
0.000000
0.000000
0.000000
0.000000
0.000000
0.000000
0.000000
0.000000
0.000000
0.000000
0.000000
0.000000
0.000000
0.000000
0.000000
0.000000
0.000000
0.000000
0.000000
0.000000
0.000000
0.000000
0.000000
0.000000
0.000000
0.000000
0.000000
0.000000
0.000000
0.000000
0.000000
0.000000
0.000000
0.000000
0.000000
0.000000
0.000000
0.000000
0.000000
0.000000
0.000000
0.000000
0.000000
0.000000
0.000000
0.000000
0.000000
0.000000
0.000000
0.000000
0.000000
0.000000
0.000000
0.000000
0.000000
0.000000
0.000000
0.000000
0.000000
0.000000
0.000000
0.000000
0.000000
0.000000
0.000000
0.000000
0.000000
0.000000
0.000000
0.000000
0.000000
0.000000
0.000000
0.000000
0.000000
0.000000
0.000000
0.000000
0.000000
0.000000
0.000000
0.000000
0.000000
0.000000
0.000000
0.000000
0.000000
0.000000
0.000000
0.000000
0.000000
0.000000
0.000000
0.000000
0.000000
0.000000
0.000000
0.000000
0.000000
0.000000
0.000000
0.000000
0.000000
0.000000
0.000000
0.000000
0.000000
0.000000
0.000000
0.000000
0.000000
0.000000
0.000000
0.000000
0.000000
0.000000
0.000000
0.000000
0.000000
0.000000
0.000000
0.000000
0.000000
0.000000
0.000000
0.000000
0.000000
0.000000
0.000000
0.000000
0.000000
0.000000
0.000000
0.000000
0.000000
0.000000
0.000000
0.000000
0.000000
0.000000
0.000000
0.000000
0.000000
0.000000
0.000000
0.000000
0.000000
0.000000
0.000000
0.000000
0.000000
0.000000
0.000000
0.000000
0.000000
0.000000
0.000000
0.000000
0.000000
0.000000
0.000000
0.000000
0.000000
0.000000
0.000000
0.000000
0.000000
0.000000
0.000000
0.000000
0.000000
0.000000
0.000000
0.000000
0.000000
0.000000
0.000000
0.000000
0.000000
0.000000
0.000000
0.000000
0.000000
0.000000
0.000000
0.000000
0.000000
0.000000
0.000000
0.000000
0.000000
0.000000
0.000000
0.000000
0.000000
0.000000
0.000000
0.000000
0.000000
0.000000
0.000000
0.000000
0.000000
0.000000
0.000000
0.000000
0.000000
0.000000
0.000000
0.000000
0.000000
0.000000
0.000000
