0.000222
0.000446
0.000669
0.000894
0.001119
0.001347
0.001577
0.001809
0.002044
0.002281
0.002524
0.002767
0.003019
0.003270
0.003531
0.003793
0.004064
0.004339
0.004620
0.004911
0.005203
0.005510
0.005818
0.006138
0.006468
0.006800
0.007151
0.007505
0.007870
0.008252
0.008633
0.009036
0.009450
0.009867
0.010310
0.010759
0.011216
0.011702
0.012192
0.012692
0.013224
0.013762
0.014308
0.014888
0.015482
0.016078
0.016706
0.017362
0.018020
0.018693
0.019407
0.020143
0.020879
0.021637
0.022438
0.023267
0.024099
0.024943
0.025826
0.026755
0.027710
0.028670
0.029638
0.030635
0.031678
0.032771
0.033906
0.035072
0.036262
0.037475
0.038712
0.039975
0.041268
0.042592
0.043949
0.045340
0.046766
0.048227
0.049723
0.051256
0.052826
0.054433
0.056077
0.057760
0.059482
0.061243
0.063043
0.064884
0.066765
0.068687
0.070650
0.072655
0.074703
0.076793
0.078925
0.081101
0.083321
0.085584
0.087892
0.090244
0.092640
0.095082
0.097569
0.100101
0.102678
0.105302
0.107971
0.110686
0.113447
0.116254
0.119107
0.122006
0.124952
0.127943
0.130981
0.134064
0.137193
0.140368
0.143589
0.146854
0.150164
0.153520
0.156920
0.160364
0.163851
0.167382
0.170956
0.174573
0.178231
0.181931
0.185672
0.189454
0.193275
0.197135
0.201033
0.204970
0.208943
0.212953
0.216998
0.221077
0.225190
0.229336
0.233514
0.237722
0.241961
0.246228
0.250523
0.254845
0.259193
0.263564
0.267959
0.272377
0.276815
0.281273
0.285749
0.290242
0.294751
0.299275
0.303811
0.308359
0.312918
0.317485
0.322060
0.326641
0.331226
0.335815
0.340405
0.344995
0.349584
0.354170
0.358752
0.363328
0.367896
0.372454
0.377003
0.381540
0.386063
0.390570
0.395061
0.399533
0.403986
0.408418
0.412826
0.417211
0.421570
0.425902
0.430205
0.434478
0.438719
0.442928
0.447103
0.451243
0.455345
0.459410
0.463435
0.467419
0.471362
0.475262
0.479118
0.482928
0.486693
0.490410
0.494078
0.497698
0.501267
0.504785
0.508251
0.511665
0.515025
0.518331
0.521582
0.524777
0.527916
0.530999
0.534025
0.536994
0.539904
0.542755
0.545549
0.548284
0.550959
0.553576
0.556133
0.558631
0.561069
0.563449
0.565768
0.568029
0.570230
0.572373
0.574458
0.576484
0.578452
0.580364
0.582217
0.584015
0.585756
0.587443
0.589074
0.590651
0.592174
0.593645
0.595064
0.596431
0.597749
0.599016
0.600235
0.601407
0.602530
0.603608
0.604641
0.605630
0.606576
0.607480
0.608342
0.609165
0.609948
0.610695
0.611404
0.612078
0.612718
0.613324
0.613897
0.614440
0.614952
0.615435
0.615891
0.616319
0.616722
0.617099
0.617453
0.617784
0.618095
0.618384
0.618653
0.618902
0.619135
0.619350
0.619549
0.619734
0.619903
0.620059
0.620202
0.620333
0.620453
0.620561
0.620660
0.620749
0.620828
0.620899
0.620962
0.621017
0.621065
0.621106
0.621139
0.621166
0.621187
0.621202
0.621211
0.621214
0.621211
0.621202
0.621187
0.621165
0.621138
0.621104
0.621064
0.621016
0.620961
0.620898
0.620827
0.620747
0.620659
0.620561
0.620453
0.620334
0.620202
0.620059
0.619904
0.619734
0.619551
0.619351
0.619136
0.618903
0.618652
0.618383
0.618095
0.617786
0.617454
0.617100
0.616723
0.616320
0.615892
0.615436
0.614953
0.614441
0.613898
0.613325
0.612719
0.612080
0.611406
0.610697
0.609950
0.609166
0.608343
0.607481
0.606577
0.605631
0.604642
0.603609
0.602531
0.601407
0.600237
0.599018
0.597750
0.596433
0.595066
0.593647
0.592176
0.590653
0.589075
0.587444
0.585758
0.584017
0.582219
0.580365
0.578455
0.576487
0.574461
0.572376
0.570234
0.568033
0.565772
0.563453
0.561073
0.558635
0.556138
0.553581
0.550965
0.548289
0.545555
0.542762
0.539910
0.536999
0.534031
0.531005
0.527922
0.524783
0.521587
0.518336
0.515030
0.511670
0.508257
0.504791
0.501272
0.497703
0.494083
0.490414
0.486697
0.482933
0.479122
0.475266
0.471366
0.467423
0.463438
0.459412
0.455348
0.451246
0.447107
0.442932
0.438722
0.434480
0.430207
0.425904
0.421572
0.417213
0.412829
0.408420
0.403989
0.399535
0.395063
0.390572
0.386065
0.381543
0.377006
0.372458
0.367899
0.363330
0.358755
0.354173
0.349588
0.344999
0.340409
0.335819
0.331230
0.326645
0.322064
0.317490
0.312923
0.308364
0.303816
0.299280
0.294756
0.290247
0.285754
0.281278
0.276820
0.272382
0.267965
0.263570
0.259198
0.254851
0.250529
0.246234
0.241966
0.237728
0.233519
0.229342
0.225196
0.221083
0.217003
0.212958
0.208949
0.204976
0.201040
0.197141
0.193281
0.189460
0.185678
0.181937
0.178237
0.174579
0.170962
0.167388
0.163857
0.160369
0.156925
0.153526
0.150170
0.146860
0.143594
0.140374
0.137199
0.134070
0.130986
0.127949
0.124957
0.122012
0.119112
0.116259
0.113452
0.110691
0.107976
0.105306
0.102683
0.100106
0.097573
0.095086
0.092645
0.090248
0.087896
0.085588
0.083325
0.081105
0.078929
0.076797
0.074707
0.072659
0.070654
0.068691
0.066769
0.064887
0.063047
0.061246
0.059485
0.057764
0.056081
0.054436
0.052829
0.051259
0.049726
0.048230
0.046769
0.045343
0.043953
0.042596
0.041273
0.039983
0.038726
0.037501
0.036307
0.035145
0.034013
0.032910
0.031838
0.030794
0.029778
0.028790
0.027830
0.026896
0.025988
0.025106
0.024249
0.023416
0.022608
0.021823
0.021061
0.020322
0.019605
0.018910
0.018235
0.017581
0.016947
0.016333
0.015738
0.015161
0.014603
0.014062
0.013539
0.013033
0.012543
0.012069
0.011610
0.011167
0.010739
0.010325
0.009925
0.009538
0.009165
0.008805
0.008457
0.008121
0.007797
0.007485
0.007183
0.006892
0.006612
0.006342
0.006082
0.005831
0.005589
0.005357
0.005133
0.004917
0.004710
0.004510
0.004318
0.004133
0.003956
0.003785
0.003621
0.003464
0.003312
0.003167
0.003027
0.002893
0.002764
0.002641
0.002522
0.002409
0.002300
0.002195
0.002095
0.001999
0.001907
0.001819
0.001735
0.001654
0.001576
0.001502
0.001432
0.001364
0.001299
0.001237
0.001178
0.001121
0.001067
0.001015
0.000966
0.000919
0.000873
0.000830
0.000789
0.000750
0.000713
0.000677
0.000643
0.000611
0.000580
0.000550
0.000522
0.000496
0.000470
0.000446
0.000423
0.000401
0.000380
0.000360
0.000341
0.000323
0.000306
0.000290
0.000275
0.000260
0.000246
0.000233
0.000220
0.000208
0.000197
0.000186
0.000176
0.000166
0.000157
0.000148
0.000140
0.000132
0.000125
0.000118
0.000111
0.000105
0.000099
0.000094
0.000088
0.000083
0.000078
0.000074
0.000070
0.000066
0.000062
0.000058
0.000055
0.000052
0.000048
0.000046
0.000043
0.000040
0.000038
0.000036
0.000034
0.000032
0.000030
0.000028
0.000026
0.000025
0.000023
0.000022
0.000020
0.000019
0.000018
0.000017
0.000016
0.000015
0.000014
0.000013
0.000012
0.000011
0.000011
0.000010
0.000009
0.000009
0.000008
0.000008
0.000007
0.000007
0.000006
0.000006
0.000005
0.000005
0.000005
0.000004
0.000004
0.000004
0.000004
0.000003
0.000003
0.000003
0.000003
0.000003
0.000002
0.000002
0.000002
0.000002
0.000002
0.000002
0.000002
0.000001
0.000001
0.000001
0.000001
0.000001
0.000001
0.000001
0.000001
0.000001
0.000001
0.000001
0.000001
0.000001
0.000001
0.000001
0.000000
0.000000
0.000000
0.000000
0.000000
0.000000
0.000000
0.000000
0.000000
0.000000
0.000000
0.000000
0.000000
0.000000
0.000000
0.000000
0.000000
0.000000
0.000000
0.000000
0.000000
0.000000
0.000000
0.000000
0.000000
0.000000
0.000000
0.000000
0.000000
0.000000
0.000000
0.000000
0.000000
0.000000
0.000000
0.000000
0.000000
0.000000
0.000000
0.000000
0.000000
0.000000
0.000000
0.000000
0.000000
0.000000
0.000000
0.000000
0.000000
0.000000
0.000000
0.000000
0.000000
0.000000
0.000000
0.000000
0.000000
0.000000
0.000000
0.000000
0.000000
0.000000
0.000000
0.000000
0.000000
0.000000
0.000000
0.000000
0.000000
0.000000
0.000000
0.000000
0.000000
0.000000
0.000000
0.000000
0.000000
0.000000
0.000000
0.000000
0.000000
0.000000
0.000000
0.000000
0.000000
0.000000
0.000000
0.000000
0.000000
0.000000
0.000000
0.000000
0.000000
0.000000
0.000000
0.000000
0.000000
0.000000
0.000000
0.000000
0.000000
0.000000
0.000000
0.000000
0.000000
0.000000
0.000000
0.000000
0.000000
0.000000
0.000000
0.000000
0.000000
0.000000
0.000000
0.000000
0.000000
0.000000
0.000000
0.000000
0.000000
0.000000
0.000000
0.000000
0.000000
0.000000
0.000000
0.000000
0.000000
0.000000
0.000000
0.000000
0.000000
0.000000
0.000000
0.000000
0.000000
0.000000
0.000000
0.000000
0.000000
0.000000
0.000000
0.000000
0.000000
0.000000
0.000000
0.000000
0.000000
0.000000
0.000000
0.000000
0.000000
0.000000
0.000000
0.000000
0.000000
0.000000
0.000000
0.000000
0.000000
0.000000
0.000000
0.000000
0.000000
0.000000
0.000000
0.000000
0.000000
0.000000
0.000000
0.000000
0.000000
0.000000
0.000000
0.000000
0.000000
0.000000
0.000000
0.000000
0.000000
0.000000
0.000000
0.000000
0.000000
0.000000
0.000000
0.000000
0.000000
0.000000
0.000000
0.000000
0.000000
0.000000
0.000000
0.000000
0.000000
0.000000
0.000000
0.000000
0.000000
0.000000
0.000000
0.000000
0.000000
0.000000
0.000000
0.000000
0.000000
0.000000
0.000000
0.000000
0.000000
0.000000
0.000000
0.000000
0.000000
0.000000
0.000000
0.000000
0.000000
0.000000
0.000000
0.000000
0.000000
0.000000
0.000000
0.000000
0.000000
0.000000
0.000000
0.000000
0.000000
0.000000
0.000000
0.000000
0.000000
0.000000
0.000000
0.000000
0.000000
0.000000
0.000000
0.000000
0.000000
0.000000
0.000000
0.000000
0.000000
0.000000
0.000000
0.000000
0.000000
0.000000
0.000000
0.000000
0.000000
0.000000
0.000000
