0.000227
0.000455
0.000683
0.000912
0.001143
0.001375
0.001610
0.001846
0.002087
0.002328
0.002577
0.002825
0.003081
0.003339
0.003604
0.003873
0.004146
0.004430
0.004714
0.005012
0.005311
0.005620
0.005939
0.006260
0.006599
0.006938
0.007292
0.007658
0.008025
0.008415
0.008807
0.009211
0.009637
0.010062
0.010507
0.010970
0.011434
0.011923
0.012429
0.012936
0.013470
0.014025
0.014580
0.015161
0.015771
0.016381
0.017010
0.017676
0.018354
0.019036
0.019751
0.020502
0.021259
0.022024
0.022827
0.023670
0.024525
0.025384
0.026271
0.027205
0.028176
0.029161
0.030151
0.031159
0.032206
0.033303
0.034448
0.035629
0.036839
0.038071
0.039327
0.040609
0.041919
0.043261
0.044635
0.046043
0.047486
0.048964
0.050479
0.052029
0.053617
0.055243
0.056906
0.058608
0.060348
0.062129
0.063948
0.065809
0.067710
0.069652
0.071635
0.073661
0.075729
0.077839
0.079993
0.082190
0.084430
0.086715
0.089044
0.091417
0.093835
0.096298
0.098806
0.101360
0.103959
0.106604
0.109295
0.112032
0.114814
0.117643
0.120518
0.123438
0.126405
0.129418
0.132477
0.135581
0.138731
0.141927
0.145167
0.148453
0.151784
0.155159
0.158578
0.162041
0.165548
0.169098
0.172690
0.176324
0.180000
0.183718
0.187475
0.191273
0.195110
0.198985
0.202899
0.206850
0.210837
0.214860
0.218917
0.223008
0.227133
0.231290
0.235478
0.239695
0.243942
0.248218
0.252520
0.256849
0.261202
0.265578
0.269977
0.274398
0.278838
0.283297
0.287774
0.292267
0.296774
0.301296
0.305829
0.310373
0.314925
0.319487
0.324054
0.328626
0.333202
0.337781
0.342359
0.346936
0.351511
0.356082
0.360648
0.365206
0.369756
0.374295
0.378823
0.383337
0.387837
0.392320
0.396785
0.401231
0.405656
0.410058
0.414437
0.418790
0.423116
0.427414
0.431682
0.435919
0.440123
0.444293
0.448428
0.452527
0.456588
0.460609
0.464590
0.468529
0.472425
0.476277
0.480084
0.483845
0.487558
0.491223
0.494839
0.498404
0.501918
0.505381
0.508790
0.512146
0.515447
0.518694
0.521885
0.525019
0.528096
0.531117
0.534079
0.536983
0.539829
0.542615
0.545342
0.548010
0.550619
0.553168
0.555657
0.558086
0.560455
0.562766
0.565016
0.567206
0.569337
0.571410
0.573423
0.575379
0.577276
0.579116
0.580898
0.582624
0.584295
0.585910
0.587470
0.588976
0.590429
0.591829
0.593178
0.594476
0.595724
0.596922
0.598072
0.599176
0.600232
0.601242
0.602209
0.603132
0.604012
0.604852
0.605650
0.606410
0.607131
0.607816
0.608465
0.609080
0.609661
0.610209
0.610726
0.611213
0.611671
0.612101
0.612505
0.612881
0.613235
0.613564
0.613870
0.614156
0.614422
0.614668
0.614895
0.615105
0.615298
0.615476
0.615639
0.615790
0.615927
0.616051
0.616164
0.616267
0.616360
0.616444
0.616519
0.616587
0.616646
0.616699
0.616745
0.616786
0.616821
0.616850
0.616874
0.616893
0.616908
0.616919
0.616925
0.616927
0.616925
0.616919
0.616908
0.616892
0.616872
0.616848
0.616820
0.616785
0.616745
0.616698
0.616645
0.616585
0.616519
0.616444
0.616360
0.616267
0.616164
0.616052
0.615927
0.615790
0.615641
0.615477
0.615299
0.615105
0.614895
0.614668
0.614422
0.614158
0.613871
0.613565
0.613236
0.612883
0.612505
0.612102
0.611672
0.611214
0.610727
0.610211
0.609662
0.609082
0.608467
0.607818
0.607133
0.606411
0.605651
0.604853
0.604014
0.603132
0.602209
0.601243
0.600233
0.599176
0.598074
0.596924
0.595725
0.594478
0.593180
0.591831
0.590431
0.588978
0.587472
0.585911
0.584297
0.582627
0.580900
0.579118
0.577278
0.575381
0.573426
0.571412
0.569340
0.567210
0.565019
0.562770
0.560460
0.558090
0.555662
0.553173
0.550624
0.548016
0.545348
0.542621
0.539835
0.536989
0.534085
0.531122
0.528102
0.525025
0.521890
0.518700
0.515453
0.512152
0.508796
0.505387
0.501924
0.498410
0.494844
0.491228
0.487562
0.483849
0.480088
0.476281
0.472429
0.468532
0.464593
0.460611
0.456590
0.452531
0.448432
0.444297
0.440126
0.435922
0.431684
0.427417
0.423119
0.418792
0.414439
0.410061
0.405659
0.401233
0.396788
0.392322
0.387839
0.383340
0.378826
0.374298
0.369758
0.365209
0.360651
0.356085
0.351515
0.346940
0.342362
0.337784
0.333206
0.328630
0.324058
0.319491
0.314930
0.310377
0.305833
0.301300
0.296779
0.292271
0.287779
0.283302
0.278843
0.274403
0.269983
0.265584
0.261207
0.256854
0.252526
0.248224
0.243948
0.239701
0.235483
0.231295
0.227139
0.223014
0.218923
0.214865
0.210843
0.206856
0.202905
0.198992
0.195116
0.191279
0.187482
0.183724
0.180006
0.176330
0.172696
0.169103
0.165554
0.162047
0.158584
0.155165
0.151789
0.148459
0.145173
0.141932
0.138737
0.135587
0.132482
0.129423
0.126411
0.123444
0.120523
0.117648
0.114819
0.112037
0.109300
0.106609
0.103964
0.101365
0.098811
0.096303
0.093840
0.091422
0.089048
0.086719
0.084435
0.082194
0.079997
0.077843
0.075733
0.073665
0.071639
0.069656
0.067714
0.065813
0.063952
0.062132
0.060352
0.058611
0.056909
0.055246
0.053621
0.052033
0.050482
0.048968
0.047489
0.046046
0.044639
0.043265
0.041926
0.040620
0.039346
0.038106
0.036896
0.035719
0.034572
0.033455
0.032367
0.031309
0.030280
0.029278
0.028304
0.027357
0.026436
0.025542
0.024672
0.023828
0.023008
0.022211
0.021438
0.020688
0.019960
0.019253
0.018569
0.017904
0.017261
0.016637
0.016032
0.015446
0.014879
0.014330
0.013798
0.013283
0.012785
0.012303
0.011837
0.011386
0.010951
0.010530
0.010123
0.009729
0.009350
0.008983
0.008629
0.008287
0.007957
0.007639
0.007332
0.007036
0.006751
0.006476
0.006210
0.005955
0.005709
0.005472
0.005244
0.005024
0.004812
0.004609
0.004413
0.004225
0.004044
0.003870
0.003702
0.003542
0.003387
0.003239
0.003096
0.002959
0.002828
0.002702
0.002581
0.002465
0.002354
0.002247
0.002145
0.002046
0.001953
0.001862
0.001776
0.001694
0.001615
0.001539
0.001467
0.001397
0.001331
0.001268
0.001207
0.001149
0.001094
0.001041
0.000990
0.000942
0.000896
0.000852
0.000810
0.000770
0.000731
0.000695
0.000660
0.000627
0.000595
0.000565
0.000536
0.000509
0.000483
0.000458
0.000434
0.000412
0.000390
0.000370
0.000351
0.000332
0.000315
0.000298
0.000282
0.000267
0.000253
0.000239
0.000226
0.000214
0.000203
0.000192
0.000181
0.000171
0.000162
0.000153
0.000144
0.000136
0.000129
0.000121
0.000115
0.000108
0.000102
0.000096
0.000091
0.000086
0.000081
0.000076
0.000072
0.000068
0.000064
0.000060
0.000056
0.000053
0.000050
0.000047
0.000044
0.000042
0.000039
0.000037
0.000035
0.000033
0.000031
0.000029
0.000027
0.000025
0.000024
0.000022
0.000021
0.000020
0.000018
0.000017
0.000016
0.000015
0.000014
0.000013
0.000013
0.000012
0.000011
0.000010
0.000010
0.000009
0.000008
0.000008
0.000007
0.000007
0.000006
0.000006
0.000006
0.000005
0.000005
0.000005
0.000004
0.000004
0.000004
0.000004
0.000003
0.000003
0.000003
0.000003
0.000002
0.000002
0.000002
0.000002
0.000002
0.000002
0.000002
0.000002
0.000001
0.000001
0.000001
0.000001
0.000001
0.000001
0.000001
0.000001
0.000001
0.000001
0.000001
0.000001
0.000001
0.000001
0.000001
0.000000
0.000000
0.000000
0.000000
0.000000
0.000000
0.000000
0.000000
0.000000
0.000000
0.000000
0.000000
0.000000
0.000000
0.000000
0.000000
0.000000
0.000000
0.000000
0.000000
0.000000
0.000000
0.000000
0.000000
0.000000
0.000000
0.000000
0.000000
0.000000
0.000000
0.000000
0.000000
0.000000
0.000000
0.000000
0.000000
0.000000
0.000000
0.000000
0.000000
0.000000
0.000000
0.000000
0.000000
0.000000
0.000000
0.000000
0.000000
0.000000
0.000000
0.000000
0.000000
0.000000
0.000000
0.000000
0.000000
0.000000
0.000000
0.000000
0.000000
0.000000
0.000000
0.000000
0.000000
0.000000
0.000000
0.000000
0.000000
0.000000
0.000000
0.000000
0.000000
0.000000
0.000000
0.000000
0.000000
0.000000
0.000000
0.000000
0.000000
0.000000
0.000000
0.000000
0.000000
0.000000
0.000000
0.000000
0.000000
0.000000
0.000000
0.000000
0.000000
0.000000
0.000000
0.000000
0.000000
0.000000
0.000000
0.000000
0.000000
0.000000
0.000000
0.000000
0.000000
0.000000
0.000000
0.000000
0.000000
0.000000
0.000000
0.000000
0.000000
0.000000
0.000000
0.000000
0.000000
0.000000
0.000000
0.000000
0.000000
0.000000
0.000000
0.000000
0.000000
0.000000
0.000000
0.000000
0.000000
0.000000
0.000000
0.000000
0.000000
0.000000
0.000000
0.000000
0.000000
0.000000
0.000000
0.000000
0.000000
0.000000
0.000000
0.000000
0.000000
0.000000
0.000000
0.000000
0.000000
0.000000
0.000000
0.000000
0.000000
0.000000
0.000000
0.000000
0.000000
0.000000
0.000000
0.000000
0.000000
0.000000
0.000000
0.000000
0.000000
0.000000
0.000000
0.000000
0.000000
0.000000
0.000000
0.000000
0.000000
0.000000
0.000000
0.000000
0.000000
0.000000
0.000000
0.000000
0.000000
0.000000
0.000000
0.000000
0.000000
0.000000
0.000000
0.000000
0.000000
0.000000
0.000000
0.000000
0.000000
0.000000
0.000000
0.000000
0.000000
0.000000
0.000000
0.000000
0.000000
0.000000
0.000000
0.000000
0.000000
0.000000
0.000000
0.000000
0.000000
0.000000
0.000000
0.000000
0.000000
0.000000
0.000000
0.000000
0.000000
0.000000
0.000000
0.000000
0.000000
0.000000
0.000000
0.000000
0.000000
0.000000
0.000000
0.000000
0.000000
0.000000
0.000000
0.000000
0.000000
0.000000
0.000000
0.000000
0.000000
0.000000
0.000000
0.000000
0.000000
0.000000
0.000000
0.000000
0.000000
0.000000
0.000000
0.000000
0.000000
0.000000
0.000000
0.000000
0.000000
0.000000
0.000000
0.000000
0.000000
0.000000
0.000000
