0.000232
0.000464
0.000698
0.000931
0.001168
0.001404
0.001644
0.001885
0.002131
0.002378
0.002630
0.002885
0.003144
0.003410
0.003677
0.003954
0.004232
0.004521
0.004812
0.005113
0.005421
0.005733
0.006060
0.006387
0.006731
0.007080
0.007436
0.007811
0.008186
0.008578
0.008984
0.009391
0.009823
0.010262
0.010708
0.011182
0.011658
0.012148
0.012666
0.013186
0.013721
0.014288
0.014858
0.015441
0.016059
0.016689
0.017324
0.017993
0.018689
0.019386
0.020103
0.020862
0.021641
0.022421
0.023226
0.024076
0.024953
0.025833
0.026727
0.027664
0.028646
0.029654
0.030667
0.031692
0.032746
0.033847
0.034999
0.036194
0.037421
0.038673
0.039949
0.041250
0.042579
0.043938
0.045329
0.046755
0.048215
0.049711
0.051243
0.052812
0.054418
0.056062
0.057744
0.059465
0.061225
0.063024
0.064864
0.066744
0.068665
0.070627
0.072631
0.074677
0.076766
0.078897
0.081071
0.083289
0.085551
0.087857
0.090207
0.092601
0.095041
0.097526
0.100056
0.102631
0.105252
0.107919
0.110631
0.113389
0.116193
0.119044
0.121940
0.124882
0.127870
0.130904
0.133984
0.137109
0.140280
0.143496
0.146757
0.150063
0.153414
0.156809
0.160248
0.163730
0.167255
0.170824
0.174434
0.178086
0.181780
0.185514
0.189288
0.193102
0.196955
0.200845
0.204774
0.208739
0.212739
0.216775
0.220845
0.224948
0.229084
0.233251
0.237449
0.241676
0.245931
0.250214
0.254524
0.258858
0.263216
0.267598
0.272000
0.276424
0.280866
0.285326
0.289803
0.294295
0.298801
0.303320
0.307849
0.312388
0.316935
0.321489
0.326049
0.330613
0.335179
0.339746
0.344313
0.348877
0.353437
0.357993
0.362542
0.367083
0.371613
0.376133
0.380639
0.385131
0.389607
0.394066
0.398505
0.402924
0.407321
0.411693
0.416041
0.420363
0.424655
0.428919
0.433151
0.437352
0.441518
0.445650
0.449745
0.453802
0.457820
0.461798
0.465734
0.469627
0.473476
0.477280
0.481038
0.484749
0.488411
0.492024
0.495587
0.499098
0.502557
0.505964
0.509316
0.512614
0.515857
0.519043
0.522174
0.525247
0.528262
0.531220
0.534119
0.536958
0.539739
0.542460
0.545121
0.547723
0.550264
0.552745
0.555166
0.557526
0.559827
0.562068
0.564248
0.566368
0.568429
0.570431
0.572374
0.574259
0.576085
0.577853
0.579565
0.581220
0.582819
0.584363
0.585853
0.587288
0.588671
0.590001
0.591280
0.592508
0.593686
0.594816
0.595898
0.596933
0.597922
0.598866
0.599766
0.600623
0.601438
0.602214
0.602949
0.603646
0.604305
0.604929
0.605518
0.606073
0.606596
0.607087
0.607548
0.607980
0.608383
0.608760
0.609112
0.609438
0.609742
0.610023
0.610283
0.610523
0.610744
0.610948
0.611133
0.611303
0.611458
0.611598
0.611726
0.611842
0.611946
0.612040
0.612124
0.612199
0.612265
0.612325
0.612377
0.612423
0.612463
0.612497
0.612528
0.612554
0.612575
0.612594
0.612608
0.612619
0.612628
0.612634
0.612638
0.612639
0.612638
0.612634
0.612628
0.612618
0.612606
0.612591
0.612574
0.612552
0.612527
0.612497
0.612462
0.612422
0.612376
0.612325
0.612266
0.612198
0.612124
0.612041
0.611947
0.611843
0.611727
0.611600
0.611458
0.611303
0.611134
0.610948
0.610745
0.610524
0.610284
0.610024
0.609743
0.609440
0.609112
0.608761
0.608384
0.607980
0.607549
0.607088
0.606597
0.606074
0.605519
0.604930
0.604307
0.603647
0.602950
0.602215
0.601440
0.600624
0.599766
0.598866
0.597923
0.596934
0.595899
0.594818
0.593688
0.592510
0.591282
0.590003
0.588673
0.587291
0.585855
0.584365
0.582822
0.581222
0.579567
0.577856
0.576087
0.574261
0.572376
0.570434
0.568432
0.566372
0.564251
0.562071
0.559831
0.557531
0.555171
0.552750
0.550269
0.547728
0.545127
0.542466
0.539745
0.536965
0.534124
0.531225
0.528268
0.525252
0.522179
0.519049
0.515862
0.512619
0.509322
0.505969
0.502563
0.499104
0.495592
0.492029
0.488416
0.484753
0.481043
0.477285
0.473480
0.469631
0.465737
0.461800
0.457823
0.453805
0.449748
0.445653
0.441521
0.437355
0.433154
0.428921
0.424658
0.420365
0.416043
0.411696
0.407323
0.402926
0.398507
0.394068
0.389610
0.385134
0.380642
0.376135
0.371616
0.367086
0.362545
0.357996
0.353441
0.348880
0.344316
0.339749
0.335183
0.330617
0.326053
0.321494
0.316940
0.312393
0.307853
0.303324
0.298806
0.294300
0.289808
0.285331
0.280871
0.276429
0.272006
0.267603
0.263222
0.258864
0.254529
0.250220
0.245937
0.241681
0.237454
0.233257
0.229090
0.224954
0.220851
0.216781
0.212745
0.208744
0.204780
0.200852
0.196961
0.193108
0.189295
0.185520
0.181786
0.178092
0.174440
0.170830
0.167261
0.163736
0.160253
0.156815
0.153420
0.150069
0.146763
0.143502
0.140286
0.137115
0.133989
0.130910
0.127876
0.124887
0.121945
0.119049
0.116199
0.113394
0.110636
0.107923
0.105257
0.102636
0.100060
0.097531
0.095046
0.092606
0.090211
0.087861
0.085555
0.083293
0.081075
0.078901
0.076770
0.074681
0.072635
0.070631
0.068669
0.066748
0.064868
0.063028
0.061228
0.059469
0.057748
0.056066
0.054422
0.052815
0.051246
0.049714
0.048218
0.046758
0.045333
0.043943
0.042587
0.041264
0.039975
0.038718
0.037493
0.036300
0.035138
0.034006
0.032905
0.031832
0.030788
0.029773
0.028786
0.027825
0.026891
0.025984
0.025102
0.024245
0.023413
0.022605
0.021820
0.021059
0.020320
0.019603
0.018907
0.018233
0.017579
0.016945
0.016331
0.015736
0.015159
0.014601
0.014061
0.013538
0.013031
0.012541
0.012068
0.011609
0.011166
0.010738
0.010324
0.009924
0.009538
0.009164
0.008804
0.008456
0.008121
0.007797
0.007484
0.007183
0.006892
0.006612
0.006342
0.006081
0.005831
0.005589
0.005356
0.005133
0.004917
0.004710
0.004510
0.004318
0.004133
0.003956
0.003785
0.003621
0.003463
0.003312
0.003167
0.003027
0.002893
0.002764
0.002641
0.002522
0.002409
0.002300
0.002195
0.002095
0.001999
0.001907
0.001819
0.001735
0.001654
0.001576
0.001502
0.001431
0.001364
0.001299
0.001237
0.001178
0.001121
0.001067
0.001015
0.000966
0.000919
0.000873
0.000830
0.000789
0.000750
0.000713
0.000677
0.000643
0.000611
0.000580
0.000550
0.000522
0.000496
0.000470
0.000446
0.000423
0.000401
0.000380
0.000360
0.000341
0.000323
0.000306
0.000290
0.000275
0.000260
0.000246
0.000233
0.000220
0.000208
0.000197
0.000186
0.000176
0.000166
0.000157
0.000148
0.000140
0.000132
0.000125
0.000118
0.000111
0.000105
0.000099
0.000094
0.000088
0.000083
0.000078
0.000074
0.000070
0.000066
0.000062
0.000058
0.000055
0.000052
0.000048
0.000046
0.000043
0.000040
0.000038
0.000036
0.000034
0.000032
0.000030
0.000028
0.000026
0.000025
0.000023
0.000022
0.000020
0.000019
0.000018
0.000017
0.000016
0.000015
0.000014
0.000013
0.000012
0.000011
0.000011
0.000010
0.000009
0.000009
0.000008
0.000008
0.000007
0.000007
0.000006
0.000006
0.000005
0.000005
0.000005
0.000004
0.000004
0.000004
0.000004
0.000003
0.000003
0.000003
0.000003
0.000003
0.000002
0.000002
0.000002
0.000002
0.000002
0.000002
0.000002
0.000001
0.000001
0.000001
0.000001
0.000001
0.000001
0.000001
0.000001
0.000001
0.000001
0.000001
0.000001
0.000001
0.000001
0.000001
0.000000
0.000000
0.000000
0.000000
0.000000
0.000000
0.000000
0.000000
0.000000
0.000000
0.000000
0.000000
0.000000
0.000000
0.000000
0.000000
0.000000
0.000000
0.000000
0.000000
0.000000
0.000000
0.000000
0.000000
0.000000
0.000000
0.000000
0.000000
0.000000
0.000000
0.000000
0.000000
0.000000
0.000000
0.000000
0.000000
0.000000
0.000000
0.000000
0.000000
0.000000
0.000000
0.000000
0.000000
0.000000
0.000000
0.000000
0.000000
0.000000
0.000000
0.000000
0.000000
0.000000
0.000000
0.000000
0.000000
0.000000
0.000000
0.000000
0.000000
0.000000
0.000000
0.000000
0.000000
0.000000
0.000000
0.000000
0.000000
0.000000
0.000000
0.000000
0.000000
0.000000
0.000000
0.000000
0.000000
0.000000
0.000000
0.000000
0.000000
0.000000
0.000000
0.000000
0.000000
0.000000
0.000000
0.000000
0.000000
0.000000
0.000000
0.000000
0.000000
0.000000
0.000000
0.000000
0.000000
0.000000
0.000000
0.000000
0.000000
0.000000
0.000000
0.000000
0.000000
0.000000
0.000000
0.000000
0.000000
0.000000
0.000000
0.000000
0.000000
0.000000
0.000000
0.000000
0.000000
0.000000
0.000000
0.000000
0.000000
0.000000
0.000000
0.000000
0.000000
0.000000
0.000000
0.000000
0.000000
0.000000
0.000000
0.000000
0.000000
0.000000
0.000000
0.000000
0.000000
0.000000
0.000000
0.000000
0.000000
0.000000
0.000000
0.000000
0.000000
0.000000
0.000000
0.000000
0.000000
0.000000
0.000000
0.000000
0.000000
0.000000
0.000000
0.000000
0.000000
0.000000
0.000000
0.000000
0.000000
0.000000
0.000000
0.000000
0.000000
0.000000
0.000000
0.000000
0.000000
0.000000
0.000000
0.000000
0.000000
0.000000
0.000000
0.000000
0.000000
0.000000
0.000000
0.000000
0.000000
0.000000
0.000000
0.000000
0.000000
0.000000
0.000000
0.000000
0.000000
0.000000
0.000000
0.000000
0.000000
0.000000
0.000000
0.000000
0.000000
0.000000
0.000000
0.000000
0.000000
0.000000
0.000000
0.000000
0.000000
0.000000
0.000000
0.000000
0.000000
0.000000
0.000000
0.000000
0.000000
0.000000
0.000000
0.000000
0.000000
0.000000
0.000000
0.000000
0.000000
0.000000
0.000000
0.000000
0.000000
0.000000
0.000000
0.000000
0.000000
0.000000
0.000000
0.000000
0.000000
0.000000
0.000000
0.000000
0.000000
0.000000
0.000000
0.000000
0.000000
0.000000
0.000000
0.000000
0.000000
0.000000
0.000000
0.000000
0.000000
0.000000
0.000000
0.000000
0.000000
0.000000
0.000000
0.000000
0.000000
0.000000
0.000000
