0.000013
0.000020
0.000033
0.000057
0.000038
0.000059
0.000131
0.000192
0.000224
0.000242
0.000257
0.000272
0.000288
0.000305
0.000323
0.000341
0.000361
0.000382
0.000403
0.000427
0.000451
0.000476
0.000503
0.000531
0.000561
0.000593
0.000626
0.000660
0.000697
0.000735
0.000775
0.000817
0.000862
0.000909
0.000958
0.001009
0.001063
0.001120
0.001179
0.001242
0.001307
0.001376
0.001447
0.001523
0.001602
0.001684
0.001771
0.001862
0.001957
0.002056
0.002160
0.002269
0.002383
0.002502
0.002627
0.002757
0.002893
0.003035
0.003184
0.003339
0.003501
0.003670
0.003846
0.004031
0.004223
0.004423
0.004633
0.004851
0.005078
0.005315
0.005562
0.005819
0.006087
0.006366
0.006656
0.006958
0.007273
0.007600
0.007941
0.008295
0.008663
0.009046
0.009443
0.009856
0.010286
0.010732
0.011195
0.011675
0.012174
0.012692
0.013229
0.013786
0.014363
0.014962
0.015583
0.016226
0.016893
0.017583
0.018298
0.019039
0.019805
0.020598
0.021419
0.022268
0.023146
0.024054
0.024992
0.025962
0.026965
0.028000
0.029070
0.030174
0.031314
0.032491
0.033705
0.034958
0.036250
0.037583
0.038956
0.040372
0.041832
0.043335
0.044884
0.046478
0.048120
0.049810
0.051549
0.053338
0.055179
0.057071
0.059017
0.061017
0.063073
0.065184
0.067353
0.069581
0.071868
0.074215
0.076624
0.079096
0.081631
0.084231
0.086896
0.089628
0.092427
0.095295
0.098233
0.101241
0.104321
0.107473
0.110698
0.113997
0.117372
0.120823
0.124350
0.127956
0.131639
0.135402
0.139245
0.143169
0.147174
0.151261
0.155431
0.159684
0.164022
0.168443
0.172950
0.177542
0.182220
0.186985
0.191836
0.196774
0.201799
0.206911
0.212111
0.217399
0.222774
0.228237
0.233788
0.239427
0.245153
0.250966
0.256866
0.262853
0.268927
0.275086
0.281331
0.287660
0.294074
0.300571
0.307152
0.313814
0.320557
0.327380
0.334283
0.341263
0.348320
0.355453
0.362661
0.369941
0.377292
0.384714
0.392204
0.399761
0.407383
0.415068
0.422814
0.430620
0.438483
0.446402
0.454373
0.462396
0.470467
0.478584
0.486745
0.494947
0.503188
0.511465
0.519776
0.528117
0.536485
0.544879
0.553294
0.561728
0.570178
0.578641
0.587113
0.595592
0.604073
0.612554
0.621031
0.629501
0.637960
0.646405
0.654832
0.663239
0.671620
0.679973
0.688293
0.696577
0.704822
0.713023
0.721177
0.729280
0.737328
0.745318
0.753245
0.761105
0.768896
0.776613
0.784253
0.791811
0.799284
0.806667
0.813958
0.821152
0.828246
0.835236
0.842119
0.848891
0.855548
0.862086
0.868503
0.874794
0.880957
0.886987
0.892883
0.898640
0.904255
0.909726
0.915048
0.920220
0.925237
0.930099
0.934801
0.939341
0.943716
0.947924
0.951963
0.955830
0.959523
0.963040
0.966378
0.969536
0.972513
0.975305
0.977912
0.980333
0.982565
0.984607
0.986459
0.988118
0.989585
0.990858
0.991936
0.992819
0.993507
0.993998
0.994293
0.994391
0.994293
0.993998
0.993506
0.992819
0.991936
0.990858
0.989585
0.988119
0.986460
0.984608
0.982566
0.980334
0.977914
0.975307
0.972515
0.969539
0.966380
0.963042
0.959525
0.955833
0.951966
0.947927
0.943719
0.939344
0.934804
0.930102
0.925241
0.920223
0.915052
0.909729
0.904259
0.898644
0.892887
0.886992
0.880961
0.874798
0.868507
0.862090
0.855552
0.848895
0.842124
0.835241
0.828251
0.821157
0.813963
0.806672
0.799289
0.791816
0.784258
0.776619
0.768902
0.761111
0.753250
0.745323
0.737334
0.729286
0.721183
0.713029
0.704828
0.696584
0.688299
0.679979
0.671627
0.663246
0.654840
0.646412
0.637967
0.629508
0.621038
0.612561
0.604081
0.595599
0.587121
0.578649
0.570187
0.561737
0.553302
0.544887
0.536494
0.528125
0.519785
0.511474
0.503197
0.494956
0.486754
0.478593
0.470476
0.462405
0.454383
0.446411
0.438493
0.430630
0.422824
0.415078
0.407393
0.399771
0.392214
0.384724
0.377302
0.369951
0.362670
0.355463
0.348330
0.341273
0.334293
0.327390
0.320567
0.313824
0.307162
0.300581
0.294084
0.287670
0.281341
0.275096
0.268936
0.262863
0.256876
0.250976
0.245162
0.239436
0.233798
0.228247
0.222783
0.217408
0.212120
0.206920
0.201808
0.196783
0.191845
0.186994
0.182229
0.177551
0.172959
0.168452
0.164030
0.159693
0.155439
0.151269
0.147182
0.143177
0.139253
0.135410
0.131647
0.127963
0.124358
0.120830
0.117379
0.114004
0.110705
0.107479
0.104327
0.101247
0.098239
0.095302
0.092433
0.089634
0.086902
0.084236
0.081637
0.079102
0.076630
0.074221
0.071873
0.069586
0.067359
0.065189
0.063077
0.061022
0.059022
0.057076
0.055183
0.053343
0.051553
0.049814
0.048124
0.046482
0.044887
0.043339
0.041835
0.040376
0.038960
0.037586
0.036254
0.034961
0.033708
0.032494
0.031317
0.030177
0.029072
0.028003
0.026967
0.025965
0.024995
0.024056
0.023148
0.022270
0.021421
0.020600
0.019807
0.019041
0.018300
0.017585
0.016895
0.016228
0.015585
0.014964
0.014365
0.013787
0.013230
0.012693
0.012176
0.011677
0.011196
0.010733
0.010287
0.009858
0.009444
0.009047
0.008664
0.008296
0.007942
0.007601
0.007274
0.006959
0.006657
0.006367
0.006088
0.005820
0.005563
0.005316
0.005079
0.004851
0.004633
0.004424
0.004224
0.004031
0.003847
0.003670
0.003501
0.003339
0.003184
0.003036
0.002893
0.002757
0.002627
0.002503
0.002383
0.002269
0.002161
0.002057
0.001957
0.001862
0.001771
0.001685
0.001602
0.001523
0.001448
0.001376
0.001307
0.001242
0.001179
0.001120
0.001063
0.001009
0.000958
0.000909
0.000862
0.000818
0.000775
0.000735
0.000697
0.000660
0.000626
0.000593
0.000561
0.000532
0.000503
0.000476
0.000451
0.000427
0.000404
0.000382
0.000361
0.000341
0.000323
0.000305
0.000288
0.000272
0.000257
0.000243
0.000229
0.000216
0.000204
0.000193
0.000182
0.000171
0.000162
0.000152
0.000144
0.000135
0.000128
0.000120
0.000113
0.000107
0.000100
0.000094
0.000089
0.000084
0.000079
0.000074
0.000070
0.000065
0.000062
0.000058
0.000054
0.000051
0.000048
0.000045
0.000042
0.000040
0.000037
0.000035
0.000033
0.000031
0.000029
0.000027
0.000025
0.000024
0.000022
0.000021
0.000020
0.000018
0.000017
0.000016
0.000015
0.000014
0.000013
0.000012
0.000011
0.000011
0.000010
0.000009
0.000009
0.000008
0.000008
0.000007
0.000007
0.000006
0.000006
0.000005
0.000005
0.000005
0.000004
0.000004
0.000004
0.000004
0.000003
0.000003
0.000003
0.000003
0.000003
0.000002
0.000002
0.000002
0.000002
0.000002
0.000002
0.000002
0.000001
0.000001
0.000001
0.000001
0.000001
0.000001
0.000001
0.000001
0.000001
0.000001
0.000001
0.000001
0.000001
0.000001
0.000000
0.000000
0.000000
0.000000
0.000000
0.000000
0.000000
0.000000
0.000000
0.000000
0.000000
0.000000
0.000000
0.000000
0.000000
0.000000
0.000000
0.000000
0.000000
0.000000
0.000000
0.000000
0.000000
0.000000
0.000000
0.000000
0.000000
0.000000
0.000000
0.000000
0.000000
0.000000
0.000000
0.000000
0.000000
0.000000
0.000000
0.000000
0.000000
0.000000
0.000000
0.000000
0.000000
0.000000
0.000000
0.000000
0.000000
0.000000
0.000000
0.000000
0.000000
0.000000
0.000000
0.000000
0.000000
0.000000
0.000000
0.000000
0.000000
0.000000
0.000000
0.000000
0.000000
0.000000
0.000000
0.000000
0.000000
0.000000
0.000000
0.000000
0.000000
0.000000
0.000000
0.000000
0.000000
0.000000
0.000000
0.000000
0.000000
0.000000
0.000000
0.000000
0.000000
0.000000
0.000000
0.000000
0.000000
0.000000
0.000000
0.000000
0.000000
0.000000
0.000000
0.000000
0.000000
0.000000
0.000000
0.000000
0.000000
0.000000
0.000000
0.000000
0.000000
0.000000
0.000000
0.000000
0.000000
0.000000
0.000000
0.000000
0.000000
0.000000
0.000000
0.000000
0.000000
0.000000
0.000000
0.000000
0.000000
0.000000
0.000000
0.000000
0.000000
0.000000
0.000000
0.000000
0.000000
0.000000
0.000000
0.000000
0.000000
0.000000
0.000000
0.000000
0.000000
0.000000
0.000000
0.000000
0.000000
0.000000
0.000000
0.000000
0.000000
0.000000
0.000000
0.000000
0.000000
0.000000
0.000000
0.000000
0.000000
0.000000
0.000000
0.000000
0.000000
0.000000
0.000000
0.000000
0.000000
0.000000
0.000000
0.000000
0.000000
0.000000
0.000000
0.000000
0.000000
0.000000
0.000000
0.000000
0.000000
0.000000
0.000000
0.000000
0.000000
0.000000
0.000000
0.000000
0.000000
0.000000
0.000000
0.000000
0.000000
0.000000
0.000000
0.000000
0.000000
0.000000
0.000000
0.000000
0.000000
0.000000
0.000000
0.000000
0.000000
0.000000
0.000000
0.000000
0.000000
0.000000
0.000000
0.000000
0.000000
0.000000
0.000000
0.000000
0.000000
0.000000
0.000000
0.000000
0.000000
0.000000
0.000000
0.000000
0.000000
0.000000
0.000000
0.000000
0.000000
0.000000
0.000000
0.000000
0.000000
0.000000
0.000000
0.000000
0.000000
0.000000
0.000000
0.000000
0.000000
0.000000
0.000000
0.000000
0.000000
0.000000
0.000000
0.000000
0.000000
0.000000
0.000000
0.000000
0.000000
0.000000
0.000000
0.000000
0.000000
0.000000
0.000000
0.000000
0.000000
0.000000
0.000000
0.000000
0.000000
0.000000
0.000000
0.000000
0.000000
0.000000
0.000000
0.000000
0.000000
0.000000
0.000000
0.000000
0.000000
0.000000
0.000000
0.000000
0.000000
0.000000
0.000000
0.000000
0.000000
0.000000
0.000000
0.000000
0.000000
0.000000
0.000000
0.000000
0.000000
0.000000
0.000000
0.000000
0.000000
0.000000
0.000000
0.000000
0.000000
0.000000
0.000000
0.000000
0.000000
0.000000
0.000000
0.000000
0.000000
0.000000
0.000000
0.000000
0.000000
0.000000
0.000000
0.000000
0.000000
0.000000
0.000000
0.000000
0.000000
0.000000
0.000000
0.000000
0.000000
0.000000
0.000000
