0.000237
0.000474
0.000712
0.000951
0.001192
0.001434
0.001678
0.001925
0.002175
0.002428
0.002684
0.002946
0.003209
0.003481
0.003753
0.004035
0.004320
0.004612
0.004912
0.005215
0.005533
0.005849
0.006182
0.006519
0.006863
0.007224
0.007585
0.007965
0.008351
0.008745
0.009161
0.009578
0.010012
0.010464
0.010916
0.011394
0.011885
0.012380
0.012903
0.013439
0.013980
0.014551
0.015140
0.015730
0.016351
0.016998
0.017646
0.018316
0.019024
0.019742
0.020466
0.021228
0.022023
0.022824
0.023637
0.024489
0.025381
0.026285
0.027194
0.028134
0.029122
0.030148
0.031187
0.032232
0.033298
0.034404
0.035561
0.036766
0.038009
0.039281
0.040577
0.041898
0.043245
0.044623
0.046032
0.047475
0.048953
0.050467
0.052017
0.053604
0.055229
0.056891
0.058592
0.060332
0.062111
0.063930
0.065789
0.067689
0.069630
0.071613
0.073637
0.075704
0.077813
0.079965
0.082160
0.084399
0.086682
0.089009
0.091381
0.093797
0.096258
0.098765
0.101316
0.103913
0.106556
0.109244
0.111978
0.114758
0.117584
0.120456
0.123374
0.126337
0.129347
0.132402
0.135503
0.138649
0.141841
0.145077
0.148359
0.151685
0.155055
0.158470
0.161928
0.165429
0.168974
0.172560
0.176189
0.179859
0.183570
0.187321
0.191111
0.194941
0.198809
0.202715
0.206658
0.210637
0.214651
0.218699
0.222781
0.226896
0.231043
0.235220
0.239427
0.243663
0.247927
0.252217
0.256533
0.260874
0.265237
0.269622
0.274029
0.278454
0.282899
0.287360
0.291836
0.296327
0.300831
0.305346
0.309871
0.314405
0.318947
0.323494
0.328045
0.332600
0.337156
0.341712
0.346266
0.350816
0.355362
0.359902
0.364434
0.368956
0.373468
0.377967
0.382452
0.386921
0.391373
0.395807
0.400220
0.404611
0.408979
0.413322
0.417639
0.421928
0.426187
0.430416
0.434613
0.438776
0.442905
0.446997
0.451051
0.455067
0.459043
0.462976
0.466867
0.470715
0.474517
0.478272
0.481981
0.485642
0.489252
0.492813
0.496322
0.499779
0.503183
0.506533
0.509828
0.513068
0.516252
0.519379
0.522448
0.525460
0.528414
0.531308
0.534144
0.536919
0.539634
0.542290
0.544885
0.547420
0.549894
0.552307
0.554660
0.556952
0.559183
0.561354
0.563465
0.565516
0.567507
0.569438
0.571310
0.573124
0.574880
0.576577
0.578218
0.579802
0.581330
0.582803
0.584222
0.585587
0.586900
0.588160
0.589369
0.590528
0.591637
0.592698
0.593712
0.594679
0.595601
0.596478
0.597312
0.598103
0.598855
0.599565
0.600238
0.600872
0.601470
0.602033
0.602562
0.603058
0.603523
0.603957
0.604362
0.604739
0.605089
0.605413
0.605713
0.605989
0.606243
0.606477
0.606690
0.606885
0.607062
0.607223
0.607367
0.607497
0.607613
0.607718
0.607810
0.607892
0.607964
0.608027
0.608081
0.608129
0.608169
0.608204
0.608233
0.608257
0.608278
0.608294
0.608309
0.608320
0.608329
0.608336
0.608341
0.608344
0.608347
0.608349
0.608350
0.608351
0.608350
0.608349
0.608347
0.608343
0.608339
0.608334
0.608327
0.608319
0.608308
0.608294
0.608277
0.608257
0.608232
0.608204
0.608169
0.608128
0.608081
0.608027
0.607965
0.607893
0.607811
0.607719
0.607614
0.607498
0.607368
0.607224
0.607063
0.606885
0.606691
0.606478
0.606245
0.605990
0.605713
0.605413
0.605090
0.604739
0.604363
0.603958
0.603524
0.603059
0.602563
0.602034
0.601471
0.600873
0.600239
0.599567
0.598856
0.598105
0.597312
0.596478
0.595601
0.594680
0.593713
0.592699
0.591639
0.590530
0.589371
0.588162
0.586901
0.585589
0.584224
0.582806
0.581333
0.579804
0.578220
0.576579
0.574881
0.573126
0.571313
0.569441
0.567509
0.565519
0.563468
0.561358
0.559188
0.556956
0.554664
0.552312
0.549898
0.547425
0.544890
0.542296
0.539640
0.536925
0.534149
0.531314
0.528419
0.525466
0.522454
0.519384
0.516257
0.513073
0.509834
0.506539
0.503188
0.499784
0.496327
0.492817
0.489257
0.485646
0.481985
0.478277
0.474521
0.470718
0.466871
0.462979
0.459045
0.455070
0.451055
0.447000
0.442908
0.438779
0.434616
0.430418
0.426190
0.421930
0.417641
0.413324
0.408981
0.404614
0.400222
0.395809
0.391375
0.386924
0.382455
0.377970
0.373471
0.368959
0.364437
0.359905
0.355365
0.350819
0.346269
0.341715
0.337159
0.332604
0.328049
0.323498
0.318951
0.314410
0.309876
0.305351
0.300835
0.296331
0.291840
0.287364
0.282903
0.278459
0.274034
0.269628
0.265243
0.260879
0.256539
0.252223
0.247933
0.243669
0.239433
0.235226
0.231048
0.226902
0.222787
0.218705
0.214656
0.210642
0.206664
0.202721
0.198815
0.194947
0.191118
0.187327
0.183576
0.179865
0.176195
0.172566
0.168979
0.165435
0.161934
0.158476
0.155061
0.151691
0.148364
0.145083
0.141846
0.138655
0.135508
0.132407
0.129352
0.126343
0.123379
0.120461
0.117589
0.114763
0.111983
0.109249
0.106561
0.103918
0.101321
0.098769
0.096263
0.093802
0.091386
0.089014
0.086687
0.084404
0.082165
0.079969
0.077817
0.075708
0.073641
0.071617
0.069634
0.067693
0.065793
0.063934
0.062115
0.060336
0.058596
0.056895
0.055232
0.053607
0.052020
0.050470
0.048956
0.047479
0.046036
0.044629
0.043256
0.041917
0.040612
0.039339
0.038098
0.036890
0.035712
0.034566
0.033449
0.032362
0.031304
0.030275
0.029274
0.028300
0.027353
0.026433
0.025538
0.024669
0.023825
0.023005
0.022208
0.021435
0.020685
0.019957
0.019251
0.018566
0.017902
0.017259
0.016635
0.016030
0.015445
0.014877
0.014328
0.013796
0.013282
0.012784
0.012302
0.011836
0.011385
0.010950
0.010529
0.010122
0.009729
0.009349
0.008982
0.008628
0.008287
0.007957
0.007639
0.007332
0.007036
0.006750
0.006475
0.006210
0.005955
0.005709
0.005472
0.005243
0.005024
0.004812
0.004609
0.004413
0.004225
0.004044
0.003869
0.003702
0.003541
0.003387
0.003238
0.003096
0.002959
0.002828
0.002702
0.002581
0.002465
0.002353
0.002247
0.002144
0.002046
0.001952
0.001862
0.001776
0.001694
0.001615
0.001539
0.001467
0.001397
0.001331
0.001268
0.001207
0.001149
0.001094
0.001041
0.000990
0.000942
0.000896
0.000852
0.000810
0.000770
0.000731
0.000695
0.000660
0.000627
0.000595
0.000565
0.000536
0.000509
0.000483
0.000458
0.000434
0.000412
0.000390
0.000370
0.000351
0.000332
0.000315
0.000298
0.000282
0.000267
0.000253
0.000239
0.000226
0.000214
0.000203
0.000192
0.000181
0.000171
0.000162
0.000153
0.000144
0.000136
0.000129
0.000121
0.000115
0.000108
0.000102
0.000096
0.000091
0.000086
0.000081
0.000076
0.000072
0.000068
0.000064
0.000060
0.000056
0.000053
0.000050
0.000047
0.000044
0.000042
0.000039
0.000037
0.000035
0.000033
0.000031
0.000029
0.000027
0.000025
0.000024
0.000022
0.000021
0.000020
0.000018
0.000017
0.000016
0.000015
0.000014
0.000013
0.000013
0.000012
0.000011
0.000010
0.000010
0.000009
0.000008
0.000008
0.000007
0.000007
0.000006
0.000006
0.000006
0.000005
0.000005
0.000005
0.000004
0.000004
0.000004
0.000004
0.000003
0.000003
0.000003
0.000003
0.000002
0.000002
0.000002
0.000002
0.000002
0.000002
0.000002
0.000002
0.000001
0.000001
0.000001
0.000001
0.000001
0.000001
0.000001
0.000001
0.000001
0.000001
0.000001
0.000001
0.000001
0.000001
0.000001
0.000000
0.000000
0.000000
0.000000
0.000000
0.000000
0.000000
0.000000
0.000000
0.000000
0.000000
0.000000
0.000000
0.000000
0.000000
0.000000
0.000000
0.000000
0.000000
0.000000
0.000000
0.000000
0.000000
0.000000
0.000000
0.000000
0.000000
0.000000
0.000000
0.000000
0.000000
0.000000
0.000000
0.000000
0.000000
0.000000
0.000000
0.000000
0.000000
0.000000
0.000000
0.000000
0.000000
0.000000
0.000000
0.000000
0.000000
0.000000
0.000000
0.000000
0.000000
0.000000
0.000000
0.000000
0.000000
0.000000
0.000000
0.000000
0.000000
0.000000
0.000000
0.000000
0.000000
0.000000
0.000000
0.000000
0.000000
0.000000
0.000000
0.000000
0.000000
0.000000
0.000000
0.000000
0.000000
0.000000
0.000000
0.000000
0.000000
0.000000
0.000000
0.000000
0.000000
0.000000
0.000000
0.000000
0.000000
0.000000
0.000000
0.000000
0.000000
0.000000
0.000000
0.000000
0.000000
0.000000
0.000000
0.000000
0.000000
0.000000
0.000000
0.000000
0.000000
0.000000
0.000000
0.000000
0.000000
0.000000
0.000000
0.000000
0.000000
0.000000
0.000000
0.000000
0.000000
0.000000
0.000000
0.000000
0.000000
0.000000
0.000000
0.000000
0.000000
0.000000
0.000000
0.000000
0.000000
0.000000
0.000000
0.000000
0.000000
0.000000
0.000000
0.000000
0.000000
0.000000
0.000000
0.000000
0.000000
0.000000
0.000000
0.000000
0.000000
0.000000
0.000000
0.000000
0.000000
0.000000
0.000000
0.000000
0.000000
0.000000
0.000000
0.000000
0.000000
0.000000
0.000000
0.000000
0.000000
0.000000
0.000000
0.000000
0.000000
0.000000
0.000000
0.000000
0.000000
0.000000
0.000000
0.000000
0.000000
0.000000
0.000000
0.000000
0.000000
0.000000
0.000000
0.000000
0.000000
0.000000
0.000000
0.000000
0.000000
0.000000
0.000000
0.000000
0.000000
0.000000
0.000000
0.000000
0.000000
0.000000
0.000000
0.000000
0.000000
0.000000
0.000000
0.000000
0.000000
0.000000
0.000000
0.000000
0.000000
0.000000
0.000000
0.000000
0.000000
0.000000
0.000000
0.000000
0.000000
0.000000
0.000000
0.000000
0.000000
0.000000
0.000000
0.000000
0.000000
0.000000
0.000000
0.000000
0.000000
0.000000
0.000000
0.000000
0.000000
0.000000
0.000000
0.000000
0.000000
0.000000
0.000000
0.000000
0.000000
0.000000
0.000000
0.000000
0.000000
0.000000
0.000000
0.000000
0.000000
0.000000
0.000000
0.000000
0.000000
0.000000
0.000000
0.000000
0.000000
0.000000
0.000000
0.000000
0.000000
0.000000
0.000000
