0.000242
0.000484
0.000727
0.000971
0.001216
0.001464
0.001713
0.001966
0.002219
0.002479
0.002739
0.003007
0.003275
0.003552
0.003831
0.004117
0.004410
0.004705
0.005014
0.005322
0.005644
0.005970
0.006304
0.006652
0.007000
0.007368
0.007738
0.008120
0.008519
0.008918
0.009339
0.009768
0.010204
0.010666
0.011131
0.011609
0.012113
0.012619
0.013144
0.013694
0.014246
0.014819
0.015421
0.016027
0.016649
0.017307
0.017974
0.018649
0.019362
0.020099
0.020838
0.021602
0.022407
0.023230
0.024057
0.024912
0.025813
0.026739
0.027669
0.028617
0.029608
0.030645
0.031708
0.032778
0.033860
0.034973
0.036135
0.037348
0.038605
0.039895
0.041211
0.042552
0.043920
0.045316
0.046743
0.048204
0.049700
0.051232
0.052800
0.054405
0.056048
0.057730
0.059450
0.061209
0.063007
0.064846
0.066725
0.068645
0.070606
0.072609
0.074654
0.076741
0.078871
0.081044
0.083260
0.085521
0.087825
0.090173
0.092566
0.095004
0.097487
0.100015
0.102588
0.105207
0.107871
0.110581
0.113337
0.116139
0.118986
0.121880
0.124819
0.127804
0.130835
0.133911
0.137033
0.140200
0.143412
0.146669
0.149971
0.153317
0.156708
0.160142
0.163619
0.167140
0.170702
0.174307
0.177954
0.181641
0.185369
0.189137
0.192944
0.196790
0.200673
0.204594
0.208551
0.212543
0.216571
0.220632
0.224726
0.228852
0.233009
0.237197
0.241413
0.245658
0.249930
0.254227
0.258549
0.262895
0.267263
0.271652
0.276062
0.280490
0.284935
0.289397
0.293872
0.298362
0.302863
0.307375
0.311896
0.316425
0.320960
0.325499
0.330042
0.334588
0.339133
0.343677
0.348218
0.352755
0.357285
0.361809
0.366324
0.370828
0.375320
0.379798
0.384261
0.388707
0.393135
0.397542
0.401929
0.406292
0.410631
0.414944
0.419230
0.423486
0.427711
0.431905
0.436066
0.440192
0.444282
0.448335
0.452349
0.456322
0.460255
0.464144
0.467990
0.471791
0.475545
0.479253
0.482912
0.486522
0.490081
0.493589
0.497044
0.500446
0.503795
0.507088
0.510326
0.513508
0.516633
0.519700
0.522708
0.525659
0.528550
0.531382
0.534154
0.536864
0.539515
0.542105
0.544634
0.547102
0.549508
0.551854
0.554139
0.556362
0.558525
0.560626
0.562667
0.564648
0.566569
0.568430
0.570232
0.571975
0.573659
0.575286
0.576856
0.578370
0.579827
0.581230
0.582578
0.583873
0.585116
0.586306
0.587446
0.588535
0.589576
0.590568
0.591515
0.592414
0.593269
0.594080
0.594848
0.595574
0.596261
0.596907
0.597517
0.598089
0.598627
0.599129
0.599598
0.600036
0.600443
0.600820
0.601169
0.601491
0.601788
0.602060
0.602308
0.602535
0.602739
0.602925
0.603093
0.603243
0.603376
0.603494
0.603598
0.603688
0.603766
0.603834
0.603891
0.603939
0.603979
0.604011
0.604037
0.604056
0.604071
0.604082
0.604088
0.604091
0.604093
0.604091
0.604089
0.604086
0.604082
0.604077
0.604073
0.604069
0.604066
0.604064
0.604062
0.604062
0.604062
0.604064
0.604066
0.604068
0.604072
0.604076
0.604080
0.604085
0.604088
0.604091
0.604092
0.604091
0.604087
0.604081
0.604070
0.604056
0.604037
0.604012
0.603980
0.603941
0.603892
0.603835
0.603767
0.603689
0.603599
0.603495
0.603377
0.603243
0.603094
0.602926
0.602741
0.602535
0.602309
0.602060
0.601789
0.601492
0.601170
0.600821
0.600444
0.600036
0.599599
0.599129
0.598627
0.598091
0.597519
0.596909
0.596262
0.595575
0.594848
0.594079
0.593269
0.592414
0.591515
0.590569
0.589577
0.588537
0.587447
0.586308
0.585117
0.583875
0.582581
0.581232
0.579830
0.578372
0.576859
0.575289
0.573661
0.571977
0.570234
0.568433
0.566571
0.564651
0.562671
0.560630
0.558529
0.556367
0.554143
0.551859
0.549513
0.547107
0.544639
0.542110
0.539520
0.536870
0.534159
0.531387
0.528555
0.525664
0.522714
0.519705
0.516638
0.513513
0.510332
0.507094
0.503800
0.500452
0.497049
0.493593
0.490085
0.486526
0.482916
0.479257
0.475549
0.471794
0.467993
0.464148
0.460257
0.456325
0.452352
0.448338
0.444286
0.440195
0.436069
0.431908
0.427714
0.423488
0.419231
0.414946
0.410633
0.406295
0.401931
0.397545
0.393137
0.388709
0.384263
0.379800
0.375322
0.370830
0.366327
0.361812
0.357289
0.352757
0.348221
0.343680
0.339136
0.334591
0.330046
0.325504
0.320964
0.316429
0.311901
0.307380
0.302868
0.298366
0.293877
0.289401
0.284940
0.280495
0.276067
0.271658
0.267269
0.262901
0.258555
0.254233
0.249935
0.245663
0.241419
0.237202
0.233015
0.228858
0.224731
0.220637
0.216576
0.212549
0.208557
0.204600
0.200679
0.196796
0.192950
0.189143
0.185375
0.181647
0.177960
0.174313
0.170708
0.167145
0.163625
0.160148
0.156714
0.153323
0.149977
0.146675
0.143418
0.140206
0.137038
0.133916
0.130840
0.127809
0.124824
0.121885
0.118991
0.116144
0.113342
0.110586
0.107876
0.105212
0.102593
0.100020
0.097492
0.095009
0.092571
0.090178
0.087829
0.085525
0.083265
0.081048
0.078875
0.076745
0.074658
0.072613
0.070610
0.068649
0.066729
0.064850
0.063011
0.061212
0.059453
0.057733
0.056052
0.054409
0.052803
0.051235
0.049703
0.048208
0.046748
0.045324
0.043934
0.042578
0.041256
0.039968
0.038711
0.037487
0.036294
0.035132
0.034001
0.032899
0.031827
0.030784
0.029769
0.028781
0.027821
0.026888
0.025980
0.025099
0.024242
0.023410
0.022602
0.021818
0.021056
0.020317
0.019601
0.018905
0.018231
0.017577
0.016944
0.016329
0.015734
0.015158
0.014600
0.014060
0.013536
0.013030
0.012540
0.012067
0.011608
0.011165
0.010737
0.010323
0.009923
0.009537
0.009164
0.008804
0.008456
0.008120
0.007796
0.007484
0.007182
0.006892
0.006611
0.006341
0.006081
0.005830
0.005589
0.005356
0.005132
0.004917
0.004709
0.004510
0.004318
0.004133
0.003956
0.003785
0.003621
0.003463
0.003312
0.003166
0.003027
0.002893
0.002764
0.002641
0.002522
0.002408
0.002300
0.002195
0.002095
0.001999
0.001907
0.001819
0.001734
0.001654
0.001576
0.001502
0.001431
0.001364
0.001299
0.001237
0.001178
0.001121
0.001067
0.001015
0.000966
0.000919
0.000873
0.000830
0.000789
0.000750
0.000713
0.000677
0.000643
0.000611
0.000580
0.000550
0.000522
0.000496
0.000470
0.000446
0.000423
0.000401
0.000380
0.000360
0.000341
0.000323
0.000306
0.000290
0.000275
0.000260
0.000246
0.000233
0.000220
0.000208
0.000197
0.000186
0.000176
0.000166
0.000157
0.000148
0.000140
0.000132
0.000125
0.000118
0.000111
0.000105
0.000099
0.000094
0.000088
0.000083
0.000078
0.000074
0.000070
0.000066
0.000062
0.000058
0.000055
0.000052
0.000048
0.000046
0.000043
0.000040
0.000038
0.000036
0.000034
0.000032
0.000030
0.000028
0.000026
0.000025
0.000023
0.000022
0.000020
0.000019
0.000018
0.000017
0.000016
0.000015
0.000014
0.000013
0.000012
0.000011
0.000011
0.000010
0.000009
0.000009
0.000008
0.000008
0.000007
0.000007
0.000006
0.000006
0.000005
0.000005
0.000005
0.000004
0.000004
0.000004
0.000004
0.000003
0.000003
0.000003
0.000003
0.000003
0.000002
0.000002
0.000002
0.000002
0.000002
0.000002
0.000002
0.000001
0.000001
0.000001
0.000001
0.000001
0.000001
0.000001
0.000001
0.000001
0.000001
0.000001
0.000001
0.000001
0.000001
0.000001
0.000000
0.000000
0.000000
0.000000
0.000000
0.000000
0.000000
0.000000
0.000000
0.000000
0.000000
0.000000
0.000000
0.000000
0.000000
0.000000
0.000000
0.000000
0.000000
0.000000
0.000000
0.000000
0.000000
0.000000
0.000000
0.000000
0.000000
0.000000
0.000000
0.000000
0.000000
0.000000
0.000000
0.000000
0.000000
0.000000
0.000000
0.000000
0.000000
0.000000
0.000000
0.000000
0.000000
0.000000
0.000000
0.000000
0.000000
0.000000
0.000000
0.000000
0.000000
0.000000
0.000000
0.000000
0.000000
0.000000
0.000000
0.000000
0.000000
0.000000
0.000000
0.000000
0.000000
0.000000
0.000000
0.000000
0.000000
0.000000
0.000000
0.000000
0.000000
0.000000
0.000000
0.000000
0.000000
0.000000
0.000000
0.000000
0.000000
0.000000
0.000000
0.000000
0.000000
0.000000
0.000000
0.000000
0.000000
0.000000
0.000000
0.000000
0.000000
0.000000
0.000000
0.000000
0.000000
0.000000
0.000000
0.000000
0.000000
0.000000
0.000000
0.000000
0.000000
0.000000
0.000000
0.000000
0.000000
0.000000
0.000000
0.000000
0.000000
0.000000
0.000000
0.000000
0.000000
0.000000
0.000000
0.000000
0.000000
0.000000
0.000000
0.000000
0.000000
0.000000
0.000000
0.000000
0.000000
0.000000
0.000000
0.000000
0.000000
0.000000
0.000000
0.000000
0.000000
0.000000
0.000000
0.000000
0.000000
0.000000
0.000000
0.000000
0.000000
0.000000
0.000000
0.000000
0.000000
0.000000
0.000000
0.000000
0.000000
0.000000
0.000000
0.000000
0.000000
0.000000
0.000000
0.000000
0.000000
0.000000
0.000000
0.000000
0.000000
0.000000
0.000000
0.000000
0.000000
0.000000
0.000000
0.000000
0.000000
0.000000
0.000000
0.000000
0.000000
0.000000
0.000000
0.000000
0.000000
0.000000
0.000000
0.000000
0.000000
0.000000
0.000000
0.000000
0.000000
0.000000
0.000000
0.000000
0.000000
0.000000
0.000000
0.000000
0.000000
0.000000
0.000000
0.000000
0.000000
0.000000
0.000000
0.000000
0.000000
0.000000
0.000000
0.000000
0.000000
0.000000
0.000000
0.000000
0.000000
0.000000
0.000000
0.000000
0.000000
0.000000
0.000000
0.000000
0.000000
0.000000
0.000000
0.000000
0.000000
0.000000
0.000000
0.000000
0.000000
0.000000
0.000000
0.000000
0.000000
0.000000
0.000000
0.000000
0.000000
0.000000
0.000000
0.000000
0.000000
0.000000
0.000000
0.000000
0.000000
0.000000
0.000000
0.000000
0.000000
0.000000
0.000000
0.000000
0.000000
0.000000
0.000000
0.000000
0.000000
0.000000
0.000000
