0.000247
0.000494
0.000742
0.000992
0.001241
0.001495
0.001748
0.002007
0.002266
0.002530
0.002797
0.003068
0.003344
0.003624
0.003912
0.004200
0.004501
0.004802
0.005115
0.005431
0.005756
0.006092
0.006430
0.006785
0.007142
0.007512
0.007894
0.008279
0.008686
0.009096
0.009518
0.009961
0.010404
0.010869
0.011348
0.011831
0.012342
0.012863
0.013391
0.013949
0.014518
0.015094
0.015704
0.016327
0.016956
0.017618
0.018304
0.018991
0.019706
0.020457
0.021216
0.021986
0.022795
0.023637
0.024484
0.025346
0.026250
0.027193
0.028148
0.029110
0.030105
0.031149
0.032231
0.033326
0.034429
0.035555
0.036722
0.037941
0.039209
0.040515
0.041852
0.043213
0.044601
0.046016
0.047463
0.048942
0.050456
0.052006
0.053592
0.055216
0.056878
0.058578
0.060317
0.062096
0.063914
0.065772
0.067671
0.069611
0.071592
0.073616
0.075681
0.077789
0.079940
0.082134
0.084372
0.086653
0.088979
0.091348
0.093763
0.096222
0.098727
0.101277
0.103871
0.106512
0.109198
0.111930
0.114707
0.117531
0.120400
0.123315
0.126275
0.129282
0.132334
0.135431
0.138574
0.141762
0.144995
0.148273
0.151595
0.154961
0.158371
0.161825
0.165321
0.168860
0.172442
0.176065
0.179729
0.183434
0.187179
0.190963
0.194786
0.198648
0.202546
0.206482
0.210453
0.214459
0.218499
0.222572
0.226678
0.230815
0.234983
0.239180
0.243406
0.247659
0.251938
0.256243
0.260571
0.264922
0.269294
0.273687
0.278099
0.282529
0.286976
0.291437
0.295912
0.300400
0.304899
0.309407
0.313923
0.318446
0.322974
0.327506
0.332040
0.336575
0.341109
0.345641
0.350169
0.354691
0.359207
0.363714
0.368211
0.372696
0.377168
0.381625
0.386066
0.390488
0.394891
0.399273
0.403633
0.407968
0.412277
0.416559
0.420813
0.425036
0.429228
0.433386
0.437510
0.441599
0.445650
0.449663
0.453636
0.457567
0.461456
0.465301
0.469101
0.472855
0.476562
0.480221
0.483830
0.487389
0.490896
0.494351
0.497753
0.501101
0.504393
0.507630
0.510810
0.513934
0.516999
0.520006
0.522954
0.525843
0.528672
0.531440
0.534148
0.536795
0.539380
0.541905
0.544367
0.546769
0.549108
0.551386
0.553602
0.555757
0.557851
0.559883
0.561855
0.563766
0.565616
0.567407
0.569139
0.570811
0.572425
0.573982
0.575480
0.576924
0.578311
0.579643
0.580921
0.582146
0.583318
0.584439
0.585510
0.586530
0.587503
0.588427
0.589305
0.590137
0.590925
0.591671
0.592373
0.593034
0.593657
0.594240
0.594787
0.595298
0.595774
0.596216
0.596626
0.597005
0.597355
0.597676
0.597970
0.598237
0.598481
0.598701
0.598898
0.599075
0.599231
0.599369
0.599491
0.599596
0.599686
0.599761
0.599825
0.599876
0.599917
0.599948
0.599971
0.599984
0.599992
0.599994
0.599990
0.599983
0.599972
0.599958
0.599942
0.599924
0.599906
0.599888
0.599870
0.599852
0.599835
0.599819
0.599806
0.599794
0.599785
0.599778
0.599774
0.599774
0.599775
0.599778
0.599785
0.599794
0.599805
0.599818
0.599833
0.599850
0.599868
0.599887
0.599906
0.599924
0.599942
0.599957
0.599971
0.599983
0.599991
0.599995
0.599993
0.599986
0.599971
0.599948
0.599918
0.599877
0.599826
0.599763
0.599687
0.599596
0.599492
0.599371
0.599232
0.599075
0.598898
0.598701
0.598481
0.598238
0.597970
0.597677
0.597355
0.597006
0.596627
0.596216
0.595774
0.595299
0.594789
0.594242
0.593658
0.593036
0.592373
0.591670
0.590925
0.590138
0.589305
0.588427
0.587504
0.586532
0.585511
0.584441
0.583320
0.582147
0.580923
0.579645
0.578313
0.576926
0.575483
0.573984
0.572427
0.570813
0.569141
0.567410
0.565619
0.563768
0.561858
0.559886
0.557855
0.555762
0.553607
0.551390
0.549113
0.546773
0.544372
0.541910
0.539386
0.536800
0.534154
0.531446
0.528677
0.525848
0.522959
0.520011
0.517004
0.513939
0.510816
0.507636
0.504399
0.501106
0.497758
0.494356
0.490901
0.487393
0.483834
0.480225
0.476566
0.472859
0.469105
0.465305
0.461459
0.457569
0.453638
0.449666
0.445654
0.441602
0.437513
0.433389
0.429230
0.425038
0.420815
0.416561
0.412279
0.407970
0.403635
0.399275
0.394893
0.390490
0.386068
0.381627
0.377171
0.372699
0.368214
0.363717
0.359210
0.354694
0.350172
0.345644
0.341112
0.336579
0.332044
0.327510
0.322978
0.318450
0.313927
0.309411
0.304903
0.300404
0.295917
0.291441
0.286980
0.282534
0.278105
0.273693
0.269300
0.264928
0.260577
0.256248
0.251944
0.247665
0.243412
0.239186
0.234989
0.230821
0.226684
0.222578
0.218504
0.214464
0.210458
0.206487
0.202552
0.198654
0.194793
0.190970
0.187185
0.183440
0.179735
0.176071
0.172448
0.168866
0.165327
0.161830
0.158377
0.154967
0.151601
0.148278
0.145001
0.141768
0.138580
0.135437
0.132339
0.129287
0.126281
0.123320
0.120405
0.117536
0.114712
0.111935
0.109203
0.106517
0.103876
0.101281
0.098732
0.096227
0.093768
0.091353
0.088983
0.086657
0.084376
0.082138
0.079944
0.077793
0.075685
0.073620
0.071596
0.069615
0.067675
0.065776
0.063917
0.062099
0.060321
0.058582
0.056881
0.055219
0.053595
0.052009
0.050459
0.048946
0.047469
0.046027
0.044620
0.043248
0.041910
0.040604
0.039332
0.038092
0.036884
0.035707
0.034560
0.033444
0.032357
0.031300
0.030271
0.029270
0.028296
0.027349
0.026429
0.025535
0.024666
0.023822
0.023002
0.022206
0.021433
0.020683
0.019955
0.019249
0.018565
0.017901
0.017257
0.016633
0.016029
0.015443
0.014876
0.014327
0.013795
0.013281
0.012783
0.012301
0.011835
0.011385
0.010949
0.010528
0.010121
0.009728
0.009349
0.008982
0.008628
0.008286
0.007956
0.007638
0.007331
0.007035
0.006750
0.006475
0.006210
0.005954
0.005708
0.005471
0.005243
0.005023
0.004812
0.004609
0.004413
0.004224
0.004043
0.003869
0.003702
0.003541
0.003387
0.003238
0.003096
0.002959
0.002828
0.002702
0.002581
0.002465
0.002353
0.002247
0.002144
0.002046
0.001952
0.001862
0.001776
0.001694
0.001615
0.001539
0.001466
0.001397
0.001331
0.001268
0.001207
0.001149
0.001094
0.001041
0.000990
0.000942
0.000896
0.000852
0.000810
0.000770
0.000731
0.000695
0.000660
0.000627
0.000595
0.000565
0.000536
0.000509
0.000483
0.000458
0.000434
0.000412
0.000390
0.000370
0.000351
0.000332
0.000315
0.000298
0.000282
0.000267
0.000253
0.000239
0.000226
0.000214
0.000203
0.000192
0.000181
0.000171
0.000162
0.000153
0.000144
0.000136
0.000129
0.000121
0.000115
0.000108
0.000102
0.000096
0.000091
0.000086
0.000081
0.000076
0.000072
0.000068
0.000064
0.000060
0.000056
0.000053
0.000050
0.000047
0.000044
0.000042
0.000039
0.000037
0.000035
0.000033
0.000031
0.000029
0.000027
0.000025
0.000024
0.000022
0.000021
0.000020
0.000018
0.000017
0.000016
0.000015
0.000014
0.000013
0.000013
0.000012
0.000011
0.000010
0.000010
0.000009
0.000008
0.000008
0.000007
0.000007
0.000006
0.000006
0.000006
0.000005
0.000005
0.000005
0.000004
0.000004
0.000004
0.000004
0.000003
0.000003
0.000003
0.000003
0.000002
0.000002
0.000002
0.000002
0.000002
0.000002
0.000002
0.000002
0.000001
0.000001
0.000001
0.000001
0.000001
0.000001
0.000001
0.000001
0.000001
0.000001
0.000001
0.000001
0.000001
0.000001
0.000001
0.000000
0.000000
0.000000
0.000000
0.000000
0.000000
0.000000
0.000000
0.000000
0.000000
0.000000
0.000000
0.000000
0.000000
0.000000
0.000000
0.000000
0.000000
0.000000
0.000000
0.000000
0.000000
0.000000
0.000000
0.000000
0.000000
0.000000
0.000000
0.000000
0.000000
0.000000
0.000000
0.000000
0.000000
0.000000
0.000000
0.000000
0.000000
0.000000
0.000000
0.000000
0.000000
0.000000
0.000000
0.000000
0.000000
0.000000
0.000000
0.000000
0.000000
0.000000
0.000000
0.000000
0.000000
0.000000
0.000000
0.000000
0.000000
0.000000
0.000000
0.000000
0.000000
0.000000
0.000000
0.000000
0.000000
0.000000
0.000000
0.000000
0.000000
0.000000
0.000000
0.000000
0.000000
0.000000
0.000000
0.000000
0.000000
0.000000
0.000000
0.000000
0.000000
0.000000
0.000000
0.000000
0.000000
0.000000
0.000000
0.000000
0.000000
0.000000
0.000000
0.000000
0.000000
0.000000
0.000000
0.000000
0.000000
0.000000
0.000000
0.000000
0.000000
0.000000
0.000000
0.000000
0.000000
0.000000
0.000000
0.000000
0.000000
0.000000
0.000000
0.000000
0.000000
0.000000
0.000000
0.000000
0.000000
0.000000
0.000000
0.000000
0.000000
0.000000
0.000000
0.000000
0.000000
0.000000
0.000000
0.000000
0.000000
0.000000
0.000000
0.000000
0.000000
0.000000
0.000000
0.000000
0.000000
0.000000
0.000000
0.000000
0.000000
0.000000
0.000000
0.000000
0.000000
0.000000
0.000000
0.000000
0.000000
0.000000
0.000000
0.000000
0.000000
0.000000
0.000000
0.000000
0.000000
0.000000
0.000000
0.000000
0.000000
0.000000
0.000000
0.000000
0.000000
0.000000
0.000000
0.000000
0.000000
0.000000
0.000000
0.000000
0.000000
0.000000
0.000000
0.000000
0.000000
0.000000
0.000000
0.000000
0.000000
0.000000
0.000000
0.000000
0.000000
0.000000
0.000000
0.000000
0.000000
0.000000
0.000000
0.000000
0.000000
0.000000
0.000000
0.000000
0.000000
0.000000
0.000000
0.000000
0.000000
0.000000
0.000000
0.000000
0.000000
0.000000
0.000000
0.000000
0.000000
0.000000
0.000000
0.000000
0.000000
0.000000
0.000000
0.000000
0.000000
0.000000
0.000000
0.000000
0.000000
0.000000
0.000000
0.000000
0.000000
0.000000
0.000000
0.000000
0.000000
0.000000
0.000000
0.000000
0.000000
0.000000
0.000000
0.000000
0.000000
0.000000
0.000000
0.000000
0.000000
0.000000
0.000000
0.000000
0.000000
0.000000
0.000000
0.000000
0.000000
0.000000
0.000000
0.000000
0.000000
0.000000
0.000000
