0.000252
0.000505
0.000757
0.001012
0.001267
0.001526
0.001785
0.002048
0.002313
0.002582
0.002855
0.003131
0.003414
0.003698
0.003992
0.004287
0.004592
0.004901
0.005217
0.005543
0.005871
0.006215
0.006560
0.006919
0.007287
0.007659
0.008051
0.008444
0.008854
0.009277
0.009703
0.010153
0.010608
0.011076
0.011567
0.012060
0.012573
0.013109
0.013646
0.014207
0.014792
0.015378
0.015990
0.016629
0.017271
0.017935
0.018634
0.019340
0.020059
0.020817
0.021597
0.022380
0.023192
0.024045
0.024915
0.025791
0.026698
0.027651
0.028629
0.029612
0.030614
0.031662
0.032757
0.033877
0.035005
0.036146
0.037322
0.038546
0.039822
0.041143
0.042498
0.043881
0.045289
0.046725
0.048190
0.049688
0.051220
0.052789
0.054394
0.056036
0.057717
0.059436
0.061194
0.062992
0.064830
0.066708
0.068627
0.070587
0.072589
0.074633
0.076719
0.078848
0.081020
0.083235
0.085494
0.087796
0.090143
0.092535
0.094971
0.097452
0.099978
0.102549
0.105166
0.107828
0.110536
0.113290
0.116089
0.118934
0.121825
0.124761
0.127743
0.130771
0.133845
0.136963
0.140127
0.143336
0.146589
0.149887
0.153229
0.156616
0.160045
0.163518
0.167034
0.170592
0.174191
0.177832
0.181515
0.185237
0.188999
0.192799
0.196638
0.200515
0.204429
0.208378
0.212363
0.216383
0.220436
0.224521
0.228639
0.232787
0.236965
0.241171
0.245406
0.249667
0.253953
0.258264
0.262598
0.266954
0.271331
0.275727
0.280142
0.284573
0.289020
0.293481
0.297955
0.302441
0.306936
0.311440
0.315951
0.320468
0.324989
0.329513
0.334038
0.338562
0.343085
0.347604
0.352119
0.356627
0.361126
0.365616
0.370095
0.374561
0.379012
0.383448
0.387866
0.392264
0.396642
0.400998
0.405330
0.409636
0.413916
0.418167
0.422389
0.426578
0.430736
0.434858
0.438946
0.442996
0.447008
0.450981
0.454912
0.458801
0.462646
0.466446
0.470201
0.473908
0.477567
0.481177
0.484736
0.488243
0.491699
0.495100
0.498448
0.501741
0.504977
0.508158
0.511280
0.514345
0.517351
0.520298
0.523185
0.526012
0.528778
0.531484
0.534127
0.536710
0.539230
0.541689
0.544085
0.546420
0.548692
0.550902
0.553050
0.555137
0.557161
0.559124
0.561026
0.562868
0.564649
0.566370
0.568031
0.569633
0.571176
0.572662
0.574091
0.575464
0.576780
0.578042
0.579250
0.580405
0.581508
0.582560
0.583561
0.584513
0.585418
0.586274
0.587084
0.587850
0.588571
0.589251
0.589888
0.590485
0.591043
0.591564
0.592048
0.592498
0.592913
0.593296
0.593646
0.593968
0.594260
0.594525
0.594764
0.594977
0.595168
0.595336
0.595482
0.595610
0.595718
0.595809
0.595885
0.595946
0.595992
0.596026
0.596049
0.596061
0.596065
0.596059
0.596047
0.596028
0.596004
0.595975
0.595943
0.595909
0.595873
0.595834
0.595796
0.595758
0.595720
0.595685
0.595650
0.595618
0.595588
0.595562
0.595539
0.595520
0.595505
0.595494
0.595487
0.595486
0.595488
0.595494
0.595504
0.595519
0.595538
0.595561
0.595587
0.595616
0.595648
0.595683
0.595720
0.595757
0.595796
0.595833
0.595871
0.595909
0.595944
0.595976
0.596005
0.596029
0.596048
0.596060
0.596065
0.596063
0.596051
0.596028
0.595993
0.595946
0.595886
0.595811
0.595719
0.595610
0.595483
0.595336
0.595168
0.594978
0.594764
0.594525
0.594260
0.593968
0.593647
0.593295
0.592913
0.592499
0.592050
0.591566
0.591045
0.590486
0.589888
0.589251
0.588571
0.587850
0.587084
0.586274
0.585418
0.584514
0.583562
0.582561
0.581510
0.580407
0.579253
0.578045
0.576782
0.575466
0.574093
0.572664
0.571179
0.569635
0.568033
0.566372
0.564651
0.562870
0.561030
0.559128
0.557165
0.555141
0.553055
0.550906
0.548697
0.546424
0.544090
0.541694
0.539235
0.536715
0.534133
0.531489
0.528784
0.526017
0.523190
0.520303
0.517356
0.514350
0.511285
0.508163
0.504983
0.501746
0.498454
0.495106
0.491703
0.488248
0.484740
0.481181
0.477571
0.473912
0.470205
0.466450
0.462650
0.458804
0.454915
0.450984
0.447012
0.443000
0.438949
0.434861
0.430738
0.426580
0.422390
0.418169
0.413918
0.409638
0.405332
0.401000
0.396644
0.392266
0.387868
0.383450
0.379015
0.374563
0.370098
0.365619
0.361129
0.356629
0.352122
0.347608
0.343088
0.338566
0.334041
0.329516
0.324993
0.320472
0.315955
0.311444
0.306940
0.302445
0.297960
0.293485
0.289025
0.284578
0.280147
0.275732
0.271336
0.266960
0.262604
0.258270
0.253959
0.249672
0.245411
0.241177
0.236970
0.232792
0.228644
0.224527
0.220441
0.216388
0.212369
0.208384
0.204434
0.200521
0.196644
0.192805
0.189005
0.185243
0.181521
0.177839
0.174197
0.170597
0.167039
0.163524
0.160051
0.156621
0.153235
0.149893
0.146595
0.143341
0.140133
0.136969
0.133850
0.130777
0.127749
0.124767
0.121830
0.118939
0.116094
0.113295
0.110541
0.107833
0.105171
0.102554
0.099983
0.097457
0.094976
0.092539
0.090148
0.087801
0.085498
0.083239
0.081024
0.078852
0.076723
0.074637
0.072593
0.070591
0.068631
0.066712
0.064834
0.062996
0.061198
0.059440
0.057720
0.056040
0.054397
0.052792
0.051225
0.049694
0.048199
0.046740
0.045316
0.043926
0.042571
0.041249
0.039961
0.038705
0.037481
0.036288
0.035127
0.033996
0.032895
0.031823
0.030780
0.029765
0.028778
0.027818
0.026884
0.025977
0.025096
0.024239
0.023408
0.022600
0.021815
0.021054
0.020315
0.019599
0.018903
0.018229
0.017576
0.016942
0.016328
0.015733
0.015157
0.014599
0.014058
0.013535
0.013029
0.012540
0.012066
0.011608
0.011165
0.010736
0.010323
0.009923
0.009536
0.009163
0.008803
0.008455
0.008120
0.007796
0.007483
0.007182
0.006891
0.006611
0.006341
0.006081
0.005830
0.005589
0.005356
0.005132
0.004917
0.004709
0.004510
0.004318
0.004133
0.003955
0.003785
0.003621
0.003463
0.003312
0.003166
0.003027
0.002893
0.002764
0.002641
0.002522
0.002408
0.002299
0.002195
0.002095
0.001999
0.001907
0.001819
0.001734
0.001654
0.001576
0.001502
0.001431
0.001364
0.001299
0.001237
0.001178
0.001121
0.001067
0.001015
0.000966
0.000919
0.000873
0.000830
0.000789
0.000750
0.000713
0.000677
0.000643
0.000611
0.000580
0.000550
0.000522
0.000496
0.000470
0.000446
0.000423
0.000401
0.000380
0.000360
0.000341
0.000323
0.000306
0.000290
0.000275
0.000260
0.000246
0.000233
0.000220
0.000208
0.000197
0.000186
0.000176
0.000166
0.000157
0.000148
0.000140
0.000132
0.000125
0.000118
0.000111
0.000105
0.000099
0.000094
0.000088
0.000083
0.000078
0.000074
0.000070
0.000066
0.000062
0.000058
0.000055
0.000052
0.000048
0.000046
0.000043
0.000040
0.000038
0.000036
0.000034
0.000032
0.000030
0.000028
0.000026
0.000025
0.000023
0.000022
0.000020
0.000019
0.000018
0.000017
0.000016
0.000015
0.000014
0.000013
0.000012
0.000011
0.000011
0.000010
0.000009
0.000009
0.000008
0.000008
0.000007
0.000007
0.000006
0.000006
0.000005
0.000005
0.000005
0.000004
0.000004
0.000004
0.000004
0.000003
0.000003
0.000003
0.000003
0.000003
0.000002
0.000002
0.000002
0.000002
0.000002
0.000002
0.000002
0.000001
0.000001
0.000001
0.000001
0.000001
0.000001
0.000001
0.000001
0.000001
0.000001
0.000001
0.000001
0.000001
0.000001
0.000001
0.000000
0.000000
0.000000
0.000000
0.000000
0.000000
0.000000
0.000000
0.000000
0.000000
0.000000
0.000000
0.000000
0.000000
0.000000
0.000000
0.000000
0.000000
0.000000
0.000000
0.000000
0.000000
0.000000
0.000000
0.000000
0.000000
0.000000
0.000000
0.000000
0.000000
0.000000
0.000000
0.000000
0.000000
0.000000
0.000000
0.000000
0.000000
0.000000
0.000000
0.000000
0.000000
0.000000
0.000000
0.000000
0.000000
0.000000
0.000000
0.000000
0.000000
0.000000
0.000000
0.000000
0.000000
0.000000
0.000000
0.000000
0.000000
0.000000
0.000000
0.000000
0.000000
0.000000
0.000000
0.000000
0.000000
0.000000
0.000000
0.000000
0.000000
0.000000
0.000000
0.000000
0.000000
0.000000
0.000000
0.000000
0.000000
0.000000
0.000000
0.000000
0.000000
0.000000
0.000000
0.000000
0.000000
0.000000
0.000000
0.000000
0.000000
0.000000
0.000000
0.000000
0.000000
0.000000
0.000000
0.000000
0.000000
0.000000
0.000000
0.000000
0.000000
0.000000
0.000000
0.000000
0.000000
0.000000
0.000000
0.000000
0.000000
0.000000
0.000000
0.000000
0.000000
0.000000
0.000000
0.000000
0.000000
0.000000
0.000000
0.000000
0.000000
0.000000
0.000000
0.000000
0.000000
0.000000
0.000000
0.000000
0.000000
0.000000
0.000000
0.000000
0.000000
0.000000
0.000000
0.000000
0.000000
0.000000
0.000000
0.000000
0.000000
0.000000
0.000000
0.000000
0.000000
0.000000
0.000000
0.000000
0.000000
0.000000
0.000000
0.000000
0.000000
0.000000
0.000000
0.000000
0.000000
0.000000
0.000000
0.000000
0.000000
0.000000
0.000000
0.000000
0.000000
0.000000
0.000000
0.000000
0.000000
0.000000
0.000000
0.000000
0.000000
0.000000
0.000000
0.000000
0.000000
0.000000
0.000000
0.000000
0.000000
0.000000
0.000000
0.000000
0.000000
0.000000
0.000000
0.000000
0.000000
0.000000
0.000000
0.000000
0.000000
0.000000
0.000000
0.000000
0.000000
0.000000
0.000000
0.000000
0.000000
0.000000
0.000000
0.000000
0.000000
0.000000
0.000000
0.000000
0.000000
0.000000
0.000000
0.000000
0.000000
0.000000
0.000000
0.000000
0.000000
0.000000
0.000000
0.000000
0.000000
0.000000
0.000000
0.000000
0.000000
0.000000
0.000000
0.000000
0.000000
0.000000
0.000000
0.000000
0.000000
0.000000
0.000000
0.000000
0.000000
0.000000
0.000000
0.000000
0.000000
0.000000
0.000000
0.000000
0.000000
0.000000
0.000000
0.000000
0.000000
0.000000
0.000000
0.000000
0.000000
0.000000
0.000000
