0.000257
0.000515
0.000773
0.001033
0.001294
0.001557
0.001823
0.002089
0.002362
0.002634
0.002915
0.003195
0.003484
0.003774
0.004072
0.004376
0.004684
0.005002
0.005322
0.005655
0.005990
0.006338
0.006694
0.007055
0.007433
0.007812
0.008209
0.008613
0.009025
0.009459
0.009894
0.010347
0.010816
0.011288
0.011786
0.012294
0.012810
0.013355
0.013907
0.014471
0.015066
0.015668
0.016283
0.016932
0.017592
0.018261
0.018966
0.019692
0.020422
0.021182
0.021978
0.022782
0.023599
0.024457
0.025348
0.026244
0.027157
0.028115
0.029111
0.030118
0.031135
0.032187
0.033289
0.034429
0.035583
0.036747
0.037934
0.039164
0.040447
0.041780
0.043152
0.044555
0.045985
0.047441
0.048926
0.050443
0.051994
0.053581
0.055205
0.056866
0.058566
0.060304
0.062082
0.063899
0.065756
0.067655
0.069594
0.071574
0.073596
0.075661
0.077768
0.079917
0.082110
0.084346
0.086626
0.088951
0.091319
0.093732
0.096190
0.098693
0.101241
0.103834
0.106472
0.109156
0.111886
0.114661
0.117482
0.120349
0.123261
0.126219
0.129223
0.132272
0.135367
0.138506
0.141691
0.144920
0.148194
0.151513
0.154875
0.158281
0.161730
0.165222
0.168757
0.172334
0.175951
0.179611
0.183310
0.187049
0.190828
0.194645
0.198500
0.202392
0.206320
0.210284
0.214283
0.218315
0.222380
0.226478
0.230607
0.234765
0.238953
0.243169
0.247412
0.251681
0.255975
0.260292
0.264631
0.268992
0.273372
0.277772
0.282188
0.286621
0.291068
0.295528
0.300001
0.304484
0.308976
0.313475
0.317981
0.322491
0.327004
0.331520
0.336035
0.340549
0.345060
0.349566
0.354067
0.358560
0.363043
0.367516
0.371976
0.376422
0.380853
0.385266
0.389661
0.394035
0.398388
0.402717
0.407021
0.411298
0.415548
0.419768
0.423956
0.428112
0.432235
0.436322
0.440372
0.444384
0.448357
0.452289
0.456179
0.460024
0.463825
0.467581
0.471289
0.474948
0.478559
0.482120
0.485629
0.489085
0.492488
0.495836
0.499130
0.502367
0.505548
0.508671
0.511736
0.514742
0.517688
0.520575
0.523401
0.526166
0.528870
0.531512
0.534091
0.536609
0.539065
0.541457
0.543788
0.546055
0.548261
0.550403
0.552483
0.554501
0.556457
0.558351
0.560183
0.561955
0.563666
0.565318
0.566908
0.568440
0.569913
0.571329
0.572687
0.573989
0.575236
0.576428
0.577566
0.578652
0.579685
0.580668
0.581601
0.582484
0.583320
0.584109
0.584852
0.585551
0.586207
0.586820
0.587393
0.587926
0.588420
0.588878
0.589301
0.589689
0.590044
0.590367
0.590659
0.590923
0.591158
0.591367
0.591551
0.591712
0.591849
0.591966
0.592062
0.592140
0.592201
0.592245
0.592275
0.592292
0.592295
0.592288
0.592270
0.592244
0.592210
0.592169
0.592122
0.592070
0.592014
0.591956
0.591896
0.591834
0.591772
0.591710
0.591650
0.591591
0.591534
0.591481
0.591431
0.591384
0.591342
0.591305
0.591273
0.591247
0.591226
0.591211
0.591202
0.591199
0.591202
0.591211
0.591225
0.591246
0.591273
0.591304
0.591341
0.591383
0.591429
0.591480
0.591534
0.591590
0.591649
0.591709
0.591771
0.591834
0.591896
0.591957
0.592016
0.592071
0.592123
0.592170
0.592211
0.592246
0.592272
0.592289
0.592296
0.592293
0.592276
0.592246
0.592201
0.592140
0.592062
0.591966
0.591849
0.591712
0.591552
0.591368
0.591158
0.590923
0.590659
0.590367
0.590044
0.589690
0.589302
0.588880
0.588422
0.587927
0.587393
0.586821
0.586207
0.585551
0.584852
0.584109
0.583320
0.582485
0.581602
0.580669
0.579687
0.578654
0.577569
0.576431
0.575239
0.573992
0.572690
0.571331
0.569915
0.568442
0.566910
0.565319
0.563669
0.561958
0.560186
0.558355
0.556461
0.554505
0.552487
0.550407
0.548265
0.546060
0.543793
0.541462
0.539070
0.536614
0.534097
0.531517
0.528875
0.526171
0.523406
0.520580
0.517693
0.514747
0.511741
0.508676
0.505553
0.502373
0.499135
0.495842
0.492493
0.489090
0.485633
0.482124
0.478564
0.474953
0.471293
0.467584
0.463829
0.460027
0.456181
0.452292
0.448360
0.444388
0.440375
0.436325
0.432237
0.428114
0.423958
0.419769
0.415550
0.411300
0.407023
0.402719
0.398390
0.394037
0.389663
0.385269
0.380855
0.376425
0.371979
0.367518
0.363046
0.358562
0.354070
0.349570
0.345063
0.340552
0.336039
0.331523
0.327008
0.322495
0.317985
0.313480
0.308980
0.304488
0.300005
0.295533
0.291072
0.286625
0.282193
0.277777
0.273378
0.268997
0.264637
0.260297
0.255980
0.251687
0.247418
0.243175
0.238959
0.234771
0.230612
0.226484
0.222386
0.218321
0.214288
0.210290
0.206326
0.202398
0.198506
0.194651
0.190834
0.187056
0.183316
0.179617
0.175957
0.172339
0.168763
0.165228
0.161736
0.158287
0.154881
0.151518
0.148200
0.144926
0.141697
0.138512
0.135372
0.132277
0.129228
0.126225
0.123267
0.120354
0.117487
0.114666
0.111891
0.109161
0.106477
0.103839
0.101245
0.098698
0.096195
0.093737
0.091324
0.088955
0.086631
0.084351
0.082114
0.079921
0.077772
0.075665
0.073600
0.071578
0.069598
0.067658
0.065760
0.063903
0.062085
0.060307
0.058569
0.056870
0.055208
0.053585
0.051999
0.050450
0.048937
0.047461
0.046019
0.044613
0.043241
0.041903
0.040598
0.039326
0.038086
0.036878
0.035701
0.034555
0.033439
0.032353
0.031296
0.030267
0.029266
0.028293
0.027346
0.026426
0.025532
0.024663
0.023819
0.023000
0.022204
0.021431
0.020681
0.019953
0.019248
0.018563
0.017899
0.017256
0.016632
0.016028
0.015442
0.014875
0.014326
0.013794
0.013280
0.012782
0.012300
0.011834
0.011384
0.010948
0.010527
0.010121
0.009728
0.009348
0.008981
0.008627
0.008286
0.007956
0.007638
0.007331
0.007035
0.006750
0.006475
0.006210
0.005954
0.005708
0.005471
0.005243
0.005023
0.004812
0.004608
0.004413
0.004224
0.004043
0.003869
0.003702
0.003541
0.003387
0.003238
0.003096
0.002959
0.002828
0.002702
0.002581
0.002465
0.002353
0.002247
0.002144
0.002046
0.001952
0.001862
0.001776
0.001694
0.001615
0.001539
0.001466
0.001397
0.001331
0.001268
0.001207
0.001149
0.001094
0.001041
0.000990
0.000942
0.000896
0.000852
0.000810
0.000770
0.000731
0.000695
0.000660
0.000627
0.000595
0.000565
0.000536
0.000509
0.000483
0.000458
0.000434
0.000412
0.000390
0.000370
0.000351
0.000332
0.000315
0.000298
0.000282
0.000267
0.000253
0.000239
0.000226
0.000214
0.000203
0.000192
0.000181
0.000171
0.000162
0.000153
0.000144
0.000136
0.000129
0.000121
0.000115
0.000108
0.000102
0.000096
0.000091
0.000086
0.000081
0.000076
0.000072
0.000068
0.000064
0.000060
0.000056
0.000053
0.000050
0.000047
0.000044
0.000042
0.000039
0.000037
0.000035
0.000033
0.000031
0.000029
0.000027
0.000025
0.000024
0.000022
0.000021
0.000020
0.000018
0.000017
0.000016
0.000015
0.000014
0.000013
0.000013
0.000012
0.000011
0.000010
0.000010
0.000009
0.000008
0.000008
0.000007
0.000007
0.000006
0.000006
0.000006
0.000005
0.000005
0.000005
0.000004
0.000004
0.000004
0.000004
0.000003
0.000003
0.000003
0.000003
0.000002
0.000002
0.000002
0.000002
0.000002
0.000002
0.000002
0.000002
0.000001
0.000001
0.000001
0.000001
0.000001
0.000001
0.000001
0.000001
0.000001
0.000001
0.000001
0.000001
0.000001
0.000001
0.000001
0.000000
0.000000
0.000000
0.000000
0.000000
0.000000
0.000000
0.000000
0.000000
0.000000
0.000000
0.000000
0.000000
0.000000
0.000000
0.000000
0.000000
0.000000
0.000000
0.000000
0.000000
0.000000
0.000000
0.000000
0.000000
0.000000
0.000000
0.000000
0.000000
0.000000
0.000000
0.000000
0.000000
0.000000
0.000000
0.000000
0.000000
0.000000
0.000000
0.000000
0.000000
0.000000
0.000000
0.000000
0.000000
0.000000
0.000000
0.000000
0.000000
0.000000
0.000000
0.000000
0.000000
0.000000
0.000000
0.000000
0.000000
0.000000
0.000000
0.000000
0.000000
0.000000
0.000000
0.000000
0.000000
0.000000
0.000000
0.000000
0.000000
0.000000
0.000000
0.000000
0.000000
0.000000
0.000000
0.000000
0.000000
0.000000
0.000000
0.000000
0.000000
0.000000
0.000000
0.000000
0.000000
0.000000
0.000000
0.000000
0.000000
0.000000
0.000000
0.000000
0.000000
0.000000
0.000000
0.000000
0.000000
0.000000
0.000000
0.000000
0.000000
0.000000
0.000000
0.000000
0.000000
0.000000
0.000000
0.000000
0.000000
0.000000
0.000000
0.000000
0.000000
0.000000
0.000000
0.000000
0.000000
0.000000
0.000000
0.000000
0.000000
0.000000
0.000000
0.000000
0.000000
0.000000
0.000000
0.000000
0.000000
0.000000
0.000000
0.000000
0.000000
0.000000
0.000000
0.000000
0.000000
0.000000
0.000000
0.000000
0.000000
0.000000
0.000000
0.000000
0.000000
0.000000
0.000000
0.000000
0.000000
0.000000
0.000000
0.000000
0.000000
0.000000
0.000000
0.000000
0.000000
0.000000
0.000000
0.000000
0.000000
0.000000
0.000000
0.000000
0.000000
0.000000
0.000000
0.000000
0.000000
0.000000
0.000000
0.000000
0.000000
0.000000
0.000000
0.000000
0.000000
0.000000
0.000000
0.000000
0.000000
0.000000
0.000000
0.000000
0.000000
0.000000
0.000000
0.000000
0.000000
0.000000
0.000000
0.000000
0.000000
0.000000
0.000000
0.000000
0.000000
0.000000
0.000000
0.000000
0.000000
0.000000
0.000000
0.000000
0.000000
0.000000
0.000000
0.000000
0.000000
0.000000
0.000000
0.000000
0.000000
0.000000
0.000000
0.000000
0.000000
0.000000
0.000000
0.000000
0.000000
0.000000
0.000000
0.000000
0.000000
0.000000
0.000000
0.000000
0.000000
0.000000
0.000000
0.000000
0.000000
0.000000
0.000000
0.000000
0.000000
0.000000
0.000000
0.000000
0.000000
0.000000
0.000000
0.000000
0.000000
0.000000
0.000000
0.000000
0.000000
0.000000
0.000000
0.000000
0.000000
0.000000
0.000000
