0.000263
0.000525
0.000790
0.001054
0.001321
0.001589
0.001860
0.002133
0.002410
0.002689
0.002974
0.003261
0.003554
0.003853
0.004154
0.004466
0.004778
0.005103
0.005430
0.005768
0.006113
0.006463
0.006829
0.007195
0.007579
0.007969
0.008368
0.008784
0.009202
0.009641
0.010089
0.010545
0.011025
0.011507
0.012008
0.012530
0.013054
0.013603
0.014171
0.014742
0.015342
0.015961
0.016584
0.017238
0.017915
0.018596
0.019304
0.020045
0.020792
0.021556
0.022361
0.023186
0.024016
0.024878
0.025781
0.026701
0.027627
0.028588
0.029596
0.030627
0.031664
0.032724
0.033831
0.034985
0.036164
0.037353
0.038557
0.039795
0.041084
0.042426
0.043813
0.045235
0.046686
0.048164
0.049670
0.051207
0.052777
0.054383
0.056025
0.057705
0.059424
0.061182
0.062979
0.064816
0.066693
0.068611
0.070570
0.072571
0.074614
0.076699
0.078827
0.080998
0.083211
0.085469
0.087771
0.090116
0.092506
0.094941
0.097420
0.099945
0.102514
0.105129
0.107790
0.110495
0.113247
0.116044
0.118887
0.121775
0.124709
0.127689
0.130714
0.133784
0.136900
0.140061
0.143266
0.146516
0.149811
0.153149
0.156532
0.159957
0.163426
0.166937
0.170491
0.174086
0.177722
0.181399
0.185115
0.188872
0.192667
0.196500
0.200370
0.204277
0.208220
0.212198
0.216210
0.220256
0.224333
0.228443
0.232582
0.236751
0.240949
0.245174
0.249425
0.253701
0.258002
0.262325
0.266669
0.271034
0.275418
0.279820
0.284239
0.288672
0.293119
0.297579
0.302049
0.306529
0.311017
0.315512
0.320012
0.324515
0.329021
0.333527
0.338032
0.342535
0.347034
0.351527
0.356013
0.360490
0.364957
0.369412
0.373853
0.378279
0.382689
0.387080
0.391451
0.395801
0.400127
0.404430
0.408705
0.412953
0.417172
0.421360
0.425516
0.429638
0.433725
0.437776
0.441789
0.445762
0.449695
0.453586
0.457434
0.461236
0.464993
0.468703
0.472365
0.475977
0.479539
0.483050
0.486508
0.489913
0.493263
0.496558
0.499798
0.502979
0.506104
0.509170
0.512176
0.515123
0.518010
0.520836
0.523601
0.526304
0.528946
0.531524
0.534040
0.536493
0.538884
0.541210
0.543475
0.545676
0.547814
0.549888
0.551901
0.553850
0.555737
0.557562
0.559325
0.561027
0.562669
0.564250
0.565771
0.567232
0.568636
0.569981
0.571270
0.572501
0.573678
0.574801
0.575869
0.576885
0.577850
0.578763
0.579628
0.580444
0.581212
0.581933
0.582609
0.583242
0.583832
0.584379
0.584888
0.585357
0.585788
0.586184
0.586545
0.586872
0.587167
0.587431
0.587665
0.587871
0.588050
0.588203
0.588333
0.588440
0.588525
0.588590
0.588637
0.588666
0.588680
0.588678
0.588662
0.588635
0.588596
0.588547
0.588489
0.588425
0.588354
0.588278
0.588196
0.588112
0.588024
0.587936
0.587848
0.587760
0.587672
0.587587
0.587504
0.587425
0.587349
0.587279
0.587213
0.587152
0.587097
0.587050
0.587008
0.586975
0.586948
0.586929
0.586917
0.586913
0.586917
0.586928
0.586948
0.586974
0.587008
0.587049
0.587097
0.587151
0.587211
0.587277
0.587349
0.587424
0.587503
0.587586
0.587672
0.587759
0.587848
0.587937
0.588025
0.588112
0.588197
0.588278
0.588355
0.588427
0.588492
0.588548
0.588597
0.588636
0.588663
0.588678
0.588679
0.588666
0.588637
0.588591
0.588526
0.588440
0.588333
0.588203
0.588050
0.587870
0.587664
0.587430
0.587167
0.586872
0.586546
0.586185
0.585790
0.585358
0.584889
0.584380
0.583832
0.583241
0.582609
0.581933
0.581211
0.580444
0.579629
0.578765
0.577851
0.576888
0.575871
0.574803
0.573681
0.572504
0.571272
0.569983
0.568638
0.567235
0.565772
0.564251
0.562671
0.561030
0.559328
0.557565
0.555740
0.553854
0.551904
0.549892
0.547818
0.545680
0.543479
0.541215
0.538888
0.536498
0.534045
0.531529
0.528951
0.526309
0.523606
0.520841
0.518015
0.515128
0.512182
0.509174
0.506109
0.502985
0.499803
0.496564
0.493268
0.489918
0.486513
0.483054
0.479544
0.475981
0.472369
0.468707
0.464997
0.461239
0.457436
0.453589
0.449699
0.445766
0.441792
0.437779
0.433728
0.429640
0.425518
0.421362
0.417174
0.412955
0.408707
0.404432
0.400129
0.395803
0.391453
0.387082
0.382691
0.378282
0.373856
0.369415
0.364960
0.360493
0.356016
0.351530
0.347037
0.342538
0.338036
0.333530
0.329024
0.324519
0.320016
0.315516
0.311022
0.306534
0.302054
0.297583
0.293124
0.288677
0.284243
0.279825
0.275423
0.271040
0.266675
0.262330
0.258007
0.253707
0.249431
0.245179
0.240954
0.236757
0.232588
0.228448
0.224339
0.220261
0.216216
0.212204
0.208226
0.204283
0.200376
0.196506
0.192673
0.188878
0.185122
0.181405
0.177728
0.174091
0.170496
0.166943
0.163432
0.159963
0.156537
0.153155
0.149816
0.146522
0.143272
0.140066
0.136905
0.133790
0.130719
0.127694
0.124715
0.121781
0.118892
0.116049
0.113252
0.110501
0.107795
0.105134
0.102519
0.099950
0.097425
0.094946
0.092511
0.090121
0.087775
0.085474
0.083216
0.081002
0.078831
0.076703
0.074618
0.072575
0.070574
0.068615
0.066697
0.064819
0.062982
0.061185
0.059427
0.057709
0.056029
0.054387
0.052782
0.051215
0.049685
0.048190
0.046732
0.045308
0.043919
0.042564
0.041243
0.039955
0.038699
0.037476
0.036284
0.035122
0.033991
0.032891
0.031819
0.030776
0.029761
0.028774
0.027815
0.026882
0.025975
0.025093
0.024237
0.023405
0.022598
0.021813
0.021052
0.020314
0.019597
0.018902
0.018228
0.017574
0.016941
0.016327
0.015732
0.015156
0.014598
0.014058
0.013535
0.013028
0.012539
0.012065
0.011607
0.011164
0.010736
0.010322
0.009922
0.009536
0.009163
0.008803
0.008455
0.008119
0.007795
0.007483
0.007182
0.006891
0.006611
0.006341
0.006081
0.005830
0.005588
0.005356
0.005132
0.004916
0.004709
0.004509
0.004317
0.004133
0.003955
0.003785
0.003621
0.003463
0.003312
0.003166
0.003027
0.002893
0.002764
0.002640
0.002522
0.002408
0.002299
0.002195
0.002095
0.001999
0.001907
0.001819
0.001734
0.001654
0.001576
0.001502
0.001431
0.001364
0.001299
0.001237
0.001178
0.001121
0.001067
0.001015
0.000966
0.000918
0.000873
0.000830
0.000789
0.000750
0.000713
0.000677
0.000643
0.000611
0.000580
0.000550
0.000522
0.000496
0.000470
0.000446
0.000423
0.000401
0.000380
0.000360
0.000341
0.000323
0.000306
0.000290
0.000275
0.000260
0.000246
0.000233
0.000220
0.000208
0.000197
0.000186
0.000176
0.000166
0.000157
0.000148
0.000140
0.000132
0.000125
0.000118
0.000111
0.000105
0.000099
0.000094
0.000088
0.000083
0.000078
0.000074
0.000070
0.000066
0.000062
0.000058
0.000055
0.000052
0.000048
0.000046
0.000043
0.000040
0.000038
0.000036
0.000034
0.000032
0.000030
0.000028
0.000026
0.000025
0.000023
0.000022
0.000020
0.000019
0.000018
0.000017
0.000016
0.000015
0.000014
0.000013
0.000012
0.000011
0.000011
0.000010
0.000009
0.000009
0.000008
0.000008
0.000007
0.000007
0.000006
0.000006
0.000005
0.000005
0.000005
0.000004
0.000004
0.000004
0.000004
0.000003
0.000003
0.000003
0.000003
0.000003
0.000002
0.000002
0.000002
0.000002
0.000002
0.000002
0.000002
0.000001
0.000001
0.000001
0.000001
0.000001
0.000001
0.000001
0.000001
0.000001
0.000001
0.000001
0.000001
0.000001
0.000001
0.000001
0.000000
0.000000
0.000000
0.000000
0.000000
0.000000
0.000000
0.000000
0.000000
0.000000
0.000000
0.000000
0.000000
0.000000
0.000000
0.000000
0.000000
0.000000
0.000000
0.000000
0.000000
0.000000
0.000000
0.000000
0.000000
0.000000
0.000000
0.000000
0.000000
0.000000
0.000000
0.000000
0.000000
0.000000
0.000000
0.000000
0.000000
0.000000
0.000000
0.000000
0.000000
0.000000
0.000000
0.000000
0.000000
0.000000
0.000000
0.000000
0.000000
0.000000
0.000000
0.000000
0.000000
0.000000
0.000000
0.000000
0.000000
0.000000
0.000000
0.000000
0.000000
0.000000
0.000000
0.000000
0.000000
0.000000
0.000000
0.000000
0.000000
0.000000
0.000000
0.000000
0.000000
0.000000
0.000000
0.000000
0.000000
0.000000
0.000000
0.000000
0.000000
0.000000
0.000000
0.000000
0.000000
0.000000
0.000000
0.000000
0.000000
0.000000
0.000000
0.000000
0.000000
0.000000
0.000000
0.000000
0.000000
0.000000
0.000000
0.000000
0.000000
0.000000
0.000000
0.000000
0.000000
0.000000
0.000000
0.000000
0.000000
0.000000
0.000000
0.000000
0.000000
0.000000
0.000000
0.000000
0.000000
0.000000
0.000000
0.000000
0.000000
0.000000
0.000000
0.000000
0.000000
0.000000
0.000000
0.000000
0.000000
0.000000
0.000000
0.000000
0.000000
0.000000
0.000000
0.000000
0.000000
0.000000
0.000000
0.000000
0.000000
0.000000
0.000000
0.000000
0.000000
0.000000
0.000000
0.000000
0.000000
0.000000
0.000000
0.000000
0.000000
0.000000
0.000000
0.000000
0.000000
0.000000
0.000000
0.000000
0.000000
0.000000
0.000000
0.000000
0.000000
0.000000
0.000000
0.000000
0.000000
0.000000
0.000000
0.000000
0.000000
0.000000
0.000000
0.000000
0.000000
0.000000
0.000000
0.000000
0.000000
0.000000
0.000000
0.000000
0.000000
0.000000
0.000000
0.000000
0.000000
0.000000
0.000000
0.000000
0.000000
0.000000
0.000000
0.000000
0.000000
0.000000
0.000000
0.000000
0.000000
0.000000
0.000000
0.000000
0.000000
0.000000
0.000000
0.000000
0.000000
0.000000
0.000000
0.000000
0.000000
0.000000
0.000000
0.000000
0.000000
0.000000
0.000000
0.000000
0.000000
0.000000
0.000000
0.000000
0.000000
0.000000
0.000000
0.000000
0.000000
0.000000
0.000000
0.000000
0.000000
0.000000
0.000000
0.000000
0.000000
0.000000
0.000000
0.000000
0.000000
0.000000
0.000000
0.000000
0.000000
0.000000
0.000000
0.000000
0.000000
0.000000
0.000000
0.000000
0.000000
0.000000
0.000000
