0.000268
0.000536
0.000806
0.001076
0.001348
0.001622
0.001898
0.002177
0.002459
0.002745
0.003034
0.003329
0.003626
0.003932
0.004239
0.004556
0.004876
0.005205
0.005541
0.005882
0.006237
0.006592
0.006964
0.007340
0.007727
0.008128
0.008531
0.008956
0.009384
0.009826
0.010286
0.010748
0.011234
0.011731
0.012235
0.012766
0.013304
0.013855
0.014435
0.015020
0.015622
0.016255
0.016893
0.017549
0.018239
0.018938
0.019650
0.020400
0.021167
0.021941
0.022749
0.023592
0.024442
0.025309
0.026219
0.027159
0.028106
0.029073
0.030086
0.031137
0.032200
0.033274
0.034385
0.035548
0.036748
0.037963
0.039188
0.040439
0.041735
0.043084
0.044483
0.045923
0.047395
0.048894
0.050421
0.051979
0.053568
0.055193
0.056855
0.058554
0.060292
0.062069
0.063886
0.065742
0.067640
0.069578
0.071558
0.073579
0.075642
0.077748
0.079897
0.082089
0.084324
0.086603
0.088926
0.091293
0.093704
0.096161
0.098662
0.101208
0.103800
0.106436
0.109118
0.111846
0.114619
0.117438
0.120303
0.123213
0.126168
0.129169
0.132216
0.135308
0.138445
0.141626
0.144853
0.148123
0.151438
0.154797
0.158199
0.161644
0.165132
0.168663
0.172235
0.175848
0.179502
0.183197
0.186931
0.190704
0.194515
0.198364
0.202250
0.206172
0.210129
0.214121
0.218146
0.222204
0.226294
0.230415
0.234565
0.238744
0.242951
0.247185
0.251444
0.255728
0.260034
0.264363
0.268713
0.273082
0.277469
0.281873
0.286293
0.290727
0.295174
0.299632
0.304100
0.308577
0.313061
0.317550
0.322043
0.326540
0.331037
0.335534
0.340029
0.344520
0.349006
0.353486
0.357957
0.362418
0.366868
0.371305
0.375727
0.380133
0.384520
0.388889
0.393236
0.397561
0.401861
0.406136
0.410383
0.414601
0.418789
0.422945
0.427067
0.431155
0.435207
0.439221
0.443196
0.447130
0.451023
0.454873
0.458677
0.462437
0.466149
0.469813
0.473428
0.476993
0.480506
0.483967
0.487375
0.490728
0.494025
0.497266
0.500451
0.503577
0.506645
0.509654
0.512602
0.515490
0.518317
0.521083
0.523787
0.526428
0.529006
0.531521
0.533973
0.536362
0.538687
0.540948
0.543146
0.545280
0.547351
0.549357
0.551302
0.553183
0.555001
0.556757
0.558452
0.560084
0.561656
0.563167
0.564619
0.566010
0.567344
0.568619
0.569838
0.570999
0.572107
0.573160
0.574159
0.575106
0.576002
0.576846
0.577643
0.578391
0.579091
0.579746
0.580355
0.580922
0.581446
0.581929
0.582374
0.582779
0.583148
0.583481
0.583781
0.584047
0.584282
0.584487
0.584663
0.584812
0.584935
0.585034
0.585109
0.585163
0.585196
0.585211
0.585208
0.585188
0.585154
0.585107
0.585046
0.584975
0.584894
0.584804
0.584707
0.584604
0.584497
0.584385
0.584269
0.584152
0.584034
0.583916
0.583800
0.583685
0.583572
0.583464
0.583359
0.583259
0.583166
0.583077
0.582996
0.582921
0.582854
0.582796
0.582746
0.582704
0.582672
0.582649
0.582635
0.582630
0.582634
0.582648
0.582672
0.582704
0.582746
0.582796
0.582854
0.582920
0.582995
0.583076
0.583165
0.583259
0.583358
0.583463
0.583572
0.583685
0.583800
0.583917
0.584035
0.584153
0.584270
0.584386
0.584498
0.584606
0.584709
0.584806
0.584895
0.584976
0.585047
0.585106
0.585154
0.585188
0.585208
0.585211
0.585197
0.585163
0.585109
0.585033
0.584935
0.584811
0.584663
0.584487
0.584282
0.584047
0.583781
0.583482
0.583149
0.582780
0.582374
0.581930
0.581446
0.580921
0.580355
0.579745
0.579091
0.578391
0.577644
0.576848
0.576003
0.575108
0.574161
0.573162
0.572109
0.571002
0.569839
0.568621
0.567346
0.566013
0.564620
0.563169
0.561658
0.560087
0.558454
0.556761
0.555005
0.553186
0.551306
0.549362
0.547355
0.545285
0.543150
0.540952
0.538691
0.536367
0.533978
0.531526
0.529011
0.526432
0.523791
0.521088
0.518322
0.515495
0.512607
0.509658
0.506650
0.503582
0.500456
0.497272
0.494030
0.490732
0.487379
0.483972
0.480511
0.476997
0.473433
0.469817
0.466153
0.462440
0.458680
0.454875
0.451026
0.447133
0.443199
0.439224
0.435209
0.431157
0.427069
0.422947
0.418791
0.414603
0.410385
0.406138
0.401863
0.397563
0.393238
0.388891
0.384523
0.380135
0.375730
0.371307
0.366871
0.362421
0.357960
0.353489
0.349010
0.344523
0.340032
0.335537
0.331041
0.326543
0.322047
0.317554
0.313065
0.308581
0.304104
0.299636
0.295178
0.290731
0.286297
0.281878
0.277474
0.273087
0.268718
0.264369
0.260040
0.255733
0.251450
0.247190
0.242957
0.238750
0.234571
0.230420
0.226300
0.222210
0.218152
0.214126
0.210135
0.206178
0.202256
0.198370
0.194521
0.190710
0.186937
0.183203
0.179508
0.175854
0.172240
0.168668
0.165138
0.161650
0.158205
0.154802
0.151444
0.148129
0.144858
0.141632
0.138450
0.135313
0.132221
0.129175
0.126174
0.123218
0.120308
0.117443
0.114625
0.111851
0.109123
0.106441
0.103804
0.101213
0.098667
0.096165
0.093709
0.091297
0.088930
0.086607
0.084328
0.082093
0.079901
0.077752
0.075646
0.073583
0.071562
0.069582
0.067644
0.065746
0.063889
0.062073
0.060296
0.058558
0.056859
0.055198
0.053575
0.051990
0.050441
0.048929
0.047453
0.046012
0.044606
0.043234
0.041897
0.040592
0.039321
0.038081
0.036873
0.035697
0.034551
0.033435
0.032349
0.031292
0.030264
0.029263
0.028290
0.027343
0.026424
0.025530
0.024661
0.023817
0.022997
0.022202
0.021429
0.020679
0.019952
0.019246
0.018562
0.017898
0.017254
0.016631
0.016026
0.015441
0.014874
0.014325
0.013794
0.013279
0.012781
0.012300
0.011834
0.011383
0.010948
0.010527
0.010120
0.009727
0.009348
0.008981
0.008627
0.008285
0.007956
0.007638
0.007331
0.007035
0.006750
0.006474
0.006209
0.005954
0.005708
0.005471
0.005243
0.005023
0.004812
0.004608
0.004412
0.004224
0.004043
0.003869
0.003702
0.003541
0.003387
0.003238
0.003096
0.002959
0.002828
0.002702
0.002581
0.002465
0.002353
0.002247
0.002144
0.002046
0.001952
0.001862
0.001776
0.001694
0.001615
0.001539
0.001466
0.001397
0.001331
0.001267
0.001207
0.001149
0.001094
0.001041
0.000990
0.000942
0.000896
0.000852
0.000810
0.000770
0.000731
0.000695
0.000660
0.000627
0.000595
0.000565
0.000536
0.000509
0.000483
0.000458
0.000434
0.000412
0.000390
0.000370
0.000351
0.000332
0.000315
0.000298
0.000282
0.000267
0.000253
0.000239
0.000226
0.000214
0.000203
0.000192
0.000181
0.000171
0.000162
0.000153
0.000144
0.000136
0.000129
0.000121
0.000115
0.000108
0.000102
0.000096
0.000091
0.000086
0.000081
0.000076
0.000072
0.000068
0.000064
0.000060
0.000056
0.000053
0.000050
0.000047
0.000044
0.000042
0.000039
0.000037
0.000035
0.000033
0.000031
0.000029
0.000027
0.000025
0.000024
0.000022
0.000021
0.000020
0.000018
0.000017
0.000016
0.000015
0.000014
0.000013
0.000013
0.000012
0.000011
0.000010
0.000010
0.000009
0.000008
0.000008
0.000007
0.000007
0.000006
0.000006
0.000006
0.000005
0.000005
0.000005
0.000004
0.000004
0.000004
0.000004
0.000003
0.000003
0.000003
0.000003
0.000002
0.000002
0.000002
0.000002
0.000002
0.000002
0.000002
0.000002
0.000001
0.000001
0.000001
0.000001
0.000001
0.000001
0.000001
0.000001
0.000001
0.000001
0.000001
0.000001
0.000001
0.000001
0.000001
0.000000
0.000000
0.000000
0.000000
0.000000
0.000000
0.000000
0.000000
0.000000
0.000000
0.000000
0.000000
0.000000
0.000000
0.000000
0.000000
0.000000
0.000000
0.000000
0.000000
0.000000
0.000000
0.000000
0.000000
0.000000
0.000000
0.000000
0.000000
0.000000
0.000000
0.000000
0.000000
0.000000
0.000000
0.000000
0.000000
0.000000
0.000000
0.000000
0.000000
0.000000
0.000000
0.000000
0.000000
0.000000
0.000000
0.000000
0.000000
0.000000
0.000000
0.000000
0.000000
0.000000
0.000000
0.000000
0.000000
0.000000
0.000000
0.000000
0.000000
0.000000
0.000000
0.000000
0.000000
0.000000
0.000000
0.000000
0.000000
0.000000
0.000000
0.000000
0.000000
0.000000
0.000000
0.000000
0.000000
0.000000
0.000000
0.000000
0.000000
0.000000
0.000000
0.000000
0.000000
0.000000
0.000000
0.000000
0.000000
0.000000
0.000000
0.000000
0.000000
0.000000
0.000000
0.000000
0.000000
0.000000
0.000000
0.000000
0.000000
0.000000
0.000000
0.000000
0.000000
0.000000
0.000000
0.000000
0.000000
0.000000
0.000000
0.000000
0.000000
0.000000
0.000000
0.000000
0.000000
0.000000
0.000000
0.000000
0.000000
0.000000
0.000000
0.000000
0.000000
0.000000
0.000000
0.000000
0.000000
0.000000
0.000000
0.000000
0.000000
0.000000
0.000000
0.000000
0.000000
0.000000
0.000000
0.000000
0.000000
0.000000
0.000000
0.000000
0.000000
0.000000
0.000000
0.000000
0.000000
0.000000
0.000000
0.000000
0.000000
0.000000
0.000000
0.000000
0.000000
0.000000
0.000000
0.000000
0.000000
0.000000
0.000000
0.000000
0.000000
0.000000
0.000000
0.000000
0.000000
0.000000
0.000000
0.000000
0.000000
0.000000
0.000000
0.000000
0.000000
0.000000
0.000000
0.000000
0.000000
0.000000
0.000000
0.000000
0.000000
0.000000
0.000000
0.000000
0.000000
0.000000
0.000000
0.000000
0.000000
0.000000
0.000000
0.000000
0.000000
0.000000
0.000000
0.000000
0.000000
0.000000
0.000000
0.000000
0.000000
0.000000
0.000000
0.000000
0.000000
0.000000
0.000000
0.000000
0.000000
0.000000
0.000000
0.000000
0.000000
0.000000
0.000000
0.000000
0.000000
0.000000
0.000000
0.000000
0.000000
0.000000
0.000000
0.000000
0.000000
0.000000
0.000000
0.000000
0.000000
0.000000
0.000000
0.000000
0.000000
0.000000
0.000000
0.000000
0.000000
0.000000
0.000000
0.000000
0.000000
0.000000
0.000000
0.000000
0.000000
0.000000
0.000000
0.000000
0.000000
0.000000
0.000000
