0.000274
0.000548
0.000822
0.001098
0.001376
0.001656
0.001937
0.002222
0.002509
0.002802
0.003095
0.003397
0.003700
0.004011
0.004326
0.004647
0.004976
0.005308
0.005653
0.006000
0.006361
0.006725
0.007100
0.007487
0.007878
0.008288
0.008700
0.009128
0.009569
0.010015
0.010484
0.010958
0.011446
0.011956
0.012468
0.013004
0.013558
0.014115
0.014701
0.015303
0.015911
0.016551
0.017207
0.017869
0.018565
0.019283
0.020005
0.020758
0.021544
0.022334
0.023146
0.024000
0.024871
0.025750
0.026664
0.027620
0.028590
0.029569
0.030587
0.031651
0.032738
0.033832
0.034951
0.036119
0.037335
0.038575
0.039826
0.041094
0.042398
0.043754
0.045164
0.046619
0.048110
0.049632
0.051181
0.052759
0.054369
0.056013
0.057694
0.059413
0.061170
0.062966
0.064803
0.066679
0.068597
0.070555
0.072555
0.074597
0.076681
0.078808
0.080978
0.083191
0.085447
0.087747
0.090092
0.092480
0.094914
0.097392
0.099915
0.102483
0.105096
0.107755
0.110459
0.113208
0.116003
0.118844
0.121730
0.124662
0.127639
0.130662
0.133729
0.136842
0.140000
0.143203
0.146450
0.149741
0.153076
0.156455
0.159877
0.163342
0.166849
0.170398
0.173989
0.177621
0.181293
0.185005
0.188756
0.192546
0.196373
0.200238
0.204139
0.208075
0.212047
0.216052
0.220091
0.224161
0.228263
0.232394
0.236555
0.240744
0.244960
0.249202
0.253469
0.257760
0.262073
0.266407
0.270761
0.275133
0.279524
0.283930
0.288351
0.292785
0.297231
0.301687
0.306153
0.310626
0.315105
0.319589
0.324076
0.328565
0.333054
0.337541
0.342025
0.346504
0.350977
0.355443
0.359899
0.364344
0.368776
0.373194
0.377596
0.381981
0.386347
0.390692
0.395015
0.399315
0.403588
0.407835
0.412053
0.416241
0.420398
0.424521
0.428610
0.432663
0.436679
0.440656
0.444593
0.448488
0.452340
0.456148
0.459910
0.463625
0.467293
0.470911
0.474479
0.477996
0.481460
0.484871
0.488227
0.491528
0.494773
0.497960
0.501090
0.504160
0.507171
0.510122
0.513013
0.515841
0.518609
0.521314
0.523956
0.526535
0.529050
0.531502
0.533890
0.536214
0.538474
0.540670
0.542801
0.544869
0.546872
0.548812
0.550688
0.552500
0.554250
0.555937
0.557563
0.559126
0.560629
0.562070
0.563452
0.564773
0.566037
0.567243
0.568392
0.569484
0.570521
0.571505
0.572436
0.573314
0.574141
0.574917
0.575646
0.576326
0.576959
0.577547
0.578091
0.578591
0.579050
0.579469
0.579849
0.580191
0.580498
0.580769
0.581008
0.581214
0.581390
0.581536
0.581655
0.581747
0.581814
0.581858
0.581880
0.581881
0.581863
0.581827
0.581774
0.581707
0.581626
0.581533
0.581428
0.581312
0.581190
0.581060
0.580923
0.580783
0.580638
0.580491
0.580342
0.580193
0.580044
0.579897
0.579752
0.579611
0.579474
0.579342
0.579215
0.579096
0.578983
0.578877
0.578781
0.578693
0.578613
0.578544
0.578485
0.578436
0.578398
0.578371
0.578355
0.578349
0.578354
0.578371
0.578399
0.578437
0.578485
0.578544
0.578613
0.578692
0.578780
0.578877
0.578982
0.579095
0.579214
0.579341
0.579474
0.579611
0.579753
0.579897
0.580044
0.580193
0.580343
0.580492
0.580640
0.580784
0.580925
0.581061
0.581191
0.581314
0.581428
0.581532
0.581626
0.581707
0.581775
0.581827
0.581863
0.581881
0.581880
0.581857
0.581814
0.581746
0.581654
0.581536
0.581390
0.581214
0.581008
0.580770
0.580499
0.580192
0.579850
0.579470
0.579050
0.578591
0.578090
0.577546
0.576959
0.576326
0.575646
0.574919
0.574142
0.573316
0.572438
0.571507
0.570524
0.569487
0.568394
0.567245
0.566039
0.564776
0.563453
0.562071
0.560630
0.559128
0.557566
0.555940
0.554254
0.552503
0.550691
0.548816
0.546876
0.544873
0.542805
0.540674
0.538478
0.536219
0.533894
0.531507
0.529055
0.526540
0.523961
0.521319
0.518614
0.515847
0.513018
0.510127
0.507176
0.504165
0.501095
0.497966
0.494778
0.491533
0.488232
0.484876
0.481465
0.478000
0.474484
0.470915
0.467296
0.463629
0.459913
0.456150
0.452343
0.448491
0.444596
0.440659
0.436682
0.432666
0.428612
0.424523
0.420399
0.416243
0.412055
0.407837
0.403590
0.399316
0.395017
0.390694
0.386349
0.381984
0.377599
0.373197
0.368779
0.364347
0.359902
0.355446
0.350980
0.346507
0.342028
0.337544
0.333057
0.328568
0.324080
0.319593
0.315109
0.310630
0.306157
0.301692
0.297235
0.292789
0.288355
0.283934
0.279528
0.275138
0.270766
0.266412
0.262078
0.257765
0.253475
0.249208
0.244966
0.240750
0.236561
0.232400
0.228268
0.224166
0.220096
0.216058
0.212052
0.208081
0.204145
0.200244
0.196379
0.192552
0.188762
0.185011
0.181299
0.177626
0.173995
0.170404
0.166855
0.163348
0.159883
0.156461
0.153082
0.149747
0.146455
0.143208
0.140006
0.136848
0.133735
0.130667
0.127645
0.124667
0.121735
0.118849
0.116008
0.113213
0.110464
0.107760
0.105101
0.102488
0.099920
0.097396
0.094918
0.092485
0.090096
0.087752
0.085451
0.083195
0.080982
0.078812
0.076685
0.074601
0.072559
0.070559
0.068601
0.066683
0.064806
0.062970
0.061174
0.059417
0.057699
0.056019
0.054378
0.052774
0.051207
0.049677
0.048183
0.046725
0.045302
0.043913
0.042559
0.041238
0.039950
0.038694
0.037471
0.036279
0.035118
0.033988
0.032887
0.031815
0.030773
0.029758
0.028772
0.027812
0.026879
0.025972
0.025091
0.024235
0.023403
0.022596
0.021812
0.021051
0.020312
0.019596
0.018901
0.018227
0.017573
0.016940
0.016326
0.015731
0.015155
0.014597
0.014057
0.013534
0.013028
0.012538
0.012064
0.011606
0.011163
0.010735
0.010322
0.009922
0.009536
0.009162
0.008802
0.008455
0.008119
0.007795
0.007483
0.007181
0.006891
0.006611
0.006341
0.006080
0.005830
0.005588
0.005356
0.005132
0.004916
0.004709
0.004509
0.004317
0.004133
0.003955
0.003785
0.003621
0.003463
0.003312
0.003166
0.003027
0.002893
0.002764
0.002640
0.002522
0.002408
0.002299
0.002195
0.002095
0.001999
0.001907
0.001819
0.001734
0.001654
0.001576
0.001502
0.001431
0.001364
0.001299
0.001237
0.001178
0.001121
0.001067
0.001015
0.000966
0.000918
0.000873
0.000830
0.000789
0.000750
0.000713
0.000677
0.000643
0.000611
0.000580
0.000550
0.000522
0.000496
0.000470
0.000446
0.000423
0.000401
0.000380
0.000360
0.000341
0.000323
0.000306
0.000290
0.000275
0.000260
0.000246
0.000233
0.000220
0.000208
0.000197
0.000186
0.000176
0.000166
0.000157
0.000148
0.000140
0.000132
0.000125
0.000118
0.000111
0.000105
0.000099
0.000094
0.000088
0.000083
0.000078
0.000074
0.000070
0.000066
0.000062
0.000058
0.000055
0.000052
0.000048
0.000046
0.000043
0.000040
0.000038
0.000036
0.000034
0.000032
0.000030
0.000028
0.000026
0.000025
0.000023
0.000022
0.000020
0.000019
0.000018
0.000017
0.000016
0.000015
0.000014
0.000013
0.000012
0.000011
0.000011
0.000010
0.000009
0.000009
0.000008
0.000008
0.000007
0.000007
0.000006
0.000006
0.000005
0.000005
0.000005
0.000004
0.000004
0.000004
0.000004
0.000003
0.000003
0.000003
0.000003
0.000003
0.000002
0.000002
0.000002
0.000002
0.000002
0.000002
0.000002
0.000001
0.000001
0.000001
0.000001
0.000001
0.000001
0.000001
0.000001
0.000001
0.000001
0.000001
0.000001
0.000001
0.000001
0.000001
0.000000
0.000000
0.000000
0.000000
0.000000
0.000000
0.000000
0.000000
0.000000
0.000000
0.000000
0.000000
0.000000
0.000000
0.000000
0.000000
0.000000
0.000000
0.000000
0.000000
0.000000
0.000000
0.000000
0.000000
0.000000
0.000000
0.000000
0.000000
0.000000
0.000000
0.000000
0.000000
0.000000
0.000000
0.000000
0.000000
0.000000
0.000000
0.000000
0.000000
0.000000
0.000000
0.000000
0.000000
0.000000
0.000000
0.000000
0.000000
0.000000
0.000000
0.000000
0.000000
0.000000
0.000000
0.000000
0.000000
0.000000
0.000000
0.000000
0.000000
0.000000
0.000000
0.000000
0.000000
0.000000
0.000000
0.000000
0.000000
0.000000
0.000000
0.000000
0.000000
0.000000
0.000000
0.000000
0.000000
0.000000
0.000000
0.000000
0.000000
0.000000
0.000000
0.000000
0.000000
0.000000
0.000000
0.000000
0.000000
0.000000
0.000000
0.000000
0.000000
0.000000
0.000000
0.000000
0.000000
0.000000
0.000000
0.000000
0.000000
0.000000
0.000000
0.000000
0.000000
0.000000
0.000000
0.000000
0.000000
0.000000
0.000000
0.000000
0.000000
0.000000
0.000000
0.000000
0.000000
0.000000
0.000000
0.000000
0.000000
0.000000
0.000000
0.000000
0.000000
0.000000
0.000000
0.000000
0.000000
0.000000
0.000000
0.000000
0.000000
0.000000
0.000000
0.000000
0.000000
0.000000
0.000000
0.000000
0.000000
0.000000
0.000000
0.000000
0.000000
0.000000
0.000000
0.000000
0.000000
0.000000
0.000000
0.000000
0.000000
0.000000
0.000000
0.000000
0.000000
0.000000
0.000000
0.000000
0.000000
0.000000
0.000000
0.000000
0.000000
0.000000
0.000000
0.000000
0.000000
0.000000
0.000000
0.000000
0.000000
0.000000
0.000000
0.000000
0.000000
0.000000
0.000000
0.000000
0.000000
0.000000
0.000000
0.000000
0.000000
0.000000
0.000000
0.000000
0.000000
0.000000
0.000000
0.000000
0.000000
0.000000
0.000000
0.000000
0.000000
0.000000
0.000000
0.000000
0.000000
0.000000
0.000000
0.000000
0.000000
0.000000
0.000000
0.000000
0.000000
0.000000
0.000000
0.000000
0.000000
0.000000
0.000000
0.000000
0.000000
0.000000
0.000000
0.000000
0.000000
0.000000
0.000000
0.000000
0.000000
0.000000
0.000000
0.000000
0.000000
0.000000
0.000000
0.000000
0.000000
0.000000
0.000000
0.000000
0.000000
0.000000
0.000000
0.000000
0.000000
0.000000
0.000000
0.000000
0.000000
0.000000
0.000000
0.000000
0.000000
0.000000
0.000000
0.000000
0.000000
0.000000
0.000000
