0.000279
0.000559
0.000839
0.001121
0.001404
0.001690
0.001976
0.002268
0.002560
0.002859
0.003159
0.003465
0.003776
0.004091
0.004414
0.004740
0.005077
0.005415
0.005766
0.006121
0.006486
0.006861
0.007240
0.007636
0.008034
0.008448
0.008873
0.009304
0.009755
0.010210
0.010683
0.011171
0.011663
0.012182
0.012708
0.013246
0.013812
0.014382
0.014971
0.015587
0.016207
0.016850
0.017522
0.018198
0.018897
0.019629
0.020368
0.021125
0.021921
0.022733
0.023553
0.024412
0.025303
0.026201
0.027120
0.028084
0.029076
0.030075
0.031098
0.032170
0.033278
0.034397
0.035530
0.036703
0.037928
0.039191
0.040469
0.041758
0.043075
0.044438
0.045855
0.047324
0.048833
0.050376
0.051947
0.053547
0.055178
0.056842
0.058543
0.060281
0.062058
0.063874
0.065730
0.067627
0.069564
0.071543
0.073563
0.075626
0.077731
0.079879
0.082069
0.084303
0.086581
0.088903
0.091269
0.093679
0.096134
0.098634
0.101179
0.103769
0.106404
0.109084
0.111810
0.114582
0.117399
0.120261
0.123169
0.126122
0.129121
0.132165
0.135254
0.138388
0.141567
0.144791
0.148058
0.151370
0.154725
0.158124
0.161566
0.165050
0.168577
0.172145
0.175754
0.179403
0.183093
0.186822
0.190591
0.194397
0.198240
0.202120
0.206036
0.209988
0.213973
0.217992
0.222043
0.226125
0.230239
0.234381
0.238552
0.242751
0.246976
0.251226
0.255500
0.259798
0.264116
0.268455
0.272813
0.277190
0.281582
0.285990
0.290412
0.294846
0.299291
0.303745
0.308208
0.312677
0.317151
0.321629
0.326109
0.330590
0.335070
0.339547
0.344019
0.348486
0.352946
0.357397
0.361838
0.366266
0.370680
0.375079
0.379462
0.383825
0.388169
0.392490
0.396789
0.401062
0.405309
0.409527
0.413716
0.417873
0.421998
0.426089
0.430144
0.434162
0.438141
0.442081
0.445979
0.449834
0.453646
0.457412
0.461131
0.464802
0.468425
0.471997
0.475517
0.478986
0.482401
0.485761
0.489066
0.492315
0.495506
0.498639
0.501714
0.504728
0.507683
0.510576
0.513408
0.516177
0.518885
0.521529
0.524110
0.526627
0.529079
0.531467
0.533791
0.536051
0.538245
0.540375
0.542440
0.544441
0.546377
0.548250
0.550057
0.551802
0.553483
0.555102
0.556658
0.558152
0.559585
0.560957
0.562270
0.563522
0.564716
0.565852
0.566931
0.567955
0.568923
0.569838
0.570699
0.571509
0.572267
0.572976
0.573637
0.574250
0.574816
0.575337
0.575815
0.576250
0.576644
0.576999
0.577315
0.577595
0.577839
0.578050
0.578227
0.578373
0.578490
0.578578
0.578640
0.578676
0.578688
0.578677
0.578646
0.578594
0.578525
0.578438
0.578337
0.578222
0.578094
0.577955
0.577806
0.577648
0.577484
0.577313
0.577138
0.576960
0.576779
0.576597
0.576415
0.576233
0.576054
0.575878
0.575706
0.575538
0.575376
0.575221
0.575073
0.574934
0.574803
0.574680
0.574568
0.574466
0.574375
0.574295
0.574228
0.574171
0.574127
0.574096
0.574077
0.574071
0.574077
0.574096
0.574128
0.574171
0.574227
0.574295
0.574375
0.574466
0.574567
0.574679
0.574801
0.574933
0.575073
0.575221
0.575376
0.575538
0.575706
0.575878
0.576054
0.576234
0.576415
0.576598
0.576781
0.576961
0.577139
0.577315
0.577485
0.577650
0.577807
0.577955
0.578094
0.578222
0.578337
0.578438
0.578525
0.578594
0.578645
0.578676
0.578687
0.578675
0.578639
0.578578
0.578490
0.578374
0.578227
0.578050
0.577840
0.577596
0.577316
0.577000
0.576644
0.576250
0.575814
0.575336
0.574815
0.574249
0.573637
0.572977
0.572269
0.571510
0.570701
0.569840
0.568926
0.567957
0.566934
0.565854
0.564718
0.563524
0.562271
0.560959
0.559587
0.558154
0.556661
0.555104
0.553486
0.551805
0.550061
0.548253
0.546381
0.544445
0.542444
0.540379
0.538249
0.536055
0.533795
0.531471
0.529084
0.526631
0.524114
0.521534
0.518890
0.516183
0.513413
0.510581
0.507687
0.504733
0.501719
0.498645
0.495512
0.492320
0.489071
0.485766
0.482405
0.478990
0.475522
0.472001
0.468428
0.464806
0.461134
0.457415
0.453648
0.449837
0.445982
0.442084
0.438144
0.434164
0.430146
0.426091
0.422000
0.417875
0.413718
0.409529
0.405310
0.401064
0.396790
0.392492
0.388171
0.383828
0.379464
0.375082
0.370683
0.366269
0.361841
0.357400
0.352949
0.348489
0.344022
0.339549
0.335072
0.330593
0.326113
0.321633
0.317155
0.312681
0.308212
0.303749
0.299295
0.294850
0.290416
0.285995
0.281587
0.277194
0.272819
0.268461
0.264122
0.259803
0.255506
0.251232
0.246982
0.242757
0.238558
0.234387
0.230244
0.226131
0.222048
0.217997
0.213978
0.209993
0.206042
0.202126
0.198246
0.194403
0.190597
0.186829
0.183099
0.179409
0.175759
0.172150
0.168582
0.165056
0.161572
0.158130
0.154731
0.151376
0.148064
0.144796
0.141573
0.138394
0.135260
0.132170
0.129127
0.126128
0.123174
0.120266
0.117404
0.114587
0.111815
0.109089
0.106409
0.103774
0.101184
0.098639
0.096139
0.093684
0.091274
0.088908
0.086586
0.084308
0.082074
0.079883
0.077735
0.075630
0.073567
0.071547
0.069568
0.067630
0.065734
0.063878
0.062061
0.060285
0.058548
0.056849
0.055189
0.053567
0.051982
0.050434
0.048922
0.047446
0.046006
0.044600
0.043229
0.041891
0.040587
0.039316
0.038077
0.036869
0.035693
0.034547
0.033432
0.032346
0.031289
0.030261
0.029260
0.028287
0.027341
0.026421
0.025527
0.024659
0.023815
0.022996
0.022200
0.021428
0.020678
0.019950
0.019245
0.018560
0.017897
0.017253
0.016630
0.016026
0.015440
0.014873
0.014324
0.013793
0.013278
0.012781
0.012299
0.011833
0.011383
0.010947
0.010526
0.010120
0.009727
0.009347
0.008981
0.008627
0.008285
0.007955
0.007637
0.007331
0.007035
0.006749
0.006474
0.006209
0.005954
0.005708
0.005471
0.005243
0.005023
0.004812
0.004608
0.004412
0.004224
0.004043
0.003869
0.003702
0.003541
0.003387
0.003238
0.003096
0.002959
0.002828
0.002701
0.002581
0.002465
0.002353
0.002247
0.002144
0.002046
0.001952
0.001862
0.001776
0.001694
0.001614
0.001539
0.001466
0.001397
0.001331
0.001267
0.001207
0.001149
0.001094
0.001041
0.000990
0.000942
0.000896
0.000852
0.000810
0.000770
0.000731
0.000695
0.000660
0.000627
0.000595
0.000565
0.000536
0.000509
0.000483
0.000458
0.000434
0.000412
0.000390
0.000370
0.000351
0.000332
0.000315
0.000298
0.000282
0.000267
0.000253
0.000239
0.000226
0.000214
0.000203
0.000192
0.000181
0.000171
0.000162
0.000153
0.000144
0.000136
0.000129
0.000121
0.000115
0.000108
0.000102
0.000096
0.000091
0.000086
0.000081
0.000076
0.000072
0.000068
0.000064
0.000060
0.000056
0.000053
0.000050
0.000047
0.000044
0.000042
0.000039
0.000037
0.000035
0.000033
0.000031
0.000029
0.000027
0.000025
0.000024
0.000022
0.000021
0.000020
0.000018
0.000017
0.000016
0.000015
0.000014
0.000013
0.000013
0.000012
0.000011
0.000010
0.000010
0.000009
0.000008
0.000008
0.000007
0.000007
0.000006
0.000006
0.000006
0.000005
0.000005
0.000005
0.000004
0.000004
0.000004
0.000004
0.000003
0.000003
0.000003
0.000003
0.000002
0.000002
0.000002
0.000002
0.000002
0.000002
0.000002
0.000002
0.000001
0.000001
0.000001
0.000001
0.000001
0.000001
0.000001
0.000001
0.000001
0.000001
0.000001
0.000001
0.000001
0.000001
0.000001
0.000000
0.000000
0.000000
0.000000
0.000000
0.000000
0.000000
0.000000
0.000000
0.000000
0.000000
0.000000
0.000000
0.000000
0.000000
0.000000
0.000000
0.000000
0.000000
0.000000
0.000000
0.000000
0.000000
0.000000
0.000000
0.000000
0.000000
0.000000
0.000000
0.000000
0.000000
0.000000
0.000000
0.000000
0.000000
0.000000
0.000000
0.000000
0.000000
0.000000
0.000000
0.000000
0.000000
0.000000
0.000000
0.000000
0.000000
0.000000
0.000000
0.000000
0.000000
0.000000
0.000000
0.000000
0.000000
0.000000
0.000000
0.000000
0.000000
0.000000
0.000000
0.000000
0.000000
0.000000
0.000000
0.000000
0.000000
0.000000
0.000000
0.000000
0.000000
0.000000
0.000000
0.000000
0.000000
0.000000
0.000000
0.000000
0.000000
0.000000
0.000000
0.000000
0.000000
0.000000
0.000000
0.000000
0.000000
0.000000
0.000000
0.000000
0.000000
0.000000
0.000000
0.000000
0.000000
0.000000
0.000000
0.000000
0.000000
0.000000
0.000000
0.000000
0.000000
0.000000
0.000000
0.000000
0.000000
0.000000
0.000000
0.000000
0.000000
0.000000
0.000000
0.000000
0.000000
0.000000
0.000000
0.000000
0.000000
0.000000
0.000000
0.000000
0.000000
0.000000
0.000000
0.000000
0.000000
0.000000
0.000000
0.000000
0.000000
0.000000
0.000000
0.000000
0.000000
0.000000
0.000000
0.000000
0.000000
0.000000
0.000000
0.000000
0.000000
0.000000
0.000000
0.000000
0.000000
0.000000
0.000000
0.000000
0.000000
0.000000
0.000000
0.000000
0.000000
0.000000
0.000000
0.000000
0.000000
0.000000
0.000000
0.000000
0.000000
0.000000
0.000000
0.000000
0.000000
0.000000
0.000000
0.000000
0.000000
0.000000
0.000000
0.000000
0.000000
0.000000
0.000000
0.000000
0.000000
0.000000
0.000000
0.000000
0.000000
0.000000
0.000000
0.000000
0.000000
0.000000
0.000000
0.000000
0.000000
0.000000
0.000000
0.000000
0.000000
0.000000
0.000000
0.000000
0.000000
0.000000
0.000000
0.000000
0.000000
0.000000
0.000000
0.000000
0.000000
0.000000
0.000000
0.000000
0.000000
0.000000
0.000000
0.000000
0.000000
0.000000
0.000000
0.000000
0.000000
0.000000
0.000000
0.000000
0.000000
0.000000
0.000000
0.000000
0.000000
0.000000
0.000000
0.000000
0.000000
0.000000
0.000000
0.000000
0.000000
0.000000
0.000000
0.000000
0.000000
0.000000
0.000000
0.000000
0.000000
0.000000
0.000000
0.000000
0.000000
0.000000
0.000000
0.000000
0.000000
0.000000
0.000000
