0.000285
0.000570
0.000856
0.001144
0.001433
0.001724
0.002017
0.002314
0.002613
0.002916
0.003224
0.003535
0.003853
0.004173
0.004504
0.004835
0.005178
0.005525
0.005880
0.006245
0.006613
0.006997
0.007383
0.007785
0.008194
0.008611
0.009047
0.009484
0.009942
0.010410
0.010886
0.011385
0.011887
0.012409
0.012951
0.013496
0.014068
0.014654
0.015248
0.015873
0.016509
0.017157
0.017838
0.018532
0.019236
0.019977
0.020736
0.021502
0.022303
0.023134
0.023970
0.024832
0.025736
0.026656
0.027586
0.028555
0.029564
0.030587
0.031622
0.032698
0.033820
0.034965
0.036119
0.037300
0.038531
0.039810
0.041114
0.042429
0.043763
0.045135
0.046560
0.048039
0.049564
0.051127
0.052720
0.054343
0.055995
0.057680
0.059401
0.061159
0.062955
0.064791
0.066667
0.068584
0.070542
0.072541
0.074582
0.076665
0.078791
0.080960
0.083172
0.085427
0.087726
0.090070
0.092457
0.094889
0.097366
0.099888
0.102454
0.105066
0.107723
0.110425
0.113173
0.115966
0.118805
0.121689
0.124619
0.127594
0.130614
0.133680
0.136790
0.139946
0.143145
0.146390
0.149678
0.153010
0.156385
0.159804
0.163265
0.166769
0.170314
0.173901
0.177528
0.181196
0.184904
0.188650
0.192435
0.196257
0.200116
0.204012
0.207943
0.211908
0.215907
0.219939
0.224003
0.228097
0.232222
0.236375
0.240556
0.244764
0.248998
0.253256
0.257537
0.261841
0.266165
0.270509
0.274871
0.279250
0.283645
0.288054
0.292476
0.296909
0.301353
0.305805
0.310264
0.314729
0.319198
0.323669
0.328142
0.332614
0.337085
0.341551
0.346012
0.350467
0.354913
0.359349
0.363773
0.368185
0.372581
0.376961
0.381322
0.385664
0.389985
0.394282
0.398556
0.402803
0.407022
0.411212
0.415371
0.419497
0.423590
0.427648
0.431668
0.435651
0.439594
0.443495
0.447355
0.451170
0.454940
0.458664
0.462339
0.465967
0.469544
0.473069
0.476543
0.479963
0.483328
0.486637
0.489891
0.493087
0.496225
0.499304
0.502323
0.505281
0.508179
0.511015
0.513788
0.516498
0.519145
0.521728
0.524247
0.526702
0.529091
0.531416
0.533676
0.535871
0.538000
0.540064
0.542063
0.543997
0.545866
0.547672
0.549411
0.551088
0.552701
0.554251
0.555738
0.557164
0.558527
0.559830
0.561073
0.562256
0.563381
0.564448
0.565457
0.566412
0.567311
0.568157
0.568950
0.569691
0.570381
0.571023
0.571616
0.572161
0.572662
0.573117
0.573529
0.573899
0.574228
0.574520
0.574772
0.574990
0.575172
0.575322
0.575438
0.575525
0.575583
0.575614
0.575618
0.575599
0.575555
0.575491
0.575406
0.575302
0.575182
0.575046
0.574896
0.574734
0.574560
0.574375
0.574183
0.573982
0.573776
0.573566
0.573353
0.573136
0.572919
0.572702
0.572488
0.572274
0.572065
0.571860
0.571660
0.571466
0.571281
0.571102
0.570933
0.570774
0.570624
0.570485
0.570357
0.570242
0.570139
0.570049
0.569973
0.569909
0.569860
0.569824
0.569803
0.569796
0.569802
0.569824
0.569860
0.569909
0.569973
0.570049
0.570139
0.570242
0.570357
0.570484
0.570623
0.570773
0.570933
0.571102
0.571280
0.571467
0.571660
0.571860
0.572065
0.572275
0.572488
0.572704
0.572921
0.573137
0.573353
0.573568
0.573778
0.573983
0.574183
0.574376
0.574559
0.574734
0.574896
0.575047
0.575182
0.575302
0.575405
0.575490
0.575554
0.575597
0.575618
0.575614
0.575583
0.575525
0.575438
0.575321
0.575173
0.574991
0.574773
0.574520
0.574229
0.573899
0.573528
0.573115
0.572661
0.572161
0.571616
0.571024
0.570383
0.569692
0.568952
0.568159
0.567313
0.566414
0.565460
0.564450
0.563383
0.562258
0.561075
0.559832
0.558529
0.557166
0.555741
0.554253
0.552703
0.551091
0.549415
0.547675
0.545871
0.544001
0.542067
0.540068
0.538004
0.535874
0.533680
0.531420
0.529096
0.526707
0.524252
0.521733
0.519150
0.516503
0.513792
0.511019
0.508184
0.505286
0.502328
0.499309
0.496230
0.493092
0.489896
0.486642
0.483332
0.479967
0.476547
0.473074
0.469548
0.465970
0.462344
0.458667
0.454943
0.451173
0.447357
0.443498
0.439596
0.435653
0.431671
0.427649
0.423592
0.419499
0.415372
0.411213
0.407024
0.402805
0.398557
0.394284
0.389987
0.385666
0.381325
0.376963
0.372583
0.368187
0.363776
0.359352
0.354915
0.350470
0.346015
0.341554
0.337088
0.332617
0.328145
0.323673
0.319202
0.314733
0.310268
0.305809
0.301357
0.296914
0.292480
0.288058
0.283649
0.279255
0.274876
0.270514
0.266170
0.261846
0.257543
0.253261
0.249003
0.244770
0.240562
0.236381
0.232227
0.228103
0.224008
0.219945
0.215913
0.211914
0.207949
0.204018
0.200122
0.196263
0.192441
0.188656
0.184910
0.181202
0.177534
0.173907
0.170320
0.166775
0.163271
0.159810
0.156391
0.153015
0.149683
0.146395
0.143151
0.139951
0.136796
0.133685
0.130620
0.127600
0.124624
0.121695
0.118810
0.115972
0.113178
0.110430
0.107728
0.105071
0.102459
0.099892
0.097371
0.094894
0.092462
0.090074
0.087731
0.085432
0.083176
0.080964
0.078795
0.076669
0.074586
0.072545
0.070546
0.068588
0.066671
0.064795
0.062959
0.061163
0.059407
0.057689
0.056010
0.054369
0.052766
0.051200
0.049670
0.048176
0.046719
0.045296
0.043907
0.042553
0.041233
0.039945
0.038690
0.037467
0.036275
0.035114
0.033984
0.032884
0.031812
0.030770
0.029756
0.028769
0.027810
0.026877
0.025970
0.025089
0.024233
0.023402
0.022594
0.021810
0.021049
0.020311
0.019594
0.018899
0.018225
0.017572
0.016939
0.016325
0.015730
0.015154
0.014596
0.014056
0.013533
0.013027
0.012538
0.012064
0.011606
0.011163
0.010735
0.010321
0.009921
0.009535
0.009162
0.008802
0.008454
0.008119
0.007795
0.007482
0.007181
0.006891
0.006610
0.006340
0.006080
0.005830
0.005588
0.005356
0.005132
0.004916
0.004709
0.004509
0.004317
0.004133
0.003955
0.003785
0.003621
0.003463
0.003312
0.003166
0.003027
0.002893
0.002764
0.002640
0.002522
0.002408
0.002299
0.002195
0.002095
0.001999
0.001907
0.001819
0.001734
0.001654
0.001576
0.001502
0.001431
0.001364
0.001299
0.001237
0.001178
0.001121
0.001067
0.001015
0.000966
0.000918
0.000873
0.000830
0.000789
0.000750
0.000713
0.000677
0.000643
0.000611
0.000580
0.000550
0.000522
0.000496
0.000470
0.000446
0.000423
0.000401
0.000380
0.000360
0.000341
0.000323
0.000306
0.000290
0.000275
0.000260
0.000246
0.000233
0.000220
0.000208
0.000197
0.000186
0.000176
0.000166
0.000157
0.000148
0.000140
0.000132
0.000125
0.000118
0.000111
0.000105
0.000099
0.000094
0.000088
0.000083
0.000078
0.000074
0.000070
0.000066
0.000062
0.000058
0.000055
0.000052
0.000048
0.000046
0.000043
0.000040
0.000038
0.000036
0.000034
0.000032
0.000030
0.000028
0.000026
0.000025
0.000023
0.000022
0.000020
0.000019
0.000018
0.000017
0.000016
0.000015
0.000014
0.000013
0.000012
0.000011
0.000011
0.000010
0.000009
0.000009
0.000008
0.000008
0.000007
0.000007
0.000006
0.000006
0.000005
0.000005
0.000005
0.000004
0.000004
0.000004
0.000004
0.000003
0.000003
0.000003
0.000003
0.000003
0.000002
0.000002
0.000002
0.000002
0.000002
0.000002
0.000002
0.000001
0.000001
0.000001
0.000001
0.000001
0.000001
0.000001
0.000001
0.000001
0.000001
0.000001
0.000001
0.000001
0.000001
0.000001
0.000000
0.000000
0.000000
0.000000
0.000000
0.000000
0.000000
0.000000
0.000000
0.000000
0.000000
0.000000
0.000000
0.000000
0.000000
0.000000
0.000000
0.000000
0.000000
0.000000
0.000000
0.000000
0.000000
0.000000
0.000000
0.000000
0.000000
0.000000
0.000000
0.000000
0.000000
0.000000
0.000000
0.000000
0.000000
0.000000
0.000000
0.000000
0.000000
0.000000
0.000000
0.000000
0.000000
0.000000
0.000000
0.000000
0.000000
0.000000
0.000000
0.000000
0.000000
0.000000
0.000000
0.000000
0.000000
0.000000
0.000000
0.000000
0.000000
0.000000
0.000000
0.000000
0.000000
0.000000
0.000000
0.000000
0.000000
0.000000
0.000000
0.000000
0.000000
0.000000
0.000000
0.000000
0.000000
0.000000
0.000000
0.000000
0.000000
0.000000
0.000000
0.000000
0.000000
0.000000
0.000000
0.000000
0.000000
0.000000
0.000000
0.000000
0.000000
0.000000
0.000000
0.000000
0.000000
0.000000
0.000000
0.000000
0.000000
0.000000
0.000000
0.000000
0.000000
0.000000
0.000000
0.000000
0.000000
0.000000
0.000000
0.000000
0.000000
0.000000
0.000000
0.000000
0.000000
0.000000
0.000000
0.000000
0.000000
0.000000
0.000000
0.000000
0.000000
0.000000
0.000000
0.000000
0.000000
0.000000
0.000000
0.000000
0.000000
0.000000
0.000000
0.000000
0.000000
0.000000
0.000000
0.000000
0.000000
0.000000
0.000000
0.000000
0.000000
0.000000
0.000000
0.000000
0.000000
0.000000
0.000000
0.000000
0.000000
0.000000
0.000000
0.000000
0.000000
0.000000
0.000000
0.000000
0.000000
0.000000
0.000000
0.000000
0.000000
0.000000
0.000000
0.000000
0.000000
0.000000
0.000000
0.000000
0.000000
0.000000
0.000000
0.000000
0.000000
0.000000
0.000000
0.000000
0.000000
0.000000
0.000000
0.000000
0.000000
0.000000
0.000000
0.000000
0.000000
0.000000
0.000000
0.000000
0.000000
0.000000
0.000000
0.000000
0.000000
0.000000
0.000000
0.000000
0.000000
0.000000
0.000000
0.000000
0.000000
0.000000
0.000000
0.000000
0.000000
0.000000
0.000000
0.000000
0.000000
0.000000
0.000000
0.000000
0.000000
0.000000
0.000000
0.000000
0.000000
0.000000
0.000000
0.000000
0.000000
0.000000
0.000000
0.000000
0.000000
0.000000
0.000000
0.000000
0.000000
0.000000
0.000000
0.000000
0.000000
0.000000
0.000000
0.000000
0.000000
0.000000
0.000000
0.000000
0.000000
0.000000
0.000000
0.000000
0.000000
0.000000
0.000000
0.000000
0.000000
0.000000
0.000000
