0.000011
0.000026
0.000027
0.000058
0.000054
0.000047
0.000102
0.000174
0.000219
0.000243
0.000260
0.000275
0.000291
0.000308
0.000326
0.000345
0.000365
0.000386
0.000408
0.000431
0.000456
0.000481
0.000508
0.000537
0.000567
0.000599
0.000632
0.000667
0.000704
0.000742
0.000783
0.000825
0.000870
0.000917
0.000967
0.001019
0.001073
0.001130
0.001190
0.001253
0.001319
0.001388
0.001460
0.001536
0.001616
0.001699
0.001786
0.001878
0.001974
0.002074
0.002178
0.002288
0.002403
0.002523
0.002648
0.002779
0.002916
0.003059
0.003209
0.003365
0.003528
0.003698
0.003876
0.004061
0.004254
0.004456
0.004666
0.004886
0.005114
0.005353
0.005601
0.005860
0.006129
0.006409
0.006701
0.007005
0.007321
0.007650
0.007993
0.008348
0.008718
0.009103
0.009503
0.009918
0.010349
0.010797
0.011262
0.011745
0.012246
0.012766
0.013305
0.013865
0.014445
0.015046
0.015669
0.016315
0.016985
0.017678
0.018395
0.019139
0.019908
0.020704
0.021528
0.022379
0.023261
0.024172
0.025113
0.026087
0.027092
0.028131
0.029204
0.030312
0.031455
0.032636
0.033853
0.035110
0.036406
0.037742
0.039119
0.040539
0.042002
0.043509
0.045062
0.046660
0.048306
0.050000
0.051743
0.053536
0.055381
0.057277
0.059227
0.061231
0.063291
0.065407
0.067580
0.069811
0.072102
0.074454
0.076867
0.079343
0.081882
0.084485
0.087155
0.089890
0.092694
0.095566
0.098507
0.101519
0.104602
0.107758
0.110987
0.114290
0.117668
0.121122
0.124653
0.128261
0.131948
0.135714
0.139560
0.143486
0.147494
0.151584
0.155756
0.160012
0.164351
0.168775
0.173284
0.177878
0.182558
0.187323
0.192176
0.197115
0.202141
0.207254
0.212454
0.217742
0.223118
0.228581
0.234132
0.239770
0.245495
0.251307
0.257206
0.263192
0.269264
0.275421
0.281664
0.287991
0.294402
0.300897
0.307474
0.314133
0.320872
0.327692
0.334590
0.341566
0.348619
0.355746
0.362948
0.370223
0.377569
0.384984
0.392468
0.400018
0.407633
0.415311
0.423050
0.430848
0.438703
0.446613
0.454575
0.462589
0.470651
0.478759
0.486910
0.495102
0.503333
0.511599
0.519899
0.528229
0.536586
0.544968
0.553371
0.561793
0.570231
0.578681
0.587141
0.595607
0.604075
0.612542
0.621006
0.629463
0.637908
0.646339
0.654752
0.663144
0.671511
0.679850
0.688155
0.696425
0.704655
0.712841
0.720980
0.729068
0.737102
0.745076
0.752988
0.760834
0.768610
0.776312
0.783936
0.791479
0.798937
0.806306
0.813582
0.820762
0.827842
0.834817
0.841686
0.848443
0.855086
0.861611
0.868014
0.874292
0.880442
0.886459
0.892342
0.898086
0.903689
0.909148
0.914458
0.919618
0.924625
0.929476
0.934167
0.938697
0.943062
0.947261
0.951291
0.955149
0.958833
0.962342
0.965672
0.968824
0.971793
0.974579
0.977180
0.979595
0.981822
0.983859
0.985707
0.987363
0.988826
0.990096
0.991172
0.992053
0.992738
0.993229
0.993523
0.993620
0.993522
0.993228
0.992738
0.992053
0.991172
0.990096
0.988826
0.987363
0.985708
0.983861
0.981823
0.979597
0.977182
0.974581
0.971795
0.968826
0.965675
0.962344
0.958836
0.955151
0.951293
0.947264
0.943065
0.938700
0.934170
0.929479
0.924628
0.919622
0.914462
0.909151
0.903693
0.898090
0.892346
0.886463
0.880446
0.874296
0.868018
0.861615
0.855090
0.848447
0.841690
0.834822
0.827846
0.820767
0.813587
0.806311
0.798942
0.791484
0.783942
0.776317
0.768615
0.760840
0.752994
0.745082
0.737107
0.729074
0.720986
0.712847
0.704661
0.696431
0.688162
0.679856
0.671518
0.663151
0.654760
0.646346
0.637915
0.629470
0.621013
0.612550
0.604082
0.595614
0.587149
0.578690
0.570240
0.561802
0.553380
0.544976
0.536594
0.528237
0.519908
0.511608
0.503342
0.495111
0.486919
0.478768
0.470660
0.462599
0.454585
0.446622
0.438712
0.430857
0.423059
0.415320
0.407643
0.400028
0.392478
0.384994
0.377579
0.370233
0.362958
0.355756
0.348628
0.341576
0.334600
0.327702
0.320882
0.314143
0.307484
0.300907
0.294412
0.288001
0.281674
0.275431
0.269274
0.263202
0.257216
0.251317
0.245505
0.239779
0.234141
0.228590
0.223127
0.217752
0.212463
0.207263
0.202150
0.197124
0.192185
0.187332
0.182566
0.177887
0.173293
0.168784
0.164360
0.160020
0.155765
0.151592
0.147502
0.143494
0.139568
0.135722
0.131956
0.128269
0.124660
0.121129
0.117675
0.114297
0.110994
0.107765
0.104609
0.101525
0.098513
0.095572
0.092700
0.089896
0.087160
0.084491
0.081887
0.079348
0.076873
0.074459
0.072108
0.069817
0.067585
0.065412
0.063296
0.061236
0.059232
0.057282
0.055385
0.053541
0.051747
0.050004
0.048310
0.046664
0.045066
0.043513
0.042006
0.040543
0.039123
0.037745
0.036409
0.035113
0.033857
0.032639
0.031458
0.030315
0.029207
0.028134
0.027095
0.026089
0.025116
0.024174
0.023263
0.022382
0.021530
0.020706
0.019910
0.019141
0.018398
0.017680
0.016986
0.016317
0.015671
0.015048
0.014446
0.013866
0.013307
0.012767
0.012247
0.011746
0.011263
0.010798
0.010350
0.009919
0.009504
0.009104
0.008720
0.008350
0.007994
0.007651
0.007322
0.007006
0.006702
0.006410
0.006130
0.005860
0.005602
0.005353
0.005115
0.004886
0.004667
0.004457
0.004255
0.004062
0.003876
0.003699
0.003528
0.003365
0.003209
0.003060
0.002916
0.002779
0.002648
0.002523
0.002403
0.002288
0.002179
0.002074
0.001974
0.001878
0.001787
0.001700
0.001616
0.001537
0.001461
0.001388
0.001319
0.001253
0.001190
0.001130
0.001073
0.001019
0.000967
0.000918
0.000870
0.000826
0.000783
0.000742
0.000704
0.000667
0.000632
0.000599
0.000567
0.000537
0.000509
0.000481
0.000456
0.000431
0.000408
0.000386
0.000365
0.000345
0.000326
0.000308
0.000291
0.000275
0.000260
0.000246
0.000232
0.000219
0.000207
0.000195
0.000184
0.000173
0.000164
0.000154
0.000145
0.000137
0.000129
0.000122
0.000115
0.000108
0.000102
0.000096
0.000090
0.000085
0.000080
0.000075
0.000071
0.000066
0.000062
0.000059
0.000055
0.000052
0.000049
0.000046
0.000043
0.000040
0.000038
0.000035
0.000033
0.000031
0.000029
0.000027
0.000026
0.000024
0.000023
0.000021
0.000020
0.000019
0.000017
0.000016
0.000015
0.000014
0.000013
0.000012
0.000012
0.000011
0.000010
0.000010
0.000009
0.000008
0.000008
0.000007
0.000007
0.000006
0.000006
0.000006
0.000005
0.000005
0.000004
0.000004
0.000004
0.000004
0.000003
0.000003
0.000003
0.000003
0.000003
0.000002
0.000002
0.000002
0.000002
0.000002
0.000002
0.000002
0.000001
0.000001
0.000001
0.000001
0.000001
0.000001
0.000001
0.000001
0.000001
0.000001
0.000001
0.000001
0.000001
0.000001
0.000001
0.000000
0.000000
0.000000
0.000000
0.000000
0.000000
0.000000
0.000000
0.000000
0.000000
0.000000
0.000000
0.000000
0.000000
0.000000
0.000000
0.000000
0.000000
0.000000
0.000000
0.000000
0.000000
0.000000
0.000000
0.000000
0.000000
0.000000
0.000000
0.000000
0.000000
0.000000
0.000000
0.000000
0.000000
0.000000
0.000000
0.000000
0.000000
0.000000
0.000000
0.000000
0.000000
0.000000
0.000000
0.000000
0.000000
0.000000
0.000000
0.000000
0.000000
0.000000
0.000000
0.000000
0.000000
0.000000
0.000000
0.000000
0.000000
0.000000
0.000000
0.000000
0.000000
0.000000
0.000000
0.000000
0.000000
0.000000
0.000000
0.000000
0.000000
0.000000
0.000000
0.000000
0.000000
0.000000
0.000000
0.000000
0.000000
0.000000
0.000000
0.000000
0.000000
0.000000
0.000000
0.000000
0.000000
0.000000
0.000000
0.000000
0.000000
0.000000
0.000000
0.000000
0.000000
0.000000
0.000000
0.000000
0.000000
0.000000
0.000000
0.000000
0.000000
0.000000
0.000000
0.000000
0.000000
0.000000
0.000000
0.000000
0.000000
0.000000
0.000000
0.000000
0.000000
0.000000
0.000000
0.000000
0.000000
0.000000
0.000000
0.000000
0.000000
0.000000
0.000000
0.000000
0.000000
0.000000
0.000000
0.000000
0.000000
0.000000
0.000000
0.000000
0.000000
0.000000
0.000000
0.000000
0.000000
0.000000
0.000000
0.000000
0.000000
0.000000
0.000000
0.000000
0.000000
0.000000
0.000000
0.000000
0.000000
0.000000
0.000000
0.000000
0.000000
0.000000
0.000000
0.000000
0.000000
0.000000
0.000000
0.000000
0.000000
0.000000
0.000000
0.000000
0.000000
0.000000
0.000000
0.000000
0.000000
0.000000
0.000000
0.000000
0.000000
0.000000
0.000000
0.000000
0.000000
0.000000
0.000000
0.000000
0.000000
0.000000
0.000000
0.000000
0.000000
0.000000
0.000000
0.000000
0.000000
0.000000
0.000000
0.000000
0.000000
0.000000
0.000000
0.000000
0.000000
0.000000
0.000000
0.000000
0.000000
0.000000
0.000000
0.000000
0.000000
0.000000
0.000000
0.000000
0.000000
0.000000
0.000000
0.000000
0.000000
0.000000
0.000000
0.000000
0.000000
0.000000
0.000000
0.000000
0.000000
0.000000
0.000000
0.000000
0.000000
0.000000
0.000000
0.000000
0.000000
0.000000
0.000000
0.000000
0.000000
0.000000
0.000000
0.000000
0.000000
0.000000
0.000000
0.000000
0.000000
0.000000
0.000000
0.000000
0.000000
0.000000
0.000000
0.000000
0.000000
0.000000
0.000000
0.000000
0.000000
0.000000
0.000000
0.000000
0.000000
0.000000
0.000000
0.000000
0.000000
0.000000
0.000000
0.000000
0.000000
0.000000
0.000000
0.000000
0.000000
0.000000
0.000000
0.000000
0.000000
0.000000
0.000000
0.000000
0.000000
0.000000
0.000000
0.000000
0.000000
0.000000
0.000000
0.000000
0.000000
0.000000
0.000000
0.000000
0.000000
0.000000
0.000000
0.000000
0.000000
0.000000
0.000000
0.000000
0.000000
0.000000
0.000000
0.000000
0.000000
0.000000
0.000000
0.000000
0.000000
0.000000
0.000000
0.000000
0.000000
0.000000
0.000000
0.000000
0.000000
0.000000
0.000000
