0.000291
0.000582
0.000874
0.001167
0.001462
0.001759
0.002059
0.002360
0.002667
0.002975
0.003290
0.003606
0.003931
0.004258
0.004593
0.004934
0.005280
0.005637
0.005996
0.006369
0.006744
0.007134
0.007530
0.007935
0.008356
0.008779
0.009222
0.009670
0.010131
0.010611
0.011094
0.011600
0.012116
0.012642
0.013194
0.013752
0.014327
0.014928
0.015532
0.016161
0.016814
0.017472
0.018157
0.018869
0.019585
0.020329
0.021105
0.021887
0.022692
0.023536
0.024393
0.025263
0.026173
0.027115
0.028063
0.029036
0.030056
0.031102
0.032156
0.033238
0.034369
0.035536
0.036714
0.037909
0.039145
0.040435
0.041762
0.043105
0.044461
0.045846
0.047278
0.048765
0.050305
0.051886
0.053501
0.055146
0.056821
0.058527
0.060268
0.062046
0.063863
0.065718
0.067615
0.069551
0.071530
0.073549
0.075611
0.077715
0.079862
0.082052
0.084285
0.086562
0.088883
0.091247
0.093657
0.096110
0.098609
0.101152
0.103741
0.106374
0.109053
0.111778
0.114547
0.117363
0.120223
0.123129
0.126080
0.129077
0.132119
0.135206
0.138338
0.141514
0.144735
0.147999
0.151308
0.154661
0.158056
0.161495
0.164975
0.168498
0.172062
0.175668
0.179313
0.182999
0.186724
0.190487
0.194288
0.198127
0.202002
0.205912
0.209858
0.213838
0.217850
0.221895
0.225971
0.230077
0.234213
0.238376
0.242567
0.246784
0.251026
0.255292
0.259580
0.263889
0.268218
0.272567
0.276932
0.281314
0.285711
0.290121
0.294543
0.298976
0.303417
0.307867
0.312322
0.316782
0.321245
0.325710
0.330175
0.334639
0.339099
0.343555
0.348004
0.352445
0.356877
0.361298
0.365706
0.370099
0.374477
0.378837
0.383178
0.387498
0.391795
0.396068
0.400316
0.404536
0.408728
0.412889
0.417018
0.421113
0.425173
0.429197
0.433183
0.437130
0.441036
0.444899
0.448719
0.452495
0.456223
0.459904
0.463536
0.467119
0.470650
0.474129
0.477555
0.480925
0.484241
0.487500
0.490701
0.493845
0.496929
0.499953
0.502917
0.505819
0.508659
0.511437
0.514152
0.516803
0.519389
0.521912
0.524369
0.526761
0.529087
0.531349
0.533544
0.535674
0.537739
0.539737
0.541670
0.543537
0.545340
0.547077
0.548749
0.550358
0.551903
0.553384
0.554802
0.556159
0.557453
0.558687
0.559861
0.560975
0.562031
0.563029
0.563969
0.564855
0.565686
0.566463
0.567187
0.567861
0.568483
0.569057
0.569583
0.570062
0.570496
0.570885
0.571232
0.571538
0.571803
0.572031
0.572220
0.572376
0.572497
0.572586
0.572642
0.572670
0.572670
0.572643
0.572591
0.572515
0.572418
0.572300
0.572162
0.572007
0.571836
0.571651
0.571453
0.571243
0.571023
0.570794
0.570557
0.570315
0.570068
0.569818
0.569566
0.569313
0.569060
0.568809
0.568561
0.568316
0.568077
0.567844
0.567616
0.567397
0.567187
0.566986
0.566796
0.566617
0.566448
0.566293
0.566150
0.566021
0.565907
0.565806
0.565721
0.565651
0.565595
0.565556
0.565532
0.565524
0.565532
0.565556
0.565595
0.565651
0.565721
0.565806
0.565907
0.566022
0.566150
0.566292
0.566447
0.566615
0.566796
0.566986
0.567187
0.567397
0.567616
0.567843
0.568077
0.568317
0.568562
0.568811
0.569062
0.569314
0.569567
0.569819
0.570069
0.570316
0.570558
0.570794
0.571023
0.571243
0.571452
0.571651
0.571835
0.572007
0.572161
0.572299
0.572416
0.572515
0.572590
0.572642
0.572670
0.572670
0.572642
0.572585
0.572497
0.572377
0.572222
0.572031
0.571803
0.571538
0.571232
0.570884
0.570495
0.570062
0.569583
0.569058
0.568485
0.567862
0.567189
0.566465
0.565688
0.564857
0.563972
0.563031
0.562033
0.560977
0.559863
0.558689
0.557456
0.556161
0.554805
0.553387
0.551905
0.550361
0.548753
0.547080
0.545344
0.543541
0.541674
0.539741
0.537742
0.535678
0.533548
0.531353
0.529092
0.526766
0.524374
0.521916
0.519394
0.516807
0.514156
0.511442
0.508664
0.505824
0.502922
0.499959
0.496934
0.493850
0.490707
0.487504
0.484245
0.480930
0.477558
0.474133
0.470654
0.467122
0.463540
0.459908
0.456226
0.452497
0.448722
0.444902
0.441039
0.437133
0.433186
0.429199
0.425175
0.421115
0.417019
0.412890
0.408730
0.404538
0.400318
0.396070
0.391797
0.387500
0.383180
0.378840
0.374480
0.370102
0.365709
0.361301
0.356880
0.352448
0.348007
0.343557
0.339102
0.334641
0.330178
0.325713
0.321249
0.316786
0.312326
0.307871
0.303422
0.298980
0.294547
0.290125
0.285715
0.281319
0.276937
0.272572
0.268224
0.263894
0.259585
0.255297
0.251032
0.246790
0.242573
0.238382
0.234218
0.230082
0.225976
0.221900
0.217855
0.213843
0.209864
0.205918
0.202008
0.198133
0.194294
0.190493
0.186730
0.183005
0.179319
0.175674
0.172068
0.168504
0.164981
0.161500
0.158062
0.154666
0.151314
0.148005
0.144740
0.141519
0.138343
0.135211
0.132124
0.129083
0.126086
0.123135
0.120228
0.117368
0.114553
0.111783
0.109058
0.106379
0.103746
0.101157
0.098614
0.096115
0.093661
0.091252
0.088887
0.086566
0.084289
0.082056
0.079866
0.077719
0.075615
0.073553
0.071534
0.069555
0.067618
0.065722
0.063867
0.062051
0.060275
0.058539
0.056841
0.055181
0.053559
0.051975
0.050427
0.048916
0.047440
0.046000
0.044595
0.043224
0.041887
0.040583
0.039311
0.038073
0.036865
0.035689
0.034544
0.033429
0.032343
0.031286
0.030258
0.029258
0.028285
0.027339
0.026419
0.025525
0.024657
0.023813
0.022994
0.022198
0.021426
0.020677
0.019949
0.019244
0.018559
0.017896
0.017252
0.016629
0.016025
0.015439
0.014872
0.014324
0.013792
0.013278
0.012780
0.012298
0.011833
0.011382
0.010947
0.010526
0.010119
0.009726
0.009347
0.008980
0.008626
0.008285
0.007955
0.007637
0.007330
0.007034
0.006749
0.006474
0.006209
0.005954
0.005708
0.005471
0.005242
0.005023
0.004811
0.004608
0.004412
0.004224
0.004043
0.003869
0.003702
0.003541
0.003386
0.003238
0.003096
0.002959
0.002827
0.002701
0.002581
0.002465
0.002353
0.002247
0.002144
0.002046
0.001952
0.001862
0.001776
0.001694
0.001614
0.001539
0.001466
0.001397
0.001331
0.001267
0.001207
0.001149
0.001094
0.001041
0.000990
0.000942
0.000896
0.000852
0.000810
0.000770
0.000731
0.000695
0.000660
0.000627
0.000595
0.000565
0.000536
0.000509
0.000483
0.000458
0.000434
0.000412
0.000390
0.000370
0.000351
0.000332
0.000315
0.000298
0.000282
0.000267
0.000253
0.000239
0.000226
0.000214
0.000203
0.000192
0.000181
0.000171
0.000162
0.000153
0.000144
0.000136
0.000129
0.000121
0.000115
0.000108
0.000102
0.000096
0.000091
0.000086
0.000081
0.000076
0.000072
0.000068
0.000064
0.000060
0.000056
0.000053
0.000050
0.000047
0.000044
0.000042
0.000039
0.000037
0.000035
0.000033
0.000031
0.000029
0.000027
0.000025
0.000024
0.000022
0.000021
0.000020
0.000018
0.000017
0.000016
0.000015
0.000014
0.000013
0.000013
0.000012
0.000011
0.000010
0.000010
0.000009
0.000008
0.000008
0.000007
0.000007
0.000006
0.000006
0.000006
0.000005
0.000005
0.000005
0.000004
0.000004
0.000004
0.000004
0.000003
0.000003
0.000003
0.000003
0.000002
0.000002
0.000002
0.000002
0.000002
0.000002
0.000002
0.000002
0.000001
0.000001
0.000001
0.000001
0.000001
0.000001
0.000001
0.000001
0.000001
0.000001
0.000001
0.000001
0.000001
0.000001
0.000001
0.000000
0.000000
0.000000
0.000000
0.000000
0.000000
0.000000
0.000000
0.000000
0.000000
0.000000
0.000000
0.000000
0.000000
0.000000
0.000000
0.000000
0.000000
0.000000
0.000000
0.000000
0.000000
0.000000
0.000000
0.000000
0.000000
0.000000
0.000000
0.000000
0.000000
0.000000
0.000000
0.000000
0.000000
0.000000
0.000000
0.000000
0.000000
0.000000
0.000000
0.000000
0.000000
0.000000
0.000000
0.000000
0.000000
0.000000
0.000000
0.000000
0.000000
0.000000
0.000000
0.000000
0.000000
0.000000
0.000000
0.000000
0.000000
0.000000
0.000000
0.000000
0.000000
0.000000
0.000000
0.000000
0.000000
0.000000
0.000000
0.000000
0.000000
0.000000
0.000000
0.000000
0.000000
0.000000
0.000000
0.000000
0.000000
0.000000
0.000000
0.000000
0.000000
0.000000
0.000000
0.000000
0.000000
0.000000
0.000000
0.000000
0.000000
0.000000
0.000000
0.000000
0.000000
0.000000
0.000000
0.000000
0.000000
0.000000
0.000000
0.000000
0.000000
0.000000
0.000000
0.000000
0.000000
0.000000
0.000000
0.000000
0.000000
0.000000
0.000000
0.000000
0.000000
0.000000
0.000000
0.000000
0.000000
0.000000
0.000000
0.000000
0.000000
0.000000
0.000000
0.000000
0.000000
0.000000
0.000000
0.000000
0.000000
0.000000
0.000000
0.000000
0.000000
0.000000
0.000000
0.000000
0.000000
0.000000
0.000000
0.000000
0.000000
0.000000
0.000000
0.000000
0.000000
0.000000
0.000000
0.000000
0.000000
0.000000
0.000000
0.000000
0.000000
0.000000
0.000000
0.000000
0.000000
0.000000
0.000000
0.000000
0.000000
0.000000
0.000000
0.000000
0.000000
0.000000
0.000000
0.000000
0.000000
0.000000
0.000000
0.000000
0.000000
0.000000
0.000000
0.000000
0.000000
0.000000
0.000000
0.000000
0.000000
0.000000
0.000000
0.000000
0.000000
0.000000
0.000000
0.000000
0.000000
0.000000
0.000000
0.000000
0.000000
0.000000
0.000000
0.000000
0.000000
0.000000
0.000000
0.000000
0.000000
0.000000
0.000000
0.000000
0.000000
0.000000
0.000000
0.000000
0.000000
0.000000
0.000000
0.000000
0.000000
0.000000
0.000000
0.000000
0.000000
0.000000
0.000000
0.000000
0.000000
0.000000
0.000000
0.000000
0.000000
0.000000
0.000000
0.000000
0.000000
0.000000
0.000000
0.000000
0.000000
0.000000
0.000000
0.000000
0.000000
0.000000
0.000000
0.000000
0.000000
0.000000
0.000000
0.000000
0.000000
0.000000
0.000000
0.000000
0.000000
0.000000
0.000000
