0.000297
0.000594
0.000892
0.001191
0.001492
0.001794
0.002101
0.002408
0.002721
0.003035
0.003356
0.003680
0.004009
0.004345
0.004684
0.005034
0.005385
0.005749
0.006115
0.006494
0.006879
0.007273
0.007680
0.008090
0.008519
0.008951
0.009398
0.009860
0.010325
0.010814
0.011308
0.011817
0.012348
0.012881
0.013439
0.014012
0.014592
0.015202
0.015823
0.016455
0.017120
0.017794
0.018483
0.019207
0.019941
0.020690
0.021476
0.022278
0.023091
0.023942
0.024819
0.025704
0.026618
0.027574
0.028545
0.029529
0.030554
0.031619
0.032697
0.033790
0.034926
0.036109
0.037314
0.038529
0.039773
0.041070
0.042414
0.043784
0.045166
0.046568
0.048010
0.049505
0.051055
0.052653
0.054289
0.055957
0.057654
0.059383
0.061145
0.062943
0.064780
0.066656
0.068572
0.070529
0.072528
0.074568
0.076651
0.078776
0.080944
0.083155
0.085409
0.087708
0.090050
0.092436
0.094867
0.097343
0.099863
0.102428
0.105039
0.107694
0.110395
0.113141
0.115933
0.118770
0.121652
0.124580
0.127553
0.130572
0.133635
0.136743
0.139896
0.143093
0.146335
0.149620
0.152949
0.156322
0.159738
0.163196
0.166696
0.170238
0.173821
0.177444
0.181108
0.184811
0.188553
0.192334
0.196151
0.200006
0.203896
0.207822
0.211782
0.215775
0.219801
0.223858
0.227946
0.232064
0.236210
0.240384
0.244584
0.248810
0.253060
0.257333
0.261627
0.265942
0.270277
0.274629
0.278998
0.283382
0.287780
0.292191
0.296613
0.301044
0.305484
0.309930
0.314381
0.318836
0.323293
0.327751
0.332208
0.336662
0.341112
0.345556
0.349993
0.354421
0.358838
0.363243
0.367635
0.372010
0.376369
0.380709
0.385028
0.389326
0.393599
0.397848
0.402070
0.406263
0.410426
0.414558
0.418656
0.422720
0.426747
0.430737
0.434688
0.438599
0.442467
0.446293
0.450073
0.453807
0.457494
0.461132
0.464720
0.468258
0.471743
0.475175
0.478553
0.481874
0.485140
0.488348
0.491497
0.494588
0.497618
0.500588
0.503496
0.506342
0.509125
0.511844
0.514500
0.517091
0.519618
0.522079
0.524474
0.526804
0.529068
0.531265
0.533397
0.535462
0.537461
0.539394
0.541261
0.543061
0.544797
0.546466
0.548072
0.549612
0.551089
0.552502
0.553852
0.555139
0.556365
0.557530
0.558634
0.559680
0.560667
0.561595
0.562468
0.563284
0.564047
0.564755
0.565412
0.566017
0.566573
0.567080
0.567539
0.567951
0.568319
0.568643
0.568925
0.569166
0.569368
0.569532
0.569660
0.569753
0.569813
0.569842
0.569839
0.569808
0.569749
0.569666
0.569558
0.569427
0.569275
0.569103
0.568913
0.568707
0.568486
0.568252
0.568006
0.567750
0.567484
0.567210
0.566930
0.566646
0.566358
0.566069
0.565779
0.565489
0.565201
0.564916
0.564635
0.564360
0.564090
0.563828
0.563574
0.563329
0.563095
0.562872
0.562661
0.562462
0.562276
0.562104
0.561946
0.561804
0.561678
0.561567
0.561473
0.561396
0.561335
0.561291
0.561265
0.561257
0.561266
0.561292
0.561335
0.561396
0.561473
0.561567
0.561678
0.561805
0.561947
0.562103
0.562275
0.562461
0.562661
0.562872
0.563096
0.563330
0.563574
0.563828
0.564090
0.564360
0.564636
0.564918
0.565202
0.565491
0.565780
0.566071
0.566360
0.566647
0.566931
0.567211
0.567484
0.567749
0.568006
0.568252
0.568485
0.568707
0.568912
0.569102
0.569273
0.569426
0.569557
0.569665
0.569749
0.569807
0.569839
0.569841
0.569813
0.569754
0.569661
0.569533
0.569368
0.569166
0.568925
0.568642
0.568318
0.567951
0.567538
0.567080
0.566574
0.566019
0.565414
0.564758
0.564049
0.563287
0.562470
0.561598
0.560668
0.559682
0.558636
0.557532
0.556367
0.555142
0.553854
0.552504
0.551091
0.549615
0.548075
0.546470
0.544800
0.543065
0.541264
0.539397
0.537464
0.535465
0.533400
0.531269
0.529072
0.526808
0.524479
0.522083
0.519622
0.517095
0.514504
0.511849
0.509130
0.506347
0.503501
0.500593
0.497623
0.494593
0.491503
0.488353
0.485144
0.481879
0.478557
0.475179
0.471747
0.468262
0.464724
0.461136
0.457497
0.453809
0.450075
0.446295
0.442470
0.438602
0.434691
0.430739
0.426749
0.422721
0.418657
0.414559
0.410428
0.406265
0.402072
0.397850
0.393601
0.389327
0.385030
0.380711
0.376372
0.372013
0.367637
0.363246
0.358841
0.354423
0.349996
0.345559
0.341115
0.336665
0.332210
0.327754
0.323296
0.318840
0.314385
0.309934
0.305488
0.301048
0.296617
0.292195
0.287784
0.283387
0.279003
0.274634
0.270282
0.265948
0.261633
0.257338
0.253065
0.248816
0.244590
0.240390
0.236216
0.232069
0.227952
0.223864
0.219806
0.215780
0.211787
0.207827
0.203902
0.200012
0.196157
0.192340
0.188559
0.184817
0.181114
0.177450
0.173827
0.170243
0.166702
0.163201
0.159743
0.156328
0.152955
0.149626
0.146340
0.143099
0.139901
0.136749
0.133640
0.130577
0.127559
0.124586
0.121658
0.118775
0.115938
0.113147
0.110400
0.107699
0.105044
0.102433
0.099868
0.097347
0.094872
0.092441
0.090054
0.087712
0.085414
0.083159
0.080948
0.078780
0.076655
0.074572
0.072532
0.070533
0.068576
0.066660
0.064785
0.062949
0.061154
0.059398
0.057681
0.056002
0.054362
0.052759
0.051193
0.049664
0.048171
0.046713
0.045290
0.043902
0.042549
0.041228
0.039941
0.038686
0.037463
0.036272
0.035111
0.033981
0.032881
0.031810
0.030767
0.029753
0.028767
0.027807
0.026875
0.025968
0.025087
0.024231
0.023400
0.022593
0.021809
0.021048
0.020309
0.019593
0.018898
0.018224
0.017571
0.016938
0.016324
0.015729
0.015153
0.014595
0.014055
0.013533
0.013027
0.012537
0.012063
0.011605
0.011163
0.010735
0.010321
0.009921
0.009535
0.009162
0.008802
0.008454
0.008118
0.007795
0.007482
0.007181
0.006890
0.006610
0.006340
0.006080
0.005829
0.005588
0.005355
0.005132
0.004916
0.004709
0.004509
0.004317
0.004133
0.003955
0.003784
0.003620
0.003463
0.003312
0.003166
0.003027
0.002892
0.002764
0.002640
0.002522
0.002408
0.002299
0.002195
0.002095
0.001999
0.001907
0.001819
0.001734
0.001654
0.001576
0.001502
0.001431
0.001364
0.001299
0.001237
0.001178
0.001121
0.001067
0.001015
0.000966
0.000918
0.000873
0.000830
0.000789
0.000750
0.000713
0.000677
0.000643
0.000611
0.000580
0.000550
0.000522
0.000496
0.000470
0.000446
0.000423
0.000401
0.000380
0.000360
0.000341
0.000323
0.000306
0.000290
0.000275
0.000260
0.000246
0.000233
0.000220
0.000208
0.000197
0.000186
0.000176
0.000166
0.000157
0.000148
0.000140
0.000132
0.000125
0.000118
0.000111
0.000105
0.000099
0.000094
0.000088
0.000083
0.000078
0.000074
0.000070
0.000066
0.000062
0.000058
0.000055
0.000052
0.000048
0.000046
0.000043
0.000040
0.000038
0.000036
0.000034
0.000032
0.000030
0.000028
0.000026
0.000025
0.000023
0.000022
0.000020
0.000019
0.000018
0.000017
0.000016
0.000015
0.000014
0.000013
0.000012
0.000011
0.000011
0.000010
0.000009
0.000009
0.000008
0.000008
0.000007
0.000007
0.000006
0.000006
0.000005
0.000005
0.000005
0.000004
0.000004
0.000004
0.000004
0.000003
0.000003
0.000003
0.000003
0.000003
0.000002
0.000002
0.000002
0.000002
0.000002
0.000002
0.000002
0.000001
0.000001
0.000001
0.000001
0.000001
0.000001
0.000001
0.000001
0.000001
0.000001
0.000001
0.000001
0.000001
0.000001
0.000001
0.000000
0.000000
0.000000
0.000000
0.000000
0.000000
0.000000
0.000000
0.000000
0.000000
0.000000
0.000000
0.000000
0.000000
0.000000
0.000000
0.000000
0.000000
0.000000
0.000000
0.000000
0.000000
0.000000
0.000000
0.000000
0.000000
0.000000
0.000000
0.000000
0.000000
0.000000
0.000000
0.000000
0.000000
0.000000
0.000000
0.000000
0.000000
0.000000
0.000000
0.000000
0.000000
0.000000
0.000000
0.000000
0.000000
0.000000
0.000000
0.000000
0.000000
0.000000
0.000000
0.000000
0.000000
0.000000
0.000000
0.000000
0.000000
0.000000
0.000000
0.000000
0.000000
0.000000
0.000000
0.000000
0.000000
0.000000
0.000000
0.000000
0.000000
0.000000
0.000000
0.000000
0.000000
0.000000
0.000000
0.000000
0.000000
0.000000
0.000000
0.000000
0.000000
0.000000
0.000000
0.000000
0.000000
0.000000
0.000000
0.000000
0.000000
0.000000
0.000000
0.000000
0.000000
0.000000
0.000000
0.000000
0.000000
0.000000
0.000000
0.000000
0.000000
0.000000
0.000000
0.000000
0.000000
0.000000
0.000000
0.000000
0.000000
0.000000
0.000000
0.000000
0.000000
0.000000
0.000000
0.000000
0.000000
0.000000
0.000000
0.000000
0.000000
0.000000
0.000000
0.000000
0.000000
0.000000
0.000000
0.000000
0.000000
0.000000
0.000000
0.000000
0.000000
0.000000
0.000000
0.000000
0.000000
0.000000
0.000000
0.000000
0.000000
0.000000
0.000000
0.000000
0.000000
0.000000
0.000000
0.000000
0.000000
0.000000
0.000000
0.000000
0.000000
0.000000
0.000000
0.000000
0.000000
0.000000
0.000000
0.000000
0.000000
0.000000
0.000000
0.000000
0.000000
0.000000
0.000000
0.000000
0.000000
0.000000
0.000000
0.000000
0.000000
0.000000
0.000000
0.000000
0.000000
0.000000
0.000000
0.000000
0.000000
0.000000
0.000000
0.000000
0.000000
0.000000
0.000000
0.000000
0.000000
0.000000
0.000000
0.000000
0.000000
0.000000
0.000000
0.000000
0.000000
0.000000
0.000000
0.000000
0.000000
0.000000
0.000000
0.000000
0.000000
0.000000
0.000000
0.000000
0.000000
0.000000
0.000000
0.000000
0.000000
0.000000
0.000000
0.000000
0.000000
0.000000
0.000000
0.000000
0.000000
0.000000
0.000000
0.000000
0.000000
0.000000
0.000000
0.000000
0.000000
0.000000
0.000000
0.000000
0.000000
0.000000
0.000000
0.000000
0.000000
0.000000
0.000000
0.000000
0.000000
0.000000
0.000000
0.000000
0.000000
0.000000
0.000000
0.000000
0.000000
0.000000
0.000000
