0.000303
0.000606
0.000910
0.001215
0.001522
0.001831
0.002143
0.002457
0.002775
0.003097
0.003423
0.003755
0.004089
0.004433
0.004778
0.005134
0.005493
0.005862
0.006238
0.006621
0.007016
0.007415
0.007830
0.008249
0.008682
0.009127
0.009578
0.010050
0.010525
0.011018
0.011526
0.012040
0.012580
0.013126
0.013688
0.014274
0.014865
0.015479
0.016116
0.016758
0.017428
0.018120
0.018818
0.019547
0.020300
0.021059
0.021851
0.022672
0.023499
0.024354
0.025247
0.026152
0.027074
0.028038
0.029031
0.030032
0.031062
0.032139
0.033242
0.034353
0.035495
0.036688
0.037916
0.039156
0.040414
0.041716
0.043072
0.044465
0.045876
0.047300
0.048755
0.050258
0.051818
0.053430
0.055085
0.056775
0.058495
0.060246
0.062030
0.063850
0.065707
0.067603
0.069540
0.071518
0.073537
0.075598
0.077701
0.079847
0.082036
0.084269
0.086544
0.088864
0.091228
0.093636
0.096089
0.098586
0.101128
0.103716
0.106348
0.109026
0.111748
0.114517
0.117330
0.120189
0.123093
0.126043
0.129037
0.132077
0.135162
0.138291
0.141465
0.144684
0.147946
0.151252
0.154602
0.157994
0.161430
0.164907
0.168427
0.171988
0.175589
0.179231
0.182913
0.186634
0.190393
0.194189
0.198023
0.201893
0.205799
0.209739
0.213714
0.217720
0.221759
0.225829
0.229929
0.234058
0.238215
0.242398
0.246608
0.250842
0.255100
0.259379
0.263680
0.268000
0.272339
0.276695
0.281067
0.285454
0.289853
0.294264
0.298685
0.303115
0.307552
0.311994
0.316441
0.320890
0.325341
0.329791
0.334240
0.338684
0.343123
0.347556
0.351980
0.356394
0.360797
0.365186
0.369560
0.373917
0.378256
0.382576
0.386873
0.391148
0.395397
0.399621
0.403816
0.407982
0.412116
0.416219
0.420286
0.424317
0.428312
0.432267
0.436183
0.440057
0.443888
0.447674
0.451415
0.455108
0.458753
0.462348
0.465892
0.469384
0.472823
0.476208
0.479537
0.482809
0.486024
0.489181
0.492278
0.495316
0.498292
0.501207
0.504059
0.506848
0.509574
0.512235
0.514832
0.517363
0.519830
0.522229
0.524563
0.526830
0.529031
0.531165
0.533232
0.535233
0.537167
0.539034
0.540834
0.542569
0.544237
0.545839
0.547377
0.548850
0.550259
0.551603
0.552885
0.554104
0.555261
0.556357
0.557393
0.558370
0.559288
0.560148
0.560952
0.561700
0.562395
0.563035
0.563624
0.564162
0.564651
0.565090
0.565483
0.565829
0.566131
0.566391
0.566608
0.566785
0.566924
0.567024
0.567091
0.567122
0.567122
0.567090
0.567029
0.566939
0.566823
0.566682
0.566519
0.566333
0.566127
0.565903
0.565661
0.565404
0.565133
0.564850
0.564557
0.564254
0.563943
0.563625
0.563302
0.562977
0.562649
0.562320
0.561992
0.561666
0.561343
0.561024
0.560710
0.560404
0.560106
0.559815
0.559534
0.559265
0.559006
0.558761
0.558529
0.558310
0.558107
0.557918
0.557747
0.557591
0.557453
0.557332
0.557229
0.557145
0.557079
0.557031
0.557003
0.556993
0.557003
0.557032
0.557079
0.557145
0.557230
0.557332
0.557453
0.557592
0.557747
0.557918
0.558106
0.558310
0.558529
0.558761
0.559007
0.559265
0.559534
0.559815
0.560106
0.560405
0.560712
0.561025
0.561344
0.561668
0.561994
0.562321
0.562650
0.562977
0.563303
0.563625
0.563943
0.564253
0.564556
0.564850
0.565132
0.565403
0.565660
0.565901
0.566126
0.566332
0.566518
0.566681
0.566822
0.566938
0.567028
0.567089
0.567121
0.567122
0.567091
0.567025
0.566924
0.566785
0.566608
0.566390
0.566130
0.565829
0.565483
0.565091
0.564651
0.564164
0.563626
0.563037
0.562397
0.561703
0.560954
0.560150
0.559290
0.558372
0.557395
0.556360
0.555264
0.554106
0.552887
0.551606
0.550261
0.548853
0.547380
0.545843
0.544240
0.542572
0.540838
0.539037
0.537170
0.535236
0.533236
0.531169
0.529035
0.526834
0.524568
0.522234
0.519834
0.517368
0.514836
0.512240
0.509579
0.506853
0.504064
0.501212
0.498297
0.495321
0.492284
0.489186
0.486029
0.482814
0.479541
0.476212
0.472827
0.469388
0.465896
0.462351
0.458756
0.455110
0.451417
0.447677
0.443891
0.440060
0.436186
0.432270
0.428314
0.424319
0.420287
0.416220
0.412118
0.407984
0.403818
0.399623
0.395399
0.391149
0.386875
0.382578
0.378259
0.373920
0.369562
0.365188
0.360799
0.356397
0.351983
0.347559
0.343126
0.338687
0.334242
0.329794
0.325344
0.320894
0.316445
0.311998
0.307555
0.303119
0.298689
0.294268
0.289857
0.285458
0.281072
0.276700
0.272344
0.268006
0.263685
0.259385
0.255105
0.250848
0.246613
0.242404
0.238220
0.234063
0.229934
0.225835
0.221765
0.217726
0.213719
0.209745
0.205805
0.201899
0.198029
0.194196
0.190399
0.186640
0.182919
0.179237
0.175595
0.171993
0.168433
0.164913
0.161435
0.158000
0.154607
0.151258
0.147952
0.144689
0.141471
0.138297
0.135167
0.132083
0.129043
0.126048
0.123099
0.120194
0.117335
0.114522
0.111754
0.109031
0.106353
0.103721
0.101133
0.098591
0.096094
0.093641
0.091233
0.088869
0.086549
0.084273
0.082041
0.079851
0.077705
0.075602
0.073541
0.071522
0.069544
0.067608
0.065712
0.063857
0.062042
0.060267
0.058531
0.056833
0.055174
0.053552
0.051968
0.050421
0.048910
0.047435
0.045995
0.044590
0.043219
0.041882
0.040579
0.039308
0.038069
0.036862
0.035686
0.034541
0.033426
0.032340
0.031284
0.030256
0.029255
0.028283
0.027337
0.026417
0.025524
0.024655
0.023812
0.022993
0.022197
0.021425
0.020675
0.019948
0.019243
0.018558
0.017895
0.017251
0.016628
0.016024
0.015439
0.014872
0.014323
0.013792
0.013277
0.012780
0.012298
0.011832
0.011382
0.010947
0.010526
0.010119
0.009726
0.009347
0.008980
0.008626
0.008285
0.007955
0.007637
0.007330
0.007034
0.006749
0.006474
0.006209
0.005953
0.005707
0.005471
0.005242
0.005023
0.004811
0.004608
0.004412
0.004224
0.004043
0.003869
0.003702
0.003541
0.003386
0.003238
0.003096
0.002959
0.002827
0.002701
0.002580
0.002464
0.002353
0.002247
0.002144
0.002046
0.001952
0.001862
0.001776
0.001694
0.001614
0.001539
0.001466
0.001397
0.001331
0.001267
0.001207
0.001149
0.001094
0.001041
0.000990
0.000942
0.000896
0.000852
0.000810
0.000770
0.000731
0.000695
0.000660
0.000627
0.000595
0.000565
0.000536
0.000509
0.000483
0.000458
0.000434
0.000412
0.000390
0.000370
0.000351
0.000332
0.000315
0.000298
0.000282
0.000267
0.000253
0.000239
0.000226
0.000214
0.000203
0.000192
0.000181
0.000171
0.000162
0.000153
0.000144
0.000136
0.000129
0.000121
0.000115
0.000108
0.000102
0.000096
0.000091
0.000086
0.000081
0.000076
0.000072
0.000068
0.000064
0.000060
0.000056
0.000053
0.000050
0.000047
0.000044
0.000042
0.000039
0.000037
0.000035
0.000033
0.000031
0.000029
0.000027
0.000025
0.000024
0.000022
0.000021
0.000020
0.000018
0.000017
0.000016
0.000015
0.000014
0.000013
0.000013
0.000012
0.000011
0.000010
0.000010
0.000009
0.000008
0.000008
0.000007
0.000007
0.000006
0.000006
0.000006
0.000005
0.000005
0.000005
0.000004
0.000004
0.000004
0.000004
0.000003
0.000003
0.000003
0.000003
0.000002
0.000002
0.000002
0.000002
0.000002
0.000002
0.000002
0.000002
0.000001
0.000001
0.000001
0.000001
0.000001
0.000001
0.000001
0.000001
0.000001
0.000001
0.000001
0.000001
0.000001
0.000001
0.000001
0.000000
0.000000
0.000000
0.000000
0.000000
0.000000
0.000000
0.000000
0.000000
0.000000
0.000000
0.000000
0.000000
0.000000
0.000000
0.000000
0.000000
0.000000
0.000000
0.000000
0.000000
0.000000
0.000000
0.000000
0.000000
0.000000
0.000000
0.000000
0.000000
0.000000
0.000000
0.000000
0.000000
0.000000
0.000000
0.000000
0.000000
0.000000
0.000000
0.000000
0.000000
0.000000
0.000000
0.000000
0.000000
0.000000
0.000000
0.000000
0.000000
0.000000
0.000000
0.000000
0.000000
0.000000
0.000000
0.000000
0.000000
0.000000
0.000000
0.000000
0.000000
0.000000
0.000000
0.000000
0.000000
0.000000
0.000000
0.000000
0.000000
0.000000
0.000000
0.000000
0.000000
0.000000
0.000000
0.000000
0.000000
0.000000
0.000000
0.000000
0.000000
0.000000
0.000000
0.000000
0.000000
0.000000
0.000000
0.000000
0.000000
0.000000
0.000000
0.000000
0.000000
0.000000
0.000000
0.000000
0.000000
0.000000
0.000000
0.000000
0.000000
0.000000
0.000000
0.000000
0.000000
0.000000
0.000000
0.000000
0.000000
0.000000
0.000000
0.000000
0.000000
0.000000
0.000000
0.000000
0.000000
0.000000
0.000000
0.000000
0.000000
0.000000
0.000000
0.000000
0.000000
0.000000
0.000000
0.000000
0.000000
0.000000
0.000000
0.000000
0.000000
0.000000
0.000000
0.000000
0.000000
0.000000
0.000000
0.000000
0.000000
0.000000
0.000000
0.000000
0.000000
0.000000
0.000000
0.000000
0.000000
0.000000
0.000000
0.000000
0.000000
0.000000
0.000000
0.000000
0.000000
0.000000
0.000000
0.000000
0.000000
0.000000
0.000000
0.000000
0.000000
0.000000
0.000000
0.000000
0.000000
0.000000
0.000000
0.000000
0.000000
0.000000
0.000000
0.000000
0.000000
0.000000
0.000000
0.000000
0.000000
0.000000
0.000000
0.000000
0.000000
0.000000
0.000000
0.000000
0.000000
0.000000
0.000000
0.000000
0.000000
0.000000
0.000000
0.000000
0.000000
0.000000
0.000000
0.000000
0.000000
0.000000
0.000000
0.000000
0.000000
0.000000
0.000000
0.000000
0.000000
0.000000
0.000000
0.000000
0.000000
0.000000
0.000000
0.000000
0.000000
0.000000
0.000000
0.000000
0.000000
0.000000
0.000000
0.000000
0.000000
0.000000
0.000000
0.000000
0.000000
0.000000
0.000000
0.000000
0.000000
0.000000
0.000000
0.000000
0.000000
0.000000
0.000000
0.000000
0.000000
0.000000
0.000000
0.000000
0.000000
0.000000
0.000000
0.000000
0.000000
0.000000
0.000000
