0.000309
0.000618
0.000928
0.001240
0.001553
0.001869
0.002186
0.002508
0.002831
0.003160
0.003491
0.003830
0.004171
0.004521
0.004874
0.005235
0.005603
0.005977
0.006363
0.006751
0.007154
0.007561
0.007981
0.008412
0.008849
0.009305
0.009763
0.010241
0.010729
0.011226
0.011746
0.012270
0.012814
0.013375
0.013943
0.014538
0.015144
0.015762
0.016411
0.017067
0.017741
0.018447
0.019160
0.019894
0.020661
0.021437
0.022233
0.023067
0.023914
0.024776
0.025678
0.026605
0.027540
0.028509
0.029519
0.030543
0.031582
0.032665
0.033788
0.034924
0.036077
0.037275
0.038521
0.039787
0.041066
0.042376
0.043740
0.045152
0.046589
0.048040
0.049512
0.051026
0.052594
0.054218
0.055890
0.057601
0.059344
0.061119
0.062925
0.064766
0.066644
0.068561
0.070518
0.072516
0.074556
0.076638
0.078762
0.080929
0.083140
0.085393
0.087691
0.090032
0.092417
0.094847
0.097322
0.099841
0.102405
0.105014
0.107669
0.110368
0.113113
0.115903
0.118738
0.121619
0.124545
0.127516
0.130533
0.133594
0.136700
0.139851
0.143046
0.146285
0.149568
0.152895
0.156265
0.159677
0.163132
0.166630
0.170168
0.173748
0.177368
0.181028
0.184727
0.188465
0.192241
0.196055
0.199904
0.203790
0.207711
0.211666
0.215654
0.219674
0.223725
0.227808
0.231919
0.236059
0.240226
0.244419
0.248638
0.252880
0.257145
0.261431
0.265738
0.270063
0.274406
0.278766
0.283140
0.287528
0.291928
0.296339
0.300759
0.305187
0.309621
0.314059
0.318501
0.322945
0.327389
0.331831
0.336271
0.340705
0.345133
0.349554
0.353965
0.358365
0.362752
0.367124
0.371480
0.375819
0.380139
0.384437
0.388712
0.392964
0.397189
0.401387
0.405555
0.409693
0.413799
0.417871
0.421907
0.425906
0.429867
0.433788
0.437667
0.441505
0.445298
0.449045
0.452745
0.456397
0.459999
0.463551
0.467050
0.470497
0.473889
0.477226
0.480507
0.483730
0.486894
0.489999
0.493044
0.496029
0.498950
0.501810
0.504607
0.507339
0.510007
0.512610
0.515147
0.517619
0.520025
0.522363
0.524635
0.526840
0.528978
0.531048
0.533051
0.534987
0.536856
0.538657
0.540391
0.542060
0.543661
0.545197
0.546667
0.548072
0.549413
0.550689
0.551903
0.553053
0.554142
0.555169
0.556137
0.557045
0.557895
0.558686
0.559423
0.560103
0.560729
0.561302
0.561823
0.562294
0.562716
0.563089
0.563415
0.563696
0.563933
0.564127
0.564281
0.564394
0.564470
0.564508
0.564513
0.564484
0.564422
0.564331
0.564211
0.564063
0.563890
0.563693
0.563474
0.563234
0.562975
0.562698
0.562404
0.562097
0.561777
0.561446
0.561105
0.560756
0.560400
0.560039
0.559674
0.559307
0.558939
0.558572
0.558206
0.557844
0.557486
0.557133
0.556787
0.556451
0.556123
0.555804
0.555498
0.555203
0.554921
0.554654
0.554401
0.554163
0.553942
0.553737
0.553551
0.553382
0.553232
0.553102
0.552990
0.552899
0.552827
0.552776
0.552745
0.552735
0.552746
0.552776
0.552827
0.552899
0.552990
0.553102
0.553233
0.553383
0.553551
0.553737
0.553941
0.554163
0.554400
0.554654
0.554921
0.555203
0.555497
0.555805
0.556123
0.556452
0.556789
0.557134
0.557487
0.557845
0.558208
0.558573
0.558940
0.559307
0.559675
0.560039
0.560400
0.560756
0.561105
0.561445
0.561776
0.562096
0.562403
0.562696
0.562974
0.563233
0.563473
0.563692
0.563889
0.564062
0.564210
0.564331
0.564422
0.564483
0.564513
0.564509
0.564470
0.564394
0.564281
0.564127
0.563932
0.563696
0.563415
0.563089
0.562716
0.562295
0.561825
0.561304
0.560731
0.560105
0.559424
0.558689
0.557897
0.557047
0.556139
0.555172
0.554145
0.553055
0.551905
0.550691
0.549415
0.548074
0.546670
0.545200
0.543664
0.542063
0.540395
0.538660
0.536859
0.534990
0.533054
0.531052
0.528982
0.526844
0.524639
0.522368
0.520029
0.517624
0.515152
0.512615
0.510012
0.507344
0.504611
0.501815
0.498956
0.496034
0.493050
0.490005
0.486899
0.483734
0.480511
0.477230
0.473893
0.470501
0.467054
0.463554
0.460003
0.456399
0.452747
0.449047
0.445300
0.441508
0.437670
0.433791
0.429869
0.425907
0.421908
0.417872
0.413800
0.409695
0.405557
0.401389
0.397191
0.392965
0.388714
0.384439
0.380141
0.375822
0.371483
0.367127
0.362754
0.358367
0.353967
0.349557
0.345136
0.340708
0.336273
0.331834
0.327392
0.322949
0.318505
0.314063
0.309625
0.305191
0.300763
0.296343
0.291933
0.287532
0.283145
0.278770
0.274411
0.270069
0.265743
0.261437
0.257150
0.252885
0.248643
0.244425
0.240231
0.236064
0.231925
0.227813
0.223731
0.219679
0.215659
0.211671
0.207716
0.203796
0.199910
0.196061
0.192248
0.188471
0.184733
0.181034
0.177374
0.173754
0.170174
0.166635
0.163138
0.159683
0.156270
0.152900
0.149574
0.146291
0.143052
0.139856
0.136706
0.133600
0.130538
0.127522
0.124551
0.121625
0.118744
0.115908
0.113118
0.110373
0.107674
0.105019
0.102410
0.099846
0.097327
0.094852
0.092422
0.090037
0.087695
0.085398
0.083144
0.080934
0.078766
0.076642
0.074560
0.072520
0.070522
0.068566
0.066650
0.064775
0.062941
0.061146
0.059390
0.057674
0.055995
0.054355
0.052753
0.051187
0.049658
0.048165
0.046708
0.045286
0.043898
0.042544
0.041224
0.039937
0.038683
0.037460
0.036269
0.035108
0.033978
0.032878
0.031807
0.030765
0.029751
0.028765
0.027805
0.026873
0.025967
0.025086
0.024230
0.023399
0.022591
0.021808
0.021047
0.020308
0.019592
0.018897
0.018223
0.017570
0.016937
0.016323
0.015729
0.015153
0.014595
0.014055
0.013532
0.013026
0.012537
0.012063
0.011605
0.011162
0.010734
0.010320
0.009921
0.009535
0.009162
0.008801
0.008454
0.008118
0.007794
0.007482
0.007181
0.006890
0.006610
0.006340
0.006080
0.005829
0.005588
0.005355
0.005131
0.004916
0.004709
0.004509
0.004317
0.004133
0.003955
0.003784
0.003620
0.003463
0.003311
0.003166
0.003026
0.002892
0.002764
0.002640
0.002522
0.002408
0.002299
0.002195
0.002095
0.001999
0.001907
0.001819
0.001734
0.001654
0.001576
0.001502
0.001431
0.001364
0.001299
0.001237
0.001178
0.001121
0.001067
0.001015
0.000966
0.000918
0.000873
0.000830
0.000789
0.000750
0.000713
0.000677
0.000643
0.000611
0.000580
0.000550
0.000522
0.000496
0.000470
0.000446
0.000423
0.000401
0.000380
0.000360
0.000341
0.000323
0.000306
0.000290
0.000275
0.000260
0.000246
0.000233
0.000220
0.000208
0.000197
0.000186
0.000176
0.000166
0.000157
0.000148
0.000140
0.000132
0.000125
0.000118
0.000111
0.000105
0.000099
0.000094
0.000088
0.000083
0.000078
0.000074
0.000070
0.000066
0.000062
0.000058
0.000055
0.000052
0.000048
0.000046
0.000043
0.000040
0.000038
0.000036
0.000034
0.000032
0.000030
0.000028
0.000026
0.000025
0.000023
0.000022
0.000020
0.000019
0.000018
0.000017
0.000016
0.000015
0.000014
0.000013
0.000012
0.000011
0.000011
0.000010
0.000009
0.000009
0.000008
0.000008
0.000007
0.000007
0.000006
0.000006
0.000005
0.000005
0.000005
0.000004
0.000004
0.000004
0.000004
0.000003
0.000003
0.000003
0.000003
0.000003
0.000002
0.000002
0.000002
0.000002
0.000002
0.000002
0.000002
0.000001
0.000001
0.000001
0.000001
0.000001
0.000001
0.000001
0.000001
0.000001
0.000001
0.000001
0.000001
0.000001
0.000001
0.000001
0.000000
0.000000
0.000000
0.000000
0.000000
0.000000
0.000000
0.000000
0.000000
0.000000
0.000000
0.000000
0.000000
0.000000
0.000000
0.000000
0.000000
0.000000
0.000000
0.000000
0.000000
0.000000
0.000000
0.000000
0.000000
0.000000
0.000000
0.000000
0.000000
0.000000
0.000000
0.000000
0.000000
0.000000
0.000000
0.000000
0.000000
0.000000
0.000000
0.000000
0.000000
0.000000
0.000000
0.000000
0.000000
0.000000
0.000000
0.000000
0.000000
0.000000
0.000000
0.000000
0.000000
0.000000
0.000000
0.000000
0.000000
0.000000
0.000000
0.000000
0.000000
0.000000
0.000000
0.000000
0.000000
0.000000
0.000000
0.000000
0.000000
0.000000
0.000000
0.000000
0.000000
0.000000
0.000000
0.000000
0.000000
0.000000
0.000000
0.000000
0.000000
0.000000
0.000000
0.000000
0.000000
0.000000
0.000000
0.000000
0.000000
0.000000
0.000000
0.000000
0.000000
0.000000
0.000000
0.000000
0.000000
0.000000
0.000000
0.000000
0.000000
0.000000
0.000000
0.000000
0.000000
0.000000
0.000000
0.000000
0.000000
0.000000
0.000000
0.000000
0.000000
0.000000
0.000000
0.000000
0.000000
0.000000
0.000000
0.000000
0.000000
0.000000
0.000000
0.000000
0.000000
0.000000
0.000000
0.000000
0.000000
0.000000
0.000000
0.000000
0.000000
0.000000
0.000000
0.000000
0.000000
0.000000
0.000000
0.000000
0.000000
0.000000
0.000000
0.000000
0.000000
0.000000
0.000000
0.000000
0.000000
0.000000
0.000000
0.000000
0.000000
0.000000
0.000000
0.000000
0.000000
0.000000
0.000000
0.000000
0.000000
0.000000
0.000000
0.000000
0.000000
0.000000
0.000000
0.000000
0.000000
0.000000
0.000000
0.000000
0.000000
0.000000
0.000000
0.000000
0.000000
0.000000
0.000000
0.000000
0.000000
0.000000
0.000000
0.000000
0.000000
0.000000
0.000000
0.000000
0.000000
0.000000
0.000000
0.000000
0.000000
0.000000
0.000000
0.000000
0.000000
0.000000
0.000000
0.000000
0.000000
0.000000
0.000000
0.000000
0.000000
0.000000
0.000000
0.000000
0.000000
0.000000
0.000000
0.000000
0.000000
0.000000
0.000000
0.000000
0.000000
0.000000
0.000000
0.000000
0.000000
0.000000
0.000000
0.000000
0.000000
0.000000
0.000000
0.000000
0.000000
0.000000
0.000000
0.000000
0.000000
0.000000
0.000000
0.000000
0.000000
0.000000
0.000000
0.000000
0.000000
0.000000
0.000000
0.000000
0.000000
0.000000
0.000000
0.000000
0.000000
0.000000
0.000000
