0.000315
0.000631
0.000947
0.001265
0.001584
0.001906
0.002230
0.002558
0.002888
0.003224
0.003562
0.003906
0.004255
0.004610
0.004972
0.005338
0.005715
0.006095
0.006488
0.006884
0.007293
0.007711
0.008135
0.008576
0.009020
0.009483
0.009953
0.010434
0.010935
0.011440
0.011966
0.012504
0.013052
0.013626
0.014205
0.014804
0.015426
0.016053
0.016708
0.017381
0.018063
0.018776
0.019508
0.020248
0.021024
0.021820
0.022625
0.023466
0.024333
0.025208
0.026115
0.027059
0.028014
0.028990
0.030010
0.031057
0.032113
0.033202
0.034338
0.035499
0.036670
0.037875
0.039131
0.040422
0.041726
0.043050
0.044420
0.045844
0.047306
0.048785
0.050280
0.051807
0.053384
0.055018
0.056704
0.058435
0.060201
0.061999
0.063828
0.065691
0.067591
0.069529
0.071506
0.073525
0.075586
0.077689
0.079834
0.082022
0.084254
0.086529
0.088848
0.091211
0.093618
0.096070
0.098566
0.101107
0.103693
0.106324
0.109000
0.111722
0.114489
0.117301
0.120158
0.123061
0.126008
0.129001
0.132039
0.135122
0.138250
0.141422
0.144638
0.147897
0.151201
0.154548
0.157938
0.161371
0.164846
0.168362
0.171920
0.175518
0.179156
0.182834
0.186552
0.190307
0.194099
0.197929
0.201795
0.205696
0.209631
0.213600
0.217602
0.221635
0.225699
0.229793
0.233916
0.238067
0.242244
0.246446
0.250673
0.254924
0.259195
0.263488
0.267800
0.272130
0.276477
0.280840
0.285217
0.289606
0.294006
0.298417
0.302835
0.307261
0.311691
0.316126
0.320562
0.325000
0.329436
0.333870
0.338300
0.342725
0.347141
0.351549
0.355947
0.360332
0.364703
0.369059
0.373397
0.377717
0.382016
0.386292
0.390545
0.394773
0.398974
0.403145
0.407287
0.411396
0.415473
0.419514
0.423518
0.427485
0.431412
0.435298
0.439141
0.442941
0.446696
0.450403
0.454063
0.457673
0.461233
0.464741
0.468195
0.471596
0.474942
0.478231
0.481462
0.484636
0.487749
0.490803
0.493795
0.496726
0.499593
0.502398
0.505138
0.507814
0.510424
0.512968
0.515447
0.517859
0.520203
0.522481
0.524690
0.526833
0.528908
0.530915
0.532853
0.534724
0.536528
0.538264
0.539932
0.541535
0.543069
0.544538
0.545940
0.547278
0.548551
0.549760
0.550905
0.551987
0.553008
0.553967
0.554866
0.555705
0.556487
0.557211
0.557879
0.558492
0.559050
0.559556
0.560010
0.560414
0.560769
0.561076
0.561336
0.561552
0.561724
0.561854
0.561943
0.561994
0.562007
0.561984
0.561926
0.561837
0.561715
0.561565
0.561386
0.561181
0.560951
0.560698
0.560424
0.560130
0.559818
0.559488
0.559144
0.558787
0.558418
0.558039
0.557651
0.557256
0.556856
0.556451
0.556044
0.555636
0.555230
0.554824
0.554420
0.554022
0.553630
0.553244
0.552867
0.552500
0.552143
0.551796
0.551464
0.551144
0.550839
0.550550
0.550276
0.550019
0.549781
0.549560
0.549359
0.549178
0.549016
0.548876
0.548756
0.548657
0.548581
0.548526
0.548492
0.548482
0.548493
0.548526
0.548581
0.548658
0.548756
0.548877
0.549017
0.549179
0.549360
0.549561
0.549781
0.550020
0.550276
0.550550
0.550839
0.551144
0.551464
0.551797
0.552143
0.552501
0.552869
0.553245
0.553631
0.554024
0.554422
0.554824
0.555230
0.555637
0.556045
0.556452
0.556856
0.557257
0.557651
0.558038
0.558417
0.558786
0.559143
0.559487
0.559817
0.560129
0.560423
0.560697
0.560950
0.561180
0.561385
0.561565
0.561715
0.561836
0.561926
0.561984
0.562007
0.561994
0.561943
0.561854
0.561724
0.561551
0.561337
0.561076
0.560769
0.560415
0.560012
0.559557
0.559052
0.558494
0.557881
0.557213
0.556489
0.555708
0.554868
0.553969
0.553010
0.551989
0.550907
0.549761
0.548553
0.547280
0.545943
0.544540
0.543072
0.541537
0.539936
0.538267
0.536531
0.534728
0.532856
0.530918
0.528911
0.526837
0.524695
0.522485
0.520208
0.517863
0.515451
0.512973
0.510429
0.507818
0.505143
0.502402
0.499598
0.496731
0.493801
0.490808
0.487754
0.484640
0.481467
0.478235
0.474946
0.471601
0.468199
0.464744
0.461236
0.457676
0.454065
0.450405
0.446698
0.442944
0.439144
0.435300
0.431414
0.427486
0.423520
0.419515
0.415474
0.411398
0.407289
0.403147
0.398975
0.394775
0.390547
0.386294
0.382018
0.377719
0.373399
0.369061
0.364706
0.360335
0.355949
0.351552
0.347144
0.342727
0.338303
0.333873
0.329439
0.325003
0.320566
0.316130
0.311695
0.307265
0.302839
0.298421
0.294011
0.289610
0.285221
0.280844
0.276482
0.272136
0.267805
0.263494
0.259201
0.254929
0.250679
0.246452
0.242249
0.238072
0.233922
0.229799
0.225705
0.221641
0.217607
0.213606
0.209637
0.205701
0.201801
0.197935
0.194106
0.190313
0.186558
0.182840
0.179162
0.175524
0.171925
0.168368
0.164851
0.161377
0.157944
0.154554
0.151207
0.147903
0.144643
0.141427
0.138255
0.135128
0.132045
0.129007
0.126014
0.123066
0.120164
0.117306
0.114494
0.111727
0.109006
0.106329
0.103698
0.101112
0.098571
0.096074
0.093623
0.091215
0.088852
0.086533
0.084258
0.082027
0.079838
0.077693
0.075590
0.073529
0.071511
0.069534
0.067598
0.065703
0.063849
0.062034
0.060259
0.058524
0.056826
0.055167
0.053546
0.051963
0.050416
0.048905
0.047430
0.045990
0.044586
0.043215
0.041878
0.040575
0.039304
0.038066
0.036859
0.035683
0.034538
0.033423
0.032338
0.031281
0.030253
0.029253
0.028281
0.027335
0.026416
0.025522
0.024654
0.023811
0.022991
0.022196
0.021424
0.020674
0.019947
0.019242
0.018557
0.017894
0.017251
0.016627
0.016023
0.015438
0.014871
0.014322
0.013791
0.013277
0.012779
0.012298
0.011832
0.011382
0.010946
0.010525
0.010119
0.009726
0.009346
0.008980
0.008626
0.008284
0.007955
0.007637
0.007330
0.007034
0.006749
0.006474
0.006209
0.005953
0.005707
0.005470
0.005242
0.005023
0.004811
0.004608
0.004412
0.004224
0.004043
0.003869
0.003702
0.003541
0.003386
0.003238
0.003096
0.002959
0.002827
0.002701
0.002580
0.002464
0.002353
0.002247
0.002144
0.002046
0.001952
0.001862
0.001776
0.001693
0.001614
0.001539
0.001466
0.001397
0.001331
0.001267
0.001207
0.001149
0.001094
0.001041
0.000990
0.000942
0.000896
0.000852
0.000810
0.000770
0.000731
0.000695
0.000660
0.000627
0.000595
0.000565
0.000536
0.000509
0.000483
0.000458
0.000434
0.000412
0.000390
0.000370
0.000351
0.000332
0.000315
0.000298
0.000282
0.000267
0.000253
0.000239
0.000226
0.000214
0.000203
0.000192
0.000181
0.000171
0.000162
0.000153
0.000144
0.000136
0.000129
0.000121
0.000115
0.000108
0.000102
0.000096
0.000091
0.000086
0.000081
0.000076
0.000072
0.000068
0.000064
0.000060
0.000056
0.000053
0.000050
0.000047
0.000044
0.000042
0.000039
0.000037
0.000035
0.000033
0.000031
0.000029
0.000027
0.000025
0.000024
0.000022
0.000021
0.000020
0.000018
0.000017
0.000016
0.000015
0.000014
0.000013
0.000013
0.000012
0.000011
0.000010
0.000010
0.000009
0.000008
0.000008
0.000007
0.000007
0.000006
0.000006
0.000006
0.000005
0.000005
0.000005
0.000004
0.000004
0.000004
0.000004
0.000003
0.000003
0.000003
0.000003
0.000002
0.000002
0.000002
0.000002
0.000002
0.000002
0.000002
0.000002
0.000001
0.000001
0.000001
0.000001
0.000001
0.000001
0.000001
0.000001
0.000001
0.000001
0.000001
0.000001
0.000001
0.000001
0.000001
0.000000
0.000000
0.000000
0.000000
0.000000
0.000000
0.000000
0.000000
0.000000
0.000000
0.000000
0.000000
0.000000
0.000000
0.000000
0.000000
0.000000
0.000000
0.000000
0.000000
0.000000
0.000000
0.000000
0.000000
0.000000
0.000000
0.000000
0.000000
0.000000
0.000000
0.000000
0.000000
0.000000
0.000000
0.000000
0.000000
0.000000
0.000000
0.000000
0.000000
0.000000
0.000000
0.000000
0.000000
0.000000
0.000000
0.000000
0.000000
0.000000
0.000000
0.000000
0.000000
0.000000
0.000000
0.000000
0.000000
0.000000
0.000000
0.000000
0.000000
0.000000
0.000000
0.000000
0.000000
0.000000
0.000000
0.000000
0.000000
0.000000
0.000000
0.000000
0.000000
0.000000
0.000000
0.000000
0.000000
0.000000
0.000000
0.000000
0.000000
0.000000
0.000000
0.000000
0.000000
0.000000
0.000000
0.000000
0.000000
0.000000
0.000000
0.000000
0.000000
0.000000
0.000000
0.000000
0.000000
0.000000
0.000000
0.000000
0.000000
0.000000
0.000000
0.000000
0.000000
0.000000
0.000000
0.000000
0.000000
0.000000
0.000000
0.000000
0.000000
0.000000
0.000000
0.000000
0.000000
0.000000
0.000000
0.000000
0.000000
0.000000
0.000000
0.000000
0.000000
0.000000
0.000000
0.000000
0.000000
0.000000
0.000000
0.000000
0.000000
0.000000
0.000000
0.000000
0.000000
0.000000
0.000000
0.000000
0.000000
0.000000
0.000000
0.000000
0.000000
0.000000
0.000000
0.000000
0.000000
0.000000
0.000000
0.000000
0.000000
0.000000
0.000000
0.000000
0.000000
0.000000
0.000000
0.000000
0.000000
0.000000
0.000000
0.000000
0.000000
0.000000
0.000000
0.000000
0.000000
0.000000
0.000000
0.000000
0.000000
0.000000
0.000000
0.000000
0.000000
0.000000
0.000000
0.000000
0.000000
0.000000
0.000000
0.000000
0.000000
0.000000
0.000000
0.000000
0.000000
0.000000
0.000000
0.000000
0.000000
0.000000
0.000000
0.000000
0.000000
0.000000
0.000000
0.000000
0.000000
0.000000
0.000000
0.000000
0.000000
0.000000
0.000000
0.000000
0.000000
0.000000
0.000000
0.000000
0.000000
0.000000
0.000000
0.000000
0.000000
0.000000
0.000000
0.000000
0.000000
0.000000
0.000000
0.000000
0.000000
0.000000
0.000000
0.000000
0.000000
0.000000
0.000000
0.000000
0.000000
0.000000
0.000000
0.000000
0.000000
0.000000
0.000000
0.000000
0.000000
0.000000
0.000000
0.000000
0.000000
0.000000
0.000000
0.000000
0.000000
0.000000
0.000000
