0.000321
0.000643
0.000966
0.001290
0.001616
0.001944
0.002275
0.002609
0.002946
0.003287
0.003634
0.003983
0.004341
0.004701
0.005071
0.005444
0.005828
0.006216
0.006614
0.007021
0.007434
0.007862
0.008293
0.008741
0.009196
0.009663
0.010146
0.010633
0.011142
0.011659
0.012189
0.012741
0.013297
0.013877
0.014472
0.015076
0.015709
0.016350
0.017009
0.017697
0.018392
0.019110
0.019858
0.020612
0.021392
0.022205
0.023026
0.023871
0.024754
0.025648
0.026561
0.027517
0.028494
0.029482
0.030508
0.031574
0.032652
0.033750
0.034894
0.036076
0.037271
0.038487
0.039750
0.041060
0.042390
0.043734
0.045113
0.046546
0.048027
0.049534
0.051056
0.052601
0.054188
0.055830
0.057530
0.059278
0.061066
0.062887
0.064740
0.066626
0.068547
0.070506
0.072505
0.074545
0.076626
0.078750
0.080917
0.083126
0.085379
0.087675
0.090016
0.092400
0.094829
0.097303
0.099821
0.102384
0.104992
0.107645
0.110344
0.113087
0.115876
0.118710
0.121589
0.124514
0.127483
0.130498
0.133557
0.136661
0.139810
0.143003
0.146240
0.149521
0.152845
0.156212
0.159623
0.163075
0.166569
0.170105
0.173681
0.177298
0.180955
0.184651
0.188385
0.192157
0.195967
0.199812
0.203693
0.207610
0.211560
0.215543
0.219558
0.223604
0.227681
0.231787
0.235920
0.240081
0.244268
0.248480
0.252715
0.256972
0.261251
0.265550
0.269867
0.274202
0.278552
0.282918
0.287296
0.291687
0.296087
0.300497
0.304913
0.309336
0.313763
0.318193
0.322623
0.327054
0.331483
0.335909
0.340329
0.344742
0.349147
0.353542
0.357926
0.362296
0.366651
0.370989
0.375309
0.379609
0.383887
0.388142
0.392372
0.396576
0.400751
0.404896
0.409010
0.413091
0.417138
0.421148
0.425120
0.429054
0.432946
0.436797
0.440604
0.444366
0.448082
0.451750
0.455369
0.458937
0.462453
0.465917
0.469327
0.472682
0.475980
0.479221
0.482403
0.485527
0.488589
0.491591
0.494531
0.497407
0.500220
0.502969
0.505653
0.508272
0.510824
0.513310
0.515729
0.518081
0.520365
0.522581
0.524729
0.526809
0.528820
0.530764
0.532638
0.534445
0.536183
0.537853
0.539456
0.540992
0.542460
0.543862
0.545197
0.546468
0.547673
0.548814
0.549891
0.550906
0.551858
0.552749
0.553580
0.554351
0.555065
0.555722
0.556321
0.556867
0.557358
0.557797
0.558184
0.558521
0.558810
0.559051
0.559246
0.559397
0.559505
0.559570
0.559596
0.559584
0.559534
0.559451
0.559332
0.559182
0.559001
0.558792
0.558555
0.558293
0.558007
0.557698
0.557369
0.557022
0.556656
0.556276
0.555881
0.555474
0.555057
0.554630
0.554195
0.553755
0.553311
0.552863
0.552415
0.551966
0.551520
0.551076
0.550636
0.550202
0.549776
0.549357
0.548949
0.548551
0.548165
0.547792
0.547433
0.547089
0.546761
0.546449
0.546156
0.545880
0.545624
0.545388
0.545173
0.544979
0.544806
0.544655
0.544528
0.544422
0.544340
0.544281
0.544245
0.544234
0.544246
0.544281
0.544340
0.544422
0.544528
0.544656
0.544807
0.544979
0.545173
0.545389
0.545625
0.545881
0.546156
0.546449
0.546761
0.547089
0.547433
0.547793
0.548166
0.548552
0.548950
0.549358
0.549777
0.550204
0.550638
0.551077
0.551520
0.551967
0.552416
0.552864
0.553311
0.553756
0.554195
0.554629
0.555055
0.555473
0.555879
0.556275
0.556656
0.557021
0.557368
0.557697
0.558006
0.558292
0.558554
0.558791
0.559000
0.559181
0.559331
0.559451
0.559535
0.559584
0.559597
0.559571
0.559505
0.559397
0.559246
0.559051
0.558810
0.558522
0.558185
0.557798
0.557360
0.556869
0.556324
0.555723
0.555068
0.554354
0.553583
0.552752
0.551860
0.550908
0.549893
0.548816
0.547675
0.546470
0.545200
0.543864
0.542463
0.540994
0.539460
0.537856
0.536186
0.534448
0.532642
0.530767
0.528824
0.526813
0.524733
0.522585
0.520370
0.518086
0.515734
0.513315
0.510829
0.508276
0.505658
0.502974
0.500225
0.497412
0.494536
0.491596
0.488595
0.485532
0.482408
0.479226
0.475984
0.472686
0.469331
0.465921
0.462457
0.458940
0.455371
0.451752
0.448084
0.444369
0.440607
0.436800
0.432949
0.429056
0.425122
0.421149
0.417139
0.413093
0.409012
0.404898
0.400753
0.396577
0.392374
0.388144
0.383889
0.379611
0.375311
0.370991
0.366653
0.362298
0.357928
0.353545
0.349150
0.344745
0.340331
0.335911
0.331486
0.327058
0.322627
0.318196
0.313767
0.309340
0.304917
0.300501
0.296091
0.291691
0.287300
0.282922
0.278557
0.274207
0.269872
0.265555
0.261257
0.256978
0.252720
0.248485
0.244273
0.240087
0.235926
0.231792
0.227686
0.223610
0.219563
0.215548
0.211565
0.207615
0.203699
0.199818
0.195973
0.192164
0.188391
0.184657
0.180961
0.177304
0.173687
0.170110
0.166575
0.163081
0.159628
0.156218
0.152851
0.149527
0.146246
0.143009
0.139816
0.136667
0.133563
0.130503
0.127489
0.124519
0.121595
0.118715
0.115881
0.113092
0.110349
0.107650
0.104997
0.102389
0.099826
0.097308
0.094834
0.092405
0.090021
0.087680
0.085383
0.083130
0.080921
0.078754
0.076630
0.074549
0.072510
0.070513
0.068557
0.066641
0.064767
0.062933
0.061138
0.059383
0.057667
0.055989
0.054349
0.052747
0.051182
0.049653
0.048161
0.046704
0.045282
0.043894
0.042541
0.041221
0.039934
0.038680
0.037457
0.036266
0.035106
0.033976
0.032876
0.031805
0.030763
0.029749
0.028763
0.027804
0.026871
0.025965
0.025084
0.024229
0.023397
0.022590
0.021806
0.021046
0.020307
0.019591
0.018896
0.018223
0.017569
0.016936
0.016323
0.015728
0.015152
0.014594
0.014054
0.013532
0.013026
0.012536
0.012063
0.011605
0.011162
0.010734
0.010320
0.009920
0.009534
0.009161
0.008801
0.008454
0.008118
0.007794
0.007482
0.007181
0.006890
0.006610
0.006340
0.006080
0.005829
0.005588
0.005355
0.005131
0.004916
0.004709
0.004509
0.004317
0.004132
0.003955
0.003784
0.003620
0.003463
0.003311
0.003166
0.003026
0.002892
0.002764
0.002640
0.002522
0.002408
0.002299
0.002195
0.002095
0.001999
0.001907
0.001819
0.001734
0.001654
0.001576
0.001502
0.001431
0.001364
0.001299
0.001237
0.001178
0.001121
0.001067
0.001015
0.000966
0.000918
0.000873
0.000830
0.000789
0.000750
0.000713
0.000677
0.000643
0.000611
0.000580
0.000550
0.000522
0.000496
0.000470
0.000446
0.000423
0.000401
0.000380
0.000360
0.000341
0.000323
0.000306
0.000290
0.000275
0.000260
0.000246
0.000233
0.000220
0.000208
0.000197
0.000186
0.000176
0.000166
0.000157
0.000148
0.000140
0.000132
0.000125
0.000118
0.000111
0.000105
0.000099
0.000094
0.000088
0.000083
0.000078
0.000074
0.000070
0.000066
0.000062
0.000058
0.000055
0.000052
0.000048
0.000046
0.000043
0.000040
0.000038
0.000036
0.000034
0.000032
0.000030
0.000028
0.000026
0.000025
0.000023
0.000022
0.000020
0.000019
0.000018
0.000017
0.000016
0.000015
0.000014
0.000013
0.000012
0.000011
0.000011
0.000010
0.000009
0.000009
0.000008
0.000008
0.000007
0.000007
0.000006
0.000006
0.000005
0.000005
0.000005
0.000004
0.000004
0.000004
0.000004
0.000003
0.000003
0.000003
0.000003
0.000003
0.000002
0.000002
0.000002
0.000002
0.000002
0.000002
0.000002
0.000001
0.000001
0.000001
0.000001
0.000001
0.000001
0.000001
0.000001
0.000001
0.000001
0.000001
0.000001
0.000001
0.000001
0.000001
0.000000
0.000000
0.000000
0.000000
0.000000
0.000000
0.000000
0.000000
0.000000
0.000000
0.000000
0.000000
0.000000
0.000000
0.000000
0.000000
0.000000
0.000000
0.000000
0.000000
0.000000
0.000000
0.000000
0.000000
0.000000
0.000000
0.000000
0.000000
0.000000
0.000000
0.000000
0.000000
0.000000
0.000000
0.000000
0.000000
0.000000
0.000000
0.000000
0.000000
0.000000
0.000000
0.000000
0.000000
0.000000
0.000000
0.000000
0.000000
0.000000
0.000000
0.000000
0.000000
0.000000
0.000000
0.000000
0.000000
0.000000
0.000000
0.000000
0.000000
0.000000
0.000000
0.000000
0.000000
0.000000
0.000000
0.000000
0.000000
0.000000
0.000000
0.000000
0.000000
0.000000
0.000000
0.000000
0.000000
0.000000
0.000000
0.000000
0.000000
0.000000
0.000000
0.000000
0.000000
0.000000
0.000000
0.000000
0.000000
0.000000
0.000000
0.000000
0.000000
0.000000
0.000000
0.000000
0.000000
0.000000
0.000000
0.000000
0.000000
0.000000
0.000000
0.000000
0.000000
0.000000
0.000000
0.000000
0.000000
0.000000
0.000000
0.000000
0.000000
0.000000
0.000000
0.000000
0.000000
0.000000
0.000000
0.000000
0.000000
0.000000
0.000000
0.000000
0.000000
0.000000
0.000000
0.000000
0.000000
0.000000
0.000000
0.000000
0.000000
0.000000
0.000000
0.000000
0.000000
0.000000
0.000000
0.000000
0.000000
0.000000
0.000000
0.000000
0.000000
0.000000
0.000000
0.000000
0.000000
0.000000
0.000000
0.000000
0.000000
0.000000
0.000000
0.000000
0.000000
0.000000
0.000000
0.000000
0.000000
0.000000
0.000000
0.000000
0.000000
0.000000
0.000000
0.000000
0.000000
0.000000
0.000000
0.000000
0.000000
0.000000
0.000000
0.000000
0.000000
0.000000
0.000000
0.000000
0.000000
0.000000
0.000000
0.000000
0.000000
0.000000
0.000000
0.000000
0.000000
0.000000
0.000000
0.000000
0.000000
0.000000
0.000000
0.000000
0.000000
0.000000
0.000000
0.000000
0.000000
0.000000
0.000000
0.000000
0.000000
0.000000
0.000000
0.000000
0.000000
0.000000
0.000000
0.000000
0.000000
0.000000
0.000000
0.000000
0.000000
0.000000
0.000000
0.000000
0.000000
0.000000
0.000000
0.000000
0.000000
0.000000
0.000000
0.000000
0.000000
0.000000
0.000000
0.000000
0.000000
0.000000
0.000000
0.000000
0.000000
0.000000
0.000000
0.000000
0.000000
0.000000
0.000000
0.000000
0.000000
0.000000
0.000000
0.000000
0.000000
0.000000
0.000000
