0.000328
0.000656
0.000986
0.001316
0.001649
0.001983
0.002321
0.002661
0.003006
0.003352
0.003707
0.004062
0.004427
0.004794
0.005171
0.005552
0.005941
0.006339
0.006742
0.007159
0.007579
0.008014
0.008455
0.008908
0.009375
0.009847
0.010340
0.010837
0.011351
0.011881
0.012418
0.012979
0.013548
0.014132
0.014741
0.015355
0.015994
0.016652
0.017318
0.018015
0.018727
0.019451
0.020209
0.020982
0.021769
0.022592
0.023432
0.024285
0.025177
0.026093
0.027018
0.027979
0.028977
0.029984
0.031016
0.032094
0.033196
0.034310
0.035460
0.036657
0.037878
0.039111
0.040381
0.041703
0.043059
0.044428
0.045820
0.047260
0.048755
0.050287
0.051837
0.053405
0.055006
0.056658
0.058367
0.060131
0.061939
0.063783
0.065660
0.067569
0.069513
0.071494
0.073514
0.075575
0.077677
0.079822
0.082010
0.084241
0.086515
0.088833
0.091195
0.093601
0.096052
0.098548
0.101088
0.103673
0.106303
0.108978
0.111698
0.114464
0.117274
0.120130
0.123031
0.125978
0.128969
0.132005
0.135086
0.138212
0.141382
0.144596
0.147854
0.151155
0.154500
0.157887
0.161317
0.164789
0.168303
0.171858
0.175453
0.179088
0.182763
0.186477
0.190228
0.194017
0.197843
0.201704
0.205601
0.209532
0.213497
0.217494
0.221522
0.225581
0.229669
0.233787
0.237931
0.242102
0.246298
0.250519
0.254762
0.259027
0.263312
0.267616
0.271938
0.276277
0.280631
0.284999
0.289379
0.293770
0.298170
0.302578
0.306993
0.311412
0.315835
0.320260
0.324685
0.329108
0.333529
0.337946
0.342355
0.346758
0.351150
0.355532
0.359901
0.364256
0.368594
0.372914
0.377215
0.381496
0.385753
0.389985
0.394192
0.398371
0.402521
0.406639
0.410725
0.414778
0.418794
0.422772
0.426713
0.430613
0.434471
0.438285
0.442056
0.445780
0.449457
0.453084
0.456662
0.460188
0.463661
0.467080
0.470445
0.473753
0.477004
0.480197
0.483330
0.486403
0.489414
0.492364
0.495250
0.498073
0.500831
0.503525
0.506152
0.508713
0.511208
0.513635
0.515995
0.518287
0.520510
0.522664
0.524751
0.526768
0.528716
0.530596
0.532407
0.534149
0.535822
0.537426
0.538964
0.540432
0.541835
0.543170
0.544438
0.545641
0.546779
0.547853
0.548861
0.549809
0.550692
0.551516
0.552279
0.552983
0.553629
0.554218
0.554751
0.555229
0.555653
0.556025
0.556346
0.556617
0.556839
0.557015
0.557145
0.557231
0.557275
0.557277
0.557240
0.557165
0.557053
0.556909
0.556730
0.556520
0.556280
0.556012
0.555717
0.555399
0.555057
0.554693
0.554310
0.553909
0.553491
0.553060
0.552615
0.552159
0.551693
0.551219
0.550738
0.550253
0.549765
0.549275
0.548785
0.548297
0.547811
0.547329
0.546854
0.546384
0.545924
0.545473
0.545034
0.544606
0.544191
0.543791
0.543407
0.543038
0.542688
0.542354
0.542040
0.541746
0.541473
0.541221
0.540991
0.540785
0.540601
0.540440
0.540304
0.540192
0.540104
0.540042
0.540005
0.539992
0.540005
0.540043
0.540105
0.540192
0.540305
0.540441
0.540602
0.540785
0.540992
0.541222
0.541474
0.541746
0.542040
0.542354
0.542687
0.543038
0.543407
0.543792
0.544192
0.544607
0.545034
0.545474
0.545925
0.546386
0.546854
0.547330
0.547812
0.548297
0.548786
0.549276
0.549765
0.550254
0.550738
0.551218
0.551691
0.552157
0.552613
0.553059
0.553491
0.553908
0.554309
0.554692
0.555055
0.555397
0.555717
0.556011
0.556279
0.556519
0.556729
0.556908
0.557054
0.557166
0.557240
0.557277
0.557275
0.557231
0.557145
0.557015
0.556840
0.556617
0.556346
0.556026
0.555654
0.555231
0.554753
0.554220
0.553631
0.552986
0.552282
0.551519
0.550695
0.549811
0.548864
0.547854
0.546781
0.545644
0.544440
0.543172
0.541837
0.540435
0.538966
0.537429
0.535824
0.534151
0.532410
0.530599
0.528720
0.526772
0.524754
0.522668
0.520514
0.518291
0.516000
0.513640
0.511213
0.508718
0.506157
0.503529
0.500836
0.498078
0.495255
0.492369
0.489420
0.486408
0.483335
0.480201
0.477008
0.473757
0.470449
0.467084
0.463664
0.460191
0.456664
0.453087
0.449459
0.445782
0.442059
0.438288
0.434473
0.430615
0.426714
0.422774
0.418795
0.414779
0.410727
0.406641
0.402523
0.398373
0.394194
0.389987
0.385754
0.381498
0.377218
0.372917
0.368596
0.364258
0.359903
0.355534
0.351153
0.346760
0.342358
0.337948
0.333532
0.329111
0.324688
0.320263
0.315839
0.311416
0.306997
0.302582
0.298174
0.293774
0.289383
0.285003
0.280636
0.276282
0.271944
0.267622
0.263317
0.259032
0.254767
0.250524
0.246304
0.242108
0.237937
0.233792
0.229675
0.225586
0.221527
0.217499
0.213502
0.209538
0.205607
0.201710
0.197849
0.194024
0.190234
0.186483
0.182769
0.179094
0.175459
0.171864
0.168309
0.164795
0.161323
0.157893
0.154505
0.151161
0.147859
0.144601
0.141387
0.138217
0.135092
0.132011
0.128975
0.125983
0.123037
0.120136
0.117280
0.114469
0.111703
0.108983
0.106308
0.103678
0.101093
0.098552
0.096057
0.093606
0.091200
0.088838
0.086519
0.084245
0.082014
0.079826
0.077681
0.075579
0.073519
0.071501
0.069525
0.067590
0.065695
0.063841
0.062027
0.060253
0.058517
0.056820
0.055162
0.053541
0.051957
0.050411
0.048900
0.047426
0.045986
0.044582
0.043212
0.041875
0.040572
0.039301
0.038063
0.036856
0.035681
0.034536
0.033421
0.032336
0.031280
0.030252
0.029252
0.028279
0.027334
0.026414
0.025521
0.024653
0.023809
0.022990
0.022195
0.021423
0.020673
0.019946
0.019241
0.018557
0.017893
0.017250
0.016627
0.016023
0.015438
0.014871
0.014322
0.013791
0.013276
0.012779
0.012297
0.011832
0.011381
0.010946
0.010525
0.010118
0.009726
0.009346
0.008980
0.008626
0.008284
0.007955
0.007637
0.007330
0.007034
0.006749
0.006474
0.006209
0.005953
0.005707
0.005470
0.005242
0.005023
0.004811
0.004608
0.004412
0.004224
0.004043
0.003869
0.003702
0.003541
0.003386
0.003238
0.003096
0.002959
0.002827
0.002701
0.002580
0.002464
0.002353
0.002246
0.002144
0.002046
0.001952
0.001862
0.001776
0.001693
0.001614
0.001539
0.001466
0.001397
0.001331
0.001267
0.001207
0.001149
0.001094
0.001041
0.000990
0.000942
0.000896
0.000852
0.000810
0.000770
0.000731
0.000695
0.000660
0.000627
0.000595
0.000565
0.000536
0.000509
0.000483
0.000458
0.000434
0.000412
0.000390
0.000370
0.000351
0.000332
0.000315
0.000298
0.000282
0.000267
0.000253
0.000239
0.000226
0.000214
0.000203
0.000192
0.000181
0.000171
0.000162
0.000153
0.000144
0.000136
0.000129
0.000121
0.000115
0.000108
0.000102
0.000096
0.000091
0.000086
0.000081
0.000076
0.000072
0.000068
0.000064
0.000060
0.000056
0.000053
0.000050
0.000047
0.000044
0.000042
0.000039
0.000037
0.000035
0.000033
0.000031
0.000029
0.000027
0.000025
0.000024
0.000022
0.000021
0.000020
0.000018
0.000017
0.000016
0.000015
0.000014
0.000013
0.000013
0.000012
0.000011
0.000010
0.000010
0.000009
0.000008
0.000008
0.000007
0.000007
0.000006
0.000006
0.000006
0.000005
0.000005
0.000005
0.000004
0.000004
0.000004
0.000004
0.000003
0.000003
0.000003
0.000003
0.000002
0.000002
0.000002
0.000002
0.000002
0.000002
0.000002
0.000002
0.000001
0.000001
0.000001
0.000001
0.000001
0.000001
0.000001
0.000001
0.000001
0.000001
0.000001
0.000001
0.000001
0.000001
0.000001
0.000000
0.000000
0.000000
0.000000
0.000000
0.000000
0.000000
0.000000
0.000000
0.000000
0.000000
0.000000
0.000000
0.000000
0.000000
0.000000
0.000000
0.000000
0.000000
0.000000
0.000000
0.000000
0.000000
0.000000
0.000000
0.000000
0.000000
0.000000
0.000000
0.000000
0.000000
0.000000
0.000000
0.000000
0.000000
0.000000
0.000000
0.000000
0.000000
0.000000
0.000000
0.000000
0.000000
0.000000
0.000000
0.000000
0.000000
0.000000
0.000000
0.000000
0.000000
0.000000
0.000000
0.000000
0.000000
0.000000
0.000000
0.000000
0.000000
0.000000
0.000000
0.000000
0.000000
0.000000
0.000000
0.000000
0.000000
0.000000
0.000000
0.000000
0.000000
0.000000
0.000000
0.000000
0.000000
0.000000
0.000000
0.000000
0.000000
0.000000
0.000000
0.000000
0.000000
0.000000
0.000000
0.000000
0.000000
0.000000
0.000000
0.000000
0.000000
0.000000
0.000000
0.000000
0.000000
0.000000
0.000000
0.000000
0.000000
0.000000
0.000000
0.000000
0.000000
0.000000
0.000000
0.000000
0.000000
0.000000
0.000000
0.000000
0.000000
0.000000
0.000000
0.000000
0.000000
0.000000
0.000000
0.000000
0.000000
0.000000
0.000000
0.000000
0.000000
0.000000
0.000000
0.000000
0.000000
0.000000
0.000000
0.000000
0.000000
0.000000
0.000000
0.000000
0.000000
0.000000
0.000000
0.000000
0.000000
0.000000
0.000000
0.000000
0.000000
0.000000
0.000000
0.000000
0.000000
0.000000
0.000000
0.000000
0.000000
0.000000
0.000000
0.000000
0.000000
0.000000
0.000000
0.000000
0.000000
0.000000
0.000000
0.000000
0.000000
0.000000
0.000000
0.000000
0.000000
0.000000
0.000000
0.000000
0.000000
0.000000
0.000000
0.000000
0.000000
0.000000
0.000000
0.000000
0.000000
0.000000
0.000000
0.000000
0.000000
0.000000
0.000000
0.000000
0.000000
0.000000
0.000000
0.000000
0.000000
0.000000
0.000000
0.000000
0.000000
0.000000
0.000000
0.000000
0.000000
0.000000
0.000000
0.000000
0.000000
0.000000
0.000000
0.000000
0.000000
0.000000
0.000000
0.000000
0.000000
0.000000
0.000000
0.000000
0.000000
0.000000
0.000000
0.000000
0.000000
0.000000
0.000000
0.000000
0.000000
0.000000
0.000000
0.000000
0.000000
0.000000
0.000000
0.000000
0.000000
0.000000
0.000000
0.000000
0.000000
0.000000
0.000000
0.000000
0.000000
0.000000
0.000000
0.000000
0.000000
0.000000
0.000000
0.000000
0.000000
0.000000
0.000000
