0.000335
0.000669
0.001006
0.001342
0.001682
0.002022
0.002368
0.002714
0.003066
0.003419
0.003780
0.004144
0.004514
0.004890
0.005272
0.005663
0.006057
0.006464
0.006874
0.007298
0.007727
0.008168
0.008621
0.009078
0.009555
0.010036
0.010535
0.011045
0.011564
0.012106
0.012652
0.013219
0.013803
0.014393
0.015012
0.015640
0.016284
0.016956
0.017634
0.018336
0.019065
0.019801
0.020565
0.021356
0.022154
0.022983
0.023843
0.024710
0.025607
0.026540
0.027484
0.028451
0.029461
0.030492
0.031535
0.032620
0.033743
0.034879
0.036037
0.037244
0.038488
0.039744
0.041024
0.042354
0.043730
0.045127
0.046539
0.047988
0.049492
0.051044
0.052623
0.054217
0.055836
0.057499
0.059218
0.060995
0.062821
0.064687
0.066588
0.068521
0.070488
0.072491
0.074533
0.076615
0.078739
0.080905
0.083114
0.085366
0.087662
0.090002
0.092385
0.094813
0.097286
0.099803
0.102365
0.104972
0.107624
0.110322
0.113064
0.115851
0.118684
0.121562
0.124485
0.127453
0.130466
0.133524
0.136626
0.139773
0.142964
0.146199
0.149478
0.152800
0.156165
0.159573
0.163023
0.166514
0.170047
0.173621
0.177235
0.180889
0.184581
0.188312
0.192081
0.195886
0.199728
0.203605
0.207517
0.211463
0.215442
0.219452
0.223493
0.227565
0.231665
0.235793
0.239949
0.244129
0.248335
0.252564
0.256814
0.261086
0.265378
0.269687
0.274014
0.278356
0.282713
0.287083
0.291464
0.295855
0.300255
0.304661
0.309073
0.313489
0.317908
0.322327
0.326745
0.331162
0.335574
0.339981
0.344380
0.348771
0.353151
0.357519
0.361873
0.366211
0.370533
0.374835
0.379117
0.383377
0.387612
0.391822
0.396005
0.400159
0.404283
0.408374
0.412432
0.416455
0.420440
0.424387
0.428295
0.432161
0.435984
0.439763
0.443496
0.447182
0.450819
0.454406
0.457942
0.461425
0.464855
0.468230
0.471549
0.474811
0.478014
0.481157
0.484241
0.487263
0.490223
0.493121
0.495954
0.498722
0.501426
0.504063
0.506634
0.509138
0.511575
0.513944
0.516244
0.518475
0.520637
0.522731
0.524755
0.526710
0.528595
0.530411
0.532158
0.533835
0.535443
0.536982
0.538454
0.539856
0.541193
0.542461
0.543663
0.544798
0.545869
0.546875
0.547816
0.548696
0.549512
0.550268
0.550964
0.551600
0.552178
0.552700
0.553166
0.553577
0.553935
0.554240
0.554495
0.554700
0.554856
0.554967
0.555033
0.555055
0.555034
0.554973
0.554874
0.554737
0.554564
0.554358
0.554120
0.553850
0.553551
0.553225
0.552874
0.552499
0.552101
0.551683
0.551246
0.550792
0.550323
0.549840
0.549346
0.548841
0.548327
0.547806
0.547280
0.546750
0.546219
0.545687
0.545156
0.544628
0.544103
0.543584
0.543073
0.542569
0.542074
0.541592
0.541121
0.540663
0.540220
0.539794
0.539384
0.538992
0.538618
0.538263
0.537929
0.537617
0.537327
0.537060
0.536816
0.536596
0.536402
0.536232
0.536087
0.535968
0.535875
0.535810
0.535770
0.535757
0.535770
0.535810
0.535876
0.535969
0.536088
0.536232
0.536402
0.536597
0.536817
0.537061
0.537328
0.537618
0.537930
0.538263
0.538617
0.538991
0.539384
0.539795
0.540222
0.540664
0.541121
0.541593
0.542076
0.542570
0.543073
0.543585
0.544104
0.544629
0.545157
0.545688
0.546219
0.546750
0.547280
0.547805
0.548325
0.548839
0.549344
0.549839
0.550322
0.550791
0.551245
0.551682
0.552100
0.552497
0.552873
0.553224
0.553550
0.553849
0.554119
0.554357
0.554565
0.554737
0.554875
0.554974
0.555035
0.555055
0.555033
0.554968
0.554857
0.554700
0.554495
0.554241
0.553936
0.553579
0.553168
0.552702
0.552181
0.551603
0.550967
0.550271
0.549515
0.548698
0.547819
0.546877
0.545871
0.544800
0.543664
0.542463
0.541195
0.539859
0.538456
0.536985
0.535446
0.533837
0.532160
0.530414
0.528598
0.526713
0.524759
0.522735
0.520642
0.518480
0.516249
0.513948
0.511580
0.509143
0.506639
0.504068
0.501431
0.498727
0.495959
0.493126
0.490229
0.487269
0.484246
0.481162
0.478018
0.474814
0.471553
0.468233
0.464858
0.461429
0.457945
0.454409
0.450821
0.447184
0.443499
0.439766
0.435987
0.432163
0.428297
0.424389
0.420442
0.416456
0.412433
0.408376
0.404285
0.400161
0.396007
0.391824
0.387614
0.383378
0.379119
0.374837
0.370535
0.366214
0.361875
0.357521
0.353153
0.348773
0.344383
0.339984
0.335577
0.331165
0.326748
0.322330
0.317911
0.313493
0.309077
0.304665
0.300259
0.295859
0.291468
0.287087
0.282718
0.278361
0.274019
0.269692
0.265383
0.261091
0.256820
0.252569
0.248340
0.244135
0.239954
0.235799
0.231671
0.227570
0.223499
0.219457
0.215447
0.211469
0.207523
0.203611
0.199734
0.195893
0.192087
0.188318
0.184587
0.180894
0.177241
0.173627
0.170053
0.166520
0.163028
0.159578
0.156171
0.152806
0.149484
0.146205
0.142970
0.139779
0.136632
0.133529
0.130472
0.127459
0.124490
0.121567
0.118689
0.115857
0.113069
0.110327
0.107629
0.104977
0.102370
0.099808
0.097291
0.094818
0.092390
0.090006
0.087666
0.085370
0.083118
0.080909
0.078743
0.076620
0.074539
0.072501
0.070504
0.068548
0.066634
0.064760
0.062926
0.061132
0.059377
0.057661
0.055984
0.054344
0.052742
0.051177
0.049649
0.048156
0.046700
0.045278
0.043891
0.042538
0.041218
0.039931
0.038677
0.037455
0.036264
0.035104
0.033974
0.032874
0.031803
0.030761
0.029747
0.028761
0.027802
0.026870
0.025964
0.025083
0.024227
0.023396
0.022589
0.021806
0.021045
0.020307
0.019590
0.018896
0.018222
0.017569
0.016936
0.016322
0.015728
0.015152
0.014594
0.014054
0.013531
0.013025
0.012536
0.012062
0.011604
0.011162
0.010734
0.010320
0.009920
0.009534
0.009161
0.008801
0.008453
0.008118
0.007794
0.007482
0.007180
0.006890
0.006610
0.006340
0.006080
0.005829
0.005588
0.005355
0.005131
0.004916
0.004708
0.004509
0.004317
0.004132
0.003955
0.003784
0.003620
0.003463
0.003311
0.003166
0.003026
0.002892
0.002764
0.002640
0.002522
0.002408
0.002299
0.002195
0.002095
0.001999
0.001907
0.001819
0.001734
0.001654
0.001576
0.001502
0.001431
0.001364
0.001299
0.001237
0.001178
0.001121
0.001067
0.001015
0.000966
0.000918
0.000873
0.000830
0.000789
0.000750
0.000713
0.000677
0.000643
0.000611
0.000580
0.000550
0.000522
0.000496
0.000470
0.000446
0.000423
0.000401
0.000380
0.000360
0.000341
0.000323
0.000306
0.000290
0.000275
0.000260
0.000246
0.000233
0.000220
0.000208
0.000197
0.000186
0.000176
0.000166
0.000157
0.000148
0.000140
0.000132
0.000125
0.000118
0.000111
0.000105
0.000099
0.000094
0.000088
0.000083
0.000078
0.000074
0.000070
0.000066
0.000062
0.000058
0.000055
0.000052
0.000048
0.000046
0.000043
0.000040
0.000038
0.000036
0.000034
0.000032
0.000030
0.000028
0.000026
0.000025
0.000023
0.000022
0.000020
0.000019
0.000018
0.000017
0.000016
0.000015
0.000014
0.000013
0.000012
0.000011
0.000011
0.000010
0.000009
0.000009
0.000008
0.000008
0.000007
0.000007
0.000006
0.000006
0.000005
0.000005
0.000005
0.000004
0.000004
0.000004
0.000004
0.000003
0.000003
0.000003
0.000003
0.000003
0.000002
0.000002
0.000002
0.000002
0.000002
0.000002
0.000002
0.000001
0.000001
0.000001
0.000001
0.000001
0.000001
0.000001
0.000001
0.000001
0.000001
0.000001
0.000001
0.000001
0.000001
0.000001
0.000000
0.000000
0.000000
0.000000
0.000000
0.000000
0.000000
0.000000
0.000000
0.000000
0.000000
0.000000
0.000000
0.000000
0.000000
0.000000
0.000000
0.000000
0.000000
0.000000
0.000000
0.000000
0.000000
0.000000
0.000000
0.000000
0.000000
0.000000
0.000000
0.000000
0.000000
0.000000
0.000000
0.000000
0.000000
0.000000
0.000000
0.000000
0.000000
0.000000
0.000000
0.000000
0.000000
0.000000
0.000000
0.000000
0.000000
0.000000
0.000000
0.000000
0.000000
0.000000
0.000000
0.000000
0.000000
0.000000
0.000000
0.000000
0.000000
0.000000
0.000000
0.000000
0.000000
0.000000
0.000000
0.000000
0.000000
0.000000
0.000000
0.000000
0.000000
0.000000
0.000000
0.000000
0.000000
0.000000
0.000000
0.000000
0.000000
0.000000
0.000000
0.000000
0.000000
0.000000
0.000000
0.000000
0.000000
0.000000
0.000000
0.000000
0.000000
0.000000
0.000000
0.000000
0.000000
0.000000
0.000000
0.000000
0.000000
0.000000
0.000000
0.000000
0.000000
0.000000
0.000000
0.000000
0.000000
0.000000
0.000000
0.000000
0.000000
0.000000
0.000000
0.000000
0.000000
0.000000
0.000000
0.000000
0.000000
0.000000
0.000000
0.000000
0.000000
0.000000
0.000000
0.000000
0.000000
0.000000
0.000000
0.000000
0.000000
0.000000
0.000000
0.000000
0.000000
0.000000
0.000000
0.000000
0.000000
0.000000
0.000000
0.000000
0.000000
0.000000
0.000000
0.000000
0.000000
0.000000
0.000000
0.000000
0.000000
0.000000
0.000000
0.000000
0.000000
0.000000
0.000000
0.000000
0.000000
0.000000
0.000000
0.000000
0.000000
0.000000
0.000000
0.000000
0.000000
0.000000
0.000000
0.000000
0.000000
0.000000
0.000000
0.000000
0.000000
0.000000
0.000000
0.000000
0.000000
0.000000
0.000000
0.000000
0.000000
0.000000
0.000000
0.000000
0.000000
0.000000
0.000000
0.000000
0.000000
0.000000
0.000000
0.000000
0.000000
0.000000
0.000000
0.000000
0.000000
0.000000
0.000000
0.000000
0.000000
0.000000
0.000000
0.000000
0.000000
0.000000
0.000000
0.000000
0.000000
0.000000
0.000000
0.000000
0.000000
0.000000
0.000000
0.000000
0.000000
0.000000
0.000000
0.000000
0.000000
0.000000
0.000000
0.000000
0.000000
0.000000
0.000000
0.000000
0.000000
0.000000
0.000000
0.000000
0.000000
0.000000
0.000000
0.000000
0.000000
0.000000
0.000000
0.000000
0.000000
0.000000
0.000000
0.000000
0.000000
0.000000
0.000000
