0.000341
0.000683
0.001026
0.001369
0.001715
0.002063
0.002414
0.002768
0.003126
0.003488
0.003854
0.004227
0.004602
0.004988
0.005375
0.005774
0.006176
0.006589
0.007009
0.007438
0.007879
0.008324
0.008787
0.009254
0.009737
0.010230
0.010733
0.011256
0.011783
0.012331
0.012892
0.013463
0.014059
0.014661
0.015285
0.015929
0.016581
0.017261
0.017957
0.018664
0.019405
0.020158
0.020927
0.021731
0.022547
0.023382
0.024255
0.025142
0.026045
0.026990
0.027956
0.028934
0.029951
0.031003
0.032065
0.033155
0.034293
0.035453
0.036627
0.037840
0.039101
0.040384
0.041681
0.043017
0.044407
0.045830
0.047267
0.048729
0.050241
0.051808
0.053413
0.055036
0.056678
0.058355
0.060084
0.061871
0.063713
0.065600
0.067524
0.069481
0.071472
0.073498
0.075562
0.077666
0.079811
0.081998
0.084229
0.086502
0.088820
0.091181
0.093587
0.096037
0.098531
0.101070
0.103654
0.106283
0.108957
0.111677
0.114441
0.117250
0.120105
0.123005
0.125950
0.128940
0.131974
0.135054
0.138178
0.141346
0.144558
0.147814
0.151113
0.154456
0.157841
0.161269
0.164739
0.168250
0.171802
0.175394
0.179027
0.182698
0.186409
0.190157
0.193943
0.197765
0.201622
0.205515
0.209442
0.213402
0.217395
0.221418
0.225473
0.229556
0.233668
0.237807
0.241972
0.246163
0.250377
0.254614
0.258872
0.263150
0.267448
0.271762
0.276093
0.280439
0.284798
0.289170
0.293552
0.297942
0.302341
0.306746
0.311155
0.315567
0.319980
0.324394
0.328806
0.333214
0.337618
0.342014
0.346403
0.350781
0.355148
0.359502
0.363841
0.368163
0.372467
0.376751
0.381013
0.385252
0.389465
0.393652
0.397811
0.401940
0.406037
0.410101
0.414130
0.418123
0.422077
0.425992
0.429867
0.433699
0.437486
0.441229
0.444924
0.448571
0.452169
0.455715
0.459209
0.462650
0.466035
0.469365
0.472638
0.475853
0.479008
0.482103
0.485137
0.488108
0.491017
0.493862
0.496641
0.499356
0.502004
0.504586
0.507100
0.509546
0.511925
0.514235
0.516475
0.518646
0.520748
0.522780
0.524742
0.526634
0.528456
0.530208
0.531891
0.533504
0.535047
0.536521
0.537927
0.539264
0.540534
0.541736
0.542871
0.543939
0.544943
0.545881
0.546756
0.547567
0.548317
0.549005
0.549633
0.550202
0.550714
0.551168
0.551568
0.551912
0.552203
0.552442
0.552632
0.552771
0.552863
0.552908
0.552910
0.552868
0.552784
0.552661
0.552498
0.552300
0.552067
0.551800
0.551502
0.551173
0.550816
0.550432
0.550024
0.549593
0.549141
0.548669
0.548178
0.547671
0.547151
0.546618
0.546074
0.545521
0.544960
0.544392
0.543821
0.543247
0.542673
0.542099
0.541528
0.540960
0.540397
0.539841
0.539294
0.538755
0.538228
0.537714
0.537212
0.536725
0.536254
0.535801
0.535366
0.534950
0.534553
0.534178
0.533824
0.533493
0.533187
0.532904
0.532647
0.532414
0.532209
0.532029
0.531876
0.531751
0.531653
0.531583
0.531542
0.531527
0.531542
0.531584
0.531654
0.531752
0.531877
0.532030
0.532209
0.532415
0.532648
0.532906
0.533188
0.533495
0.533825
0.534177
0.534552
0.534949
0.535366
0.535802
0.536255
0.536726
0.537212
0.537714
0.538229
0.538756
0.539294
0.539842
0.540398
0.540960
0.541528
0.542099
0.542673
0.543247
0.543821
0.544391
0.544958
0.545518
0.546073
0.546617
0.547150
0.547670
0.548177
0.548667
0.549139
0.549592
0.550023
0.550431
0.550815
0.551172
0.551501
0.551799
0.552066
0.552300
0.552499
0.552661
0.552785
0.552869
0.552910
0.552909
0.552863
0.552771
0.552632
0.552444
0.552205
0.551913
0.551569
0.551171
0.550716
0.550206
0.549636
0.549008
0.548319
0.547570
0.546758
0.545883
0.544944
0.543941
0.542872
0.541737
0.540535
0.539266
0.537929
0.536524
0.535050
0.533506
0.531894
0.530212
0.528459
0.526638
0.524746
0.522784
0.520752
0.518651
0.516480
0.514239
0.511930
0.509552
0.507105
0.504591
0.502009
0.499361
0.496646
0.493867
0.491022
0.488114
0.485142
0.482108
0.479013
0.475857
0.472642
0.469369
0.466039
0.462653
0.459212
0.455718
0.452171
0.448573
0.444927
0.441231
0.437489
0.433701
0.429869
0.425994
0.422079
0.418124
0.414131
0.410102
0.406039
0.401942
0.397813
0.393654
0.389467
0.385253
0.381015
0.376753
0.372469
0.368165
0.363843
0.359504
0.355150
0.350784
0.346405
0.342017
0.337620
0.333217
0.328809
0.324397
0.319984
0.315571
0.311159
0.306750
0.302345
0.297947
0.293556
0.289174
0.284803
0.280444
0.276098
0.271767
0.267453
0.263156
0.258877
0.254619
0.250382
0.246168
0.241978
0.237813
0.233674
0.229562
0.225478
0.221424
0.217400
0.213408
0.209448
0.205521
0.201628
0.197771
0.193949
0.190163
0.186415
0.182704
0.179033
0.175400
0.171807
0.168255
0.164744
0.161275
0.157847
0.154462
0.151119
0.147820
0.144564
0.141351
0.138183
0.135059
0.131980
0.128945
0.125955
0.123010
0.120111
0.117256
0.114446
0.111682
0.108962
0.106288
0.103659
0.101075
0.098536
0.096041
0.093591
0.091186
0.088824
0.086507
0.084233
0.082003
0.079816
0.077671
0.075570
0.073510
0.071493
0.069517
0.067582
0.065688
0.063834
0.062021
0.060246
0.058511
0.056815
0.055157
0.053536
0.051953
0.050406
0.048896
0.047422
0.045983
0.044578
0.043208
0.041872
0.040569
0.039299
0.038061
0.036854
0.035679
0.034534
0.033419
0.032334
0.031278
0.030250
0.029250
0.028278
0.027332
0.026413
0.025520
0.024652
0.023808
0.022989
0.022194
0.021422
0.020673
0.019945
0.019240
0.018556
0.017893
0.017250
0.016626
0.016022
0.015437
0.014870
0.014322
0.013790
0.013276
0.012778
0.012297
0.011831
0.011381
0.010946
0.010525
0.010118
0.009725
0.009346
0.008979
0.008626
0.008284
0.007954
0.007636
0.007330
0.007034
0.006749
0.006474
0.006209
0.005953
0.005707
0.005470
0.005242
0.005023
0.004811
0.004608
0.004412
0.004224
0.004043
0.003869
0.003702
0.003541
0.003386
0.003238
0.003095
0.002959
0.002827
0.002701
0.002580
0.002464
0.002353
0.002246
0.002144
0.002046
0.001952
0.001862
0.001776
0.001693
0.001614
0.001539
0.001466
0.001397
0.001331
0.001267
0.001207
0.001149
0.001094
0.001041
0.000990
0.000942
0.000896
0.000852
0.000810
0.000770
0.000731
0.000695
0.000660
0.000627
0.000595
0.000565
0.000536
0.000509
0.000483
0.000458
0.000434
0.000412
0.000390
0.000370
0.000351
0.000332
0.000315
0.000298
0.000282
0.000267
0.000253
0.000239
0.000226
0.000214
0.000203
0.000192
0.000181
0.000171
0.000162
0.000153
0.000144
0.000136
0.000129
0.000121
0.000115
0.000108
0.000102
0.000096
0.000091
0.000086
0.000081
0.000076
0.000072
0.000068
0.000064
0.000060
0.000056
0.000053
0.000050
0.000047
0.000044
0.000042
0.000039
0.000037
0.000035
0.000033
0.000031
0.000029
0.000027
0.000025
0.000024
0.000022
0.000021
0.000020
0.000018
0.000017
0.000016
0.000015
0.000014
0.000013
0.000013
0.000012
0.000011
0.000010
0.000010
0.000009
0.000008
0.000008
0.000007
0.000007
0.000006
0.000006
0.000006
0.000005
0.000005
0.000005
0.000004
0.000004
0.000004
0.000004
0.000003
0.000003
0.000003
0.000003
0.000002
0.000002
0.000002
0.000002
0.000002
0.000002
0.000002
0.000002
0.000001
0.000001
0.000001
0.000001
0.000001
0.000001
0.000001
0.000001
0.000001
0.000001
0.000001
0.000001
0.000001
0.000001
0.000001
0.000000
0.000000
0.000000
0.000000
0.000000
0.000000
0.000000
0.000000
0.000000
0.000000
0.000000
0.000000
0.000000
0.000000
0.000000
0.000000
0.000000
0.000000
0.000000
0.000000
0.000000
0.000000
0.000000
0.000000
0.000000
0.000000
0.000000
0.000000
0.000000
0.000000
0.000000
0.000000
0.000000
0.000000
0.000000
0.000000
0.000000
0.000000
0.000000
0.000000
0.000000
0.000000
0.000000
0.000000
0.000000
0.000000
0.000000
0.000000
0.000000
0.000000
0.000000
0.000000
0.000000
0.000000
0.000000
0.000000
0.000000
0.000000
0.000000
0.000000
0.000000
0.000000
0.000000
0.000000
0.000000
0.000000
0.000000
0.000000
0.000000
0.000000
0.000000
0.000000
0.000000
0.000000
0.000000
0.000000
0.000000
0.000000
0.000000
0.000000
0.000000
0.000000
0.000000
0.000000
0.000000
0.000000
0.000000
0.000000
0.000000
0.000000
0.000000
0.000000
0.000000
0.000000
0.000000
0.000000
0.000000
0.000000
0.000000
0.000000
0.000000
0.000000
0.000000
0.000000
0.000000
0.000000
0.000000
0.000000
0.000000
0.000000
0.000000
0.000000
0.000000
0.000000
0.000000
0.000000
0.000000
0.000000
0.000000
0.000000
0.000000
0.000000
0.000000
0.000000
0.000000
0.000000
0.000000
0.000000
0.000000
0.000000
0.000000
0.000000
0.000000
0.000000
0.000000
0.000000
0.000000
0.000000
0.000000
0.000000
0.000000
0.000000
0.000000
0.000000
0.000000
0.000000
0.000000
0.000000
0.000000
0.000000
0.000000
0.000000
0.000000
0.000000
0.000000
0.000000
0.000000
0.000000
0.000000
0.000000
0.000000
0.000000
0.000000
0.000000
0.000000
0.000000
0.000000
0.000000
0.000000
0.000000
0.000000
0.000000
0.000000
0.000000
0.000000
0.000000
0.000000
0.000000
0.000000
0.000000
0.000000
0.000000
0.000000
0.000000
0.000000
0.000000
0.000000
0.000000
0.000000
0.000000
0.000000
0.000000
0.000000
0.000000
0.000000
0.000000
0.000000
0.000000
0.000000
0.000000
0.000000
0.000000
0.000000
0.000000
0.000000
0.000000
0.000000
0.000000
0.000000
0.000000
0.000000
0.000000
0.000000
0.000000
0.000000
0.000000
0.000000
0.000000
0.000000
0.000000
0.000000
0.000000
0.000000
0.000000
0.000000
0.000000
0.000000
0.000000
0.000000
0.000000
0.000000
0.000000
0.000000
0.000000
0.000000
0.000000
0.000000
0.000000
0.000000
0.000000
0.000000
0.000000
0.000000
0.000000
0.000000
0.000000
0.000000
0.000000
