0.000348
0.000697
0.001046
0.001397
0.001749
0.002105
0.002462
0.002824
0.003187
0.003558
0.003930
0.004310
0.004693
0.005085
0.005481
0.005886
0.006298
0.006716
0.007147
0.007581
0.008031
0.008485
0.008954
0.009433
0.009920
0.010426
0.010936
0.011467
0.012007
0.012560
0.013134
0.013714
0.014317
0.014935
0.015563
0.016220
0.016885
0.017570
0.018282
0.019001
0.019748
0.020518
0.021298
0.022109
0.022945
0.023790
0.024670
0.025578
0.026494
0.027445
0.028430
0.029426
0.030450
0.031517
0.032602
0.033703
0.034848
0.036031
0.037226
0.038448
0.039719
0.041026
0.042347
0.043694
0.045092
0.046537
0.048001
0.049483
0.051004
0.052581
0.054207
0.055859
0.057528
0.059223
0.060964
0.062761
0.064616
0.066522
0.068468
0.070450
0.072465
0.074514
0.076601
0.078727
0.080894
0.083102
0.085354
0.087650
0.089989
0.092372
0.094799
0.097271
0.099787
0.102348
0.104955
0.107606
0.110302
0.113043
0.115829
0.118661
0.121537
0.124459
0.127426
0.130437
0.133494
0.136595
0.139740
0.142929
0.146162
0.149439
0.152759
0.156122
0.159528
0.162976
0.166465
0.169995
0.173566
0.177177
0.180828
0.184518
0.188246
0.192011
0.195813
0.199652
0.203525
0.207433
0.211375
0.215349
0.219355
0.223392
0.227459
0.231554
0.235678
0.239827
0.244003
0.248202
0.252425
0.256670
0.260935
0.265219
0.269522
0.273842
0.278176
0.282525
0.286887
0.291259
0.295641
0.300032
0.304429
0.308831
0.313237
0.317645
0.322053
0.326460
0.330865
0.335265
0.339659
0.344046
0.348423
0.352789
0.357142
0.361481
0.365805
0.370110
0.374396
0.378661
0.382903
0.387120
0.391312
0.395475
0.399610
0.403713
0.407783
0.411819
0.415819
0.419781
0.423704
0.427587
0.431428
0.435225
0.438977
0.442683
0.446341
0.449949
0.453506
0.457011
0.460463
0.463860
0.467202
0.470486
0.473713
0.476881
0.479987
0.483033
0.486017
0.488938
0.491794
0.494586
0.497312
0.499973
0.502566
0.505091
0.507549
0.509937
0.512258
0.514509
0.516689
0.518800
0.520841
0.522811
0.524712
0.526541
0.528300
0.529989
0.531607
0.533155
0.534634
0.536043
0.537382
0.538654
0.539858
0.540993
0.542062
0.543064
0.544000
0.544871
0.545680
0.546423
0.547106
0.547727
0.548288
0.548790
0.549235
0.549623
0.549956
0.550234
0.550459
0.550633
0.550756
0.550830
0.550857
0.550838
0.550776
0.550670
0.550524
0.550338
0.550114
0.549854
0.549561
0.549233
0.548876
0.548489
0.548074
0.547633
0.547169
0.546682
0.546175
0.545649
0.545106
0.544547
0.543976
0.543393
0.542800
0.542199
0.541590
0.540977
0.540361
0.539744
0.539127
0.538512
0.537900
0.537293
0.536692
0.536100
0.535517
0.534945
0.534384
0.533838
0.533306
0.532790
0.532292
0.531812
0.531353
0.530913
0.530494
0.530098
0.529725
0.529375
0.529053
0.528755
0.528484
0.528239
0.528022
0.527833
0.527672
0.527541
0.527438
0.527364
0.527321
0.527305
0.527321
0.527365
0.527439
0.527542
0.527674
0.527834
0.528023
0.528240
0.528485
0.528756
0.529054
0.529378
0.529725
0.530097
0.530493
0.530912
0.531353
0.531813
0.532293
0.532791
0.533307
0.533839
0.534385
0.534945
0.535517
0.536100
0.536694
0.537294
0.537900
0.538512
0.539127
0.539743
0.540361
0.540976
0.541589
0.542196
0.542799
0.543391
0.543975
0.544546
0.545104
0.545648
0.546174
0.546681
0.547167
0.547632
0.548072
0.548488
0.548875
0.549232
0.549560
0.549855
0.550115
0.550339
0.550525
0.550671
0.550776
0.550839
0.550858
0.550831
0.550756
0.550633
0.550460
0.550235
0.549957
0.549625
0.549237
0.548794
0.548291
0.547730
0.547109
0.546426
0.545682
0.544874
0.544002
0.543065
0.542063
0.540995
0.539859
0.538656
0.537385
0.536045
0.534636
0.533158
0.531610
0.529992
0.528303
0.526544
0.524715
0.522815
0.520845
0.518805
0.516694
0.514513
0.512263
0.509943
0.507553
0.505096
0.502570
0.499977
0.497317
0.494591
0.491800
0.488943
0.486022
0.483038
0.479992
0.476885
0.473716
0.470490
0.467205
0.463863
0.460466
0.457014
0.453508
0.449950
0.446342
0.442685
0.438980
0.435228
0.431430
0.427589
0.423706
0.419783
0.415820
0.411820
0.407785
0.403715
0.399612
0.395477
0.391313
0.387122
0.382905
0.378663
0.374398
0.370112
0.365807
0.361484
0.357145
0.352791
0.348425
0.344048
0.339662
0.335268
0.330868
0.326464
0.322057
0.317649
0.313241
0.308835
0.304433
0.300036
0.295646
0.291263
0.286891
0.282530
0.278181
0.273846
0.269527
0.265225
0.260940
0.256675
0.252430
0.248208
0.244008
0.239833
0.235683
0.231560
0.227464
0.223398
0.219361
0.215355
0.211381
0.207439
0.203531
0.199658
0.195820
0.192017
0.188252
0.184524
0.180834
0.177183
0.173572
0.170001
0.166470
0.162981
0.159534
0.156128
0.152765
0.149445
0.146168
0.142935
0.139746
0.136600
0.133499
0.130443
0.127431
0.124465
0.121543
0.118666
0.115835
0.113048
0.110307
0.107611
0.104960
0.102353
0.099792
0.097276
0.094804
0.092376
0.089993
0.087654
0.085359
0.083107
0.080899
0.078733
0.076611
0.074531
0.072492
0.070496
0.068541
0.066627
0.064753
0.062920
0.061126
0.059371
0.057656
0.055979
0.054339
0.052738
0.051173
0.049645
0.048153
0.046696
0.045275
0.043888
0.042535
0.041215
0.039929
0.038674
0.037452
0.036261
0.035101
0.033972
0.032872
0.031802
0.030760
0.029746
0.028760
0.027801
0.026869
0.025963
0.025082
0.024226
0.023395
0.022588
0.021805
0.021044
0.020306
0.019590
0.018895
0.018221
0.017568
0.016935
0.016322
0.015727
0.015151
0.014594
0.014054
0.013531
0.013025
0.012536
0.012062
0.011604
0.011161
0.010733
0.010320
0.009920
0.009534
0.009161
0.008801
0.008453
0.008118
0.007794
0.007482
0.007180
0.006890
0.006610
0.006340
0.006080
0.005829
0.005588
0.005355
0.005131
0.004916
0.004708
0.004509
0.004317
0.004132
0.003955
0.003784
0.003620
0.003463
0.003311
0.003166
0.003026
0.002892
0.002764
0.002640
0.002522
0.002408
0.002299
0.002195
0.002095
0.001999
0.001907
0.001819
0.001734
0.001654
0.001576
0.001502
0.001431
0.001364
0.001299
0.001237
0.001178
0.001121
0.001067
0.001015
0.000966
0.000918
0.000873
0.000830
0.000789
0.000750
0.000713
0.000677
0.000643
0.000611
0.000580
0.000550
0.000522
0.000496
0.000470
0.000446
0.000423
0.000401
0.000380
0.000360
0.000341
0.000323
0.000306
0.000290
0.000275
0.000260
0.000246
0.000233
0.000220
0.000208
0.000197
0.000186
0.000176
0.000166
0.000157
0.000148
0.000140
0.000132
0.000125
0.000118
0.000111
0.000105
0.000099
0.000094
0.000088
0.000083
0.000078
0.000074
0.000070
0.000066
0.000062
0.000058
0.000055
0.000052
0.000048
0.000046
0.000043
0.000040
0.000038
0.000036
0.000034
0.000032
0.000030
0.000028
0.000026
0.000025
0.000023
0.000022
0.000020
0.000019
0.000018
0.000017
0.000016
0.000015
0.000014
0.000013
0.000012
0.000011
0.000011
0.000010
0.000009
0.000009
0.000008
0.000008
0.000007
0.000007
0.000006
0.000006
0.000005
0.000005
0.000005
0.000004
0.000004
0.000004
0.000004
0.000003
0.000003
0.000003
0.000003
0.000003
0.000002
0.000002
0.000002
0.000002
0.000002
0.000002
0.000002
0.000001
0.000001
0.000001
0.000001
0.000001
0.000001
0.000001
0.000001
0.000001
0.000001
0.000001
0.000001
0.000001
0.000001
0.000001
0.000000
0.000000
0.000000
0.000000
0.000000
0.000000
0.000000
0.000000
0.000000
0.000000
0.000000
0.000000
0.000000
0.000000
0.000000
0.000000
0.000000
0.000000
0.000000
0.000000
0.000000
0.000000
0.000000
0.000000
0.000000
0.000000
0.000000
0.000000
0.000000
0.000000
0.000000
0.000000
0.000000
0.000000
0.000000
0.000000
0.000000
0.000000
0.000000
0.000000
0.000000
0.000000
0.000000
0.000000
0.000000
0.000000
0.000000
0.000000
0.000000
0.000000
0.000000
0.000000
0.000000
0.000000
0.000000
0.000000
0.000000
0.000000
0.000000
0.000000
0.000000
0.000000
0.000000
0.000000
0.000000
0.000000
0.000000
0.000000
0.000000
0.000000
0.000000
0.000000
0.000000
0.000000
0.000000
0.000000
0.000000
0.000000
0.000000
0.000000
0.000000
0.000000
0.000000
0.000000
0.000000
0.000000
0.000000
0.000000
0.000000
0.000000
0.000000
0.000000
0.000000
0.000000
0.000000
0.000000
0.000000
0.000000
0.000000
0.000000
0.000000
0.000000
0.000000
0.000000
0.000000
0.000000
0.000000
0.000000
0.000000
0.000000
0.000000
0.000000
0.000000
0.000000
0.000000
0.000000
0.000000
0.000000
0.000000
0.000000
0.000000
0.000000
0.000000
0.000000
0.000000
0.000000
0.000000
0.000000
0.000000
0.000000
0.000000
0.000000
0.000000
0.000000
0.000000
0.000000
0.000000
0.000000
0.000000
0.000000
0.000000
0.000000
0.000000
0.000000
0.000000
0.000000
0.000000
0.000000
0.000000
0.000000
0.000000
0.000000
0.000000
0.000000
0.000000
0.000000
0.000000
0.000000
0.000000
0.000000
0.000000
0.000000
0.000000
0.000000
0.000000
0.000000
0.000000
0.000000
0.000000
0.000000
0.000000
0.000000
0.000000
0.000000
0.000000
0.000000
0.000000
0.000000
0.000000
0.000000
0.000000
0.000000
0.000000
0.000000
0.000000
0.000000
0.000000
0.000000
0.000000
0.000000
0.000000
0.000000
0.000000
0.000000
0.000000
0.000000
0.000000
0.000000
0.000000
0.000000
0.000000
0.000000
0.000000
0.000000
0.000000
0.000000
0.000000
0.000000
0.000000
0.000000
0.000000
0.000000
0.000000
0.000000
0.000000
0.000000
0.000000
0.000000
0.000000
0.000000
0.000000
0.000000
0.000000
0.000000
0.000000
0.000000
0.000000
0.000000
0.000000
0.000000
0.000000
0.000000
0.000000
0.000000
0.000000
0.000000
0.000000
0.000000
0.000000
0.000000
0.000000
0.000000
0.000000
0.000000
0.000000
0.000000
0.000000
0.000000
