0.000010
0.000029
0.000029
0.000051
0.000070
0.000051
0.000077
0.000150
0.000210
0.000243
0.000262
0.000278
0.000295
0.000312
0.000330
0.000349
0.000369
0.000390
0.000412
0.000436
0.000461
0.000487
0.000514
0.000543
0.000573
0.000605
0.000639
0.000674
0.000711
0.000750
0.000791
0.000834
0.000879
0.000927
0.000977
0.001029
0.001084
0.001141
0.001202
0.001265
0.001332
0.001401
0.001474
0.001551
0.001631
0.001715
0.001803
0.001895
0.001991
0.002092
0.002198
0.002308
0.002424
0.002545
0.002671
0.002803
0.002941
0.003085
0.003235
0.003392
0.003557
0.003728
0.003907
0.004093
0.004288
0.004491
0.004703
0.004923
0.005153
0.005393
0.005643
0.005903
0.006174
0.006456
0.006750
0.007055
0.007373
0.007704
0.008048
0.008406
0.008778
0.009164
0.009566
0.009983
0.010417
0.010867
0.011334
0.011819
0.012323
0.012845
0.013387
0.013949
0.014531
0.015135
0.015761
0.016410
0.017082
0.017778
0.018499
0.019245
0.020017
0.020816
0.021643
0.022498
0.023383
0.024297
0.025242
0.026219
0.027228
0.028270
0.029347
0.030458
0.031606
0.032790
0.034011
0.035272
0.036571
0.037911
0.039293
0.040717
0.042184
0.043695
0.045252
0.046854
0.048504
0.050202
0.051949
0.053747
0.055596
0.057497
0.059451
0.061459
0.063523
0.065643
0.067821
0.070057
0.072352
0.074708
0.077125
0.079605
0.082148
0.084756
0.087430
0.090170
0.092977
0.095853
0.098799
0.101815
0.104902
0.108061
0.111294
0.114601
0.117983
0.121441
0.124975
0.128587
0.132277
0.136046
0.139895
0.143824
0.147835
0.151927
0.156103
0.160361
0.164702
0.169128
0.173639
0.178235
0.182916
0.187684
0.192537
0.197477
0.202504
0.207618
0.212819
0.218108
0.223484
0.228947
0.234497
0.240134
0.245859
0.251670
0.257568
0.263553
0.269623
0.275778
0.282018
0.288343
0.294752
0.301243
0.307817
0.314472
0.321208
0.328023
0.334917
0.341888
0.348935
0.356058
0.363254
0.370523
0.377863
0.385272
0.392748
0.400291
0.407899
0.415569
0.423300
0.431089
0.438936
0.446837
0.454790
0.462794
0.470846
0.478944
0.487085
0.495266
0.503486
0.511741
0.520029
0.528348
0.536693
0.545062
0.553453
0.561863
0.570287
0.578724
0.587170
0.595622
0.604076
0.612530
0.620979
0.629422
0.637852
0.646269
0.654667
0.663044
0.671396
0.679718
0.688009
0.696263
0.704477
0.712648
0.720771
0.728843
0.736860
0.744819
0.752715
0.760545
0.768305
0.775991
0.783599
0.791127
0.798569
0.805922
0.813182
0.820347
0.827411
0.834371
0.841225
0.847967
0.854595
0.861105
0.867494
0.873757
0.879893
0.885897
0.891766
0.897497
0.903087
0.908533
0.913831
0.918979
0.923974
0.928813
0.933493
0.938012
0.942367
0.946555
0.950575
0.954424
0.958100
0.961600
0.964922
0.968066
0.971028
0.973807
0.976402
0.978811
0.981032
0.983064
0.984907
0.986559
0.988018
0.989285
0.990358
0.991237
0.991921
0.992410
0.992704
0.992801
0.992703
0.992410
0.991921
0.991237
0.990358
0.989285
0.988019
0.986559
0.984908
0.983066
0.981033
0.978812
0.976404
0.973809
0.971030
0.968068
0.964925
0.961602
0.958102
0.954427
0.950578
0.946558
0.942370
0.938015
0.933496
0.928816
0.923977
0.918982
0.913834
0.908536
0.903091
0.897501
0.891770
0.885901
0.879897
0.873762
0.867498
0.861109
0.854599
0.847971
0.841229
0.834376
0.827415
0.820351
0.813187
0.805927
0.798574
0.791132
0.783605
0.775996
0.768310
0.760550
0.752721
0.744825
0.736866
0.728849
0.720777
0.712654
0.704483
0.696269
0.688015
0.679725
0.671402
0.663051
0.654674
0.646276
0.637860
0.629429
0.620987
0.612538
0.604084
0.595630
0.587178
0.578732
0.570296
0.561871
0.553461
0.545071
0.536701
0.528356
0.520038
0.511750
0.503495
0.495275
0.487094
0.478953
0.470856
0.462804
0.454800
0.446847
0.438945
0.431099
0.423309
0.415579
0.407908
0.400301
0.392758
0.385281
0.377872
0.370533
0.363264
0.356068
0.348945
0.341898
0.334926
0.328033
0.321218
0.314482
0.307827
0.301253
0.294762
0.288353
0.282028
0.275788
0.269632
0.263562
0.257578
0.251680
0.245869
0.240144
0.234506
0.228956
0.223493
0.218117
0.212829
0.207627
0.202513
0.197486
0.192546
0.187693
0.182925
0.178244
0.173648
0.169137
0.164711
0.160369
0.156111
0.151936
0.147843
0.143832
0.139903
0.136053
0.132284
0.128594
0.124982
0.121448
0.117990
0.114608
0.111301
0.108068
0.104908
0.101821
0.098805
0.095860
0.092983
0.090176
0.087436
0.084762
0.082154
0.079611
0.077131
0.074713
0.072357
0.070062
0.067826
0.065648
0.063528
0.061464
0.059455
0.057501
0.055600
0.053751
0.051954
0.050206
0.048508
0.046858
0.045255
0.043699
0.042187
0.040720
0.039296
0.037915
0.036575
0.035275
0.034015
0.032793
0.031609
0.030461
0.029350
0.028273
0.027231
0.026222
0.025245
0.024300
0.023385
0.022501
0.021646
0.020819
0.020020
0.019247
0.018501
0.017780
0.017084
0.016412
0.015763
0.015137
0.014533
0.013950
0.013388
0.012846
0.012324
0.011821
0.011335
0.010868
0.010418
0.009984
0.009567
0.009165
0.008779
0.008407
0.008049
0.007705
0.007374
0.007056
0.006750
0.006457
0.006175
0.005904
0.005644
0.005394
0.005154
0.004924
0.004703
0.004492
0.004289
0.004094
0.003907
0.003728
0.003557
0.003393
0.003236
0.003085
0.002941
0.002803
0.002671
0.002545
0.002424
0.002309
0.002198
0.002093
0.001992
0.001895
0.001803
0.001715
0.001631
0.001551
0.001475
0.001402
0.001332
0.001265
0.001202
0.001142
0.001084
0.001029
0.000977
0.000927
0.000879
0.000834
0.000791
0.000750
0.000711
0.000674
0.000639
0.000605
0.000573
0.000543
0.000514
0.000487
0.000461
0.000436
0.000413
0.000390
0.000369
0.000349
0.000330
0.000312
0.000295
0.000279
0.000263
0.000248
0.000235
0.000222
0.000209
0.000197
0.000186
0.000176
0.000166
0.000156
0.000147
0.000139
0.000131
0.000123
0.000116
0.000109
0.000103
0.000097
0.000091
0.000086
0.000081
0.000076
0.000072
0.000067
0.000063
0.000059
0.000056
0.000053
0.000049
0.000046
0.000044
0.000041
0.000038
0.000036
0.000034
0.000032
0.000030
0.000028
0.000026
0.000024
0.000023
0.000022
0.000020
0.000019
0.000018
0.000017
0.000015
0.000014
0.000014
0.000013
0.000012
0.000011
0.000010
0.000010
0.000009
0.000008
0.000008
0.000007
0.000007
0.000006
0.000006
0.000006
0.000005
0.000005
0.000005
0.000004
0.000004
0.000004
0.000003
0.000003
0.000003
0.000003
0.000003
0.000002
0.000002
0.000002
0.000002
0.000002
0.000002
0.000002
0.000001
0.000001
0.000001
0.000001
0.000001
0.000001
0.000001
0.000001
0.000001
0.000001
0.000001
0.000001
0.000001
0.000001
0.000001
0.000000
0.000000
0.000000
0.000000
0.000000
0.000000
0.000000
0.000000
0.000000
0.000000
0.000000
0.000000
0.000000
0.000000
0.000000
0.000000
0.000000
0.000000
0.000000
0.000000
0.000000
0.000000
0.000000
0.000000
0.000000
0.000000
0.000000
0.000000
0.000000
0.000000
0.000000
0.000000
0.000000
0.000000
0.000000
0.000000
0.000000
0.000000
0.000000
0.000000
0.000000
0.000000
0.000000
0.000000
0.000000
0.000000
0.000000
0.000000
0.000000
0.000000
0.000000
0.000000
0.000000
0.000000
0.000000
0.000000
0.000000
0.000000
0.000000
0.000000
0.000000
0.000000
0.000000
0.000000
0.000000
0.000000
0.000000
0.000000
0.000000
0.000000
0.000000
0.000000
0.000000
0.000000
0.000000
0.000000
0.000000
0.000000
0.000000
0.000000
0.000000
0.000000
0.000000
0.000000
0.000000
0.000000
0.000000
0.000000
0.000000
0.000000
0.000000
0.000000
0.000000
0.000000
0.000000
0.000000
0.000000
0.000000
0.000000
0.000000
0.000000
0.000000
0.000000
0.000000
0.000000
0.000000
0.000000
0.000000
0.000000
0.000000
0.000000
0.000000
0.000000
0.000000
0.000000
0.000000
0.000000
0.000000
0.000000
0.000000
0.000000
0.000000
0.000000
0.000000
0.000000
0.000000
0.000000
0.000000
0.000000
0.000000
0.000000
0.000000
0.000000
0.000000
0.000000
0.000000
0.000000
0.000000
0.000000
0.000000
0.000000
0.000000
0.000000
0.000000
0.000000
0.000000
0.000000
0.000000
0.000000
0.000000
0.000000
0.000000
0.000000
0.000000
0.000000
0.000000
0.000000
0.000000
0.000000
0.000000
0.000000
0.000000
0.000000
0.000000
0.000000
0.000000
0.000000
0.000000
0.000000
0.000000
0.000000
0.000000
0.000000
0.000000
0.000000
0.000000
0.000000
0.000000
0.000000
0.000000
0.000000
0.000000
0.000000
0.000000
0.000000
0.000000
0.000000
0.000000
0.000000
0.000000
0.000000
0.000000
0.000000
0.000000
0.000000
0.000000
0.000000
0.000000
0.000000
0.000000
0.000000
0.000000
0.000000
0.000000
0.000000
0.000000
0.000000
0.000000
0.000000
0.000000
0.000000
0.000000
0.000000
0.000000
0.000000
0.000000
0.000000
0.000000
0.000000
0.000000
0.000000
0.000000
0.000000
0.000000
0.000000
0.000000
0.000000
0.000000
0.000000
0.000000
0.000000
0.000000
0.000000
0.000000
0.000000
0.000000
0.000000
0.000000
0.000000
0.000000
0.000000
0.000000
0.000000
0.000000
0.000000
0.000000
0.000000
0.000000
0.000000
0.000000
0.000000
0.000000
0.000000
0.000000
0.000000
0.000000
0.000000
0.000000
0.000000
0.000000
0.000000
0.000000
0.000000
0.000000
0.000000
0.000000
0.000000
0.000000
0.000000
0.000000
0.000000
0.000000
0.000000
0.000000
0.000000
0.000000
0.000000
0.000000
0.000000
0.000000
0.000000
0.000000
0.000000
0.000000
0.000000
0.000000
0.000000
0.000000
0.000000
0.000000
0.000000
0.000000
0.000000
0.000000
0.000000
0.000000
0.000000
0.000000
0.000000
0.000000
0.000000
0.000000
0.000000
0.000000
0.000000
0.000000
0.000000
0.000000
0.000000
0.000000
0.000000
0.000000
0.000000
0.000000
0.000000
0.000000
