0.000355
0.000711
0.001066
0.001425
0.001784
0.002147
0.002510
0.002880
0.003250
0.003628
0.004008
0.004395
0.004786
0.005184
0.005590
0.006000
0.006421
0.006846
0.007285
0.007728
0.008185
0.008650
0.009124
0.009614
0.010109
0.010623
0.011144
0.011680
0.012234
0.012794
0.013377
0.013970
0.014579
0.015211
0.015849
0.016513
0.017194
0.017886
0.018609
0.019344
0.020096
0.020881
0.021677
0.022494
0.023345
0.024207
0.025093
0.026016
0.026951
0.027909
0.028908
0.029925
0.030959
0.032035
0.033142
0.034261
0.035413
0.036612
0.037832
0.039068
0.040346
0.041672
0.043019
0.044383
0.045789
0.047248
0.048740
0.050247
0.051781
0.053367
0.055008
0.056687
0.058385
0.060103
0.061858
0.063665
0.065532
0.067454
0.069422
0.071427
0.073466
0.075540
0.077650
0.079798
0.081987
0.084217
0.086491
0.088808
0.091169
0.093573
0.096023
0.098516
0.101055
0.103638
0.106266
0.108939
0.111657
0.114421
0.117229
0.120082
0.122981
0.125925
0.128913
0.131946
0.135024
0.138147
0.141313
0.144524
0.147778
0.151075
0.154416
0.157800
0.161225
0.164692
0.168201
0.171751
0.175341
0.178970
0.182639
0.186347
0.190092
0.193875
0.197693
0.201548
0.205437
0.209360
0.213316
0.217305
0.221324
0.225374
0.229453
0.233560
0.237694
0.241854
0.246039
0.250247
0.254478
0.258730
0.263002
0.267293
0.271601
0.275925
0.280263
0.284615
0.288978
0.293351
0.297733
0.302123
0.306518
0.310918
0.315320
0.319723
0.324126
0.328526
0.332923
0.337315
0.341699
0.346075
0.350440
0.354793
0.359133
0.363457
0.367764
0.372052
0.376320
0.380565
0.384787
0.388983
0.393151
0.397291
0.401400
0.405477
0.409520
0.413528
0.417498
0.421430
0.425322
0.429172
0.432978
0.436740
0.440457
0.444125
0.447744
0.451313
0.454830
0.458293
0.461703
0.465057
0.468354
0.471593
0.474773
0.477893
0.480952
0.483948
0.486882
0.489751
0.492556
0.495294
0.497967
0.500573
0.503110
0.505579
0.507980
0.510311
0.512574
0.514765
0.516886
0.518936
0.520916
0.522825
0.524663
0.526430
0.528126
0.529751
0.531306
0.532790
0.534204
0.535548
0.536821
0.538028
0.539165
0.540234
0.541237
0.542172
0.543041
0.543846
0.544587
0.545264
0.545880
0.546434
0.546928
0.547364
0.547742
0.548064
0.548330
0.548542
0.548702
0.548810
0.548868
0.548877
0.548840
0.548757
0.548631
0.548462
0.548254
0.548006
0.547720
0.547400
0.547046
0.546660
0.546243
0.545798
0.545325
0.544828
0.544308
0.543766
0.543205
0.542626
0.542030
0.541420
0.540798
0.540165
0.539524
0.538875
0.538220
0.537562
0.536901
0.536241
0.535581
0.534925
0.534274
0.533628
0.532990
0.532361
0.531743
0.531137
0.530545
0.529966
0.529404
0.528860
0.528335
0.527828
0.527344
0.526881
0.526440
0.526024
0.525631
0.525264
0.524925
0.524612
0.524327
0.524071
0.523843
0.523645
0.523476
0.523337
0.523230
0.523153
0.523106
0.523091
0.523107
0.523153
0.523231
0.523339
0.523477
0.523645
0.523843
0.524072
0.524329
0.524614
0.524926
0.525267
0.525632
0.526023
0.526440
0.526881
0.527345
0.527830
0.528335
0.528861
0.529406
0.529967
0.530545
0.531137
0.531743
0.532361
0.532991
0.533629
0.534274
0.534925
0.535581
0.536240
0.536900
0.537561
0.538219
0.538873
0.539522
0.540163
0.540796
0.541419
0.542028
0.542624
0.543203
0.543765
0.544306
0.544827
0.545324
0.545797
0.546242
0.546659
0.547045
0.547400
0.547721
0.548007
0.548255
0.548464
0.548632
0.548758
0.548840
0.548878
0.548868
0.548810
0.548703
0.548543
0.548331
0.548066
0.547745
0.547367
0.546931
0.546437
0.545883
0.545267
0.544589
0.543848
0.543043
0.542173
0.541238
0.540236
0.539166
0.538029
0.536824
0.535549
0.534206
0.532792
0.531308
0.529754
0.528129
0.526433
0.524667
0.522829
0.520920
0.518941
0.516891
0.514770
0.512578
0.510316
0.507985
0.505584
0.503115
0.500577
0.497972
0.495300
0.492561
0.489757
0.486887
0.483953
0.480956
0.477897
0.474777
0.471597
0.468358
0.465060
0.461706
0.458297
0.454832
0.451315
0.447746
0.444127
0.440459
0.436743
0.432981
0.429174
0.425323
0.421431
0.417500
0.413529
0.409522
0.405479
0.401402
0.397293
0.393153
0.388984
0.384788
0.380567
0.376322
0.372054
0.367766
0.363459
0.359135
0.354796
0.350443
0.346077
0.341702
0.337317
0.332926
0.328529
0.324129
0.319727
0.315324
0.310922
0.306522
0.302127
0.297738
0.293355
0.288982
0.284619
0.280267
0.275929
0.271606
0.267298
0.263008
0.258736
0.254484
0.250253
0.246044
0.241859
0.237699
0.233565
0.229458
0.225379
0.221329
0.217310
0.213322
0.209366
0.205443
0.201553
0.197699
0.193881
0.190098
0.186353
0.182645
0.178976
0.175347
0.171757
0.168207
0.164698
0.161231
0.157805
0.154422
0.151081
0.147784
0.144529
0.141319
0.138152
0.135030
0.131952
0.128919
0.125930
0.122987
0.120088
0.117234
0.114426
0.111662
0.108944
0.106271
0.103643
0.101060
0.098521
0.096027
0.093578
0.091173
0.088812
0.086496
0.084222
0.081993
0.079806
0.077662
0.075561
0.073502
0.071485
0.069510
0.067575
0.065682
0.063828
0.062015
0.060241
0.058506
0.056810
0.055152
0.053532
0.051949
0.050403
0.048893
0.047418
0.045980
0.044575
0.043206
0.041869
0.040567
0.039296
0.038058
0.036852
0.035677
0.034532
0.033417
0.032332
0.031276
0.030249
0.029249
0.028277
0.027331
0.026412
0.025519
0.024651
0.023807
0.022988
0.022193
0.021421
0.020672
0.019945
0.019240
0.018555
0.017892
0.017249
0.016626
0.016022
0.015437
0.014870
0.014321
0.013790
0.013276
0.012778
0.012297
0.011831
0.011381
0.010945
0.010525
0.010118
0.009725
0.009346
0.008979
0.008625
0.008284
0.007954
0.007636
0.007330
0.007034
0.006748
0.006473
0.006208
0.005953
0.005707
0.005470
0.005242
0.005022
0.004811
0.004608
0.004412
0.004224
0.004043
0.003869
0.003701
0.003541
0.003386
0.003238
0.003095
0.002959
0.002827
0.002701
0.002580
0.002464
0.002353
0.002246
0.002144
0.002046
0.001952
0.001862
0.001776
0.001693
0.001614
0.001539
0.001466
0.001397
0.001331
0.001267
0.001207
0.001149
0.001094
0.001041
0.000990
0.000942
0.000896
0.000852
0.000810
0.000770
0.000731
0.000695
0.000660
0.000627
0.000595
0.000565
0.000536
0.000509
0.000483
0.000458
0.000434
0.000412
0.000390
0.000370
0.000351
0.000332
0.000315
0.000298
0.000282
0.000267
0.000253
0.000239
0.000226
0.000214
0.000203
0.000192
0.000181
0.000171
0.000162
0.000153
0.000144
0.000136
0.000129
0.000121
0.000115
0.000108
0.000102
0.000096
0.000091
0.000086
0.000081
0.000076
0.000072
0.000068
0.000064
0.000060
0.000056
0.000053
0.000050
0.000047
0.000044
0.000042
0.000039
0.000037
0.000035
0.000033
0.000031
0.000029
0.000027
0.000025
0.000024
0.000022
0.000021
0.000020
0.000018
0.000017
0.000016
0.000015
0.000014
0.000013
0.000013
0.000012
0.000011
0.000010
0.000010
0.000009
0.000008
0.000008
0.000007
0.000007
0.000006
0.000006
0.000006
0.000005
0.000005
0.000005
0.000004
0.000004
0.000004
0.000004
0.000003
0.000003
0.000003
0.000003
0.000002
0.000002
0.000002
0.000002
0.000002
0.000002
0.000002
0.000002
0.000001
0.000001
0.000001
0.000001
0.000001
0.000001
0.000001
0.000001
0.000001
0.000001
0.000001
0.000001
0.000001
0.000001
0.000001
0.000000
0.000000
0.000000
0.000000
0.000000
0.000000
0.000000
0.000000
0.000000
0.000000
0.000000
0.000000
0.000000
0.000000
0.000000
0.000000
0.000000
0.000000
0.000000
0.000000
0.000000
0.000000
0.000000
0.000000
0.000000
0.000000
0.000000
0.000000
0.000000
0.000000
0.000000
0.000000
0.000000
0.000000
0.000000
0.000000
0.000000
0.000000
0.000000
0.000000
0.000000
0.000000
0.000000
0.000000
0.000000
0.000000
0.000000
0.000000
0.000000
0.000000
0.000000
0.000000
0.000000
0.000000
0.000000
0.000000
0.000000
0.000000
0.000000
0.000000
0.000000
0.000000
0.000000
0.000000
0.000000
0.000000
0.000000
0.000000
0.000000
0.000000
0.000000
0.000000
0.000000
0.000000
0.000000
0.000000
0.000000
0.000000
0.000000
0.000000
0.000000
0.000000
0.000000
0.000000
0.000000
0.000000
0.000000
0.000000
0.000000
0.000000
0.000000
0.000000
0.000000
0.000000
0.000000
0.000000
0.000000
0.000000
0.000000
0.000000
0.000000
0.000000
0.000000
0.000000
0.000000
0.000000
0.000000
0.000000
0.000000
0.000000
0.000000
0.000000
0.000000
0.000000
0.000000
0.000000
0.000000
0.000000
0.000000
0.000000
0.000000
0.000000
0.000000
0.000000
0.000000
0.000000
0.000000
0.000000
0.000000
0.000000
0.000000
0.000000
0.000000
0.000000
0.000000
0.000000
0.000000
0.000000
0.000000
0.000000
0.000000
0.000000
0.000000
0.000000
0.000000
0.000000
0.000000
0.000000
0.000000
0.000000
0.000000
0.000000
0.000000
0.000000
0.000000
0.000000
0.000000
0.000000
0.000000
0.000000
0.000000
0.000000
0.000000
0.000000
0.000000
0.000000
0.000000
0.000000
0.000000
0.000000
0.000000
0.000000
0.000000
0.000000
0.000000
0.000000
0.000000
0.000000
0.000000
0.000000
0.000000
0.000000
0.000000
0.000000
0.000000
0.000000
0.000000
0.000000
0.000000
0.000000
0.000000
0.000000
0.000000
0.000000
0.000000
0.000000
0.000000
0.000000
0.000000
0.000000
0.000000
0.000000
0.000000
0.000000
0.000000
0.000000
0.000000
0.000000
0.000000
0.000000
0.000000
0.000000
0.000000
0.000000
0.000000
0.000000
0.000000
0.000000
0.000000
0.000000
0.000000
0.000000
0.000000
0.000000
0.000000
0.000000
0.000000
0.000000
0.000000
0.000000
0.000000
0.000000
0.000000
0.000000
0.000000
0.000000
0.000000
0.000000
0.000000
0.000000
0.000000
0.000000
0.000000
0.000000
0.000000
0.000000
0.000000
