0.000362
0.000725
0.001088
0.001453
0.001819
0.002189
0.002560
0.002936
0.003315
0.003698
0.004087
0.004480
0.004881
0.005284
0.005699
0.006116
0.006546
0.006980
0.007425
0.007879
0.008340
0.008817
0.009298
0.009797
0.010302
0.010822
0.011356
0.011898
0.012463
0.013034
0.013623
0.014231
0.014846
0.015488
0.016141
0.016810
0.017506
0.018210
0.018939
0.019692
0.020453
0.021247
0.022061
0.022887
0.023748
0.024630
0.025525
0.026457
0.027414
0.028383
0.029390
0.030429
0.031479
0.032561
0.033686
0.034828
0.035990
0.037198
0.038442
0.039699
0.040986
0.042324
0.043696
0.045083
0.046499
0.047968
0.049482
0.051017
0.052571
0.054166
0.055819
0.057519
0.059247
0.060992
0.062765
0.064585
0.066462
0.068398
0.070384
0.072413
0.074477
0.076575
0.078708
0.080880
0.083090
0.085343
0.087638
0.089977
0.092359
0.094786
0.097257
0.099773
0.102333
0.104938
0.107589
0.110284
0.113024
0.115809
0.118640
0.121515
0.124436
0.127401
0.130412
0.133467
0.136566
0.139710
0.142898
0.146129
0.149404
0.152722
0.156084
0.159487
0.162933
0.166420
0.169948
0.173517
0.177125
0.180773
0.184460
0.188185
0.191948
0.195747
0.199582
0.203452
0.207357
0.211295
0.215265
0.219267
0.223300
0.227362
0.231453
0.235572
0.239717
0.243887
0.248081
0.252298
0.256537
0.260796
0.265075
0.269371
0.273683
0.278011
0.282353
0.286707
0.291071
0.295445
0.299827
0.304216
0.308609
0.313005
0.317403
0.321801
0.326198
0.330591
0.334980
0.339363
0.343737
0.348101
0.352454
0.356794
0.361119
0.365428
0.369719
0.373989
0.378238
0.382464
0.386664
0.390838
0.394984
0.399099
0.403183
0.407233
0.411249
0.415227
0.419168
0.423069
0.426928
0.430745
0.434518
0.438244
0.441924
0.445555
0.449136
0.452665
0.456140
0.459562
0.462929
0.466239
0.469491
0.472685
0.475818
0.478890
0.481900
0.484847
0.487730
0.490548
0.493300
0.495986
0.498605
0.501156
0.503638
0.506051
0.508394
0.510668
0.512871
0.515004
0.517065
0.519055
0.520974
0.522822
0.524597
0.526302
0.527935
0.529496
0.530986
0.532406
0.533756
0.535035
0.536244
0.537384
0.538455
0.539459
0.540395
0.541264
0.542066
0.542805
0.543478
0.544090
0.544638
0.545126
0.545554
0.545924
0.546235
0.546491
0.546690
0.546838
0.546932
0.546975
0.546968
0.546913
0.546812
0.546666
0.546476
0.546245
0.545974
0.545664
0.545318
0.544938
0.544523
0.544078
0.543603
0.543100
0.542571
0.542018
0.541442
0.540845
0.540230
0.539598
0.538950
0.538290
0.537617
0.536935
0.536246
0.535550
0.534849
0.534145
0.533441
0.532738
0.532037
0.531340
0.530649
0.529965
0.529290
0.528625
0.527972
0.527333
0.526708
0.526099
0.525507
0.524935
0.524383
0.523850
0.523341
0.522855
0.522392
0.521955
0.521544
0.521160
0.520804
0.520476
0.520178
0.519910
0.519671
0.519463
0.519287
0.519142
0.519030
0.518949
0.518900
0.518884
0.518900
0.518949
0.519030
0.519143
0.519288
0.519464
0.519671
0.519911
0.520180
0.520478
0.520806
0.521162
0.521545
0.521956
0.522393
0.522855
0.523342
0.523851
0.524383
0.524936
0.525509
0.526099
0.526708
0.527333
0.527972
0.528625
0.529290
0.529965
0.530649
0.531340
0.532036
0.532737
0.533440
0.534144
0.534848
0.535549
0.536244
0.536934
0.537615
0.538288
0.538949
0.539596
0.540229
0.540844
0.541440
0.542016
0.542569
0.543099
0.543602
0.544077
0.544523
0.544937
0.545319
0.545666
0.545975
0.546246
0.546477
0.546666
0.546812
0.546914
0.546969
0.546975
0.546932
0.546839
0.546692
0.546493
0.546238
0.545926
0.545557
0.545129
0.544641
0.544092
0.543481
0.542807
0.542068
0.541265
0.540396
0.539460
0.538456
0.537385
0.536245
0.535036
0.533758
0.532409
0.530989
0.529499
0.527938
0.526305
0.524601
0.522825
0.520978
0.519060
0.517070
0.515009
0.512876
0.510673
0.508399
0.506056
0.503643
0.501160
0.498610
0.495991
0.493306
0.490554
0.487735
0.484852
0.481905
0.478894
0.475822
0.472688
0.469495
0.466243
0.462932
0.459566
0.456143
0.452666
0.449137
0.445557
0.441927
0.438247
0.434520
0.430747
0.426930
0.423070
0.419169
0.415229
0.411250
0.407235
0.403185
0.399101
0.394985
0.390839
0.386666
0.382465
0.378240
0.373991
0.369721
0.365430
0.361122
0.356797
0.352457
0.348104
0.343739
0.339365
0.334983
0.330594
0.326201
0.321805
0.317407
0.313009
0.308613
0.304220
0.299831
0.295449
0.291075
0.286711
0.282357
0.278016
0.273688
0.269376
0.265080
0.260802
0.256542
0.252304
0.248086
0.243892
0.239722
0.235577
0.231459
0.227368
0.223305
0.219273
0.215271
0.211300
0.207363
0.203458
0.199588
0.195753
0.191954
0.188192
0.184466
0.180779
0.177131
0.173522
0.169954
0.166425
0.162938
0.159493
0.156089
0.152728
0.149410
0.146135
0.142903
0.139716
0.136572
0.133472
0.130417
0.127407
0.124441
0.121521
0.118645
0.115815
0.113029
0.110289
0.107594
0.104944
0.102338
0.099778
0.097262
0.094791
0.092364
0.089982
0.087643
0.085349
0.083097
0.080890
0.078725
0.076602
0.074523
0.072485
0.070489
0.068534
0.066620
0.064747
0.062914
0.061121
0.059366
0.057651
0.055974
0.054335
0.052734
0.051169
0.049641
0.048150
0.046693
0.045272
0.043885
0.042532
0.041213
0.039926
0.038672
0.037450
0.036260
0.035100
0.033970
0.032871
0.031800
0.030758
0.029745
0.028759
0.027800
0.026868
0.025962
0.025081
0.024226
0.023395
0.022587
0.021804
0.021043
0.020305
0.019589
0.018895
0.018221
0.017568
0.016935
0.016321
0.015727
0.015151
0.014593
0.014053
0.013531
0.013025
0.012535
0.012062
0.011604
0.011161
0.010733
0.010320
0.009920
0.009534
0.009161
0.008801
0.008453
0.008118
0.007794
0.007482
0.007180
0.006890
0.006610
0.006340
0.006080
0.005829
0.005588
0.005355
0.005131
0.004916
0.004708
0.004509
0.004317
0.004132
0.003955
0.003784
0.003620
0.003463
0.003311
0.003166
0.003026
0.002892
0.002764
0.002640
0.002522
0.002408
0.002299
0.002195
0.002095
0.001999
0.001907
0.001819
0.001734
0.001654
0.001576
0.001502
0.001431
0.001364
0.001299
0.001237
0.001178
0.001121
0.001067
0.001015
0.000966
0.000918
0.000873
0.000830
0.000789
0.000750
0.000713
0.000677
0.000643
0.000611
0.000580
0.000550
0.000522
0.000496
0.000470
0.000446
0.000423
0.000401
0.000380
0.000360
0.000341
0.000323
0.000306
0.000290
0.000275
0.000260
0.000246
0.000233
0.000220
0.000208
0.000197
0.000186
0.000176
0.000166
0.000157
0.000148
0.000140
0.000132
0.000125
0.000118
0.000111
0.000105
0.000099
0.000094
0.000088
0.000083
0.000078
0.000074
0.000070
0.000066
0.000062
0.000058
0.000055
0.000052
0.000048
0.000046
0.000043
0.000040
0.000038
0.000036
0.000034
0.000032
0.000030
0.000028
0.000026
0.000025
0.000023
0.000022
0.000020
0.000019
0.000018
0.000017
0.000016
0.000015
0.000014
0.000013
0.000012
0.000011
0.000011
0.000010
0.000009
0.000009
0.000008
0.000008
0.000007
0.000007
0.000006
0.000006
0.000005
0.000005
0.000005
0.000004
0.000004
0.000004
0.000004
0.000003
0.000003
0.000003
0.000003
0.000003
0.000002
0.000002
0.000002
0.000002
0.000002
0.000002
0.000002
0.000001
0.000001
0.000001
0.000001
0.000001
0.000001
0.000001
0.000001
0.000001
0.000001
0.000001
0.000001
0.000001
0.000001
0.000001
0.000000
0.000000
0.000000
0.000000
0.000000
0.000000
0.000000
0.000000
0.000000
0.000000
0.000000
0.000000
0.000000
0.000000
0.000000
0.000000
0.000000
0.000000
0.000000
0.000000
0.000000
0.000000
0.000000
0.000000
0.000000
0.000000
0.000000
0.000000
0.000000
0.000000
0.000000
0.000000
0.000000
0.000000
0.000000
0.000000
0.000000
0.000000
0.000000
0.000000
0.000000
0.000000
0.000000
0.000000
0.000000
0.000000
0.000000
0.000000
0.000000
0.000000
0.000000
0.000000
0.000000
0.000000
0.000000
0.000000
0.000000
0.000000
0.000000
0.000000
0.000000
0.000000
0.000000
0.000000
0.000000
0.000000
0.000000
0.000000
0.000000
0.000000
0.000000
0.000000
0.000000
0.000000
0.000000
0.000000
0.000000
0.000000
0.000000
0.000000
0.000000
0.000000
0.000000
0.000000
0.000000
0.000000
0.000000
0.000000
0.000000
0.000000
0.000000
0.000000
0.000000
0.000000
0.000000
0.000000
0.000000
0.000000
0.000000
0.000000
0.000000
0.000000
0.000000
0.000000
0.000000
0.000000
0.000000
0.000000
0.000000
0.000000
0.000000
0.000000
0.000000
0.000000
0.000000
0.000000
0.000000
0.000000
0.000000
0.000000
0.000000
0.000000
0.000000
0.000000
0.000000
0.000000
0.000000
0.000000
0.000000
0.000000
0.000000
0.000000
0.000000
0.000000
0.000000
0.000000
0.000000
0.000000
0.000000
0.000000
0.000000
0.000000
0.000000
0.000000
0.000000
0.000000
0.000000
0.000000
0.000000
0.000000
0.000000
0.000000
0.000000
0.000000
0.000000
0.000000
0.000000
0.000000
0.000000
0.000000
0.000000
0.000000
0.000000
0.000000
0.000000
0.000000
0.000000
0.000000
0.000000
0.000000
0.000000
0.000000
0.000000
0.000000
0.000000
0.000000
0.000000
0.000000
0.000000
0.000000
0.000000
0.000000
0.000000
0.000000
0.000000
0.000000
0.000000
0.000000
0.000000
0.000000
0.000000
0.000000
0.000000
0.000000
0.000000
0.000000
0.000000
0.000000
0.000000
0.000000
0.000000
0.000000
0.000000
0.000000
0.000000
0.000000
0.000000
0.000000
0.000000
0.000000
0.000000
0.000000
0.000000
0.000000
0.000000
0.000000
0.000000
0.000000
0.000000
0.000000
0.000000
0.000000
0.000000
0.000000
0.000000
0.000000
0.000000
0.000000
0.000000
0.000000
0.000000
0.000000
0.000000
0.000000
0.000000
0.000000
0.000000
0.000000
0.000000
0.000000
0.000000
0.000000
0.000000
0.000000
0.000000
0.000000
0.000000
