0.000369
0.000739
0.001109
0.001481
0.001856
0.002232
0.002611
0.002993
0.003381
0.003771
0.004168
0.004567
0.004976
0.005388
0.005809
0.006236
0.006671
0.007116
0.007567
0.008031
0.008500
0.008985
0.009476
0.009981
0.010499
0.011024
0.011570
0.012122
0.012693
0.013278
0.013873
0.014493
0.015120
0.015769
0.016437
0.017114
0.017820
0.018540
0.019275
0.020042
0.020818
0.021618
0.022448
0.023289
0.024156
0.025056
0.025966
0.026905
0.027880
0.028867
0.029880
0.030935
0.032007
0.033098
0.034234
0.035400
0.036578
0.037793
0.039055
0.040337
0.041638
0.042984
0.044376
0.045790
0.047222
0.048699
0.050230
0.051793
0.053371
0.054980
0.056641
0.058358
0.060113
0.061888
0.063684
0.065518
0.067406
0.069354
0.071357
0.073407
0.075495
0.077618
0.079776
0.081971
0.084205
0.086479
0.088796
0.091157
0.093561
0.096010
0.098503
0.101041
0.103623
0.106250
0.108923
0.111640
0.114402
0.117210
0.120062
0.122960
0.125902
0.128889
0.131921
0.134998
0.138119
0.141284
0.144493
0.147745
0.151041
0.154380
0.157762
0.161185
0.164651
0.168157
0.171705
0.175292
0.178920
0.182586
0.186291
0.190033
0.193813
0.197628
0.201480
0.205366
0.209285
0.213238
0.217222
0.221238
0.225283
0.229358
0.233461
0.237590
0.241746
0.245925
0.250129
0.254354
0.258601
0.262867
0.267151
0.271453
0.275770
0.280101
0.284446
0.288802
0.293167
0.297542
0.301923
0.306310
0.310700
0.315093
0.319486
0.323879
0.328269
0.332655
0.337036
0.341408
0.345772
0.350125
0.354465
0.358792
0.363102
0.367395
0.371668
0.375921
0.380151
0.384356
0.388535
0.392687
0.396808
0.400899
0.404957
0.408980
0.412968
0.416917
0.420827
0.424697
0.428524
0.432308
0.436045
0.439737
0.443379
0.446972
0.450514
0.454003
0.457437
0.460817
0.464141
0.467407
0.470614
0.473762
0.476848
0.479872
0.482833
0.485730
0.488563
0.491329
0.494029
0.496661
0.499226
0.501722
0.504148
0.506505
0.508791
0.511007
0.513151
0.515225
0.517226
0.519156
0.521014
0.522800
0.524513
0.526155
0.527725
0.529224
0.530650
0.532006
0.533290
0.534504
0.535649
0.536723
0.537728
0.538666
0.539536
0.540339
0.541075
0.541747
0.542354
0.542899
0.543381
0.543803
0.544165
0.544468
0.544714
0.544904
0.545038
0.545120
0.545149
0.545127
0.545056
0.544937
0.544772
0.544563
0.544310
0.544017
0.543684
0.543314
0.542907
0.542467
0.541993
0.541489
0.540956
0.540396
0.539810
0.539201
0.538570
0.537920
0.537251
0.536567
0.535867
0.535157
0.534434
0.533704
0.532966
0.532223
0.531477
0.530729
0.529981
0.529235
0.528493
0.527756
0.527026
0.526304
0.525592
0.524892
0.524204
0.523532
0.522876
0.522235
0.521615
0.521015
0.520435
0.519878
0.519344
0.518834
0.518351
0.517893
0.517464
0.517063
0.516690
0.516348
0.516036
0.515756
0.515506
0.515290
0.515106
0.514955
0.514837
0.514753
0.514702
0.514686
0.514702
0.514753
0.514838
0.514956
0.515107
0.515291
0.515508
0.515757
0.516038
0.516349
0.516692
0.517063
0.517465
0.517894
0.518352
0.518835
0.519344
0.519878
0.520435
0.521015
0.521616
0.522236
0.522875
0.523532
0.524205
0.524892
0.525592
0.526304
0.527026
0.527756
0.528492
0.529235
0.529980
0.530728
0.531476
0.532223
0.532964
0.533702
0.534432
0.535154
0.535866
0.536565
0.537250
0.537918
0.538568
0.539199
0.539809
0.540394
0.540955
0.541488
0.541992
0.542466
0.542908
0.543315
0.543686
0.544018
0.544312
0.544564
0.544773
0.544937
0.545056
0.545127
0.545149
0.545121
0.545040
0.544906
0.544717
0.544470
0.544167
0.543806
0.543384
0.542902
0.542357
0.541749
0.541077
0.540340
0.539537
0.538667
0.537730
0.536723
0.535649
0.534505
0.533292
0.532008
0.530653
0.529226
0.527728
0.526158
0.524517
0.522803
0.521018
0.519160
0.517231
0.515230
0.513157
0.511012
0.508796
0.506510
0.504153
0.501726
0.499231
0.496666
0.494034
0.491334
0.488568
0.485735
0.482838
0.479876
0.476852
0.473765
0.470618
0.467411
0.464144
0.460821
0.457441
0.454005
0.450516
0.446974
0.443382
0.439739
0.436048
0.432310
0.428526
0.424699
0.420829
0.416919
0.412969
0.408982
0.404959
0.400901
0.396810
0.392688
0.388536
0.384357
0.380152
0.375923
0.371670
0.367397
0.363104
0.358794
0.354468
0.350127
0.345774
0.341411
0.337038
0.332658
0.328272
0.323882
0.319490
0.315096
0.310704
0.306313
0.301927
0.297546
0.293171
0.288806
0.284450
0.280106
0.275775
0.271458
0.267156
0.262872
0.258606
0.254360
0.250134
0.245931
0.241751
0.237596
0.233466
0.229364
0.225289
0.221243
0.217228
0.213243
0.209291
0.205371
0.201485
0.197634
0.193819
0.190039
0.186297
0.182592
0.178926
0.175298
0.171710
0.168163
0.164656
0.161191
0.157767
0.154386
0.151047
0.147751
0.144499
0.141290
0.138125
0.135004
0.131927
0.128895
0.125908
0.122965
0.120068
0.117215
0.114407
0.111645
0.108928
0.106255
0.103628
0.101046
0.098508
0.096015
0.093566
0.091162
0.088802
0.086486
0.084213
0.081984
0.079798
0.077654
0.075554
0.073495
0.071478
0.069503
0.067569
0.065676
0.063823
0.062010
0.060236
0.058502
0.056806
0.055148
0.053528
0.051945
0.050399
0.048889
0.047415
0.045977
0.044573
0.043203
0.041867
0.040564
0.039294
0.038056
0.036850
0.035675
0.034530
0.033416
0.032331
0.031275
0.030247
0.029248
0.028275
0.027330
0.026411
0.025518
0.024650
0.023807
0.022988
0.022192
0.021421
0.020671
0.019944
0.019239
0.018555
0.017892
0.017249
0.016625
0.016021
0.015436
0.014870
0.014321
0.013790
0.013275
0.012778
0.012296
0.011831
0.011381
0.010945
0.010524
0.010118
0.009725
0.009346
0.008979
0.008625
0.008284
0.007954
0.007636
0.007329
0.007034
0.006748
0.006473
0.006208
0.005953
0.005707
0.005470
0.005242
0.005022
0.004811
0.004608
0.004412
0.004224
0.004043
0.003869
0.003701
0.003541
0.003386
0.003238
0.003095
0.002959
0.002827
0.002701
0.002580
0.002464
0.002353
0.002246
0.002144
0.002046
0.001952
0.001862
0.001776
0.001693
0.001614
0.001539
0.001466
0.001397
0.001331
0.001267
0.001207
0.001149
0.001094
0.001041
0.000990
0.000942
0.000896
0.000852
0.000810
0.000770
0.000731
0.000695
0.000660
0.000627
0.000595
0.000565
0.000536
0.000509
0.000483
0.000458
0.000434
0.000412
0.000390
0.000370
0.000351
0.000332
0.000315
0.000298
0.000282
0.000267
0.000253
0.000239
0.000226
0.000214
0.000203
0.000192
0.000181
0.000171
0.000162
0.000153
0.000144
0.000136
0.000129
0.000121
0.000115
0.000108
0.000102
0.000096
0.000091
0.000086
0.000081
0.000076
0.000072
0.000068
0.000064
0.000060
0.000056
0.000053
0.000050
0.000047
0.000044
0.000042
0.000039
0.000037
0.000035
0.000033
0.000031
0.000029
0.000027
0.000025
0.000024
0.000022
0.000021
0.000020
0.000018
0.000017
0.000016
0.000015
0.000014
0.000013
0.000013
0.000012
0.000011
0.000010
0.000010
0.000009
0.000008
0.000008
0.000007
0.000007
0.000006
0.000006
0.000006
0.000005
0.000005
0.000005
0.000004
0.000004
0.000004
0.000004
0.000003
0.000003
0.000003
0.000003
0.000002
0.000002
0.000002
0.000002
0.000002
0.000002
0.000002
0.000002
0.000001
0.000001
0.000001
0.000001
0.000001
0.000001
0.000001
0.000001
0.000001
0.000001
0.000001
0.000001
0.000001
0.000001
0.000001
0.000000
0.000000
0.000000
0.000000
0.000000
0.000000
0.000000
0.000000
0.000000
0.000000
0.000000
0.000000
0.000000
0.000000
0.000000
0.000000
0.000000
0.000000
0.000000
0.000000
0.000000
0.000000
0.000000
0.000000
0.000000
0.000000
0.000000
0.000000
0.000000
0.000000
0.000000
0.000000
0.000000
0.000000
0.000000
0.000000
0.000000
0.000000
0.000000
0.000000
0.000000
0.000000
0.000000
0.000000
0.000000
0.000000
0.000000
0.000000
0.000000
0.000000
0.000000
0.000000
0.000000
0.000000
0.000000
0.000000
0.000000
0.000000
0.000000
0.000000
0.000000
0.000000
0.000000
0.000000
0.000000
0.000000
0.000000
0.000000
0.000000
0.000000
0.000000
0.000000
0.000000
0.000000
0.000000
0.000000
0.000000
0.000000
0.000000
0.000000
0.000000
0.000000
0.000000
0.000000
0.000000
0.000000
0.000000
0.000000
0.000000
0.000000
0.000000
0.000000
0.000000
0.000000
0.000000
0.000000
0.000000
0.000000
0.000000
0.000000
0.000000
0.000000
0.000000
0.000000
0.000000
0.000000
0.000000
0.000000
0.000000
0.000000
0.000000
0.000000
0.000000
0.000000
0.000000
0.000000
0.000000
0.000000
0.000000
0.000000
0.000000
0.000000
0.000000
0.000000
0.000000
0.000000
0.000000
0.000000
0.000000
0.000000
0.000000
0.000000
0.000000
0.000000
0.000000
0.000000
0.000000
0.000000
0.000000
0.000000
0.000000
0.000000
0.000000
0.000000
0.000000
0.000000
0.000000
0.000000
0.000000
0.000000
0.000000
0.000000
0.000000
0.000000
0.000000
0.000000
0.000000
0.000000
0.000000
0.000000
0.000000
0.000000
0.000000
0.000000
0.000000
0.000000
0.000000
0.000000
0.000000
0.000000
0.000000
0.000000
0.000000
0.000000
0.000000
0.000000
0.000000
0.000000
0.000000
0.000000
0.000000
0.000000
0.000000
0.000000
0.000000
0.000000
0.000000
0.000000
0.000000
0.000000
0.000000
0.000000
0.000000
0.000000
0.000000
0.000000
0.000000
0.000000
0.000000
0.000000
0.000000
0.000000
0.000000
0.000000
0.000000
0.000000
0.000000
0.000000
0.000000
0.000000
0.000000
0.000000
0.000000
0.000000
0.000000
0.000000
0.000000
0.000000
0.000000
0.000000
0.000000
0.000000
0.000000
0.000000
0.000000
0.000000
0.000000
0.000000
0.000000
0.000000
0.000000
0.000000
0.000000
0.000000
0.000000
0.000000
0.000000
0.000000
0.000000
0.000000
0.000000
0.000000
0.000000
0.000000
0.000000
0.000000
