0.000377
0.000753
0.001131
0.001510
0.001892
0.002275
0.002663
0.003052
0.003447
0.003845
0.004249
0.004657
0.005072
0.005494
0.005921
0.006358
0.006799
0.007254
0.007712
0.008185
0.008663
0.009154
0.009658
0.010168
0.010698
0.011232
0.011786
0.012350
0.012927
0.013525
0.014130
0.014758
0.015400
0.016054
0.016735
0.017425
0.018137
0.018874
0.019619
0.020394
0.021189
0.021996
0.022838
0.023697
0.024572
0.025485
0.026415
0.027361
0.028349
0.029357
0.030380
0.031445
0.032539
0.033646
0.034789
0.035975
0.037176
0.038400
0.039673
0.040980
0.042301
0.043655
0.045062
0.046502
0.047956
0.049443
0.050985
0.052572
0.054179
0.055806
0.057477
0.059207
0.060985
0.062789
0.064613
0.066466
0.068366
0.070324
0.072342
0.074411
0.076523
0.078671
0.080853
0.083072
0.085329
0.087626
0.089966
0.092348
0.094774
0.097245
0.099760
0.102320
0.104924
0.107573
0.110268
0.113007
0.115792
0.118621
0.121496
0.124415
0.127379
0.130388
0.133442
0.136540
0.139683
0.142869
0.146099
0.149372
0.152689
0.156048
0.159450
0.162894
0.166379
0.169905
0.173472
0.177078
0.180724
0.184408
0.188131
0.191890
0.195687
0.199519
0.203386
0.207287
0.211222
0.215189
0.219187
0.223216
0.227274
0.231361
0.235475
0.239615
0.243781
0.247970
0.252182
0.256416
0.260669
0.264942
0.269232
0.273539
0.277860
0.282195
0.286542
0.290899
0.295265
0.299639
0.304020
0.308404
0.312791
0.317180
0.321569
0.325956
0.330339
0.334718
0.339089
0.343452
0.347805
0.352146
0.356473
0.360785
0.365080
0.369357
0.373613
0.377847
0.382057
0.386241
0.390399
0.394528
0.398625
0.402691
0.406722
0.410719
0.414678
0.418598
0.422477
0.426315
0.430109
0.433859
0.437561
0.441217
0.444822
0.448377
0.451879
0.455327
0.458721
0.462059
0.465339
0.468560
0.471722
0.474824
0.477862
0.480838
0.483750
0.486597
0.489378
0.492093
0.494740
0.497319
0.499830
0.502270
0.504641
0.506941
0.509170
0.511328
0.513414
0.515428
0.517369
0.519239
0.521036
0.522760
0.524412
0.525991
0.527498
0.528933
0.530295
0.531587
0.532807
0.533956
0.535036
0.536044
0.536985
0.537857
0.538660
0.539397
0.540068
0.540674
0.541215
0.541693
0.542109
0.542465
0.542761
0.542999
0.543179
0.543303
0.543373
0.543389
0.543354
0.543267
0.543132
0.542950
0.542721
0.542449
0.542134
0.541779
0.541385
0.540954
0.540488
0.539988
0.539455
0.538893
0.538302
0.537685
0.537044
0.536379
0.535694
0.534990
0.534268
0.533531
0.532782
0.532021
0.531249
0.530470
0.529685
0.528896
0.528104
0.527313
0.526522
0.525734
0.524951
0.524174
0.523404
0.522645
0.521897
0.521162
0.520441
0.519736
0.519047
0.518377
0.517727
0.517099
0.516493
0.515911
0.515352
0.514820
0.514316
0.513839
0.513391
0.512972
0.512584
0.512227
0.511902
0.511610
0.511350
0.511124
0.510933
0.510776
0.510653
0.510565
0.510512
0.510495
0.510513
0.510566
0.510654
0.510776
0.510934
0.511126
0.511352
0.511611
0.511904
0.512229
0.512585
0.512973
0.513392
0.513840
0.514317
0.514822
0.515353
0.515911
0.516494
0.517100
0.517728
0.518378
0.519047
0.519735
0.520441
0.521162
0.521897
0.522645
0.523405
0.524173
0.524949
0.525733
0.526520
0.527311
0.528104
0.528895
0.529683
0.530468
0.531247
0.532018
0.532780
0.533530
0.534266
0.534987
0.535692
0.536377
0.537042
0.537683
0.538301
0.538892
0.539455
0.539987
0.540488
0.540955
0.541387
0.541781
0.542136
0.542451
0.542722
0.542950
0.543132
0.543267
0.543353
0.543390
0.543374
0.543305
0.543181
0.543001
0.542763
0.542468
0.542112
0.541696
0.541217
0.540676
0.540070
0.539399
0.538661
0.537857
0.536986
0.536045
0.535036
0.533958
0.532808
0.531589
0.530298
0.528935
0.527501
0.525994
0.524415
0.522764
0.521040
0.519243
0.517374
0.515433
0.513419
0.511333
0.509175
0.506946
0.504646
0.502275
0.499834
0.497324
0.494745
0.492098
0.489383
0.486602
0.483755
0.480842
0.477866
0.474827
0.471726
0.468564
0.465342
0.462062
0.458724
0.455330
0.451881
0.448378
0.444824
0.441219
0.437564
0.433861
0.430111
0.426317
0.422479
0.418599
0.414679
0.410720
0.406724
0.402693
0.398627
0.394529
0.390400
0.386243
0.382059
0.377849
0.373615
0.369359
0.365083
0.360787
0.356475
0.352148
0.347807
0.343454
0.339091
0.334720
0.330342
0.325959
0.321572
0.317184
0.312795
0.308408
0.304024
0.299643
0.295269
0.290903
0.286546
0.282199
0.277864
0.273543
0.269237
0.264947
0.260675
0.256421
0.252188
0.247976
0.243786
0.239621
0.235481
0.231367
0.227280
0.223221
0.219193
0.215194
0.211227
0.207293
0.203392
0.199525
0.195693
0.191896
0.188137
0.184414
0.180730
0.177084
0.173477
0.169911
0.166385
0.162900
0.159456
0.156054
0.152695
0.149378
0.146105
0.142875
0.139688
0.136546
0.133448
0.130394
0.127385
0.124421
0.121501
0.118626
0.115797
0.113012
0.110273
0.107579
0.104929
0.102325
0.099765
0.097250
0.094779
0.092353
0.089971
0.087633
0.085339
0.083089
0.080881
0.078717
0.076595
0.074516
0.072478
0.070483
0.068528
0.066615
0.064742
0.062909
0.061116
0.059362
0.057647
0.055970
0.054332
0.052730
0.051166
0.049638
0.048147
0.046690
0.045269
0.043882
0.042530
0.041211
0.039924
0.038670
0.037448
0.036258
0.035098
0.033969
0.032869
0.031799
0.030757
0.029744
0.028758
0.027799
0.026867
0.025961
0.025080
0.024225
0.023394
0.022587
0.021803
0.021043
0.020305
0.019589
0.018894
0.018220
0.017567
0.016934
0.016321
0.015726
0.015151
0.014593
0.014053
0.013530
0.013024
0.012535
0.012062
0.011604
0.011161
0.010733
0.010319
0.009920
0.009534
0.009161
0.008801
0.008453
0.008117
0.007794
0.007481
0.007180
0.006890
0.006610
0.006340
0.006080
0.005829
0.005587
0.005355
0.005131
0.004916
0.004708
0.004509
0.004317
0.004132
0.003955
0.003784
0.003620
0.003463
0.003311
0.003166
0.003026
0.002892
0.002764
0.002640
0.002522
0.002408
0.002299
0.002195
0.002095
0.001999
0.001907
0.001819
0.001734
0.001654
0.001576
0.001502
0.001431
0.001364
0.001299
0.001237
0.001178
0.001121
0.001067
0.001015
0.000966
0.000918
0.000873
0.000830
0.000789
0.000750
0.000713
0.000677
0.000643
0.000611
0.000580
0.000550
0.000522
0.000496
0.000470
0.000446
0.000423
0.000401
0.000380
0.000360
0.000341
0.000323
0.000306
0.000290
0.000275
0.000260
0.000246
0.000233
0.000220
0.000208
0.000197
0.000186
0.000176
0.000166
0.000157
0.000148
0.000140
0.000132
0.000125
0.000118
0.000111
0.000105
0.000099
0.000094
0.000088
0.000083
0.000078
0.000074
0.000070
0.000066
0.000062
0.000058
0.000055
0.000052
0.000048
0.000046
0.000043
0.000040
0.000038
0.000036
0.000034
0.000032
0.000030
0.000028
0.000026
0.000025
0.000023
0.000022
0.000020
0.000019
0.000018
0.000017
0.000016
0.000015
0.000014
0.000013
0.000012
0.000011
0.000011
0.000010
0.000009
0.000009
0.000008
0.000008
0.000007
0.000007
0.000006
0.000006
0.000005
0.000005
0.000005
0.000004
0.000004
0.000004
0.000004
0.000003
0.000003
0.000003
0.000003
0.000003
0.000002
0.000002
0.000002
0.000002
0.000002
0.000002
0.000002
0.000001
0.000001
0.000001
0.000001
0.000001
0.000001
0.000001
0.000001
0.000001
0.000001
0.000001
0.000001
0.000001
0.000001
0.000001
0.000000
0.000000
0.000000
0.000000
0.000000
0.000000
0.000000
0.000000
0.000000
0.000000
0.000000
0.000000
0.000000
0.000000
0.000000
0.000000
0.000000
0.000000
0.000000
0.000000
0.000000
0.000000
0.000000
0.000000
0.000000
0.000000
0.000000
0.000000
0.000000
0.000000
0.000000
0.000000
0.000000
0.000000
0.000000
0.000000
0.000000
0.000000
0.000000
0.000000
0.000000
0.000000
0.000000
0.000000
0.000000
0.000000
0.000000
0.000000
0.000000
0.000000
0.000000
0.000000
0.000000
0.000000
0.000000
0.000000
0.000000
0.000000
0.000000
0.000000
0.000000
0.000000
0.000000
0.000000
0.000000
0.000000
0.000000
0.000000
0.000000
0.000000
0.000000
0.000000
0.000000
0.000000
0.000000
0.000000
0.000000
0.000000
0.000000
0.000000
0.000000
0.000000
0.000000
0.000000
0.000000
0.000000
0.000000
0.000000
0.000000
0.000000
0.000000
0.000000
0.000000
0.000000
0.000000
0.000000
0.000000
0.000000
0.000000
0.000000
0.000000
0.000000
0.000000
0.000000
0.000000
0.000000
0.000000
0.000000
0.000000
0.000000
0.000000
0.000000
0.000000
0.000000
0.000000
0.000000
0.000000
0.000000
0.000000
0.000000
0.000000
0.000000
0.000000
0.000000
0.000000
0.000000
0.000000
0.000000
0.000000
0.000000
0.000000
0.000000
0.000000
0.000000
0.000000
0.000000
0.000000
0.000000
0.000000
0.000000
0.000000
0.000000
0.000000
0.000000
0.000000
0.000000
0.000000
0.000000
0.000000
0.000000
0.000000
0.000000
0.000000
0.000000
0.000000
0.000000
0.000000
0.000000
0.000000
0.000000
0.000000
0.000000
0.000000
0.000000
0.000000
0.000000
0.000000
0.000000
0.000000
0.000000
0.000000
0.000000
0.000000
0.000000
0.000000
0.000000
0.000000
0.000000
0.000000
0.000000
0.000000
0.000000
0.000000
0.000000
0.000000
0.000000
0.000000
0.000000
0.000000
0.000000
0.000000
0.000000
0.000000
0.000000
0.000000
0.000000
0.000000
0.000000
0.000000
0.000000
0.000000
0.000000
0.000000
0.000000
0.000000
0.000000
0.000000
0.000000
0.000000
0.000000
0.000000
0.000000
0.000000
0.000000
0.000000
0.000000
0.000000
0.000000
0.000000
0.000000
0.000000
0.000000
0.000000
0.000000
0.000000
0.000000
0.000000
0.000000
0.000000
0.000000
0.000000
0.000000
0.000000
0.000000
0.000000
0.000000
0.000000
0.000000
0.000000
0.000000
0.000000
0.000000
0.000000
0.000000
0.000000
0.000000
