0.000384
0.000768
0.001154
0.001540
0.001929
0.002320
0.002715
0.003112
0.003514
0.003920
0.004331
0.004749
0.005170
0.005601
0.006035
0.006481
0.006930
0.007392
0.007861
0.008340
0.008830
0.009327
0.009841
0.010360
0.010898
0.011444
0.012004
0.012582
0.013166
0.013774
0.014392
0.015025
0.015682
0.016346
0.017036
0.017742
0.018461
0.019210
0.019970
0.020751
0.021563
0.022383
0.023232
0.024110
0.024998
0.025917
0.026867
0.027828
0.028823
0.029851
0.030891
0.031963
0.033075
0.034203
0.035355
0.036553
0.037779
0.039019
0.040300
0.041627
0.042973
0.044340
0.045756
0.047217
0.048699
0.050202
0.051752
0.053356
0.054992
0.056644
0.058328
0.060067
0.061863
0.063695
0.065549
0.067425
0.069340
0.071309
0.073340
0.075426
0.077559
0.079731
0.081939
0.084183
0.086463
0.088784
0.091145
0.093550
0.095998
0.098491
0.101028
0.103610
0.106236
0.108908
0.111624
0.114386
0.117192
0.120044
0.122940
0.125882
0.128868
0.131899
0.134974
0.138094
0.141258
0.144465
0.147716
0.151010
0.154348
0.157727
0.161149
0.164613
0.168118
0.171663
0.175248
0.178873
0.182537
0.186240
0.189980
0.193757
0.197570
0.201418
0.205301
0.209217
0.213167
0.217148
0.221160
0.225201
0.229272
0.233371
0.237496
0.241647
0.245822
0.250020
0.254241
0.258482
0.262743
0.267022
0.271317
0.275628
0.279953
0.284291
0.288640
0.292999
0.297365
0.301739
0.306118
0.310499
0.314884
0.319268
0.323651
0.328032
0.332408
0.336778
0.341140
0.345493
0.349834
0.354163
0.358477
0.362774
0.367054
0.371313
0.375552
0.379767
0.383957
0.388120
0.392256
0.396361
0.400434
0.404474
0.408479
0.412448
0.416378
0.420268
0.424116
0.427922
0.431683
0.435398
0.439066
0.442684
0.446252
0.449768
0.453231
0.456638
0.459990
0.463285
0.466522
0.469699
0.472815
0.475869
0.478861
0.481788
0.484651
0.487448
0.490178
0.492840
0.495434
0.497960
0.500416
0.502801
0.505116
0.507360
0.509532
0.511631
0.513658
0.515613
0.517494
0.519304
0.521040
0.522702
0.524292
0.525808
0.527253
0.528624
0.529923
0.531150
0.532306
0.533391
0.534405
0.535349
0.536224
0.537030
0.537768
0.538439
0.539045
0.539584
0.540060
0.540472
0.540823
0.541113
0.541343
0.541514
0.541630
0.541688
0.541694
0.541645
0.541545
0.541395
0.541197
0.540951
0.540660
0.540325
0.539949
0.539532
0.539077
0.538586
0.538060
0.537500
0.536910
0.536289
0.535642
0.534968
0.534271
0.533552
0.532813
0.532055
0.531281
0.530493
0.529693
0.528882
0.528062
0.527235
0.526403
0.525568
0.524732
0.523896
0.523063
0.522234
0.521410
0.520593
0.519786
0.518990
0.518205
0.517435
0.516681
0.515943
0.515223
0.514524
0.513845
0.513190
0.512557
0.511950
0.511368
0.510814
0.510288
0.509791
0.509325
0.508889
0.508486
0.508114
0.507776
0.507472
0.507203
0.506968
0.506769
0.506606
0.506477
0.506386
0.506332
0.506313
0.506332
0.506387
0.506479
0.506606
0.506770
0.506969
0.507204
0.507474
0.507778
0.508116
0.508487
0.508890
0.509326
0.509793
0.510290
0.510815
0.511368
0.511950
0.512558
0.513190
0.513846
0.514524
0.515223
0.515943
0.516681
0.517435
0.518206
0.518989
0.519786
0.520593
0.521409
0.522232
0.523062
0.523895
0.524732
0.525567
0.526402
0.527233
0.528060
0.528880
0.529691
0.530491
0.531279
0.532053
0.532811
0.533550
0.534269
0.534967
0.535641
0.536289
0.536909
0.537500
0.538060
0.538586
0.539078
0.539534
0.539950
0.540327
0.540661
0.540951
0.541196
0.541395
0.541545
0.541646
0.541695
0.541691
0.541631
0.541517
0.541345
0.541115
0.540825
0.540475
0.540062
0.539586
0.539046
0.538441
0.537769
0.537030
0.536224
0.535350
0.534405
0.533392
0.532307
0.531152
0.529925
0.528627
0.527255
0.525812
0.524295
0.522706
0.521043
0.519308
0.517499
0.515618
0.513663
0.511636
0.509536
0.507365
0.505121
0.502806
0.500421
0.497965
0.495439
0.492845
0.490182
0.487452
0.484655
0.481792
0.478865
0.475873
0.472819
0.469702
0.466525
0.463288
0.459993
0.456641
0.453233
0.449770
0.446254
0.442687
0.439068
0.435401
0.431685
0.427924
0.424118
0.420269
0.416379
0.412449
0.408480
0.404476
0.400436
0.396362
0.392257
0.388121
0.383958
0.379768
0.375554
0.371315
0.367056
0.362777
0.358479
0.354165
0.349836
0.345495
0.341143
0.336781
0.332411
0.328035
0.323655
0.319272
0.314887
0.310503
0.306121
0.301743
0.297369
0.293003
0.288644
0.284295
0.279958
0.275633
0.271322
0.267027
0.262748
0.258487
0.254246
0.250026
0.245827
0.241652
0.237501
0.233376
0.229278
0.225207
0.221165
0.217153
0.213172
0.209223
0.205306
0.201424
0.197576
0.193763
0.189986
0.186246
0.182544
0.178879
0.175254
0.171669
0.168123
0.164619
0.161155
0.157733
0.154353
0.151016
0.147722
0.144471
0.141263
0.138099
0.134980
0.131904
0.128874
0.125887
0.122946
0.120049
0.117198
0.114391
0.111629
0.108913
0.106241
0.103615
0.101033
0.098496
0.096004
0.093556
0.091152
0.088792
0.086476
0.084204
0.081976
0.079790
0.077647
0.075547
0.073489
0.071472
0.069498
0.067564
0.065671
0.063818
0.062005
0.060232
0.058498
0.056802
0.055144
0.053525
0.051942
0.050396
0.048887
0.047413
0.045974
0.044570
0.043201
0.041865
0.040562
0.039292
0.038055
0.036849
0.035673
0.034529
0.033415
0.032330
0.031274
0.030246
0.029247
0.028274
0.027329
0.026410
0.025517
0.024649
0.023806
0.022987
0.022192
0.021420
0.020671
0.019944
0.019238
0.018554
0.017891
0.017248
0.016625
0.016021
0.015436
0.014869
0.014321
0.013789
0.013275
0.012778
0.012296
0.011831
0.011380
0.010945
0.010524
0.010118
0.009725
0.009345
0.008979
0.008625
0.008284
0.007954
0.007636
0.007329
0.007034
0.006748
0.006473
0.006208
0.005953
0.005707
0.005470
0.005242
0.005022
0.004811
0.004608
0.004412
0.004224
0.004043
0.003869
0.003701
0.003541
0.003386
0.003238
0.003095
0.002959
0.002827
0.002701
0.002580
0.002464
0.002353
0.002246
0.002144
0.002046
0.001952
0.001862
0.001776
0.001693
0.001614
0.001539
0.001466
0.001397
0.001331
0.001267
0.001207
0.001149
0.001094
0.001041
0.000990
0.000942
0.000896
0.000852
0.000810
0.000770
0.000731
0.000695
0.000660
0.000627
0.000595
0.000565
0.000536
0.000509
0.000483
0.000458
0.000434
0.000412
0.000390
0.000370
0.000351
0.000332
0.000315
0.000298
0.000282
0.000267
0.000253
0.000239
0.000226
0.000214
0.000203
0.000192
0.000181
0.000171
0.000162
0.000153
0.000144
0.000136
0.000129
0.000121
0.000115
0.000108
0.000102
0.000096
0.000091
0.000086
0.000081
0.000076
0.000072
0.000068
0.000064
0.000060
0.000056
0.000053
0.000050
0.000047
0.000044
0.000042
0.000039
0.000037
0.000035
0.000033
0.000031
0.000029
0.000027
0.000025
0.000024
0.000022
0.000021
0.000020
0.000018
0.000017
0.000016
0.000015
0.000014
0.000013
0.000013
0.000012
0.000011
0.000010
0.000010
0.000009
0.000008
0.000008
0.000007
0.000007
0.000006
0.000006
0.000006
0.000005
0.000005
0.000005
0.000004
0.000004
0.000004
0.000004
0.000003
0.000003
0.000003
0.000003
0.000002
0.000002
0.000002
0.000002
0.000002
0.000002
0.000002
0.000002
0.000001
0.000001
0.000001
0.000001
0.000001
0.000001
0.000001
0.000001
0.000001
0.000001
0.000001
0.000001
0.000001
0.000001
0.000001
0.000000
0.000000
0.000000
0.000000
0.000000
0.000000
0.000000
0.000000
0.000000
0.000000
0.000000
0.000000
0.000000
0.000000
0.000000
0.000000
0.000000
0.000000
0.000000
0.000000
0.000000
0.000000
0.000000
0.000000
0.000000
0.000000
0.000000
0.000000
0.000000
0.000000
0.000000
0.000000
0.000000
0.000000
0.000000
0.000000
0.000000
0.000000
0.000000
0.000000
0.000000
0.000000
0.000000
0.000000
0.000000
0.000000
0.000000
0.000000
0.000000
0.000000
0.000000
0.000000
0.000000
0.000000
0.000000
0.000000
0.000000
0.000000
0.000000
0.000000
0.000000
0.000000
0.000000
0.000000
0.000000
0.000000
0.000000
0.000000
0.000000
0.000000
0.000000
0.000000
0.000000
0.000000
0.000000
0.000000
0.000000
0.000000
0.000000
0.000000
0.000000
0.000000
0.000000
0.000000
0.000000
0.000000
0.000000
0.000000
0.000000
0.000000
0.000000
0.000000
0.000000
0.000000
0.000000
0.000000
0.000000
0.000000
0.000000
0.000000
0.000000
0.000000
0.000000
0.000000
0.000000
0.000000
0.000000
0.000000
0.000000
0.000000
0.000000
0.000000
0.000000
0.000000
0.000000
0.000000
0.000000
0.000000
0.000000
0.000000
0.000000
0.000000
0.000000
0.000000
0.000000
0.000000
0.000000
0.000000
0.000000
0.000000
0.000000
0.000000
0.000000
0.000000
0.000000
0.000000
0.000000
0.000000
0.000000
0.000000
0.000000
0.000000
0.000000
0.000000
0.000000
0.000000
0.000000
0.000000
0.000000
0.000000
0.000000
0.000000
0.000000
0.000000
0.000000
0.000000
0.000000
0.000000
0.000000
0.000000
0.000000
0.000000
0.000000
0.000000
0.000000
0.000000
0.000000
0.000000
0.000000
0.000000
0.000000
0.000000
0.000000
0.000000
0.000000
0.000000
0.000000
0.000000
0.000000
0.000000
0.000000
0.000000
0.000000
0.000000
0.000000
0.000000
0.000000
0.000000
0.000000
0.000000
0.000000
0.000000
0.000000
0.000000
0.000000
0.000000
0.000000
0.000000
0.000000
0.000000
0.000000
0.000000
0.000000
0.000000
0.000000
0.000000
0.000000
0.000000
0.000000
0.000000
0.000000
0.000000
0.000000
0.000000
0.000000
0.000000
0.000000
0.000000
0.000000
0.000000
0.000000
0.000000
0.000000
0.000000
0.000000
0.000000
0.000000
0.000000
0.000000
0.000000
0.000000
0.000000
0.000000
0.000000
0.000000
0.000000
0.000000
0.000000
0.000000
0.000000
0.000000
0.000000
0.000000
0.000000
0.000000
