0.000391
0.000783
0.001176
0.001571
0.001967
0.002366
0.002767
0.003174
0.003582
0.003997
0.004415
0.004841
0.005270
0.005709
0.006152
0.006605
0.007065
0.007533
0.008012
0.008497
0.008998
0.009504
0.010026
0.010557
0.011100
0.011660
0.012226
0.012815
0.013411
0.014025
0.014658
0.015299
0.015966
0.016644
0.017340
0.018062
0.018792
0.019549
0.020327
0.021116
0.021939
0.022778
0.023633
0.024525
0.025431
0.026358
0.027323
0.028303
0.029305
0.030348
0.031410
0.032491
0.033615
0.034767
0.035932
0.037139
0.038386
0.039648
0.040938
0.042278
0.043650
0.045037
0.046461
0.047938
0.049447
0.050972
0.052532
0.054148
0.055809
0.057490
0.059193
0.060942
0.062750
0.064606
0.066490
0.068394
0.070327
0.072309
0.074351
0.076452
0.078605
0.080801
0.083034
0.085303
0.087608
0.089951
0.092336
0.094763
0.097234
0.099748
0.102307
0.104911
0.107560
0.110253
0.112992
0.115776
0.118604
0.121478
0.124396
0.127359
0.130367
0.133420
0.136517
0.139658
0.142843
0.146072
0.149344
0.152659
0.156017
0.159417
0.162859
0.166342
0.169866
0.173431
0.177035
0.180679
0.184361
0.188081
0.191838
0.195632
0.199461
0.203325
0.207224
0.211156
0.215119
0.219114
0.223139
0.227194
0.231277
0.235387
0.239523
0.243684
0.247869
0.252076
0.256305
0.260553
0.264821
0.269105
0.273406
0.277721
0.282050
0.286390
0.290741
0.295100
0.299467
0.303840
0.308216
0.312595
0.316976
0.321356
0.325733
0.330107
0.334476
0.338837
0.343189
0.347531
0.351861
0.356176
0.360476
0.364759
0.369022
0.373265
0.377485
0.381681
0.385850
0.389992
0.394105
0.398186
0.402235
0.406249
0.410227
0.414167
0.418068
0.421927
0.425745
0.429518
0.433245
0.436926
0.440558
0.444139
0.447669
0.451146
0.454569
0.457935
0.461246
0.464497
0.467690
0.470822
0.473892
0.476899
0.479843
0.482722
0.485535
0.488281
0.490960
0.493570
0.496112
0.498583
0.500984
0.503315
0.505574
0.507760
0.509875
0.511916
0.513885
0.515779
0.517601
0.519350
0.521025
0.522626
0.524154
0.525608
0.526989
0.528297
0.529533
0.530696
0.531787
0.532808
0.533757
0.534636
0.535446
0.536187
0.536859
0.537465
0.538005
0.538478
0.538888
0.539235
0.539521
0.539745
0.539910
0.540016
0.540067
0.540061
0.540001
0.539888
0.539724
0.539510
0.539249
0.538941
0.538587
0.538190
0.537753
0.537275
0.536760
0.536209
0.535624
0.535005
0.534357
0.533679
0.532975
0.532245
0.531493
0.530720
0.529927
0.529117
0.528291
0.527451
0.526601
0.525741
0.524874
0.523999
0.523120
0.522240
0.521359
0.520481
0.519605
0.518735
0.517871
0.517015
0.516170
0.515337
0.514517
0.513713
0.512925
0.512155
0.511404
0.510676
0.509969
0.509286
0.508628
0.507996
0.507390
0.506814
0.506267
0.505752
0.505267
0.504814
0.504396
0.504009
0.503659
0.503343
0.503063
0.502820
0.502613
0.502444
0.502311
0.502216
0.502160
0.502141
0.502161
0.502218
0.502312
0.502445
0.502614
0.502822
0.503065
0.503345
0.503660
0.504011
0.504396
0.504815
0.505268
0.505753
0.506269
0.506815
0.507391
0.507995
0.508628
0.509286
0.509969
0.510676
0.511405
0.512155
0.512925
0.513713
0.514517
0.515336
0.516170
0.517014
0.517870
0.518733
0.519604
0.520480
0.521359
0.522239
0.523120
0.523997
0.524871
0.525739
0.526599
0.527450
0.528288
0.529114
0.529925
0.530718
0.531491
0.532244
0.532974
0.533678
0.534356
0.535005
0.535623
0.536209
0.536761
0.537277
0.537754
0.538192
0.538588
0.538941
0.539249
0.539511
0.539725
0.539889
0.540002
0.540062
0.540068
0.540019
0.539912
0.539747
0.539523
0.539237
0.538891
0.538480
0.538006
0.537466
0.536860
0.536187
0.535446
0.534637
0.533757
0.532809
0.531789
0.530698
0.529535
0.528300
0.526992
0.525611
0.524157
0.522630
0.521029
0.519354
0.517606
0.515784
0.513890
0.511921
0.509879
0.507765
0.505578
0.503320
0.500990
0.498588
0.496116
0.493575
0.490965
0.488286
0.485540
0.482727
0.479847
0.476904
0.473896
0.470825
0.467694
0.464500
0.461249
0.457939
0.454571
0.451148
0.447671
0.444141
0.440560
0.436928
0.433248
0.429520
0.425746
0.421929
0.418069
0.414168
0.410228
0.406250
0.402236
0.398188
0.394106
0.389993
0.385851
0.381682
0.377487
0.373267
0.369024
0.364761
0.360478
0.356178
0.351863
0.347533
0.343192
0.338839
0.334478
0.330110
0.325736
0.321359
0.316979
0.312599
0.308220
0.303843
0.299471
0.295104
0.290745
0.286394
0.282054
0.277726
0.273411
0.269110
0.264826
0.260559
0.256310
0.252082
0.247874
0.243690
0.239529
0.235392
0.231283
0.227200
0.223145
0.219120
0.215125
0.211161
0.207230
0.203331
0.199467
0.195638
0.191844
0.188087
0.184367
0.180685
0.177041
0.173437
0.169872
0.166348
0.162865
0.159423
0.156023
0.152665
0.149350
0.146078
0.142849
0.139664
0.136523
0.133426
0.130373
0.127365
0.124402
0.121483
0.118610
0.115781
0.112997
0.110259
0.107565
0.104916
0.102312
0.099753
0.097239
0.094769
0.092343
0.089962
0.087625
0.085331
0.083081
0.080874
0.078710
0.076588
0.074509
0.072473
0.070477
0.068523
0.066610
0.064737
0.062905
0.061112
0.059358
0.057643
0.055967
0.054328
0.052727
0.051163
0.049636
0.048144
0.046688
0.045267
0.043880
0.042528
0.041209
0.039923
0.038669
0.037447
0.036256
0.035097
0.033967
0.032868
0.031798
0.030756
0.029743
0.028757
0.027798
0.026866
0.025960
0.025080
0.024224
0.023393
0.022586
0.021803
0.021042
0.020304
0.019588
0.018894
0.018220
0.017567
0.016934
0.016320
0.015726
0.015150
0.014593
0.014053
0.013530
0.013024
0.012535
0.012061
0.011604
0.011161
0.010733
0.010319
0.009920
0.009533
0.009161
0.008801
0.008453
0.008117
0.007794
0.007481
0.007180
0.006890
0.006610
0.006340
0.006079
0.005829
0.005587
0.005355
0.005131
0.004916
0.004708
0.004509
0.004317
0.004132
0.003955
0.003784
0.003620
0.003463
0.003311
0.003166
0.003026
0.002892
0.002764
0.002640
0.002522
0.002408
0.002299
0.002195
0.002095
0.001999
0.001907
0.001819
0.001734
0.001654
0.001576
0.001502
0.001431
0.001364
0.001299
0.001237
0.001178
0.001121
0.001067
0.001015
0.000966
0.000918
0.000873
0.000830
0.000789
0.000750
0.000713
0.000677
0.000643
0.000611
0.000580
0.000550
0.000522
0.000496
0.000470
0.000446
0.000423
0.000401
0.000380
0.000360
0.000341
0.000323
0.000306
0.000290
0.000275
0.000260
0.000246
0.000233
0.000220
0.000208
0.000197
0.000186
0.000176
0.000166
0.000157
0.000148
0.000140
0.000132
0.000125
0.000118
0.000111
0.000105
0.000099
0.000094
0.000088
0.000083
0.000078
0.000074
0.000070
0.000066
0.000062
0.000058
0.000055
0.000052
0.000048
0.000046
0.000043
0.000040
0.000038
0.000036
0.000034
0.000032
0.000030
0.000028
0.000026
0.000025
0.000023
0.000022
0.000020
0.000019
0.000018
0.000017
0.000016
0.000015
0.000014
0.000013
0.000012
0.000011
0.000011
0.000010
0.000009
0.000009
0.000008
0.000008
0.000007
0.000007
0.000006
0.000006
0.000005
0.000005
0.000005
0.000004
0.000004
0.000004
0.000004
0.000003
0.000003
0.000003
0.000003
0.000003
0.000002
0.000002
0.000002
0.000002
0.000002
0.000002
0.000002
0.000001
0.000001
0.000001
0.000001
0.000001
0.000001
0.000001
0.000001
0.000001
0.000001
0.000001
0.000001
0.000001
0.000001
0.000001
0.000000
0.000000
0.000000
0.000000
0.000000
0.000000
0.000000
0.000000
0.000000
0.000000
0.000000
0.000000
0.000000
0.000000
0.000000
0.000000
0.000000
0.000000
0.000000
0.000000
0.000000
0.000000
0.000000
0.000000
0.000000
0.000000
0.000000
0.000000
0.000000
0.000000
0.000000
0.000000
0.000000
0.000000
0.000000
0.000000
0.000000
0.000000
0.000000
0.000000
0.000000
0.000000
0.000000
0.000000
0.000000
0.000000
0.000000
0.000000
0.000000
0.000000
0.000000
0.000000
0.000000
0.000000
0.000000
0.000000
0.000000
0.000000
0.000000
0.000000
0.000000
0.000000
0.000000
0.000000
0.000000
0.000000
0.000000
0.000000
0.000000
0.000000
0.000000
0.000000
0.000000
0.000000
0.000000
0.000000
0.000000
0.000000
0.000000
0.000000
0.000000
0.000000
0.000000
0.000000
0.000000
0.000000
0.000000
0.000000
0.000000
0.000000
0.000000
0.000000
0.000000
0.000000
0.000000
0.000000
0.000000
0.000000
0.000000
0.000000
0.000000
0.000000
0.000000
0.000000
0.000000
0.000000
0.000000
0.000000
0.000000
0.000000
0.000000
0.000000
0.000000
0.000000
0.000000
0.000000
0.000000
0.000000
0.000000
0.000000
0.000000
0.000000
0.000000
0.000000
0.000000
0.000000
0.000000
0.000000
0.000000
0.000000
0.000000
0.000000
0.000000
0.000000
0.000000
0.000000
0.000000
0.000000
0.000000
0.000000
0.000000
0.000000
0.000000
0.000000
0.000000
0.000000
0.000000
0.000000
0.000000
0.000000
0.000000
0.000000
0.000000
0.000000
0.000000
0.000000
0.000000
0.000000
0.000000
0.000000
0.000000
0.000000
0.000000
0.000000
0.000000
0.000000
0.000000
0.000000
0.000000
0.000000
0.000000
0.000000
0.000000
0.000000
0.000000
0.000000
0.000000
0.000000
0.000000
0.000000
0.000000
0.000000
0.000000
0.000000
0.000000
0.000000
0.000000
0.000000
0.000000
0.000000
0.000000
0.000000
0.000000
0.000000
0.000000
0.000000
0.000000
0.000000
0.000000
0.000000
0.000000
0.000000
0.000000
0.000000
0.000000
0.000000
0.000000
0.000000
0.000000
0.000000
0.000000
0.000000
0.000000
0.000000
0.000000
0.000000
0.000000
0.000000
0.000000
0.000000
0.000000
0.000000
0.000000
0.000000
0.000000
0.000000
0.000000
0.000000
0.000000
0.000000
0.000000
0.000000
0.000000
0.000000
0.000000
0.000000
0.000000
0.000000
0.000000
0.000000
0.000000
0.000000
0.000000
0.000000
0.000000
