0.000399
0.000799
0.001199
0.001601
0.002005
0.002412
0.002821
0.003235
0.003652
0.004075
0.004501
0.004934
0.005373
0.005818
0.006271
0.006730
0.007201
0.007676
0.008165
0.008659
0.009168
0.009685
0.010213
0.010757
0.011307
0.011877
0.012455
0.013050
0.013661
0.014281
0.014926
0.015579
0.016253
0.016947
0.017651
0.018384
0.019129
0.019893
0.020686
0.021489
0.022319
0.023176
0.024044
0.024944
0.025870
0.026808
0.027782
0.028784
0.029798
0.030850
0.031933
0.033029
0.034162
0.035334
0.036520
0.037735
0.038997
0.040284
0.041589
0.042937
0.044331
0.045743
0.047179
0.048666
0.050199
0.051751
0.053326
0.054952
0.056631
0.058341
0.060069
0.061831
0.063650
0.065524
0.067436
0.069370
0.071327
0.073324
0.075378
0.077492
0.079662
0.081880
0.084138
0.086432
0.088762
0.091129
0.093537
0.095987
0.098480
0.101017
0.103598
0.106224
0.108895
0.111610
0.114371
0.117177
0.120027
0.122923
0.125863
0.128848
0.131878
0.134953
0.138071
0.141234
0.144440
0.147690
0.150982
0.154318
0.157697
0.161117
0.164579
0.168082
0.171625
0.175209
0.178832
0.182494
0.186194
0.189931
0.193706
0.197516
0.201362
0.205242
0.209156
0.213102
0.217080
0.221088
0.225127
0.229194
0.233289
0.237410
0.241556
0.245727
0.249922
0.254138
0.258374
0.262629
0.266903
0.271193
0.275498
0.279818
0.284149
0.288492
0.292844
0.297204
0.301570
0.305941
0.310316
0.314692
0.319068
0.323442
0.327814
0.332181
0.336541
0.340893
0.345235
0.349566
0.353884
0.358186
0.362471
0.366738
0.370985
0.375210
0.379412
0.383588
0.387737
0.391857
0.395946
0.400003
0.404027
0.408014
0.411965
0.415877
0.419747
0.423576
0.427362
0.431102
0.434796
0.438441
0.442037
0.445581
0.449073
0.452510
0.455893
0.459218
0.462486
0.465695
0.468843
0.471930
0.474954
0.477914
0.480810
0.483639
0.486403
0.489098
0.491725
0.494283
0.496771
0.499189
0.501535
0.503810
0.506013
0.508143
0.510200
0.512183
0.514093
0.515928
0.517690
0.519378
0.520992
0.522532
0.523997
0.525389
0.526707
0.527952
0.529125
0.530224
0.531251
0.532207
0.533092
0.533907
0.534651
0.535326
0.535933
0.536474
0.536948
0.537357
0.537701
0.537982
0.538203
0.538362
0.538462
0.538504
0.538489
0.538419
0.538296
0.538119
0.537891
0.537614
0.537290
0.536919
0.536504
0.536045
0.535547
0.535009
0.534433
0.533824
0.533179
0.532503
0.531797
0.531062
0.530302
0.529517
0.528710
0.527883
0.527037
0.526174
0.525297
0.524408
0.523507
0.522599
0.521683
0.520762
0.519837
0.518912
0.517988
0.517066
0.516149
0.515238
0.514334
0.513440
0.512557
0.511688
0.510833
0.509995
0.509174
0.508372
0.507591
0.506833
0.506099
0.505388
0.504705
0.504048
0.503420
0.502822
0.502254
0.501720
0.501217
0.500748
0.500314
0.499914
0.499550
0.499223
0.498933
0.498681
0.498467
0.498292
0.498155
0.498056
0.497998
0.497978
0.497998
0.498057
0.498155
0.498293
0.498468
0.498683
0.498935
0.499225
0.499552
0.499915
0.500314
0.500749
0.501218
0.501721
0.502256
0.502823
0.503420
0.504048
0.504705
0.505388
0.506098
0.506833
0.507592
0.508372
0.509174
0.509994
0.510833
0.511687
0.512556
0.513439
0.514333
0.515236
0.516148
0.517066
0.517987
0.518911
0.519837
0.520760
0.521681
0.522596
0.523505
0.524405
0.525294
0.526172
0.527035
0.527881
0.528708
0.529516
0.530301
0.531061
0.531796
0.532503
0.533178
0.533823
0.534434
0.535010
0.535548
0.536047
0.536505
0.536920
0.537290
0.537615
0.537892
0.538119
0.538297
0.538421
0.538491
0.538506
0.538465
0.538365
0.538205
0.537985
0.537704
0.537359
0.536950
0.536475
0.535935
0.535327
0.534651
0.533907
0.533092
0.532207
0.531252
0.530225
0.529126
0.527955
0.526710
0.525392
0.524001
0.522535
0.520995
0.519382
0.517695
0.515933
0.514097
0.512188
0.510204
0.508147
0.506018
0.503815
0.501541
0.499194
0.496776
0.494288
0.491730
0.489102
0.486407
0.483644
0.480814
0.477918
0.474958
0.471933
0.468847
0.465698
0.462489
0.459222
0.455896
0.452513
0.449075
0.445583
0.442039
0.438443
0.434798
0.431105
0.427364
0.423578
0.419749
0.415878
0.411966
0.408015
0.404028
0.400005
0.395947
0.391858
0.387738
0.383589
0.379414
0.375212
0.370987
0.366741
0.362474
0.358188
0.353886
0.349568
0.345238
0.340896
0.336544
0.332184
0.327817
0.323446
0.319071
0.314695
0.310319
0.305945
0.301574
0.297208
0.292848
0.288496
0.284154
0.279822
0.275503
0.271198
0.266908
0.262635
0.258379
0.254143
0.249927
0.245733
0.241562
0.237415
0.233294
0.229199
0.225132
0.221094
0.217085
0.213107
0.209161
0.205248
0.201368
0.197522
0.193712
0.189937
0.186200
0.182500
0.178838
0.175214
0.171631
0.168087
0.164584
0.161123
0.157702
0.154324
0.150988
0.147695
0.144446
0.141239
0.138077
0.134958
0.131884
0.128854
0.125869
0.122928
0.120033
0.117182
0.114376
0.111615
0.108900
0.106229
0.103603
0.101022
0.098485
0.095993
0.093546
0.091143
0.088784
0.086468
0.084197
0.081968
0.079783
0.077641
0.075541
0.073483
0.071467
0.069493
0.067559
0.065666
0.063814
0.062001
0.060228
0.058494
0.056799
0.055141
0.053522
0.051939
0.050394
0.048884
0.047410
0.045972
0.044568
0.043199
0.041863
0.040561
0.039291
0.038053
0.036847
0.035672
0.034528
0.033413
0.032329
0.031273
0.030245
0.029246
0.028274
0.027328
0.026409
0.025516
0.024648
0.023805
0.022986
0.022191
0.021419
0.020670
0.019943
0.019238
0.018554
0.017891
0.017248
0.016625
0.016021
0.015436
0.014869
0.014320
0.013789
0.013275
0.012777
0.012296
0.011830
0.011380
0.010945
0.010524
0.010118
0.009725
0.009345
0.008979
0.008625
0.008284
0.007954
0.007636
0.007329
0.007034
0.006748
0.006473
0.006208
0.005953
0.005707
0.005470
0.005242
0.005022
0.004811
0.004608
0.004412
0.004224
0.004043
0.003869
0.003701
0.003541
0.003386
0.003238
0.003095
0.002959
0.002827
0.002701
0.002580
0.002464
0.002353
0.002246
0.002144
0.002046
0.001952
0.001862
0.001776
0.001693
0.001614
0.001539
0.001466
0.001397
0.001331
0.001267
0.001207
0.001149
0.001094
0.001041
0.000990
0.000942
0.000896
0.000852
0.000810
0.000770
0.000731
0.000695
0.000660
0.000627
0.000595
0.000565
0.000536
0.000509
0.000483
0.000458
0.000434
0.000412
0.000390
0.000370
0.000351
0.000332
0.000315
0.000298
0.000282
0.000267
0.000253
0.000239
0.000226
0.000214
0.000203
0.000192
0.000181
0.000171
0.000162
0.000153
0.000144
0.000136
0.000129
0.000121
0.000115
0.000108
0.000102
0.000096
0.000091
0.000086
0.000081
0.000076
0.000072
0.000068
0.000064
0.000060
0.000056
0.000053
0.000050
0.000047
0.000044
0.000042
0.000039
0.000037
0.000035
0.000033
0.000031
0.000029
0.000027
0.000025
0.000024
0.000022
0.000021
0.000020
0.000018
0.000017
0.000016
0.000015
0.000014
0.000013
0.000013
0.000012
0.000011
0.000010
0.000010
0.000009
0.000008
0.000008
0.000007
0.000007
0.000006
0.000006
0.000006
0.000005
0.000005
0.000005
0.000004
0.000004
0.000004
0.000004
0.000003
0.000003
0.000003
0.000003
0.000002
0.000002
0.000002
0.000002
0.000002
0.000002
0.000002
0.000002
0.000001
0.000001
0.000001
0.000001
0.000001
0.000001
0.000001
0.000001
0.000001
0.000001
0.000001
0.000001
0.000001
0.000001
0.000001
0.000000
0.000000
0.000000
0.000000
0.000000
0.000000
0.000000
0.000000
0.000000
0.000000
0.000000
0.000000
0.000000
0.000000
0.000000
0.000000
0.000000
0.000000
0.000000
0.000000
0.000000
0.000000
0.000000
0.000000
0.000000
0.000000
0.000000
0.000000
0.000000
0.000000
0.000000
0.000000
0.000000
0.000000
0.000000
0.000000
0.000000
0.000000
0.000000
0.000000
0.000000
0.000000
0.000000
0.000000
0.000000
0.000000
0.000000
0.000000
0.000000
0.000000
0.000000
0.000000
0.000000
0.000000
0.000000
0.000000
0.000000
0.000000
0.000000
0.000000
0.000000
0.000000
0.000000
0.000000
0.000000
0.000000
0.000000
0.000000
0.000000
0.000000
0.000000
0.000000
0.000000
0.000000
0.000000
0.000000
0.000000
0.000000
0.000000
0.000000
0.000000
0.000000
0.000000
0.000000
0.000000
0.000000
0.000000
0.000000
0.000000
0.000000
0.000000
0.000000
0.000000
0.000000
0.000000
0.000000
0.000000
0.000000
0.000000
0.000000
0.000000
0.000000
0.000000
0.000000
0.000000
0.000000
0.000000
0.000000
0.000000
0.000000
0.000000
0.000000
0.000000
0.000000
0.000000
0.000000
0.000000
0.000000
0.000000
0.000000
0.000000
0.000000
0.000000
0.000000
0.000000
0.000000
0.000000
0.000000
0.000000
0.000000
0.000000
0.000000
0.000000
0.000000
0.000000
0.000000
0.000000
0.000000
0.000000
0.000000
0.000000
0.000000
0.000000
0.000000
0.000000
0.000000
0.000000
0.000000
0.000000
0.000000
0.000000
0.000000
0.000000
0.000000
0.000000
0.000000
0.000000
0.000000
0.000000
0.000000
0.000000
0.000000
0.000000
0.000000
0.000000
0.000000
0.000000
0.000000
0.000000
0.000000
0.000000
0.000000
0.000000
0.000000
0.000000
0.000000
0.000000
0.000000
0.000000
0.000000
0.000000
0.000000
0.000000
0.000000
0.000000
0.000000
0.000000
0.000000
0.000000
0.000000
0.000000
0.000000
0.000000
0.000000
0.000000
0.000000
0.000000
0.000000
0.000000
0.000000
0.000000
0.000000
0.000000
0.000000
0.000000
0.000000
0.000000
0.000000
0.000000
0.000000
0.000000
0.000000
0.000000
0.000000
0.000000
0.000000
0.000000
0.000000
0.000000
0.000000
0.000000
0.000000
0.000000
0.000000
0.000000
0.000000
0.000000
0.000000
0.000000
0.000000
0.000000
0.000000
0.000000
0.000000
0.000000
0.000000
0.000000
0.000000
0.000000
0.000000
0.000000
0.000000
0.000000
0.000000
