0.000407
0.000814
0.001222
0.001632
0.002044
0.002459
0.002876
0.003298
0.003723
0.004153
0.004588
0.005028
0.005477
0.005929
0.006392
0.006859
0.007338
0.007823
0.008319
0.008825
0.009339
0.009869
0.010404
0.010958
0.011518
0.012096
0.012687
0.013289
0.013913
0.014543
0.015196
0.015865
0.016545
0.017253
0.017969
0.018709
0.019472
0.020244
0.021048
0.021869
0.022706
0.023577
0.024462
0.025369
0.026311
0.027267
0.028248
0.029267
0.030300
0.031359
0.032460
0.033577
0.034718
0.035904
0.037115
0.038342
0.039614
0.040925
0.042250
0.043608
0.045016
0.046455
0.047911
0.049406
0.050955
0.052535
0.054133
0.055768
0.057461
0.059197
0.060954
0.062735
0.064563
0.066452
0.068388
0.070352
0.072337
0.074353
0.076419
0.078545
0.080731
0.082969
0.085251
0.087570
0.089925
0.092317
0.094749
0.097222
0.099737
0.102296
0.104899
0.107548
0.110240
0.112978
0.115761
0.118589
0.121462
0.124379
0.127342
0.130349
0.133400
0.136496
0.139636
0.142820
0.146047
0.149318
0.152632
0.155988
0.159387
0.162827
0.166309
0.169831
0.173394
0.176996
0.180638
0.184318
0.188036
0.191791
0.195582
0.199409
0.203271
0.207166
0.211095
0.215056
0.219048
0.223070
0.227121
0.231200
0.235307
0.239439
0.243596
0.247777
0.251980
0.256204
0.260448
0.264710
0.268989
0.273285
0.277594
0.281917
0.286252
0.290596
0.294949
0.299309
0.303675
0.308044
0.312415
0.316788
0.321160
0.325529
0.329894
0.334253
0.338605
0.342947
0.347279
0.351598
0.355903
0.360191
0.364462
0.368713
0.372943
0.377150
0.381333
0.385488
0.389616
0.393713
0.397779
0.401812
0.405810
0.409771
0.413693
0.417576
0.421417
0.425215
0.428968
0.432675
0.436334
0.439944
0.443503
0.447010
0.450463
0.453861
0.457202
0.460487
0.463712
0.466877
0.469981
0.473022
0.475999
0.478912
0.481759
0.484540
0.487253
0.489898
0.492473
0.494978
0.497414
0.499777
0.502068
0.504288
0.506434
0.508507
0.510506
0.512431
0.514282
0.516058
0.517760
0.519387
0.520940
0.522419
0.523822
0.525152
0.526407
0.527589
0.528698
0.529734
0.530697
0.531589
0.532409
0.533159
0.533838
0.534448
0.534991
0.535466
0.535875
0.536219
0.536498
0.536715
0.536870
0.536965
0.537000
0.536978
0.536898
0.536765
0.536577
0.536337
0.536045
0.535706
0.535319
0.534887
0.534410
0.533891
0.533331
0.532733
0.532099
0.531429
0.530727
0.529993
0.529230
0.528439
0.527622
0.526784
0.525922
0.525041
0.524143
0.523228
0.522300
0.521361
0.520411
0.519454
0.518491
0.517524
0.516554
0.515584
0.514616
0.513652
0.512694
0.511743
0.510800
0.509868
0.508948
0.508042
0.507153
0.506281
0.505428
0.504594
0.503784
0.502997
0.502234
0.501497
0.500788
0.500107
0.499457
0.498837
0.498249
0.497696
0.497175
0.496690
0.496240
0.495827
0.495450
0.495112
0.494813
0.494552
0.494331
0.494149
0.494008
0.493906
0.493845
0.493826
0.493846
0.493907
0.494008
0.494150
0.494332
0.494554
0.494815
0.495114
0.495452
0.495828
0.496241
0.496692
0.497177
0.497698
0.498252
0.498838
0.499458
0.500108
0.500788
0.501497
0.502234
0.502996
0.503784
0.504595
0.505427
0.506280
0.507152
0.508041
0.508946
0.509866
0.510798
0.511741
0.512693
0.513652
0.514615
0.515583
0.516553
0.517522
0.518489
0.519452
0.520409
0.521358
0.522298
0.523226
0.524140
0.525039
0.525920
0.526782
0.527621
0.528438
0.529229
0.529992
0.530726
0.531429
0.532099
0.532734
0.533333
0.533892
0.534411
0.534887
0.535319
0.535706
0.536046
0.536337
0.536577
0.536765
0.536900
0.536979
0.537003
0.536967
0.536873
0.536717
0.536501
0.536221
0.535877
0.535468
0.534992
0.534449
0.533838
0.533159
0.532409
0.531589
0.530698
0.529735
0.528699
0.527591
0.526410
0.525155
0.523826
0.522422
0.520944
0.519392
0.517765
0.516063
0.514287
0.512436
0.510511
0.508512
0.506439
0.504293
0.502074
0.499782
0.497418
0.494983
0.492477
0.489902
0.487258
0.484545
0.481764
0.478916
0.476003
0.473025
0.469984
0.466880
0.463715
0.460490
0.457206
0.453864
0.450465
0.447011
0.443505
0.439946
0.436337
0.432678
0.428970
0.425216
0.421418
0.417577
0.413694
0.409772
0.405811
0.401813
0.397781
0.393715
0.389617
0.385490
0.381334
0.377152
0.372945
0.368715
0.364464
0.360193
0.355905
0.351600
0.347281
0.342950
0.338607
0.334256
0.329896
0.325532
0.321163
0.316791
0.312419
0.308047
0.303678
0.299313
0.294953
0.290600
0.286256
0.281922
0.277599
0.273290
0.268994
0.264715
0.260453
0.256209
0.251985
0.247782
0.243602
0.239445
0.235312
0.231206
0.227127
0.223075
0.219053
0.215061
0.211101
0.207172
0.203277
0.199415
0.195588
0.191797
0.188042
0.184324
0.180644
0.177002
0.173400
0.169837
0.166315
0.162833
0.159393
0.155994
0.152638
0.149324
0.146053
0.142826
0.139642
0.136502
0.133406
0.130354
0.127347
0.124385
0.121467
0.118594
0.115766
0.112984
0.110246
0.107553
0.104905
0.102301
0.099743
0.097229
0.094760
0.092335
0.089954
0.087617
0.085323
0.083074
0.080867
0.078704
0.076583
0.074504
0.072467
0.070472
0.068518
0.066606
0.064733
0.062901
0.061108
0.059355
0.057640
0.055964
0.054325
0.052725
0.051161
0.049633
0.048142
0.046686
0.045265
0.043878
0.042526
0.041207
0.039921
0.038667
0.037446
0.036255
0.035096
0.033966
0.032867
0.031797
0.030755
0.029742
0.028756
0.027797
0.026865
0.025959
0.025079
0.024224
0.023393
0.022586
0.021802
0.021042
0.020304
0.019588
0.018893
0.018220
0.017567
0.016934
0.016320
0.015726
0.015150
0.014592
0.014052
0.013530
0.013024
0.012535
0.012061
0.011603
0.011161
0.010733
0.010319
0.009919
0.009533
0.009160
0.008800
0.008453
0.008117
0.007794
0.007481
0.007180
0.006890
0.006610
0.006340
0.006079
0.005829
0.005587
0.005355
0.005131
0.004916
0.004708
0.004509
0.004317
0.004132
0.003955
0.003784
0.003620
0.003463
0.003311
0.003166
0.003026
0.002892
0.002764
0.002640
0.002522
0.002408
0.002299
0.002195
0.002095
0.001999
0.001907
0.001819
0.001734
0.001654
0.001576
0.001502
0.001431
0.001364
0.001299
0.001237
0.001178
0.001121
0.001067
0.001015
0.000966
0.000918
0.000873
0.000830
0.000789
0.000750
0.000713
0.000677
0.000643
0.000611
0.000580
0.000550
0.000522
0.000496
0.000470
0.000446
0.000423
0.000401
0.000380
0.000360
0.000341
0.000323
0.000306
0.000290
0.000275
0.000260
0.000246
0.000233
0.000220
0.000208
0.000197
0.000186
0.000176
0.000166
0.000157
0.000148
0.000140
0.000132
0.000125
0.000118
0.000111
0.000105
0.000099
0.000094
0.000088
0.000083
0.000078
0.000074
0.000070
0.000066
0.000062
0.000058
0.000055
0.000052
0.000048
0.000046
0.000043
0.000040
0.000038
0.000036
0.000034
0.000032
0.000030
0.000028
0.000026
0.000025
0.000023
0.000022
0.000020
0.000019
0.000018
0.000017
0.000016
0.000015
0.000014
0.000013
0.000012
0.000011
0.000011
0.000010
0.000009
0.000009
0.000008
0.000008
0.000007
0.000007
0.000006
0.000006
0.000005
0.000005
0.000005
0.000004
0.000004
0.000004
0.000004
0.000003
0.000003
0.000003
0.000003
0.000003
0.000002
0.000002
0.000002
0.000002
0.000002
0.000002
0.000002
0.000001
0.000001
0.000001
0.000001
0.000001
0.000001
0.000001
0.000001
0.000001
0.000001
0.000001
0.000001
0.000001
0.000001
0.000001
0.000000
0.000000
0.000000
0.000000
0.000000
0.000000
0.000000
0.000000
0.000000
0.000000
0.000000
0.000000
0.000000
0.000000
0.000000
0.000000
0.000000
0.000000
0.000000
0.000000
0.000000
0.000000
0.000000
0.000000
0.000000
0.000000
0.000000
0.000000
0.000000
0.000000
0.000000
0.000000
0.000000
0.000000
0.000000
0.000000
0.000000
0.000000
0.000000
0.000000
0.000000
0.000000
0.000000
0.000000
0.000000
0.000000
0.000000
0.000000
0.000000
0.000000
0.000000
0.000000
0.000000
0.000000
0.000000
0.000000
0.000000
0.000000
0.000000
0.000000
0.000000
0.000000
0.000000
0.000000
0.000000
0.000000
0.000000
0.000000
0.000000
0.000000
0.000000
0.000000
0.000000
0.000000
0.000000
0.000000
0.000000
0.000000
0.000000
0.000000
0.000000
0.000000
0.000000
0.000000
0.000000
0.000000
0.000000
0.000000
0.000000
0.000000
0.000000
0.000000
0.000000
0.000000
0.000000
0.000000
0.000000
0.000000
0.000000
0.000000
0.000000
0.000000
0.000000
0.000000
0.000000
0.000000
0.000000
0.000000
0.000000
0.000000
0.000000
0.000000
0.000000
0.000000
0.000000
0.000000
0.000000
0.000000
0.000000
0.000000
0.000000
0.000000
0.000000
0.000000
0.000000
0.000000
0.000000
0.000000
0.000000
0.000000
0.000000
0.000000
0.000000
0.000000
0.000000
0.000000
0.000000
0.000000
0.000000
0.000000
0.000000
0.000000
0.000000
0.000000
0.000000
0.000000
0.000000
0.000000
0.000000
0.000000
0.000000
0.000000
0.000000
0.000000
0.000000
0.000000
0.000000
0.000000
0.000000
0.000000
0.000000
0.000000
0.000000
0.000000
0.000000
0.000000
0.000000
0.000000
0.000000
0.000000
0.000000
0.000000
0.000000
0.000000
0.000000
0.000000
0.000000
0.000000
0.000000
0.000000
0.000000
0.000000
0.000000
0.000000
0.000000
0.000000
0.000000
0.000000
0.000000
0.000000
0.000000
0.000000
0.000000
0.000000
0.000000
0.000000
0.000000
0.000000
0.000000
0.000000
0.000000
0.000000
0.000000
0.000000
0.000000
0.000000
0.000000
0.000000
0.000000
0.000000
0.000000
0.000000
0.000000
0.000000
0.000000
0.000000
0.000000
0.000000
0.000000
0.000000
0.000000
0.000000
0.000000
0.000000
0.000000
0.000000
0.000000
0.000000
0.000000
0.000000
0.000000
0.000000
0.000000
0.000000
0.000000
0.000000
0.000000
0.000000
0.000000
0.000000
0.000000
0.000000
0.000000
0.000000
