0.000415
0.000830
0.001246
0.001664
0.002084
0.002506
0.002932
0.003361
0.003795
0.004232
0.004677
0.005125
0.005582
0.006043
0.006514
0.006991
0.007477
0.007972
0.008475
0.008992
0.009514
0.010054
0.010599
0.011161
0.011735
0.012318
0.012923
0.013533
0.014166
0.014811
0.015470
0.016153
0.016844
0.017560
0.018293
0.019040
0.019816
0.020604
0.021414
0.022253
0.023102
0.023982
0.024886
0.025803
0.026756
0.027732
0.028724
0.029754
0.030809
0.031879
0.032991
0.034131
0.035286
0.036481
0.037714
0.038961
0.040241
0.041569
0.042920
0.044291
0.045709
0.047172
0.048652
0.050160
0.051720
0.053325
0.054949
0.056599
0.058302
0.060058
0.061845
0.063650
0.065492
0.067391
0.069347
0.071340
0.073355
0.075395
0.077476
0.079614
0.081813
0.084069
0.086373
0.088717
0.091098
0.093515
0.095971
0.098467
0.101005
0.103587
0.106212
0.108883
0.111598
0.114358
0.117163
0.120013
0.122907
0.125847
0.128831
0.131860
0.134933
0.138051
0.141212
0.144417
0.147666
0.150957
0.154292
0.157669
0.161088
0.164548
0.168049
0.171591
0.175173
0.178794
0.182454
0.186152
0.189887
0.193660
0.197468
0.201311
0.205188
0.209099
0.213043
0.217018
0.221023
0.225059
0.229122
0.233214
0.237331
0.241474
0.245641
0.249831
0.254043
0.258275
0.262526
0.266795
0.271080
0.275380
0.279694
0.284020
0.288356
0.292702
0.297056
0.301415
0.305780
0.310147
0.314515
0.318884
0.323250
0.327614
0.331972
0.336323
0.340666
0.344998
0.349319
0.353626
0.357918
0.362192
0.366448
0.370683
0.374895
0.379084
0.383247
0.387382
0.391487
0.395562
0.399604
0.403612
0.407583
0.411517
0.415412
0.419265
0.423075
0.426842
0.430563
0.434236
0.437860
0.441435
0.444957
0.448426
0.451840
0.455197
0.458498
0.461740
0.464923
0.468044
0.471103
0.474098
0.477028
0.479894
0.482692
0.485424
0.488087
0.490680
0.493204
0.495656
0.498038
0.500347
0.502584
0.504747
0.506837
0.508853
0.510794
0.512661
0.514453
0.516170
0.517812
0.519378
0.520870
0.522287
0.523629
0.524896
0.526089
0.527208
0.528253
0.529225
0.530125
0.530952
0.531708
0.532394
0.533008
0.533554
0.534032
0.534442
0.534786
0.535065
0.535280
0.535432
0.535522
0.535553
0.535523
0.535437
0.535294
0.535097
0.534845
0.534542
0.534188
0.533786
0.533337
0.532843
0.532305
0.531726
0.531106
0.530449
0.529755
0.529027
0.528266
0.527476
0.526655
0.525809
0.524937
0.524044
0.523129
0.522195
0.521245
0.520279
0.519301
0.518312
0.517313
0.516309
0.515298
0.514285
0.513270
0.512257
0.511246
0.510240
0.509241
0.508250
0.507268
0.506298
0.505342
0.504400
0.503477
0.502572
0.501686
0.500822
0.499982
0.499166
0.498376
0.497614
0.496879
0.496174
0.495502
0.494861
0.494253
0.493680
0.493142
0.492641
0.492176
0.491750
0.491360
0.491011
0.490702
0.490433
0.490205
0.490016
0.489871
0.489766
0.489703
0.489683
0.489704
0.489766
0.489871
0.490018
0.490206
0.490434
0.490704
0.491013
0.491362
0.491750
0.492177
0.492643
0.493144
0.493682
0.494255
0.494862
0.495503
0.496175
0.496879
0.497613
0.498376
0.499166
0.499982
0.500822
0.501686
0.502571
0.503476
0.504400
0.505340
0.506297
0.507266
0.508249
0.509240
0.510239
0.511245
0.512256
0.513269
0.514284
0.515296
0.516306
0.517311
0.518309
0.519298
0.520276
0.521242
0.522193
0.523127
0.524042
0.524936
0.525808
0.526655
0.527475
0.528266
0.529027
0.529755
0.530449
0.531107
0.531727
0.532306
0.532844
0.533338
0.533786
0.534189
0.534543
0.534845
0.535097
0.535295
0.535438
0.535526
0.535555
0.535524
0.535434
0.535282
0.535067
0.534788
0.534443
0.534033
0.533555
0.533009
0.532393
0.531709
0.530952
0.530125
0.529226
0.528255
0.527210
0.526092
0.524899
0.523632
0.522290
0.520874
0.519382
0.517816
0.516174
0.514457
0.512666
0.510799
0.508858
0.506842
0.504752
0.502589
0.500352
0.498042
0.495661
0.493208
0.490684
0.488091
0.485429
0.482697
0.479898
0.477033
0.474102
0.471106
0.468047
0.464926
0.461743
0.458501
0.455200
0.451842
0.448427
0.444958
0.441437
0.437863
0.434238
0.430565
0.426843
0.423077
0.419266
0.415413
0.411518
0.407584
0.403613
0.399606
0.395564
0.391489
0.387383
0.383248
0.379086
0.374897
0.370685
0.366450
0.362194
0.357920
0.353628
0.349321
0.345001
0.340668
0.336326
0.331975
0.327617
0.323254
0.318887
0.314519
0.310151
0.305783
0.301419
0.297060
0.292706
0.288361
0.284024
0.279698
0.275385
0.271085
0.266800
0.262531
0.258280
0.254048
0.249837
0.245647
0.241480
0.237337
0.233219
0.229128
0.225064
0.221029
0.217023
0.213048
0.209105
0.205194
0.201317
0.197474
0.193666
0.189894
0.186158
0.182460
0.178800
0.175179
0.171597
0.168055
0.164554
0.161093
0.157674
0.154298
0.150963
0.147672
0.144423
0.141218
0.138056
0.134939
0.131866
0.128837
0.125852
0.122913
0.120018
0.117168
0.114363
0.111603
0.108888
0.106218
0.103592
0.101012
0.098476
0.095984
0.093537
0.091135
0.088776
0.086461
0.084190
0.081962
0.079777
0.077635
0.075535
0.073478
0.071462
0.069488
0.067555
0.065662
0.063810
0.061998
0.060225
0.058491
0.056796
0.055139
0.053519
0.051937
0.050391
0.048882
0.047408
0.045970
0.044567
0.043197
0.041862
0.040559
0.039289
0.038052
0.036846
0.035671
0.034527
0.033412
0.032328
0.031272
0.030244
0.029245
0.028273
0.027328
0.026409
0.025516
0.024648
0.023805
0.022986
0.022191
0.021419
0.020670
0.019943
0.019238
0.018554
0.017891
0.017248
0.016624
0.016020
0.015435
0.014869
0.014320
0.013789
0.013275
0.012777
0.012296
0.011830
0.011380
0.010945
0.010524
0.010118
0.009725
0.009345
0.008979
0.008625
0.008284
0.007954
0.007636
0.007329
0.007033
0.006748
0.006473
0.006208
0.005953
0.005707
0.005470
0.005242
0.005022
0.004811
0.004608
0.004412
0.004224
0.004043
0.003869
0.003701
0.003541
0.003386
0.003238
0.003095
0.002959
0.002827
0.002701
0.002580
0.002464
0.002353
0.002246
0.002144
0.002046
0.001952
0.001862
0.001776
0.001693
0.001614
0.001539
0.001466
0.001397
0.001331
0.001267
0.001207
0.001149
0.001094
0.001041
0.000990
0.000942
0.000896
0.000852
0.000810
0.000770
0.000731
0.000695
0.000660
0.000627
0.000595
0.000565
0.000536
0.000509
0.000483
0.000458
0.000434
0.000412
0.000390
0.000370
0.000351
0.000332
0.000315
0.000298
0.000282
0.000267
0.000253
0.000239
0.000226
0.000214
0.000203
0.000192
0.000181
0.000171
0.000162
0.000153
0.000144
0.000136
0.000129
0.000121
0.000115
0.000108
0.000102
0.000096
0.000091
0.000086
0.000081
0.000076
0.000072
0.000068
0.000064
0.000060
0.000056
0.000053
0.000050
0.000047
0.000044
0.000042
0.000039
0.000037
0.000035
0.000033
0.000031
0.000029
0.000027
0.000025
0.000024
0.000022
0.000021
0.000020
0.000018
0.000017
0.000016
0.000015
0.000014
0.000013
0.000013
0.000012
0.000011
0.000010
0.000010
0.000009
0.000008
0.000008
0.000007
0.000007
0.000006
0.000006
0.000006
0.000005
0.000005
0.000005
0.000004
0.000004
0.000004
0.000004
0.000003
0.000003
0.000003
0.000003
0.000002
0.000002
0.000002
0.000002
0.000002
0.000002
0.000002
0.000002
0.000001
0.000001
0.000001
0.000001
0.000001
0.000001
0.000001
0.000001
0.000001
0.000001
0.000001
0.000001
0.000001
0.000001
0.000001
0.000000
0.000000
0.000000
0.000000
0.000000
0.000000
0.000000
0.000000
0.000000
0.000000
0.000000
0.000000
0.000000
0.000000
0.000000
0.000000
0.000000
0.000000
0.000000
0.000000
0.000000
0.000000
0.000000
0.000000
0.000000
0.000000
0.000000
0.000000
0.000000
0.000000
0.000000
0.000000
0.000000
0.000000
0.000000
0.000000
0.000000
0.000000
0.000000
0.000000
0.000000
0.000000
0.000000
0.000000
0.000000
0.000000
0.000000
0.000000
0.000000
0.000000
0.000000
0.000000
0.000000
0.000000
0.000000
0.000000
0.000000
0.000000
0.000000
0.000000
0.000000
0.000000
0.000000
0.000000
0.000000
0.000000
0.000000
0.000000
0.000000
0.000000
0.000000
0.000000
0.000000
0.000000
0.000000
0.000000
0.000000
0.000000
0.000000
0.000000
0.000000
0.000000
0.000000
0.000000
0.000000
0.000000
0.000000
0.000000
0.000000
0.000000
0.000000
0.000000
0.000000
0.000000
0.000000
0.000000
0.000000
0.000000
0.000000
0.000000
0.000000
0.000000
0.000000
0.000000
0.000000
0.000000
0.000000
0.000000
0.000000
0.000000
0.000000
0.000000
0.000000
0.000000
0.000000
0.000000
0.000000
0.000000
0.000000
0.000000
0.000000
0.000000
0.000000
0.000000
0.000000
0.000000
0.000000
0.000000
0.000000
0.000000
0.000000
0.000000
0.000000
0.000000
0.000000
0.000000
0.000000
0.000000
0.000000
0.000000
0.000000
0.000000
0.000000
0.000000
0.000000
0.000000
0.000000
0.000000
0.000000
0.000000
0.000000
0.000000
0.000000
0.000000
0.000000
0.000000
0.000000
0.000000
0.000000
0.000000
0.000000
0.000000
0.000000
0.000000
0.000000
0.000000
0.000000
0.000000
0.000000
0.000000
0.000000
0.000000
0.000000
0.000000
0.000000
0.000000
0.000000
0.000000
0.000000
0.000000
0.000000
0.000000
0.000000
0.000000
0.000000
0.000000
0.000000
0.000000
0.000000
0.000000
0.000000
0.000000
0.000000
0.000000
0.000000
0.000000
0.000000
0.000000
0.000000
0.000000
0.000000
0.000000
0.000000
0.000000
0.000000
0.000000
0.000000
0.000000
0.000000
0.000000
0.000000
0.000000
0.000000
0.000000
0.000000
0.000000
0.000000
0.000000
0.000000
0.000000
0.000000
0.000000
0.000000
0.000000
0.000000
0.000000
0.000000
0.000000
0.000000
0.000000
0.000000
0.000000
0.000000
0.000000
0.000000
0.000000
0.000000
0.000000
0.000000
0.000000
0.000000
0.000000
0.000000
