0.000423
0.000846
0.001271
0.001696
0.002125
0.002554
0.002989
0.003426
0.003869
0.004314
0.004767
0.005224
0.005688
0.006159
0.006637
0.007125
0.007618
0.008124
0.008635
0.009161
0.009694
0.010241
0.010799
0.011367
0.011953
0.012546
0.013159
0.013783
0.014423
0.015082
0.015750
0.016444
0.017149
0.017872
0.018621
0.019378
0.020164
0.020969
0.021787
0.022639
0.023505
0.024392
0.025313
0.026246
0.027207
0.028202
0.029209
0.030247
0.031322
0.032409
0.033529
0.034688
0.035864
0.037067
0.038316
0.039588
0.040880
0.042219
0.043595
0.044986
0.046413
0.047892
0.049400
0.050926
0.052495
0.054119
0.055772
0.057443
0.059156
0.060926
0.062740
0.064574
0.066435
0.068344
0.070315
0.072333
0.074379
0.076446
0.078547
0.080698
0.082909
0.085181
0.087505
0.089874
0.092280
0.094723
0.097203
0.099723
0.102284
0.104888
0.107536
0.110229
0.112966
0.115748
0.118575
0.121447
0.124364
0.127326
0.130332
0.133382
0.136477
0.139616
0.142799
0.146025
0.149295
0.152607
0.155962
0.159360
0.162799
0.166279
0.169800
0.173361
0.176961
0.180601
0.184279
0.187995
0.191748
0.195537
0.199362
0.203221
0.207114
0.211040
0.214998
0.218988
0.223006
0.227055
0.231131
0.235234
0.239362
0.243516
0.247693
0.251892
0.256112
0.260351
0.264609
0.268884
0.273174
0.277479
0.281796
0.286125
0.290464
0.294810
0.299164
0.303523
0.307886
0.312250
0.316615
0.320980
0.325341
0.329698
0.334048
0.338391
0.342725
0.347047
0.351356
0.355650
0.359928
0.364188
0.368428
0.372647
0.376841
0.381011
0.385154
0.389268
0.393351
0.397403
0.401421
0.405403
0.409348
0.413254
0.417120
0.420943
0.424723
0.428458
0.432145
0.435784
0.439374
0.442912
0.446397
0.449828
0.453202
0.456520
0.459779
0.462979
0.466118
0.469195
0.472209
0.475158
0.478041
0.480859
0.483609
0.486290
0.488903
0.491445
0.493916
0.496317
0.498644
0.500899
0.503080
0.505188
0.507222
0.509180
0.511064
0.512872
0.514605
0.516263
0.517844
0.519350
0.520781
0.522137
0.523417
0.524621
0.525752
0.526808
0.527790
0.528699
0.529535
0.530298
0.530990
0.531611
0.532161
0.532642
0.533056
0.533401
0.533681
0.533895
0.534046
0.534134
0.534160
0.534125
0.534032
0.533882
0.533676
0.533415
0.533100
0.532734
0.532318
0.531854
0.531344
0.530788
0.530190
0.529551
0.528871
0.528155
0.527403
0.526616
0.525799
0.524951
0.524075
0.523173
0.522247
0.521299
0.520331
0.519345
0.518343
0.517327
0.516298
0.515260
0.514214
0.513161
0.512104
0.511046
0.509987
0.508930
0.507877
0.506830
0.505790
0.504759
0.503739
0.502732
0.501740
0.500763
0.499806
0.498868
0.497950
0.497056
0.496187
0.495342
0.494525
0.493737
0.492977
0.492249
0.491554
0.490892
0.490265
0.489673
0.489119
0.488601
0.488121
0.487681
0.487280
0.486920
0.486601
0.486324
0.486088
0.485894
0.485744
0.485637
0.485571
0.485550
0.485572
0.485636
0.485745
0.485896
0.486090
0.486325
0.486603
0.486922
0.487282
0.487682
0.488123
0.488603
0.489121
0.489675
0.490267
0.490894
0.491556
0.492250
0.492977
0.493736
0.494524
0.495342
0.496186
0.497056
0.497950
0.498866
0.499804
0.500762
0.501738
0.502730
0.503737
0.504758
0.505789
0.506828
0.507876
0.508929
0.509986
0.511045
0.512103
0.513159
0.514211
0.515257
0.516296
0.517324
0.518340
0.519343
0.520330
0.521298
0.522246
0.523172
0.524074
0.524950
0.525798
0.526616
0.527402
0.528155
0.528872
0.529552
0.530191
0.530790
0.531345
0.531855
0.532319
0.532735
0.533100
0.533415
0.533677
0.533884
0.534034
0.534128
0.534162
0.534136
0.534048
0.533898
0.533682
0.533403
0.533056
0.532643
0.532162
0.531611
0.530990
0.530298
0.529535
0.528700
0.527791
0.526810
0.525754
0.524624
0.523420
0.522140
0.520785
0.519354
0.517849
0.516267
0.514609
0.512877
0.511069
0.509185
0.507226
0.505193
0.503085
0.500903
0.498649
0.496320
0.493921
0.491449
0.488907
0.486295
0.483614
0.480863
0.478046
0.475162
0.472212
0.469199
0.466122
0.462982
0.459782
0.456523
0.453205
0.449829
0.446398
0.442914
0.439376
0.435787
0.432147
0.428459
0.424724
0.420944
0.417121
0.413255
0.409349
0.405404
0.401422
0.397404
0.393353
0.389269
0.385155
0.381013
0.376843
0.372648
0.368430
0.364191
0.359931
0.355653
0.351358
0.347049
0.342727
0.338394
0.334051
0.329700
0.325344
0.320983
0.316619
0.312254
0.307889
0.303527
0.299168
0.294814
0.290468
0.286129
0.281800
0.277483
0.273179
0.268889
0.264614
0.260356
0.256117
0.251897
0.247698
0.243521
0.239368
0.235239
0.231136
0.227060
0.223012
0.218993
0.215004
0.211046
0.207120
0.203227
0.199368
0.195543
0.191754
0.188001
0.184285
0.180607
0.176967
0.173366
0.169805
0.166285
0.162804
0.159365
0.155968
0.152613
0.149301
0.146031
0.142805
0.139622
0.136483
0.133388
0.130337
0.127331
0.124370
0.121453
0.118581
0.115754
0.112971
0.110234
0.107542
0.104894
0.102292
0.099734
0.097220
0.094751
0.092327
0.089946
0.087610
0.085317
0.083068
0.080861
0.078698
0.076577
0.074499
0.072463
0.070468
0.068514
0.066602
0.064729
0.062897
0.061105
0.059352
0.057637
0.055961
0.054323
0.052722
0.051158
0.049631
0.048140
0.046684
0.045263
0.043877
0.042524
0.041206
0.039920
0.038666
0.037444
0.036254
0.035094
0.033965
0.032866
0.031796
0.030754
0.029741
0.028755
0.027797
0.026865
0.025959
0.025078
0.024223
0.023392
0.022585
0.021802
0.021041
0.020303
0.019587
0.018893
0.018219
0.017566
0.016933
0.016320
0.015726
0.015150
0.014592
0.014052
0.013530
0.013024
0.012535
0.012061
0.011603
0.011161
0.010733
0.010319
0.009919
0.009533
0.009160
0.008800
0.008453
0.008117
0.007794
0.007481
0.007180
0.006890
0.006609
0.006340
0.006079
0.005829
0.005587
0.005355
0.005131
0.004916
0.004708
0.004509
0.004317
0.004132
0.003955
0.003784
0.003620
0.003463
0.003311
0.003166
0.003026
0.002892
0.002764
0.002640
0.002522
0.002408
0.002299
0.002195
0.002095
0.001999
0.001907
0.001819
0.001734
0.001654
0.001576
0.001502
0.001431
0.001364
0.001299
0.001237
0.001178
0.001121
0.001067
0.001015
0.000966
0.000918
0.000873
0.000830
0.000789
0.000750
0.000713
0.000677
0.000643
0.000611
0.000580
0.000550
0.000522
0.000496
0.000470
0.000446
0.000423
0.000401
0.000380
0.000360
0.000341
0.000323
0.000306
0.000290
0.000275
0.000260
0.000246
0.000233
0.000220
0.000208
0.000197
0.000186
0.000176
0.000166
0.000157
0.000148
0.000140
0.000132
0.000125
0.000118
0.000111
0.000105
0.000099
0.000094
0.000088
0.000083
0.000078
0.000074
0.000070
0.000066
0.000062
0.000058
0.000055
0.000052
0.000048
0.000046
0.000043
0.000040
0.000038
0.000036
0.000034
0.000032
0.000030
0.000028
0.000026
0.000025
0.000023
0.000022
0.000020
0.000019
0.000018
0.000017
0.000016
0.000015
0.000014
0.000013
0.000012
0.000011
0.000011
0.000010
0.000009
0.000009
0.000008
0.000008
0.000007
0.000007
0.000006
0.000006
0.000005
0.000005
0.000005
0.000004
0.000004
0.000004
0.000004
0.000003
0.000003
0.000003
0.000003
0.000003
0.000002
0.000002
0.000002
0.000002
0.000002
0.000002
0.000002
0.000001
0.000001
0.000001
0.000001
0.000001
0.000001
0.000001
0.000001
0.000001
0.000001
0.000001
0.000001
0.000001
0.000001
0.000001
0.000000
0.000000
0.000000
0.000000
0.000000
0.000000
0.000000
0.000000
0.000000
0.000000
0.000000
0.000000
0.000000
0.000000
0.000000
0.000000
0.000000
0.000000
0.000000
0.000000
0.000000
0.000000
0.000000
0.000000
0.000000
0.000000
0.000000
0.000000
0.000000
0.000000
0.000000
0.000000
0.000000
0.000000
0.000000
0.000000
0.000000
0.000000
0.000000
0.000000
0.000000
0.000000
0.000000
0.000000
0.000000
0.000000
0.000000
0.000000
0.000000
0.000000
0.000000
0.000000
0.000000
0.000000
0.000000
0.000000
0.000000
0.000000
0.000000
0.000000
0.000000
0.000000
0.000000
0.000000
0.000000
0.000000
0.000000
0.000000
0.000000
0.000000
0.000000
0.000000
0.000000
0.000000
0.000000
0.000000
0.000000
0.000000
0.000000
0.000000
0.000000
0.000000
0.000000
0.000000
0.000000
0.000000
0.000000
0.000000
0.000000
0.000000
0.000000
0.000000
0.000000
0.000000
0.000000
0.000000
0.000000
0.000000
0.000000
0.000000
0.000000
0.000000
0.000000
0.000000
0.000000
0.000000
0.000000
0.000000
0.000000
0.000000
0.000000
0.000000
0.000000
0.000000
0.000000
0.000000
0.000000
0.000000
0.000000
0.000000
0.000000
0.000000
0.000000
0.000000
0.000000
0.000000
0.000000
0.000000
0.000000
0.000000
0.000000
0.000000
0.000000
0.000000
0.000000
0.000000
0.000000
0.000000
0.000000
0.000000
0.000000
0.000000
0.000000
0.000000
0.000000
0.000000
0.000000
0.000000
0.000000
0.000000
0.000000
0.000000
0.000000
0.000000
0.000000
0.000000
0.000000
0.000000
0.000000
0.000000
0.000000
0.000000
0.000000
0.000000
0.000000
0.000000
0.000000
0.000000
0.000000
0.000000
0.000000
0.000000
0.000000
0.000000
0.000000
0.000000
0.000000
0.000000
0.000000
0.000000
0.000000
0.000000
0.000000
0.000000
0.000000
0.000000
0.000000
0.000000
0.000000
0.000000
0.000000
0.000000
0.000000
0.000000
0.000000
0.000000
0.000000
0.000000
0.000000
0.000000
0.000000
0.000000
0.000000
0.000000
0.000000
0.000000
0.000000
0.000000
0.000000
0.000000
0.000000
0.000000
0.000000
0.000000
0.000000
0.000000
0.000000
0.000000
0.000000
0.000000
0.000000
0.000000
0.000000
0.000000
0.000000
0.000000
0.000000
0.000000
0.000000
0.000000
0.000000
0.000000
0.000000
0.000000
0.000000
0.000000
0.000000
0.000000
0.000000
0.000000
0.000000
0.000000
0.000000
