0.000011
0.000027
0.000037
0.000043
0.000076
0.000066
0.000064
0.000122
0.000193
0.000239
0.000264
0.000282
0.000298
0.000316
0.000334
0.000353
0.000374
0.000395
0.000417
0.000441
0.000466
0.000492
0.000520
0.000549
0.000580
0.000612
0.000646
0.000682
0.000719
0.000758
0.000800
0.000843
0.000889
0.000937
0.000987
0.001040
0.001095
0.001153
0.001214
0.001278
0.001345
0.001415
0.001489
0.001566
0.001647
0.001732
0.001820
0.001913
0.002010
0.002112
0.002218
0.002330
0.002446
0.002568
0.002695
0.002828
0.002967
0.003112
0.003264
0.003422
0.003587
0.003760
0.003940
0.004128
0.004324
0.004528
0.004741
0.004963
0.005195
0.005436
0.005687
0.005949
0.006222
0.006505
0.006801
0.007108
0.007428
0.007761
0.008107
0.008466
0.008840
0.009229
0.009633
0.010052
0.010488
0.010941
0.011410
0.011898
0.012404
0.012929
0.013473
0.014038
0.014623
0.015230
0.015859
0.016511
0.017186
0.017885
0.018609
0.019358
0.020133
0.020936
0.021766
0.022625
0.023513
0.024430
0.025379
0.026359
0.027372
0.028418
0.029499
0.030614
0.031765
0.032953
0.034179
0.035443
0.036747
0.038091
0.039477
0.040905
0.042376
0.043892
0.045453
0.047060
0.048714
0.050417
0.052169
0.053970
0.055824
0.057729
0.059688
0.061701
0.063769
0.065894
0.068076
0.070317
0.072617
0.074977
0.077399
0.079884
0.082431
0.085044
0.087722
0.090466
0.093278
0.096158
0.099108
0.102128
0.105220
0.108383
0.111620
0.114931
0.118317
0.121778
0.125316
0.128932
0.132625
0.136398
0.140250
0.144183
0.148196
0.152292
0.156469
0.160730
0.165074
0.169503
0.174016
0.178613
0.183297
0.188066
0.192921
0.197862
0.202890
0.208005
0.213206
0.218495
0.223871
0.229334
0.234884
0.240521
0.246245
0.252055
0.257952
0.263934
0.270003
0.276156
0.282394
0.288716
0.295122
0.301610
0.308180
0.314831
0.321563
0.328374
0.335263
0.342229
0.349271
0.356388
0.363578
0.370841
0.378174
0.385576
0.393045
0.400581
0.408180
0.415842
0.423564
0.431345
0.439182
0.447074
0.455018
0.463012
0.471053
0.479140
0.487270
0.495440
0.503648
0.511892
0.520167
0.528473
0.536806
0.545162
0.553540
0.561936
0.570347
0.578770
0.587201
0.595638
0.604078
0.612517
0.620951
0.629378
0.637793
0.646194
0.654576
0.662937
0.671273
0.679579
0.687853
0.696091
0.704288
0.712442
0.720549
0.728604
0.736604
0.744546
0.752425
0.760238
0.767981
0.775651
0.783242
0.790753
0.798178
0.805515
0.812758
0.819906
0.826954
0.833899
0.840736
0.847462
0.854074
0.860569
0.866942
0.873191
0.879312
0.885301
0.891156
0.896872
0.902449
0.907881
0.913166
0.918301
0.923283
0.928110
0.932779
0.937286
0.941630
0.945808
0.949817
0.953656
0.957322
0.960813
0.964127
0.967262
0.970217
0.972989
0.975577
0.977979
0.980194
0.982222
0.984060
0.985707
0.987163
0.988426
0.989496
0.990373
0.991055
0.991543
0.991835
0.991933
0.991835
0.991543
0.991055
0.990373
0.989497
0.988426
0.987163
0.985708
0.984060
0.982223
0.980196
0.977981
0.975579
0.972991
0.970219
0.967264
0.964130
0.960816
0.957324
0.953659
0.949820
0.945810
0.941633
0.937289
0.932782
0.928113
0.923287
0.918304
0.913170
0.907885
0.902452
0.896876
0.891160
0.885305
0.879316
0.873195
0.866947
0.860573
0.854079
0.847467
0.840740
0.833903
0.826959
0.819911
0.812763
0.805520
0.798183
0.790758
0.783248
0.775656
0.767987
0.760244
0.752431
0.744552
0.736610
0.728610
0.720555
0.712448
0.704294
0.696097
0.687860
0.679585
0.671279
0.662944
0.654583
0.646201
0.637800
0.629385
0.620958
0.612524
0.604086
0.595646
0.587209
0.578778
0.570355
0.561944
0.553548
0.545170
0.536814
0.528481
0.520176
0.511901
0.503657
0.495449
0.487279
0.479149
0.471063
0.463021
0.455027
0.447084
0.439192
0.431355
0.423574
0.415852
0.408190
0.400590
0.393055
0.385586
0.378183
0.370850
0.363588
0.356398
0.349281
0.342239
0.335273
0.328384
0.321573
0.314841
0.308190
0.301620
0.295132
0.288726
0.282404
0.276166
0.270012
0.263944
0.257961
0.252065
0.246254
0.240531
0.234894
0.229343
0.223880
0.218504
0.213216
0.208014
0.202899
0.197871
0.192929
0.188074
0.183305
0.178622
0.174024
0.169511
0.165083
0.160739
0.156478
0.152300
0.148204
0.144190
0.140258
0.136405
0.132633
0.128939
0.125323
0.121785
0.118324
0.114938
0.111627
0.108390
0.105226
0.102135
0.099115
0.096165
0.093284
0.090472
0.087728
0.085050
0.082437
0.079889
0.077405
0.074983
0.072622
0.070322
0.068081
0.065899
0.063774
0.061706
0.059693
0.057734
0.055828
0.053975
0.052173
0.050421
0.048718
0.047064
0.045457
0.043896
0.042380
0.040909
0.039481
0.038095
0.036750
0.035446
0.034182
0.032956
0.031768
0.030617
0.029502
0.028421
0.027375
0.026362
0.025382
0.024433
0.023515
0.022627
0.021768
0.020938
0.020136
0.019360
0.018611
0.017887
0.017188
0.016513
0.015861
0.015232
0.014625
0.014040
0.013475
0.012930
0.012405
0.011899
0.011412
0.010942
0.010489
0.010054
0.009634
0.009230
0.008841
0.008467
0.008108
0.007762
0.007429
0.007109
0.006802
0.006506
0.006222
0.005950
0.005688
0.005437
0.005195
0.004964
0.004742
0.004529
0.004324
0.004128
0.003940
0.003760
0.003588
0.003422
0.003264
0.003113
0.002967
0.002828
0.002695
0.002568
0.002447
0.002330
0.002219
0.002112
0.002011
0.001914
0.001821
0.001732
0.001647
0.001567
0.001489
0.001416
0.001345
0.001278
0.001214
0.001153
0.001095
0.001040
0.000987
0.000937
0.000889
0.000843
0.000800
0.000758
0.000719
0.000682
0.000646
0.000612
0.000580
0.000549
0.000520
0.000493
0.000466
0.000441
0.000418
0.000395
0.000374
0.000353
0.000334
0.000316
0.000298
0.000282
0.000266
0.000252
0.000238
0.000224
0.000212
0.000200
0.000189
0.000178
0.000168
0.000158
0.000149
0.000141
0.000133
0.000125
0.000118
0.000111
0.000104
0.000098
0.000093
0.000087
0.000082
0.000077
0.000073
0.000068
0.000064
0.000060
0.000057
0.000053
0.000050
0.000047
0.000044
0.000041
0.000039
0.000037
0.000034
0.000032
0.000030
0.000028
0.000027
0.000025
0.000023
0.000022
0.000020
0.000019
0.000018
0.000017
0.000016
0.000015
0.000014
0.000013
0.000012
0.000011
0.000011
0.000010
0.000009
0.000009
0.000008
0.000008
0.000007
0.000007
0.000006
0.000006
0.000005
0.000005
0.000005
0.000004
0.000004
0.000004
0.000004
0.000003
0.000003
0.000003
0.000003
0.000002
0.000002
0.000002
0.000002
0.000002
0.000002
0.000002
0.000001
0.000001
0.000001
0.000001
0.000001
0.000001
0.000001
0.000001
0.000001
0.000001
0.000001
0.000001
0.000001
0.000001
0.000001
0.000000
0.000000
0.000000
0.000000
0.000000
0.000000
0.000000
0.000000
0.000000
0.000000
0.000000
0.000000
0.000000
0.000000
0.000000
0.000000
0.000000
0.000000
0.000000
0.000000
0.000000
0.000000
0.000000
0.000000
0.000000
0.000000
0.000000
0.000000
0.000000
0.000000
0.000000
0.000000
0.000000
0.000000
0.000000
0.000000
0.000000
0.000000
0.000000
0.000000
0.000000
0.000000
0.000000
0.000000
0.000000
0.000000
0.000000
0.000000
0.000000
0.000000
0.000000
0.000000
0.000000
0.000000
0.000000
0.000000
0.000000
0.000000
0.000000
0.000000
0.000000
0.000000
0.000000
0.000000
0.000000
0.000000
0.000000
0.000000
0.000000
0.000000
0.000000
0.000000
0.000000
0.000000
0.000000
0.000000
0.000000
0.000000
0.000000
0.000000
0.000000
0.000000
0.000000
0.000000
0.000000
0.000000
0.000000
0.000000
0.000000
0.000000
0.000000
0.000000
0.000000
0.000000
0.000000
0.000000
0.000000
0.000000
0.000000
0.000000
0.000000
0.000000
0.000000
0.000000
0.000000
0.000000
0.000000
0.000000
0.000000
0.000000
0.000000
0.000000
0.000000
0.000000
0.000000
0.000000
0.000000
0.000000
0.000000
0.000000
0.000000
0.000000
0.000000
0.000000
0.000000
0.000000
0.000000
0.000000
0.000000
0.000000
0.000000
0.000000
0.000000
0.000000
0.000000
0.000000
0.000000
0.000000
0.000000
0.000000
0.000000
0.000000
0.000000
0.000000
0.000000
0.000000
0.000000
0.000000
0.000000
0.000000
0.000000
0.000000
0.000000
0.000000
0.000000
0.000000
0.000000
0.000000
0.000000
0.000000
0.000000
0.000000
0.000000
0.000000
0.000000
0.000000
0.000000
0.000000
0.000000
0.000000
0.000000
0.000000
0.000000
0.000000
0.000000
0.000000
0.000000
0.000000
0.000000
0.000000
0.000000
0.000000
0.000000
0.000000
0.000000
0.000000
0.000000
0.000000
0.000000
0.000000
0.000000
0.000000
0.000000
0.000000
0.000000
0.000000
0.000000
0.000000
0.000000
0.000000
0.000000
0.000000
0.000000
0.000000
0.000000
0.000000
0.000000
0.000000
0.000000
0.000000
0.000000
0.000000
0.000000
0.000000
0.000000
0.000000
0.000000
0.000000
0.000000
0.000000
0.000000
0.000000
0.000000
0.000000
0.000000
0.000000
0.000000
0.000000
0.000000
0.000000
0.000000
0.000000
0.000000
0.000000
0.000000
0.000000
0.000000
0.000000
0.000000
0.000000
0.000000
0.000000
0.000000
0.000000
0.000000
0.000000
0.000000
0.000000
0.000000
0.000000
0.000000
0.000000
0.000000
0.000000
0.000000
0.000000
0.000000
0.000000
0.000000
0.000000
0.000000
0.000000
0.000000
0.000000
0.000000
0.000000
0.000000
0.000000
0.000000
0.000000
0.000000
0.000000
0.000000
0.000000
0.000000
0.000000
0.000000
0.000000
0.000000
0.000000
0.000000
0.000000
0.000000
0.000000
0.000000
0.000000
0.000000
0.000000
0.000000
0.000000
0.000000
0.000000
0.000000
0.000000
0.000000
0.000000
0.000000
0.000000
0.000000
0.000000
0.000000
0.000000
0.000000
0.000000
0.000000
0.000000
0.000000
0.000000
0.000000
0.000000
0.000000
0.000000
0.000000
0.000000
0.000000
0.000000
