0.000431
0.000862
0.001295
0.001729
0.002165
0.002604
0.003046
0.003492
0.003942
0.004397
0.004857
0.005325
0.005796
0.006277
0.006763
0.007260
0.007762
0.008277
0.008799
0.009332
0.009877
0.010430
0.011001
0.011577
0.012173
0.012778
0.013399
0.014037
0.014684
0.015356
0.016036
0.016737
0.017459
0.018190
0.018950
0.019724
0.020516
0.021337
0.022169
0.023029
0.023914
0.024811
0.025743
0.026696
0.027666
0.028674
0.029702
0.030749
0.031838
0.032947
0.034077
0.035249
0.036448
0.037664
0.038924
0.040220
0.041530
0.042878
0.044273
0.045690
0.047130
0.048620
0.050153
0.051703
0.053284
0.054920
0.056599
0.058297
0.060025
0.061806
0.063641
0.065505
0.067390
0.069313
0.071295
0.073333
0.075408
0.077506
0.079630
0.081797
0.084020
0.086306
0.088649
0.091039
0.093471
0.095939
0.098445
0.100989
0.103574
0.106201
0.108871
0.111586
0.114346
0.117150
0.119999
0.122893
0.125832
0.128815
0.131843
0.134916
0.138032
0.141193
0.144397
0.147644
0.150935
0.154268
0.157644
0.161061
0.164520
0.168020
0.171560
0.175140
0.178760
0.182418
0.186114
0.189848
0.193618
0.197424
0.201265
0.205140
0.209048
0.212989
0.216962
0.220965
0.224997
0.229058
0.233146
0.237260
0.241400
0.245563
0.249749
0.253957
0.258185
0.262431
0.266696
0.270976
0.275272
0.279580
0.283901
0.288232
0.292573
0.296920
0.301274
0.305632
0.309992
0.314354
0.318715
0.323074
0.327430
0.331780
0.336123
0.340457
0.344780
0.349092
0.353389
0.357671
0.361935
0.366180
0.370403
0.374605
0.378781
0.382932
0.387054
0.391146
0.395207
0.399235
0.403228
0.407184
0.411103
0.414981
0.418817
0.422610
0.426359
0.430061
0.433716
0.437321
0.440875
0.444376
0.447823
0.451215
0.454550
0.457827
0.461045
0.464203
0.467298
0.470331
0.473299
0.476202
0.479038
0.481807
0.484508
0.487140
0.489701
0.492192
0.494611
0.496958
0.499232
0.501432
0.503559
0.505611
0.507587
0.509488
0.511314
0.513064
0.514738
0.516337
0.517858
0.519304
0.520674
0.521967
0.523186
0.524328
0.525396
0.526389
0.527308
0.528154
0.528926
0.529626
0.530254
0.530810
0.531297
0.531714
0.532063
0.532344
0.532560
0.532709
0.532796
0.532820
0.532782
0.532684
0.532527
0.532313
0.532044
0.531719
0.531343
0.530914
0.530437
0.529911
0.529339
0.528723
0.528065
0.527365
0.526627
0.525852
0.525042
0.524198
0.523323
0.522419
0.521488
0.520531
0.519551
0.518549
0.517529
0.516491
0.515437
0.514371
0.513294
0.512206
0.511113
0.510013
0.508910
0.507807
0.506705
0.505604
0.504509
0.503421
0.502341
0.501271
0.500213
0.499170
0.498141
0.497131
0.496139
0.495169
0.494220
0.493296
0.492397
0.491525
0.490681
0.489867
0.489083
0.488333
0.487615
0.486933
0.486286
0.485676
0.485104
0.484571
0.484077
0.483623
0.483211
0.482839
0.482511
0.482225
0.481982
0.481783
0.481628
0.481518
0.481451
0.481428
0.481451
0.481517
0.481629
0.481784
0.481984
0.482226
0.482512
0.482841
0.483212
0.483625
0.484079
0.484573
0.485106
0.485678
0.486287
0.486935
0.487617
0.488333
0.489083
0.489866
0.490680
0.491525
0.492397
0.493295
0.494219
0.495167
0.496137
0.497129
0.498140
0.499168
0.500212
0.501270
0.502340
0.503419
0.504508
0.505603
0.506703
0.507806
0.508909
0.510011
0.511109
0.512203
0.513291
0.514368
0.515435
0.516488
0.517527
0.518548
0.519550
0.520530
0.521487
0.522418
0.523323
0.524198
0.525041
0.525852
0.526628
0.527366
0.528065
0.528724
0.529340
0.529912
0.530437
0.530915
0.531343
0.531720
0.532045
0.532315
0.532529
0.532686
0.532784
0.532822
0.532798
0.532712
0.532561
0.532345
0.532064
0.531715
0.531298
0.530811
0.530254
0.529626
0.528926
0.528155
0.527310
0.526391
0.525398
0.524331
0.523189
0.521971
0.520677
0.519308
0.517862
0.516341
0.514742
0.513069
0.511319
0.509494
0.507592
0.505615
0.503563
0.501437
0.499237
0.496962
0.494615
0.492196
0.489706
0.487144
0.484513
0.481812
0.479042
0.476205
0.473302
0.470334
0.467302
0.464206
0.461048
0.457830
0.454553
0.451217
0.447825
0.444378
0.440877
0.437323
0.433718
0.430063
0.426361
0.422612
0.418818
0.414982
0.411103
0.407185
0.403229
0.399237
0.395209
0.391147
0.387055
0.382933
0.378783
0.374606
0.370405
0.366182
0.361937
0.357673
0.353391
0.349094
0.344783
0.340459
0.336125
0.331783
0.327433
0.323077
0.318719
0.314357
0.309996
0.305635
0.301278
0.296924
0.292577
0.288236
0.283905
0.279585
0.275276
0.270981
0.266701
0.262437
0.258190
0.253962
0.249755
0.245569
0.241405
0.237266
0.233151
0.229063
0.225002
0.220970
0.216967
0.212995
0.209054
0.205146
0.201271
0.197430
0.193624
0.189854
0.186120
0.182424
0.178766
0.175146
0.171566
0.168026
0.164526
0.161067
0.157649
0.154274
0.150941
0.147650
0.144403
0.141199
0.138038
0.134922
0.131849
0.128821
0.125838
0.122899
0.120005
0.117155
0.114351
0.111592
0.108877
0.106207
0.103583
0.101003
0.098467
0.095976
0.093530
0.091128
0.088769
0.086455
0.084184
0.081956
0.079772
0.077630
0.075531
0.073473
0.071458
0.069484
0.067551
0.065659
0.063807
0.061994
0.060222
0.058488
0.056793
0.055136
0.053517
0.051935
0.050389
0.048880
0.047407
0.045968
0.044565
0.043196
0.041860
0.040558
0.039288
0.038051
0.036845
0.035670
0.034526
0.033411
0.032327
0.031271
0.030244
0.029244
0.028272
0.027327
0.026408
0.025515
0.024647
0.023804
0.022986
0.022190
0.021419
0.020670
0.019943
0.019237
0.018553
0.017890
0.017247
0.016624
0.016020
0.015435
0.014869
0.014320
0.013789
0.013275
0.012777
0.012296
0.011830
0.011380
0.010945
0.010524
0.010117
0.009725
0.009345
0.008979
0.008625
0.008284
0.007954
0.007636
0.007329
0.007033
0.006748
0.006473
0.006208
0.005953
0.005707
0.005470
0.005242
0.005022
0.004811
0.004608
0.004412
0.004224
0.004043
0.003869
0.003701
0.003541
0.003386
0.003238
0.003095
0.002959
0.002827
0.002701
0.002580
0.002464
0.002353
0.002246
0.002144
0.002046
0.001952
0.001862
0.001776
0.001693
0.001614
0.001539
0.001466
0.001397
0.001331
0.001267
0.001207
0.001149
0.001094
0.001041
0.000990
0.000942
0.000896
0.000852
0.000810
0.000770
0.000731
0.000695
0.000660
0.000627
0.000595
0.000565
0.000536
0.000509
0.000483
0.000458
0.000434
0.000412
0.000390
0.000370
0.000351
0.000332
0.000315
0.000298
0.000282
0.000267
0.000253
0.000239
0.000226
0.000214
0.000203
0.000192
0.000181
0.000171
0.000162
0.000153
0.000144
0.000136
0.000129
0.000121
0.000115
0.000108
0.000102
0.000096
0.000091
0.000086
0.000081
0.000076
0.000072
0.000068
0.000064
0.000060
0.000056
0.000053
0.000050
0.000047
0.000044
0.000042
0.000039
0.000037
0.000035
0.000033
0.000031
0.000029
0.000027
0.000025
0.000024
0.000022
0.000021
0.000020
0.000018
0.000017
0.000016
0.000015
0.000014
0.000013
0.000013
0.000012
0.000011
0.000010
0.000010
0.000009
0.000008
0.000008
0.000007
0.000007
0.000006
0.000006
0.000006
0.000005
0.000005
0.000005
0.000004
0.000004
0.000004
0.000004
0.000003
0.000003
0.000003
0.000003
0.000002
0.000002
0.000002
0.000002
0.000002
0.000002
0.000002
0.000002
0.000001
0.000001
0.000001
0.000001
0.000001
0.000001
0.000001
0.000001
0.000001
0.000001
0.000001
0.000001
0.000001
0.000001
0.000001
0.000000
0.000000
0.000000
0.000000
0.000000
0.000000
0.000000
0.000000
0.000000
0.000000
0.000000
0.000000
0.000000
0.000000
0.000000
0.000000
0.000000
0.000000
0.000000
0.000000
0.000000
0.000000
0.000000
0.000000
0.000000
0.000000
0.000000
0.000000
0.000000
0.000000
0.000000
0.000000
0.000000
0.000000
0.000000
0.000000
0.000000
0.000000
0.000000
0.000000
0.000000
0.000000
0.000000
0.000000
0.000000
0.000000
0.000000
0.000000
0.000000
0.000000
0.000000
0.000000
0.000000
0.000000
0.000000
0.000000
0.000000
0.000000
0.000000
0.000000
0.000000
0.000000
0.000000
0.000000
0.000000
0.000000
0.000000
0.000000
0.000000
0.000000
0.000000
0.000000
0.000000
0.000000
0.000000
0.000000
0.000000
0.000000
0.000000
0.000000
0.000000
0.000000
0.000000
0.000000
0.000000
0.000000
0.000000
0.000000
0.000000
0.000000
0.000000
0.000000
0.000000
0.000000
0.000000
0.000000
0.000000
0.000000
0.000000
0.000000
0.000000
0.000000
0.000000
0.000000
0.000000
0.000000
0.000000
0.000000
0.000000
0.000000
0.000000
0.000000
0.000000
0.000000
0.000000
0.000000
0.000000
0.000000
0.000000
0.000000
0.000000
0.000000
0.000000
0.000000
0.000000
0.000000
0.000000
0.000000
0.000000
0.000000
0.000000
0.000000
0.000000
0.000000
0.000000
0.000000
0.000000
0.000000
0.000000
0.000000
0.000000
0.000000
0.000000
0.000000
0.000000
0.000000
0.000000
0.000000
0.000000
0.000000
0.000000
0.000000
0.000000
0.000000
0.000000
0.000000
0.000000
0.000000
0.000000
0.000000
0.000000
0.000000
0.000000
0.000000
0.000000
0.000000
0.000000
0.000000
0.000000
0.000000
0.000000
0.000000
0.000000
0.000000
0.000000
0.000000
0.000000
0.000000
0.000000
0.000000
0.000000
0.000000
0.000000
0.000000
0.000000
0.000000
0.000000
0.000000
0.000000
0.000000
0.000000
0.000000
0.000000
0.000000
0.000000
0.000000
0.000000
0.000000
0.000000
0.000000
0.000000
0.000000
0.000000
0.000000
0.000000
0.000000
0.000000
0.000000
0.000000
0.000000
0.000000
0.000000
0.000000
0.000000
0.000000
0.000000
0.000000
0.000000
0.000000
0.000000
0.000000
0.000000
0.000000
0.000000
0.000000
0.000000
0.000000
0.000000
0.000000
0.000000
0.000000
0.000000
0.000000
0.000000
0.000000
0.000000
0.000000
0.000000
0.000000
0.000000
0.000000
0.000000
