0.000439
0.000879
0.001320
0.001762
0.002207
0.002654
0.003104
0.003560
0.004017
0.004482
0.004950
0.005426
0.005906
0.006396
0.006891
0.007397
0.007909
0.008431
0.008965
0.009506
0.010062
0.010624
0.011204
0.011793
0.012396
0.013015
0.013643
0.014293
0.014952
0.015631
0.016328
0.017036
0.017771
0.018516
0.019283
0.020074
0.020876
0.021709
0.022557
0.023425
0.024326
0.025239
0.026179
0.027151
0.028135
0.029152
0.030200
0.031262
0.032359
0.033490
0.034636
0.035817
0.037037
0.038273
0.039541
0.040855
0.042190
0.043549
0.044957
0.046400
0.047860
0.049359
0.050910
0.052488
0.054087
0.055732
0.057431
0.059159
0.060907
0.062698
0.064549
0.066441
0.068355
0.070296
0.072289
0.074342
0.076443
0.078573
0.080724
0.082910
0.085147
0.087445
0.089804
0.092216
0.094671
0.097165
0.099696
0.102265
0.104874
0.107524
0.110217
0.112955
0.115736
0.118563
0.121434
0.124350
0.127311
0.130316
0.133366
0.136460
0.139598
0.142780
0.146006
0.149274
0.152585
0.155939
0.159335
0.162773
0.166251
0.169771
0.173331
0.176930
0.180568
0.184244
0.187958
0.191709
0.195496
0.199319
0.203176
0.207067
0.210991
0.214946
0.218933
0.222949
0.226994
0.231067
0.235167
0.239293
0.243443
0.247616
0.251811
0.256027
0.260263
0.264516
0.268787
0.273073
0.277373
0.281685
0.286009
0.290342
0.294684
0.299031
0.303385
0.307741
0.312099
0.316457
0.320814
0.325168
0.329518
0.333861
0.338195
0.342520
0.346833
0.351133
0.355418
0.359686
0.363936
0.368165
0.372373
0.376556
0.380715
0.384845
0.388946
0.393017
0.397055
0.401059
0.405026
0.408957
0.412847
0.416697
0.420504
0.424267
0.427984
0.431653
0.435274
0.438844
0.442362
0.445826
0.449236
0.452589
0.455884
0.459120
0.462296
0.465411
0.468462
0.471450
0.474373
0.477229
0.480018
0.482738
0.485390
0.487972
0.490482
0.492922
0.495288
0.497582
0.499801
0.501947
0.504018
0.506014
0.507934
0.509778
0.511546
0.513237
0.514853
0.516391
0.517852
0.519238
0.520547
0.521779
0.522936
0.524016
0.525022
0.525952
0.526809
0.527591
0.528300
0.528936
0.529500
0.529992
0.530415
0.530769
0.531053
0.531270
0.531422
0.531508
0.531531
0.531490
0.531389
0.531227
0.531008
0.530730
0.530398
0.530011
0.529572
0.529081
0.528543
0.527956
0.527323
0.526647
0.525929
0.525170
0.524374
0.523541
0.522673
0.521772
0.520841
0.519880
0.518894
0.517883
0.516850
0.515795
0.514722
0.513632
0.512529
0.511413
0.510286
0.509151
0.508010
0.506864
0.505716
0.504568
0.503422
0.502280
0.501143
0.500014
0.498894
0.497786
0.496691
0.495611
0.494548
0.493503
0.492478
0.491475
0.490496
0.489542
0.488615
0.487715
0.486844
0.486005
0.485197
0.484424
0.483685
0.482982
0.482317
0.481688
0.481099
0.480550
0.480042
0.479575
0.479151
0.478769
0.478431
0.478137
0.477887
0.477683
0.477523
0.477409
0.477342
0.477318
0.477341
0.477410
0.477524
0.477684
0.477889
0.478139
0.478433
0.478770
0.479152
0.479577
0.480044
0.480552
0.481101
0.481690
0.482318
0.482984
0.483687
0.484425
0.485198
0.486005
0.486844
0.487714
0.488614
0.489541
0.490495
0.491474
0.492476
0.493501
0.494546
0.495609
0.496690
0.497785
0.498894
0.500013
0.501142
0.502279
0.503421
0.504567
0.505715
0.506862
0.508007
0.509148
0.510283
0.511410
0.512526
0.513631
0.514720
0.515794
0.516848
0.517882
0.518893
0.519880
0.520840
0.521771
0.522672
0.523540
0.524374
0.525171
0.525930
0.526648
0.527325
0.527957
0.528543
0.529082
0.529572
0.530012
0.530399
0.530732
0.531009
0.531229
0.531391
0.531492
0.531532
0.531509
0.531423
0.531271
0.531054
0.530769
0.530416
0.529993
0.529500
0.528936
0.528300
0.527592
0.526810
0.525954
0.525024
0.524019
0.522939
0.521783
0.520551
0.519242
0.517857
0.516395
0.514857
0.513242
0.511550
0.509783
0.507939
0.506019
0.504023
0.501952
0.499806
0.497586
0.495292
0.492926
0.490487
0.487976
0.485395
0.482743
0.480022
0.477232
0.474376
0.471453
0.468466
0.465414
0.462299
0.459123
0.455887
0.452591
0.449238
0.445828
0.442364
0.438846
0.435276
0.431655
0.427985
0.424268
0.420505
0.416698
0.412848
0.408957
0.405028
0.401060
0.397056
0.393018
0.388947
0.384846
0.380716
0.376558
0.372375
0.368168
0.363939
0.359689
0.355420
0.351135
0.346836
0.342523
0.338198
0.333863
0.329520
0.325171
0.320818
0.316461
0.312102
0.307744
0.303388
0.299035
0.294687
0.290346
0.286013
0.281689
0.277377
0.273078
0.268792
0.264522
0.260268
0.256033
0.251817
0.247622
0.243448
0.239298
0.235173
0.231073
0.227000
0.222954
0.218938
0.214952
0.210996
0.207073
0.203182
0.199325
0.195503
0.191716
0.187964
0.184250
0.180574
0.176936
0.173336
0.169777
0.166257
0.162779
0.159341
0.155945
0.152591
0.149280
0.146011
0.142786
0.139604
0.136466
0.133372
0.130322
0.127317
0.124356
0.121440
0.118568
0.115742
0.112960
0.110224
0.107532
0.104885
0.102283
0.099725
0.097212
0.094744
0.092320
0.089940
0.087604
0.085311
0.083062
0.080856
0.078693
0.076573
0.074495
0.072458
0.070464
0.068511
0.066598
0.064726
0.062894
0.061102
0.059349
0.057635
0.055959
0.054321
0.052720
0.051156
0.049629
0.048138
0.046682
0.045262
0.043875
0.042523
0.041204
0.039918
0.038665
0.037443
0.036253
0.035094
0.033964
0.032865
0.031795
0.030754
0.029740
0.028755
0.027796
0.026864
0.025958
0.025078
0.024223
0.023392
0.022585
0.021801
0.021041
0.020303
0.019587
0.018893
0.018219
0.017566
0.016933
0.016320
0.015725
0.015150
0.014592
0.014052
0.013530
0.013024
0.012534
0.012061
0.011603
0.011160
0.010733
0.010319
0.009919
0.009533
0.009160
0.008800
0.008453
0.008117
0.007793
0.007481
0.007180
0.006889
0.006609
0.006339
0.006079
0.005829
0.005587
0.005355
0.005131
0.004916
0.004708
0.004509
0.004317
0.004132
0.003955
0.003784
0.003620
0.003463
0.003311
0.003166
0.003026
0.002892
0.002764
0.002640
0.002522
0.002408
0.002299
0.002195
0.002095
0.001999
0.001907
0.001819
0.001734
0.001654
0.001576
0.001502
0.001431
0.001364
0.001299
0.001237
0.001178
0.001121
0.001067
0.001015
0.000966
0.000918
0.000873
0.000830
0.000789
0.000750
0.000713
0.000677
0.000643
0.000611
0.000580
0.000550
0.000522
0.000496
0.000470
0.000446
0.000423
0.000401
0.000380
0.000360
0.000341
0.000323
0.000306
0.000290
0.000275
0.000260
0.000246
0.000233
0.000220
0.000208
0.000197
0.000186
0.000176
0.000166
0.000157
0.000148
0.000140
0.000132
0.000125
0.000118
0.000111
0.000105
0.000099
0.000094
0.000088
0.000083
0.000078
0.000074
0.000070
0.000066
0.000062
0.000058
0.000055
0.000052
0.000048
0.000046
0.000043
0.000040
0.000038
0.000036
0.000034
0.000032
0.000030
0.000028
0.000026
0.000025
0.000023
0.000022
0.000020
0.000019
0.000018
0.000017
0.000016
0.000015
0.000014
0.000013
0.000012
0.000011
0.000011
0.000010
0.000009
0.000009
0.000008
0.000008
0.000007
0.000007
0.000006
0.000006
0.000005
0.000005
0.000005
0.000004
0.000004
0.000004
0.000004
0.000003
0.000003
0.000003
0.000003
0.000003
0.000002
0.000002
0.000002
0.000002
0.000002
0.000002
0.000002
0.000001
0.000001
0.000001
0.000001
0.000001
0.000001
0.000001
0.000001
0.000001
0.000001
0.000001
0.000001
0.000001
0.000001
0.000001
0.000000
0.000000
0.000000
0.000000
0.000000
0.000000
0.000000
0.000000
0.000000
0.000000
0.000000
0.000000
0.000000
0.000000
0.000000
0.000000
0.000000
0.000000
0.000000
0.000000
0.000000
0.000000
0.000000
0.000000
0.000000
0.000000
0.000000
0.000000
0.000000
0.000000
0.000000
0.000000
0.000000
0.000000
0.000000
0.000000
0.000000
0.000000
0.000000
0.000000
0.000000
0.000000
0.000000
0.000000
0.000000
0.000000
0.000000
0.000000
0.000000
0.000000
0.000000
0.000000
0.000000
0.000000
0.000000
0.000000
0.000000
0.000000
0.000000
0.000000
0.000000
0.000000
0.000000
0.000000
0.000000
0.000000
0.000000
0.000000
0.000000
0.000000
0.000000
0.000000
0.000000
0.000000
0.000000
0.000000
0.000000
0.000000
0.000000
0.000000
0.000000
0.000000
0.000000
0.000000
0.000000
0.000000
0.000000
0.000000
0.000000
0.000000
0.000000
0.000000
0.000000
0.000000
0.000000
0.000000
0.000000
0.000000
0.000000
0.000000
0.000000
0.000000
0.000000
0.000000
0.000000
0.000000
0.000000
0.000000
0.000000
0.000000
0.000000
0.000000
0.000000
0.000000
0.000000
0.000000
0.000000
0.000000
0.000000
0.000000
0.000000
0.000000
0.000000
0.000000
0.000000
0.000000
0.000000
0.000000
0.000000
0.000000
0.000000
0.000000
0.000000
0.000000
0.000000
0.000000
0.000000
0.000000
0.000000
0.000000
0.000000
0.000000
0.000000
0.000000
0.000000
0.000000
0.000000
0.000000
0.000000
0.000000
0.000000
0.000000
0.000000
0.000000
0.000000
0.000000
0.000000
0.000000
0.000000
0.000000
0.000000
0.000000
0.000000
0.000000
0.000000
0.000000
0.000000
0.000000
0.000000
0.000000
0.000000
0.000000
0.000000
0.000000
0.000000
0.000000
0.000000
0.000000
0.000000
0.000000
0.000000
0.000000
0.000000
0.000000
0.000000
0.000000
0.000000
0.000000
0.000000
0.000000
0.000000
0.000000
0.000000
0.000000
0.000000
0.000000
0.000000
0.000000
0.000000
0.000000
0.000000
0.000000
0.000000
0.000000
0.000000
0.000000
0.000000
0.000000
0.000000
0.000000
0.000000
0.000000
0.000000
0.000000
0.000000
0.000000
0.000000
0.000000
0.000000
0.000000
0.000000
0.000000
0.000000
0.000000
0.000000
0.000000
0.000000
0.000000
0.000000
0.000000
0.000000
0.000000
0.000000
0.000000
0.000000
0.000000
0.000000
0.000000
0.000000
0.000000
0.000000
0.000000
