0.000448
0.000896
0.001345
0.001796
0.002249
0.002705
0.003164
0.003628
0.004094
0.004567
0.005044
0.005529
0.006019
0.006517
0.007023
0.007535
0.008059
0.008589
0.009133
0.009683
0.010249
0.010823
0.011410
0.012012
0.012622
0.013254
0.013892
0.014551
0.015225
0.015911
0.016622
0.017341
0.018085
0.018847
0.019622
0.020427
0.021243
0.022084
0.022951
0.023829
0.024741
0.025673
0.026622
0.027608
0.028612
0.029637
0.030701
0.031783
0.032889
0.034037
0.035204
0.036395
0.037630
0.038890
0.040170
0.041496
0.042856
0.044232
0.045650
0.047114
0.048599
0.050110
0.051674
0.053278
0.054901
0.056558
0.058271
0.060025
0.061800
0.063606
0.065467
0.067382
0.069327
0.071292
0.073298
0.075363
0.077485
0.079645
0.081827
0.084036
0.086289
0.088600
0.090972
0.093403
0.095881
0.098401
0.100957
0.103552
0.106185
0.108858
0.111574
0.114334
0.117139
0.119987
0.122881
0.125819
0.128801
0.131829
0.134900
0.138016
0.141175
0.144379
0.147625
0.150914
0.154246
0.157621
0.161037
0.164495
0.167993
0.171532
0.175111
0.178729
0.182385
0.186080
0.189812
0.193580
0.197384
0.201223
0.205096
0.209002
0.212941
0.216911
0.220911
0.224941
0.228999
0.233084
0.237195
0.241332
0.245492
0.249675
0.253879
0.258103
0.262345
0.266605
0.270882
0.275173
0.279477
0.283793
0.288119
0.292454
0.296796
0.301144
0.305496
0.309851
0.314206
0.318560
0.322913
0.327261
0.331604
0.335939
0.340265
0.344580
0.348883
0.353171
0.357443
0.361698
0.365933
0.370146
0.374336
0.378502
0.382641
0.386751
0.390831
0.394879
0.398894
0.402873
0.406815
0.410719
0.414582
0.418402
0.422180
0.425911
0.429597
0.433233
0.436820
0.440354
0.443836
0.447263
0.450634
0.453948
0.457203
0.460398
0.463532
0.466603
0.469611
0.472553
0.475429
0.478239
0.480980
0.483652
0.486255
0.488786
0.491245
0.493633
0.495947
0.498187
0.500353
0.502444
0.504459
0.506399
0.508262
0.510048
0.511759
0.513391
0.514948
0.516426
0.517828
0.519153
0.520401
0.521572
0.522667
0.523686
0.524629
0.525497
0.526291
0.527010
0.527655
0.528228
0.528728
0.529157
0.529516
0.529806
0.530026
0.530180
0.530268
0.530290
0.530249
0.530146
0.529981
0.529756
0.529474
0.529134
0.528739
0.528290
0.527789
0.527237
0.526636
0.525989
0.525297
0.524561
0.523783
0.522966
0.522112
0.521220
0.520295
0.519338
0.518351
0.517335
0.516295
0.515230
0.514143
0.513036
0.511911
0.510771
0.509617
0.508452
0.507277
0.506094
0.504906
0.503714
0.502522
0.501330
0.500141
0.498957
0.497779
0.496610
0.495451
0.494304
0.493173
0.492056
0.490959
0.489880
0.488822
0.487787
0.486778
0.485795
0.484839
0.483912
0.483016
0.482151
0.481320
0.480524
0.479764
0.479041
0.478356
0.477710
0.477104
0.476540
0.476018
0.475538
0.475102
0.474710
0.474363
0.474060
0.473803
0.473594
0.473430
0.473313
0.473243
0.473219
0.473242
0.473313
0.473431
0.473595
0.473805
0.474062
0.474364
0.474711
0.475103
0.475540
0.476020
0.476542
0.477106
0.477712
0.478357
0.479042
0.479765
0.480525
0.481321
0.482151
0.483015
0.483911
0.484838
0.485794
0.486777
0.487786
0.488820
0.489878
0.490956
0.492055
0.493171
0.494303
0.495450
0.496609
0.497778
0.498955
0.500140
0.501328
0.502520
0.503712
0.504903
0.506092
0.507274
0.508449
0.509614
0.510769
0.511909
0.513035
0.514141
0.515228
0.516293
0.517335
0.518350
0.519337
0.520295
0.521220
0.522111
0.522967
0.523785
0.524562
0.525298
0.525991
0.526638
0.527237
0.527789
0.528290
0.528739
0.529135
0.529475
0.529758
0.529983
0.530147
0.530251
0.530291
0.530269
0.530181
0.530028
0.529806
0.529517
0.529158
0.528728
0.528228
0.527656
0.527010
0.526291
0.525499
0.524631
0.523688
0.522670
0.521576
0.520405
0.519157
0.517832
0.516430
0.514952
0.513396
0.511763
0.510054
0.508267
0.506403
0.504464
0.502448
0.500357
0.498191
0.495951
0.493637
0.491250
0.488790
0.486259
0.483657
0.480985
0.478243
0.475434
0.472557
0.469614
0.466606
0.463535
0.460401
0.457206
0.453951
0.450637
0.447265
0.443838
0.440356
0.436821
0.433235
0.429598
0.425913
0.422181
0.418403
0.414583
0.410720
0.406816
0.402875
0.398895
0.394881
0.390832
0.386752
0.382642
0.378504
0.374338
0.370148
0.365935
0.361700
0.357445
0.353173
0.348885
0.344583
0.340267
0.335941
0.331606
0.327264
0.322916
0.318564
0.314209
0.309854
0.305500
0.301148
0.296800
0.292458
0.288123
0.283797
0.279481
0.275177
0.270887
0.266611
0.262351
0.258108
0.253884
0.249680
0.245497
0.241337
0.237201
0.233089
0.229004
0.224946
0.220916
0.216916
0.212946
0.209008
0.205102
0.201229
0.197390
0.193586
0.189818
0.186086
0.182392
0.178735
0.175117
0.171538
0.167999
0.164501
0.161043
0.157627
0.154252
0.150920
0.147631
0.144384
0.141181
0.138022
0.134906
0.131834
0.128807
0.125824
0.122886
0.119993
0.117144
0.114340
0.111582
0.108868
0.106198
0.103574
0.100995
0.098460
0.095969
0.093523
0.091121
0.088763
0.086449
0.084178
0.081951
0.079767
0.077625
0.075526
0.073469
0.071454
0.069480
0.067548
0.065656
0.063804
0.061992
0.060219
0.058486
0.056791
0.055134
0.053515
0.051933
0.050387
0.048878
0.047405
0.045967
0.044563
0.043194
0.041859
0.040557
0.039287
0.038050
0.036844
0.035669
0.034525
0.033411
0.032326
0.031270
0.030243
0.029244
0.028272
0.027326
0.026408
0.025515
0.024647
0.023804
0.022985
0.022190
0.021418
0.020669
0.019942
0.019237
0.018553
0.017890
0.017247
0.016624
0.016020
0.015435
0.014868
0.014320
0.013789
0.013274
0.012777
0.012296
0.011830
0.011380
0.010945
0.010524
0.010117
0.009725
0.009345
0.008979
0.008625
0.008283
0.007954
0.007636
0.007329
0.007033
0.006748
0.006473
0.006208
0.005953
0.005707
0.005470
0.005242
0.005022
0.004811
0.004608
0.004412
0.004224
0.004043
0.003869
0.003701
0.003541
0.003386
0.003238
0.003095
0.002959
0.002827
0.002701
0.002580
0.002464
0.002353
0.002246
0.002144
0.002046
0.001952
0.001862
0.001776
0.001693
0.001614
0.001539
0.001466
0.001397
0.001331
0.001267
0.001207
0.001149
0.001094
0.001041
0.000990
0.000942
0.000896
0.000852
0.000810
0.000770
0.000731
0.000695
0.000660
0.000627
0.000595
0.000565
0.000536
0.000509
0.000483
0.000458
0.000434
0.000412
0.000390
0.000370
0.000351
0.000332
0.000315
0.000298
0.000282
0.000267
0.000253
0.000239
0.000226
0.000214
0.000203
0.000192
0.000181
0.000171
0.000162
0.000153
0.000144
0.000136
0.000129
0.000121
0.000115
0.000108
0.000102
0.000096
0.000091
0.000086
0.000081
0.000076
0.000072
0.000068
0.000064
0.000060
0.000056
0.000053
0.000050
0.000047
0.000044
0.000042
0.000039
0.000037
0.000035
0.000033
0.000031
0.000029
0.000027
0.000025
0.000024
0.000022
0.000021
0.000020
0.000018
0.000017
0.000016
0.000015
0.000014
0.000013
0.000013
0.000012
0.000011
0.000010
0.000010
0.000009
0.000008
0.000008
0.000007
0.000007
0.000006
0.000006
0.000006
0.000005
0.000005
0.000005
0.000004
0.000004
0.000004
0.000004
0.000003
0.000003
0.000003
0.000003
0.000002
0.000002
0.000002
0.000002
0.000002
0.000002
0.000002
0.000002
0.000001
0.000001
0.000001
0.000001
0.000001
0.000001
0.000001
0.000001
0.000001
0.000001
0.000001
0.000001
0.000001
0.000001
0.000001
0.000000
0.000000
0.000000
0.000000
0.000000
0.000000
0.000000
0.000000
0.000000
0.000000
0.000000
0.000000
0.000000
0.000000
0.000000
0.000000
0.000000
0.000000
0.000000
0.000000
0.000000
0.000000
0.000000
0.000000
0.000000
0.000000
0.000000
0.000000
0.000000
0.000000
0.000000
0.000000
0.000000
0.000000
0.000000
0.000000
0.000000
0.000000
0.000000
0.000000
0.000000
0.000000
0.000000
0.000000
0.000000
0.000000
0.000000
0.000000
0.000000
0.000000
0.000000
0.000000
0.000000
0.000000
0.000000
0.000000
0.000000
0.000000
0.000000
0.000000
0.000000
0.000000
0.000000
0.000000
0.000000
0.000000
0.000000
0.000000
0.000000
0.000000
0.000000
0.000000
0.000000
0.000000
0.000000
0.000000
0.000000
0.000000
0.000000
0.000000
0.000000
0.000000
0.000000
0.000000
0.000000
0.000000
0.000000
0.000000
0.000000
0.000000
0.000000
0.000000
0.000000
0.000000
0.000000
0.000000
0.000000
0.000000
0.000000
0.000000
0.000000
0.000000
0.000000
0.000000
0.000000
0.000000
0.000000
0.000000
0.000000
0.000000
0.000000
0.000000
0.000000
0.000000
0.000000
0.000000
0.000000
0.000000
0.000000
0.000000
0.000000
0.000000
0.000000
0.000000
0.000000
0.000000
0.000000
0.000000
0.000000
0.000000
0.000000
0.000000
0.000000
0.000000
0.000000
0.000000
0.000000
0.000000
0.000000
0.000000
0.000000
0.000000
0.000000
0.000000
0.000000
0.000000
0.000000
0.000000
0.000000
0.000000
0.000000
0.000000
0.000000
0.000000
0.000000
0.000000
0.000000
0.000000
0.000000
0.000000
0.000000
0.000000
0.000000
0.000000
0.000000
0.000000
0.000000
0.000000
0.000000
0.000000
0.000000
0.000000
0.000000
0.000000
0.000000
0.000000
0.000000
0.000000
0.000000
0.000000
0.000000
0.000000
0.000000
0.000000
0.000000
0.000000
0.000000
0.000000
0.000000
0.000000
0.000000
0.000000
0.000000
0.000000
0.000000
0.000000
0.000000
0.000000
0.000000
0.000000
0.000000
0.000000
0.000000
0.000000
0.000000
0.000000
0.000000
0.000000
0.000000
0.000000
0.000000
0.000000
0.000000
0.000000
0.000000
0.000000
0.000000
0.000000
0.000000
0.000000
0.000000
0.000000
0.000000
0.000000
0.000000
0.000000
0.000000
0.000000
0.000000
0.000000
0.000000
0.000000
0.000000
0.000000
0.000000
0.000000
0.000000
0.000000
0.000000
0.000000
0.000000
