0.000456
0.000913
0.001371
0.001831
0.002292
0.002757
0.003224
0.003696
0.004173
0.004654
0.005141
0.005633
0.006134
0.006639
0.007155
0.007676
0.008210
0.008750
0.009303
0.009865
0.010437
0.011024
0.011619
0.012233
0.012854
0.013494
0.014147
0.014813
0.015501
0.016197
0.016918
0.017653
0.018404
0.019181
0.019968
0.020783
0.021616
0.022465
0.023347
0.024242
0.025161
0.026112
0.027075
0.028070
0.029094
0.030132
0.031207
0.032310
0.033429
0.034588
0.035778
0.036983
0.038229
0.039512
0.040810
0.042145
0.043526
0.044926
0.046354
0.047833
0.049345
0.050875
0.052448
0.054073
0.055724
0.057398
0.059121
0.060897
0.062701
0.064527
0.066399
0.068331
0.070304
0.072298
0.074322
0.076399
0.078537
0.080722
0.082936
0.085173
0.087445
0.089770
0.092155
0.094602
0.097101
0.099645
0.102228
0.104848
0.107505
0.110203
0.112943
0.115725
0.118552
0.121423
0.124338
0.127298
0.130303
0.133352
0.136445
0.139582
0.142763
0.145988
0.149255
0.152565
0.155918
0.159313
0.162750
0.166227
0.169745
0.173303
0.176901
0.180538
0.184213
0.187925
0.191674
0.195460
0.199280
0.203135
0.207024
0.210946
0.214899
0.218883
0.222897
0.226939
0.231010
0.235107
0.239230
0.243376
0.247546
0.251738
0.255951
0.260183
0.264432
0.268699
0.272980
0.277276
0.281584
0.285903
0.290231
0.294568
0.298910
0.303258
0.307608
0.311960
0.316313
0.320663
0.325010
0.329353
0.333688
0.338015
0.342332
0.346637
0.350929
0.355205
0.359464
0.363704
0.367924
0.372121
0.376294
0.380441
0.384560
0.388650
0.392708
0.396734
0.400724
0.404678
0.408595
0.412471
0.416306
0.420097
0.423844
0.427545
0.431197
0.434800
0.438352
0.441852
0.445297
0.448686
0.452018
0.455292
0.458507
0.461661
0.464752
0.467780
0.470743
0.473640
0.476470
0.479232
0.481926
0.484549
0.487101
0.489582
0.491990
0.494326
0.496587
0.498773
0.500885
0.502921
0.504881
0.506764
0.508570
0.510300
0.511952
0.513526
0.515024
0.516443
0.517785
0.519049
0.520236
0.521346
0.522379
0.523337
0.524217
0.525023
0.525754
0.526410
0.526992
0.527502
0.527938
0.528304
0.528600
0.528826
0.528983
0.529073
0.529097
0.529057
0.528952
0.528786
0.528558
0.528271
0.527925
0.527524
0.527066
0.526556
0.525993
0.525381
0.524719
0.524012
0.523259
0.522464
0.521627
0.520752
0.519840
0.518892
0.517910
0.516897
0.515854
0.514784
0.513689
0.512571
0.511431
0.510273
0.509096
0.507906
0.506702
0.505488
0.504265
0.503036
0.501801
0.500565
0.499328
0.498092
0.496861
0.495636
0.494417
0.493208
0.492011
0.490827
0.489658
0.488507
0.487374
0.486263
0.485173
0.484106
0.483067
0.482054
0.481070
0.480117
0.479195
0.478305
0.477452
0.476633
0.475852
0.475109
0.474405
0.473743
0.473120
0.472540
0.472004
0.471512
0.471064
0.470662
0.470305
0.469995
0.469731
0.469516
0.469348
0.469228
0.469156
0.469132
0.469155
0.469228
0.469349
0.469517
0.469733
0.469996
0.470306
0.470662
0.471066
0.471514
0.472006
0.472542
0.473121
0.473743
0.474407
0.475110
0.475853
0.476634
0.477452
0.478306
0.479194
0.480116
0.481069
0.482053
0.483065
0.484105
0.485170
0.486260
0.487372
0.488505
0.489657
0.490825
0.492009
0.493207
0.494415
0.495634
0.496860
0.498091
0.499326
0.500563
0.501799
0.503033
0.504262
0.505485
0.506700
0.507904
0.509094
0.510271
0.511429
0.512569
0.513688
0.514783
0.515853
0.516896
0.517909
0.518891
0.519839
0.520752
0.521629
0.522465
0.523261
0.524014
0.524720
0.525381
0.525993
0.526556
0.527067
0.527524
0.527926
0.528272
0.528560
0.528787
0.528954
0.529058
0.529098
0.529074
0.528984
0.528826
0.528600
0.528305
0.527939
0.527501
0.526993
0.526410
0.525755
0.525024
0.524219
0.523338
0.522382
0.521349
0.520239
0.519053
0.517788
0.516447
0.515028
0.513531
0.511957
0.510304
0.508576
0.506769
0.504886
0.502926
0.500889
0.498778
0.496591
0.494330
0.491995
0.489586
0.487105
0.484553
0.481930
0.479236
0.476474
0.473643
0.470746
0.467783
0.464755
0.461663
0.458510
0.455295
0.452021
0.448688
0.445298
0.441853
0.438354
0.434802
0.431199
0.427546
0.423845
0.420098
0.416307
0.412472
0.408595
0.404680
0.400726
0.396735
0.392709
0.388651
0.384561
0.380442
0.376296
0.372123
0.367926
0.363706
0.359466
0.355207
0.350931
0.346640
0.342335
0.338018
0.333691
0.329355
0.325013
0.320666
0.316316
0.311964
0.307612
0.303261
0.298914
0.294571
0.290235
0.285907
0.281588
0.277281
0.272985
0.268704
0.264438
0.260188
0.255956
0.251744
0.247552
0.243382
0.239235
0.235113
0.231016
0.226945
0.222902
0.218888
0.214904
0.210951
0.207030
0.203141
0.199286
0.195466
0.191680
0.187931
0.184219
0.180544
0.176907
0.173309
0.169751
0.166233
0.162755
0.159319
0.155924
0.152571
0.149261
0.145994
0.142769
0.139588
0.136451
0.133358
0.130309
0.127304
0.124344
0.121428
0.118557
0.115732
0.112951
0.110214
0.107523
0.104877
0.102275
0.099718
0.097205
0.094737
0.092314
0.089934
0.087598
0.085306
0.083057
0.080851
0.078689
0.076568
0.074491
0.072455
0.070460
0.068507
0.066595
0.064723
0.062891
0.061099
0.059346
0.057632
0.055956
0.054319
0.052718
0.051155
0.049628
0.048136
0.046681
0.045260
0.043874
0.042522
0.041203
0.039917
0.038664
0.037442
0.036252
0.035093
0.033964
0.032864
0.031794
0.030753
0.029740
0.028754
0.027795
0.026864
0.025958
0.025077
0.024222
0.023391
0.022585
0.021801
0.021041
0.020303
0.019587
0.018892
0.018219
0.017566
0.016933
0.016320
0.015725
0.015149
0.014592
0.014052
0.013529
0.013024
0.012534
0.012061
0.011603
0.011160
0.010732
0.010319
0.009919
0.009533
0.009160
0.008800
0.008453
0.008117
0.007793
0.007481
0.007180
0.006889
0.006609
0.006339
0.006079
0.005829
0.005587
0.005355
0.005131
0.004916
0.004708
0.004509
0.004317
0.004132
0.003955
0.003784
0.003620
0.003463
0.003311
0.003166
0.003026
0.002892
0.002764
0.002640
0.002522
0.002408
0.002299
0.002195
0.002095
0.001999
0.001907
0.001819
0.001734
0.001654
0.001576
0.001502
0.001431
0.001364
0.001299
0.001237
0.001178
0.001121
0.001067
0.001015
0.000966
0.000918
0.000873
0.000830
0.000789
0.000750
0.000713
0.000677
0.000643
0.000611
0.000580
0.000550
0.000522
0.000496
0.000470
0.000446
0.000423
0.000401
0.000380
0.000360
0.000341
0.000323
0.000306
0.000290
0.000275
0.000260
0.000246
0.000233
0.000220
0.000208
0.000197
0.000186
0.000176
0.000166
0.000157
0.000148
0.000140
0.000132
0.000125
0.000118
0.000111
0.000105
0.000099
0.000094
0.000088
0.000083
0.000078
0.000074
0.000070
0.000066
0.000062
0.000058
0.000055
0.000052
0.000048
0.000046
0.000043
0.000040
0.000038
0.000036
0.000034
0.000032
0.000030
0.000028
0.000026
0.000025
0.000023
0.000022
0.000020
0.000019
0.000018
0.000017
0.000016
0.000015
0.000014
0.000013
0.000012
0.000011
0.000011
0.000010
0.000009
0.000009
0.000008
0.000008
0.000007
0.000007
0.000006
0.000006
0.000005
0.000005
0.000005
0.000004
0.000004
0.000004
0.000004
0.000003
0.000003
0.000003
0.000003
0.000003
0.000002
0.000002
0.000002
0.000002
0.000002
0.000002
0.000002
0.000001
0.000001
0.000001
0.000001
0.000001
0.000001
0.000001
0.000001
0.000001
0.000001
0.000001
0.000001
0.000001
0.000001
0.000001
0.000000
0.000000
0.000000
0.000000
0.000000
0.000000
0.000000
0.000000
0.000000
0.000000
0.000000
0.000000
0.000000
0.000000
0.000000
0.000000
0.000000
0.000000
0.000000
0.000000
0.000000
0.000000
0.000000
0.000000
0.000000
0.000000
0.000000
0.000000
0.000000
0.000000
0.000000
0.000000
0.000000
0.000000
0.000000
0.000000
0.000000
0.000000
0.000000
0.000000
0.000000
0.000000
0.000000
0.000000
0.000000
0.000000
0.000000
0.000000
0.000000
0.000000
0.000000
0.000000
0.000000
0.000000
0.000000
0.000000
0.000000
0.000000
0.000000
0.000000
0.000000
0.000000
0.000000
0.000000
0.000000
0.000000
0.000000
0.000000
0.000000
0.000000
0.000000
0.000000
0.000000
0.000000
0.000000
0.000000
0.000000
0.000000
0.000000
0.000000
0.000000
0.000000
0.000000
0.000000
0.000000
0.000000
0.000000
0.000000
0.000000
0.000000
0.000000
0.000000
0.000000
0.000000
0.000000
0.000000
0.000000
0.000000
0.000000
0.000000
0.000000
0.000000
0.000000
0.000000
0.000000
0.000000
0.000000
0.000000
0.000000
0.000000
0.000000
0.000000
0.000000
0.000000
0.000000
0.000000
0.000000
0.000000
0.000000
0.000000
0.000000
0.000000
0.000000
0.000000
0.000000
0.000000
0.000000
0.000000
0.000000
0.000000
0.000000
0.000000
0.000000
0.000000
0.000000
0.000000
0.000000
0.000000
0.000000
0.000000
0.000000
0.000000
0.000000
0.000000
0.000000
0.000000
0.000000
0.000000
0.000000
0.000000
0.000000
0.000000
0.000000
0.000000
0.000000
0.000000
0.000000
0.000000
0.000000
0.000000
0.000000
0.000000
0.000000
0.000000
0.000000
0.000000
0.000000
0.000000
0.000000
0.000000
0.000000
0.000000
0.000000
0.000000
0.000000
0.000000
0.000000
0.000000
0.000000
0.000000
0.000000
0.000000
0.000000
0.000000
0.000000
0.000000
0.000000
0.000000
0.000000
0.000000
0.000000
0.000000
0.000000
0.000000
0.000000
0.000000
0.000000
0.000000
0.000000
0.000000
0.000000
0.000000
0.000000
0.000000
0.000000
0.000000
0.000000
0.000000
0.000000
0.000000
0.000000
0.000000
0.000000
0.000000
0.000000
0.000000
0.000000
0.000000
0.000000
0.000000
0.000000
0.000000
0.000000
0.000000
0.000000
0.000000
0.000000
0.000000
0.000000
0.000000
0.000000
0.000000
0.000000
0.000000
0.000000
0.000000
0.000000
0.000000
0.000000
0.000000
0.000000
