0.000465
0.000930
0.001397
0.001865
0.002336
0.002809
0.003286
0.003766
0.004252
0.004741
0.005239
0.005739
0.006250
0.006764
0.007289
0.007821
0.008363
0.008914
0.009475
0.010049
0.010629
0.011228
0.011833
0.012456
0.013091
0.013738
0.014405
0.015080
0.015779
0.016490
0.017218
0.017969
0.018729
0.019518
0.020321
0.021143
0.021994
0.022855
0.023746
0.024660
0.025589
0.026553
0.027535
0.028539
0.029579
0.030636
0.031720
0.032842
0.033980
0.035147
0.036356
0.037582
0.038837
0.040137
0.041459
0.042806
0.044201
0.045627
0.047071
0.048561
0.050095
0.051650
0.053235
0.054874
0.056552
0.058250
0.059984
0.061775
0.063607
0.065460
0.067346
0.069290
0.071286
0.073312
0.075360
0.077450
0.079600
0.081807
0.084051
0.086319
0.088615
0.090955
0.093353
0.095814
0.098333
0.100899
0.103507
0.106153
0.108836
0.111558
0.114321
0.117127
0.119976
0.122869
0.125807
0.128789
0.131815
0.134886
0.138001
0.141160
0.144362
0.147608
0.150896
0.154227
0.157600
0.161016
0.164472
0.167969
0.171507
0.175084
0.178701
0.182356
0.186049
0.189779
0.193546
0.197348
0.201185
0.205056
0.208961
0.212897
0.216865
0.220863
0.224890
0.228945
0.233028
0.237136
0.241270
0.245427
0.249607
0.253807
0.258028
0.262267
0.266523
0.270796
0.275082
0.279382
0.283694
0.288016
0.292346
0.296683
0.301025
0.305372
0.309721
0.314070
0.318419
0.322765
0.327106
0.331442
0.335770
0.340089
0.344396
0.348691
0.352971
0.357234
0.361480
0.365705
0.369909
0.374090
0.378245
0.382373
0.386472
0.390540
0.394577
0.398579
0.402545
0.406474
0.410364
0.414213
0.418019
0.421781
0.425497
0.429166
0.432785
0.436355
0.439872
0.443335
0.446743
0.450095
0.453388
0.456622
0.459796
0.462907
0.465956
0.468940
0.471858
0.474709
0.477493
0.480208
0.482853
0.485428
0.487930
0.490360
0.492717
0.495000
0.497208
0.499341
0.501399
0.503380
0.505284
0.507110
0.508860
0.510532
0.512126
0.513642
0.515080
0.516440
0.517722
0.518926
0.520052
0.521101
0.522073
0.522968
0.523786
0.524530
0.525198
0.525791
0.526311
0.526757
0.527131
0.527434
0.527666
0.527829
0.527923
0.527950
0.527911
0.527808
0.527640
0.527411
0.527120
0.526771
0.526363
0.525899
0.525380
0.524808
0.524184
0.523512
0.522790
0.522023
0.521211
0.520357
0.519462
0.518529
0.517560
0.516555
0.515517
0.514448
0.513350
0.512226
0.511077
0.509907
0.508714
0.507505
0.506278
0.505038
0.503785
0.502523
0.501252
0.499977
0.498696
0.497415
0.496134
0.494856
0.493582
0.492316
0.491058
0.489809
0.488574
0.487353
0.486148
0.484962
0.483795
0.482650
0.481529
0.480432
0.479363
0.478321
0.477310
0.476330
0.475382
0.474469
0.473592
0.472751
0.471950
0.471187
0.470465
0.469785
0.469146
0.468551
0.468001
0.467497
0.467037
0.466625
0.466259
0.465941
0.465671
0.465450
0.465279
0.465155
0.465081
0.465057
0.465081
0.465155
0.465279
0.465451
0.465673
0.465943
0.466260
0.466626
0.467039
0.467499
0.468004
0.468553
0.469147
0.469786
0.470466
0.471188
0.471951
0.472753
0.473593
0.474469
0.475382
0.476328
0.477308
0.478320
0.479360
0.480430
0.481526
0.482648
0.483793
0.484960
0.486147
0.487351
0.488572
0.489808
0.491056
0.492314
0.493581
0.494855
0.496132
0.497413
0.498694
0.499974
0.501250
0.502520
0.503783
0.505035
0.506276
0.507503
0.508713
0.509905
0.511076
0.512225
0.513349
0.514447
0.515516
0.516554
0.517559
0.518529
0.519463
0.520358
0.521213
0.522025
0.522791
0.523512
0.524185
0.524809
0.525381
0.525899
0.526364
0.526772
0.527122
0.527412
0.527641
0.527808
0.527912
0.527951
0.527924
0.527829
0.527667
0.527434
0.527132
0.526757
0.526312
0.525792
0.525199
0.524531
0.523789
0.522969
0.522075
0.521104
0.520055
0.518929
0.517725
0.516443
0.515084
0.513646
0.512131
0.510536
0.508865
0.507115
0.505288
0.503384
0.501403
0.499346
0.497213
0.495004
0.492721
0.490364
0.487934
0.485432
0.482858
0.480213
0.477497
0.474713
0.471861
0.468943
0.465959
0.462910
0.459799
0.456625
0.453391
0.450096
0.446744
0.443336
0.439873
0.436357
0.432787
0.429167
0.425498
0.421782
0.418020
0.414213
0.410365
0.406475
0.402547
0.398580
0.394578
0.390541
0.386473
0.382374
0.378246
0.374091
0.369911
0.365707
0.361482
0.357237
0.352973
0.348693
0.344399
0.340091
0.335773
0.331445
0.327109
0.322768
0.318422
0.314074
0.309724
0.305376
0.301029
0.296687
0.292350
0.288019
0.283698
0.279387
0.275087
0.270801
0.266529
0.262273
0.258033
0.253813
0.249612
0.245432
0.241275
0.237142
0.233033
0.228951
0.224895
0.220868
0.216870
0.212902
0.208966
0.205062
0.201191
0.197354
0.193552
0.189785
0.186055
0.182362
0.178707
0.175090
0.171513
0.167975
0.164478
0.161022
0.157606
0.154233
0.150902
0.147613
0.144368
0.141166
0.138007
0.134892
0.131821
0.128795
0.125812
0.122875
0.119982
0.117134
0.114331
0.111572
0.108859
0.106190
0.103567
0.100987
0.098453
0.095963
0.093517
0.091115
0.088758
0.086444
0.084174
0.081947
0.079763
0.077621
0.075522
0.073466
0.071451
0.069477
0.067545
0.065653
0.063801
0.061989
0.060217
0.058483
0.056789
0.055132
0.053513
0.051931
0.050386
0.048877
0.047404
0.045966
0.044562
0.043193
0.041858
0.040556
0.039286
0.038049
0.036843
0.035668
0.034524
0.033410
0.032325
0.031270
0.030242
0.029243
0.028271
0.027326
0.026407
0.025514
0.024647
0.023804
0.022985
0.022190
0.021418
0.020669
0.019942
0.019237
0.018553
0.017890
0.017247
0.016624
0.016020
0.015435
0.014868
0.014320
0.013789
0.013274
0.012777
0.012296
0.011830
0.011380
0.010945
0.010524
0.010117
0.009724
0.009345
0.008979
0.008625
0.008283
0.007954
0.007636
0.007329
0.007033
0.006748
0.006473
0.006208
0.005953
0.005707
0.005470
0.005242
0.005022
0.004811
0.004608
0.004412
0.004224
0.004043
0.003869
0.003701
0.003541
0.003386
0.003238
0.003095
0.002959
0.002827
0.002701
0.002580
0.002464
0.002353
0.002246
0.002144
0.002046
0.001952
0.001862
0.001776
0.001693
0.001614
0.001539
0.001466
0.001397
0.001331
0.001267
0.001207
0.001149
0.001094
0.001041
0.000990
0.000942
0.000896
0.000852
0.000810
0.000770
0.000731
0.000695
0.000660
0.000627
0.000595
0.000565
0.000536
0.000509
0.000483
0.000458
0.000434
0.000412
0.000390
0.000370
0.000351
0.000332
0.000315
0.000298
0.000282
0.000267
0.000253
0.000239
0.000226
0.000214
0.000203
0.000192
0.000181
0.000171
0.000162
0.000153
0.000144
0.000136
0.000129
0.000121
0.000115
0.000108
0.000102
0.000096
0.000091
0.000086
0.000081
0.000076
0.000072
0.000068
0.000064
0.000060
0.000056
0.000053
0.000050
0.000047
0.000044
0.000042
0.000039
0.000037
0.000035
0.000033
0.000031
0.000029
0.000027
0.000025
0.000024
0.000022
0.000021
0.000020
0.000018
0.000017
0.000016
0.000015
0.000014
0.000013
0.000013
0.000012
0.000011
0.000010
0.000010
0.000009
0.000008
0.000008
0.000007
0.000007
0.000006
0.000006
0.000006
0.000005
0.000005
0.000005
0.000004
0.000004
0.000004
0.000004
0.000003
0.000003
0.000003
0.000003
0.000002
0.000002
0.000002
0.000002
0.000002
0.000002
0.000002
0.000002
0.000001
0.000001
0.000001
0.000001
0.000001
0.000001
0.000001
0.000001
0.000001
0.000001
0.000001
0.000001
0.000001
0.000001
0.000001
0.000000
0.000000
0.000000
0.000000
0.000000
0.000000
0.000000
0.000000
0.000000
0.000000
0.000000
0.000000
0.000000
0.000000
0.000000
0.000000
0.000000
0.000000
0.000000
0.000000
0.000000
0.000000
0.000000
0.000000
0.000000
0.000000
0.000000
0.000000
0.000000
0.000000
0.000000
0.000000
0.000000
0.000000
0.000000
0.000000
0.000000
0.000000
0.000000
0.000000
0.000000
0.000000
0.000000
0.000000
0.000000
0.000000
0.000000
0.000000
0.000000
0.000000
0.000000
0.000000
0.000000
0.000000
0.000000
0.000000
0.000000
0.000000
0.000000
0.000000
0.000000
0.000000
0.000000
0.000000
0.000000
0.000000
0.000000
0.000000
0.000000
0.000000
0.000000
0.000000
0.000000
0.000000
0.000000
0.000000
0.000000
0.000000
0.000000
0.000000
0.000000
0.000000
0.000000
0.000000
0.000000
0.000000
0.000000
0.000000
0.000000
0.000000
0.000000
0.000000
0.000000
0.000000
0.000000
0.000000
0.000000
0.000000
0.000000
0.000000
0.000000
0.000000
0.000000
0.000000
0.000000
0.000000
0.000000
0.000000
0.000000
0.000000
0.000000
0.000000
0.000000
0.000000
0.000000
0.000000
0.000000
0.000000
0.000000
0.000000
0.000000
0.000000
0.000000
0.000000
0.000000
0.000000
0.000000
0.000000
0.000000
0.000000
0.000000
0.000000
0.000000
0.000000
0.000000
0.000000
0.000000
0.000000
0.000000
0.000000
0.000000
0.000000
0.000000
0.000000
0.000000
0.000000
0.000000
0.000000
0.000000
0.000000
0.000000
0.000000
0.000000
0.000000
0.000000
0.000000
0.000000
0.000000
0.000000
0.000000
0.000000
0.000000
0.000000
0.000000
0.000000
0.000000
0.000000
0.000000
0.000000
0.000000
0.000000
0.000000
0.000000
0.000000
0.000000
0.000000
0.000000
0.000000
0.000000
0.000000
0.000000
0.000000
0.000000
0.000000
0.000000
0.000000
0.000000
0.000000
0.000000
0.000000
0.000000
0.000000
0.000000
0.000000
0.000000
0.000000
0.000000
0.000000
0.000000
0.000000
0.000000
0.000000
0.000000
0.000000
0.000000
0.000000
0.000000
0.000000
0.000000
0.000000
0.000000
0.000000
0.000000
0.000000
0.000000
0.000000
0.000000
0.000000
0.000000
0.000000
0.000000
0.000000
0.000000
0.000000
0.000000
0.000000
0.000000
0.000000
0.000000
0.000000
0.000000
0.000000
0.000000
0.000000
0.000000
0.000000
0.000000
0.000000
0.000000
0.000000
