0.000474
0.000948
0.001424
0.001901
0.002381
0.002862
0.003349
0.003838
0.004333
0.004831
0.005337
0.005848
0.006366
0.006892
0.007425
0.007968
0.008518
0.009081
0.009650
0.010235
0.010826
0.011433
0.012052
0.012682
0.013330
0.013987
0.014665
0.015353
0.016060
0.016786
0.017523
0.018287
0.019062
0.019859
0.020679
0.021511
0.022374
0.023252
0.024151
0.025082
0.026026
0.026999
0.028001
0.029017
0.030069
0.031147
0.032242
0.033377
0.034537
0.035716
0.036938
0.038188
0.039456
0.040769
0.042115
0.043478
0.044883
0.046332
0.047799
0.049299
0.050851
0.052433
0.054036
0.055685
0.057386
0.059111
0.060861
0.062664
0.064519
0.066401
0.068307
0.070262
0.072276
0.074331
0.076408
0.078516
0.080677
0.082901
0.085172
0.087472
0.089795
0.092155
0.094567
0.097041
0.099576
0.102164
0.104796
0.107468
0.110177
0.112924
0.115711
0.118539
0.121411
0.124327
0.127286
0.130291
0.133339
0.136432
0.139568
0.142748
0.145972
0.149238
0.152547
0.155899
0.159293
0.162729
0.166205
0.169722
0.173279
0.176875
0.180510
0.184184
0.187895
0.191643
0.195426
0.199245
0.203098
0.206985
0.210905
0.214856
0.218838
0.222850
0.226890
0.230958
0.235052
0.239172
0.243316
0.247483
0.251672
0.255881
0.260110
0.264356
0.268618
0.272896
0.277188
0.281492
0.285806
0.290130
0.294462
0.298799
0.303142
0.307487
0.311834
0.316180
0.320525
0.324865
0.329201
0.333530
0.337850
0.342160
0.346457
0.350741
0.355009
0.359259
0.363491
0.367701
0.371888
0.376052
0.380189
0.384297
0.388376
0.392423
0.396437
0.400415
0.404357
0.408260
0.412123
0.415944
0.419721
0.423453
0.427138
0.430775
0.434361
0.437896
0.441378
0.444805
0.448175
0.451489
0.454743
0.457937
0.461069
0.464138
0.467144
0.470084
0.472957
0.475762
0.478499
0.481167
0.483763
0.486288
0.488741
0.491120
0.493425
0.495656
0.497811
0.499890
0.501893
0.503819
0.505667
0.507437
0.509130
0.510744
0.512280
0.513738
0.515116
0.516417
0.517640
0.518783
0.519849
0.520836
0.521747
0.522580
0.523337
0.524019
0.524624
0.525155
0.525612
0.525994
0.526306
0.526546
0.526715
0.526814
0.526846
0.526810
0.526708
0.526542
0.526312
0.526020
0.525668
0.525257
0.524787
0.524261
0.523681
0.523048
0.522364
0.521630
0.520849
0.520022
0.519152
0.518240
0.517287
0.516297
0.515270
0.514209
0.513116
0.511992
0.510840
0.509662
0.508460
0.507237
0.505994
0.504733
0.503456
0.502166
0.500866
0.499555
0.498238
0.496916
0.495590
0.494265
0.492941
0.491620
0.490305
0.488998
0.487700
0.486413
0.485140
0.483883
0.482642
0.481422
0.480222
0.479044
0.477891
0.476765
0.475665
0.474595
0.473557
0.472550
0.471578
0.470642
0.469741
0.468879
0.468057
0.467275
0.466535
0.465837
0.465183
0.464573
0.464010
0.463493
0.463022
0.462600
0.462226
0.461900
0.461624
0.461397
0.461221
0.461095
0.461018
0.460994
0.461019
0.461095
0.461222
0.461398
0.461625
0.461901
0.462226
0.462601
0.463024
0.463495
0.464012
0.464576
0.465185
0.465839
0.466536
0.467276
0.468058
0.468881
0.469742
0.470642
0.471578
0.472549
0.473555
0.474594
0.475663
0.476762
0.477889
0.479042
0.480219
0.481420
0.482641
0.483881
0.485139
0.486412
0.487699
0.488997
0.490304
0.491619
0.492939
0.494263
0.495589
0.496913
0.498235
0.499552
0.500863
0.502164
0.503454
0.504730
0.505992
0.507235
0.508459
0.509661
0.510839
0.511991
0.513115
0.514208
0.515270
0.516297
0.517288
0.518241
0.519154
0.520024
0.520851
0.521632
0.522364
0.523049
0.523681
0.524261
0.524787
0.525257
0.525668
0.526021
0.526313
0.526543
0.526709
0.526811
0.526847
0.526815
0.526716
0.526546
0.526307
0.525995
0.525612
0.525156
0.524625
0.524019
0.523339
0.522582
0.521749
0.520839
0.519851
0.518786
0.517643
0.516421
0.515121
0.513742
0.512285
0.510749
0.509135
0.507442
0.505672
0.503823
0.501897
0.499894
0.497816
0.495660
0.493429
0.491124
0.488745
0.486292
0.483768
0.481171
0.478503
0.475766
0.472960
0.470087
0.467147
0.464141
0.461072
0.457940
0.454746
0.451491
0.448177
0.444806
0.441379
0.437898
0.434363
0.430776
0.427139
0.423454
0.419722
0.415945
0.412124
0.408261
0.404358
0.400417
0.396438
0.392424
0.388377
0.384298
0.380190
0.376054
0.371890
0.367703
0.363493
0.359261
0.355011
0.350743
0.346459
0.342162
0.337852
0.333532
0.329204
0.324868
0.320528
0.316183
0.311837
0.307490
0.303145
0.298803
0.294466
0.290134
0.285810
0.281496
0.277193
0.272901
0.268624
0.264361
0.260115
0.255887
0.251677
0.247489
0.243322
0.239178
0.235058
0.230963
0.226895
0.222855
0.218843
0.214862
0.210910
0.206991
0.203104
0.199251
0.195432
0.191649
0.187901
0.184190
0.180517
0.176881
0.173285
0.169728
0.166211
0.162734
0.159299
0.155905
0.152554
0.149244
0.145977
0.142754
0.139574
0.136437
0.133345
0.130296
0.127292
0.124333
0.121418
0.118548
0.115722
0.112942
0.110206
0.107515
0.104869
0.102268
0.099711
0.097199
0.094731
0.092308
0.089929
0.087593
0.085301
0.083053
0.080847
0.078685
0.076565
0.074487
0.072451
0.070457
0.068504
0.066592
0.064721
0.062889
0.061097
0.059344
0.057630
0.055955
0.054317
0.052716
0.051153
0.049626
0.048135
0.046680
0.045259
0.043873
0.042521
0.041202
0.039916
0.038663
0.037441
0.036251
0.035092
0.033963
0.032864
0.031794
0.030752
0.029739
0.028754
0.027795
0.026863
0.025957
0.025077
0.024222
0.023391
0.022584
0.021801
0.021041
0.020303
0.019587
0.018892
0.018219
0.017566
0.016933
0.016319
0.015725
0.015149
0.014592
0.014052
0.013529
0.013024
0.012534
0.012061
0.011603
0.011160
0.010732
0.010319
0.009919
0.009533
0.009160
0.008800
0.008453
0.008117
0.007793
0.007481
0.007180
0.006889
0.006609
0.006339
0.006079
0.005829
0.005587
0.005355
0.005131
0.004916
0.004708
0.004509
0.004317
0.004132
0.003955
0.003784
0.003620
0.003463
0.003311
0.003166
0.003026
0.002892
0.002764
0.002640
0.002522
0.002408
0.002299
0.002195
0.002095
0.001999
0.001907
0.001819
0.001734
0.001654
0.001576
0.001502
0.001431
0.001364
0.001299
0.001237
0.001178
0.001121
0.001067
0.001015
0.000966
0.000918
0.000873
0.000830
0.000789
0.000750
0.000713
0.000677
0.000643
0.000611
0.000580
0.000550
0.000522
0.000496
0.000470
0.000446
0.000423
0.000401
0.000380
0.000360
0.000341
0.000323
0.000306
0.000290
0.000275
0.000260
0.000246
0.000233
0.000220
0.000208
0.000197
0.000186
0.000176
0.000166
0.000157
0.000148
0.000140
0.000132
0.000125
0.000118
0.000111
0.000105
0.000099
0.000094
0.000088
0.000083
0.000078
0.000074
0.000070
0.000066
0.000062
0.000058
0.000055
0.000052
0.000048
0.000046
0.000043
0.000040
0.000038
0.000036
0.000034
0.000032
0.000030
0.000028
0.000026
0.000025
0.000023
0.000022
0.000020
0.000019
0.000018
0.000017
0.000016
0.000015
0.000014
0.000013
0.000012
0.000011
0.000011
0.000010
0.000009
0.000009
0.000008
0.000008
0.000007
0.000007
0.000006
0.000006
0.000005
0.000005
0.000005
0.000004
0.000004
0.000004
0.000004
0.000003
0.000003
0.000003
0.000003
0.000003
0.000002
0.000002
0.000002
0.000002
0.000002
0.000002
0.000002
0.000001
0.000001
0.000001
0.000001
0.000001
0.000001
0.000001
0.000001
0.000001
0.000001
0.000001
0.000001
0.000001
0.000001
0.000001
0.000000
0.000000
0.000000
0.000000
0.000000
0.000000
0.000000
0.000000
0.000000
0.000000
0.000000
0.000000
0.000000
0.000000
0.000000
0.000000
0.000000
0.000000
0.000000
0.000000
0.000000
0.000000
0.000000
0.000000
0.000000
0.000000
0.000000
0.000000
0.000000
0.000000
0.000000
0.000000
0.000000
0.000000
0.000000
0.000000
0.000000
0.000000
0.000000
0.000000
0.000000
0.000000
0.000000
0.000000
0.000000
0.000000
0.000000
0.000000
0.000000
0.000000
0.000000
0.000000
0.000000
0.000000
0.000000
0.000000
0.000000
0.000000
0.000000
0.000000
0.000000
0.000000
0.000000
0.000000
0.000000
0.000000
0.000000
0.000000
0.000000
0.000000
0.000000
0.000000
0.000000
0.000000
0.000000
0.000000
0.000000
0.000000
0.000000
0.000000
0.000000
0.000000
0.000000
0.000000
0.000000
0.000000
0.000000
0.000000
0.000000
0.000000
0.000000
0.000000
0.000000
0.000000
0.000000
0.000000
0.000000
0.000000
0.000000
0.000000
0.000000
0.000000
0.000000
0.000000
0.000000
0.000000
0.000000
0.000000
0.000000
0.000000
0.000000
0.000000
0.000000
0.000000
0.000000
0.000000
0.000000
0.000000
0.000000
0.000000
0.000000
0.000000
0.000000
0.000000
0.000000
0.000000
0.000000
0.000000
0.000000
0.000000
0.000000
0.000000
0.000000
0.000000
0.000000
0.000000
0.000000
0.000000
0.000000
0.000000
0.000000
0.000000
0.000000
0.000000
0.000000
0.000000
0.000000
0.000000
0.000000
0.000000
0.000000
0.000000
0.000000
0.000000
0.000000
0.000000
0.000000
0.000000
0.000000
0.000000
0.000000
0.000000
0.000000
0.000000
0.000000
0.000000
0.000000
0.000000
0.000000
0.000000
0.000000
0.000000
0.000000
0.000000
0.000000
0.000000
0.000000
0.000000
0.000000
0.000000
0.000000
0.000000
0.000000
0.000000
0.000000
0.000000
0.000000
0.000000
0.000000
0.000000
0.000000
0.000000
0.000000
0.000000
0.000000
0.000000
0.000000
0.000000
0.000000
0.000000
0.000000
0.000000
0.000000
0.000000
0.000000
0.000000
0.000000
0.000000
0.000000
0.000000
0.000000
0.000000
0.000000
0.000000
0.000000
0.000000
0.000000
0.000000
0.000000
0.000000
0.000000
0.000000
0.000000
0.000000
0.000000
0.000000
0.000000
0.000000
0.000000
0.000000
0.000000
0.000000
0.000000
0.000000
0.000000
0.000000
0.000000
0.000000
0.000000
0.000000
