0.000483
0.000966
0.001451
0.001937
0.002426
0.002917
0.003412
0.003911
0.004414
0.004923
0.005437
0.005958
0.006485
0.007022
0.007563
0.008117
0.008676
0.009249
0.009829
0.010422
0.011027
0.011641
0.012273
0.012912
0.013572
0.014241
0.014927
0.015631
0.016346
0.017086
0.017835
0.018608
0.019399
0.020205
0.021039
0.021886
0.022758
0.023655
0.024565
0.025508
0.026470
0.027452
0.028471
0.029505
0.030565
0.031662
0.032774
0.033918
0.035100
0.036296
0.037528
0.038799
0.040086
0.041408
0.042775
0.044161
0.045577
0.047042
0.048536
0.050051
0.051614
0.053221
0.054848
0.056509
0.058225
0.059978
0.061752
0.063566
0.065437
0.067348
0.069280
0.071249
0.073276
0.075355
0.077463
0.079595
0.081770
0.084007
0.086300
0.088631
0.090985
0.093368
0.095796
0.098283
0.100833
0.103440
0.106095
0.108792
0.111527
0.114299
0.117111
0.119963
0.122857
0.125795
0.128777
0.131803
0.134874
0.137988
0.141146
0.144347
0.147592
0.150879
0.154210
0.157582
0.160996
0.164452
0.167948
0.171484
0.175060
0.178676
0.182329
0.186021
0.189750
0.193515
0.197315
0.201151
0.205020
0.208923
0.212857
0.216823
0.220819
0.224844
0.228897
0.232977
0.237083
0.241214
0.245368
0.249545
0.253743
0.257960
0.262196
0.266449
0.270717
0.275000
0.279296
0.283604
0.287921
0.292247
0.296579
0.300917
0.305259
0.309602
0.313946
0.318289
0.322629
0.326965
0.331294
0.335616
0.339927
0.344228
0.348515
0.352787
0.357043
0.361279
0.365496
0.369691
0.373862
0.378008
0.382126
0.386214
0.390272
0.394297
0.398288
0.402243
0.406159
0.410036
0.413871
0.417664
0.421411
0.425113
0.428767
0.432371
0.435924
0.439424
0.442870
0.446261
0.449593
0.452868
0.456082
0.459236
0.462327
0.465353
0.468315
0.471211
0.474039
0.476798
0.479488
0.482108
0.484655
0.487131
0.489533
0.491861
0.494115
0.496293
0.498394
0.500420
0.502368
0.504239
0.506031
0.507745
0.509380
0.510937
0.512415
0.513814
0.515134
0.516375
0.517537
0.518620
0.519626
0.520552
0.521402
0.522173
0.522869
0.523488
0.524031
0.524500
0.524894
0.525214
0.525463
0.525640
0.525746
0.525783
0.525752
0.525654
0.525490
0.525261
0.524969
0.524615
0.524201
0.523727
0.523197
0.522609
0.521968
0.521275
0.520531
0.519737
0.518897
0.518011
0.517083
0.516112
0.515103
0.514056
0.512972
0.511856
0.510708
0.509529
0.508323
0.507092
0.505838
0.504562
0.503268
0.501956
0.500631
0.499292
0.497943
0.496586
0.495222
0.493854
0.492485
0.491116
0.489749
0.488386
0.487030
0.485683
0.484346
0.483021
0.481711
0.480417
0.479142
0.477887
0.476653
0.475443
0.474260
0.473104
0.471975
0.470877
0.469812
0.468780
0.467783
0.466823
0.465900
0.465017
0.464175
0.463374
0.462615
0.461901
0.461231
0.460607
0.460030
0.459501
0.459020
0.458587
0.458204
0.457871
0.457588
0.457356
0.457176
0.457047
0.456969
0.456943
0.456970
0.457047
0.457176
0.457357
0.457589
0.457871
0.458205
0.458589
0.459021
0.459502
0.460032
0.460609
0.461233
0.461902
0.462617
0.463374
0.464175
0.465018
0.465901
0.466823
0.467783
0.468779
0.469810
0.470875
0.471973
0.473101
0.474258
0.475442
0.476651
0.477884
0.479140
0.480415
0.481709
0.483019
0.484345
0.485681
0.487029
0.488385
0.489747
0.491114
0.492483
0.493852
0.495220
0.496583
0.497941
0.499290
0.500629
0.501954
0.503266
0.504561
0.505837
0.507091
0.508322
0.509528
0.510706
0.511855
0.512972
0.514055
0.515103
0.516114
0.517084
0.518013
0.518899
0.519739
0.520532
0.521275
0.521969
0.522609
0.523196
0.523728
0.524201
0.524615
0.524969
0.525262
0.525490
0.525654
0.525753
0.525784
0.525747
0.525641
0.525464
0.525216
0.524894
0.524500
0.524032
0.523489
0.522870
0.522175
0.521404
0.520555
0.519628
0.518623
0.517540
0.516379
0.515138
0.513819
0.512420
0.510942
0.509385
0.507750
0.506036
0.504243
0.502373
0.500424
0.498399
0.496297
0.494119
0.491865
0.489537
0.487135
0.484660
0.482112
0.479492
0.476802
0.474043
0.471214
0.468318
0.465357
0.462329
0.459239
0.456085
0.452871
0.449595
0.446262
0.442871
0.439426
0.435926
0.432373
0.428768
0.425114
0.421413
0.417665
0.413872
0.410037
0.406160
0.402244
0.398289
0.394299
0.390273
0.386216
0.382127
0.378009
0.373864
0.369693
0.365498
0.361282
0.357045
0.352789
0.348517
0.344230
0.339930
0.335618
0.331296
0.326967
0.322632
0.318292
0.313950
0.309606
0.305262
0.300921
0.296583
0.292251
0.287925
0.283608
0.279301
0.275005
0.270723
0.266454
0.262201
0.257965
0.253748
0.249550
0.245374
0.241219
0.237088
0.232983
0.228902
0.224849
0.220824
0.216828
0.212863
0.208928
0.205026
0.201157
0.197322
0.193521
0.189756
0.186027
0.182336
0.178682
0.175067
0.171490
0.167954
0.164458
0.161002
0.157588
0.154216
0.150885
0.147598
0.144353
0.141152
0.137994
0.134879
0.131809
0.128783
0.125802
0.122865
0.119973
0.117125
0.114322
0.111564
0.108851
0.106183
0.103560
0.100981
0.098447
0.095957
0.093512
0.091110
0.088753
0.086439
0.084169
0.081943
0.079759
0.077618
0.075519
0.073463
0.071448
0.069474
0.067542
0.065650
0.063799
0.061987
0.060215
0.058482
0.056787
0.055130
0.053511
0.051929
0.050384
0.048875
0.047402
0.045964
0.044561
0.043192
0.041857
0.040555
0.039285
0.038048
0.036842
0.035668
0.034523
0.033409
0.032325
0.031269
0.030242
0.029243
0.028271
0.027326
0.026407
0.025514
0.024646
0.023803
0.022985
0.022190
0.021418
0.020669
0.019942
0.019237
0.018553
0.017890
0.017247
0.016624
0.016020
0.015435
0.014868
0.014320
0.013788
0.013274
0.012777
0.012295
0.011830
0.011380
0.010944
0.010524
0.010117
0.009724
0.009345
0.008979
0.008625
0.008283
0.007954
0.007636
0.007329
0.007033
0.006748
0.006473
0.006208
0.005953
0.005707
0.005470
0.005242
0.005022
0.004811
0.004608
0.004412
0.004224
0.004043
0.003869
0.003701
0.003541
0.003386
0.003238
0.003095
0.002959
0.002827
0.002701
0.002580
0.002464
0.002353
0.002246
0.002144
0.002046
0.001952
0.001862
0.001776
0.001693
0.001614
0.001539
0.001466
0.001397
0.001331
0.001267
0.001207
0.001149
0.001094
0.001041
0.000990
0.000942
0.000896
0.000852
0.000810
0.000770
0.000731
0.000695
0.000660
0.000627
0.000595
0.000565
0.000536
0.000509
0.000483
0.000458
0.000434
0.000412
0.000390
0.000370
0.000351
0.000332
0.000315
0.000298
0.000282
0.000267
0.000253
0.000239
0.000226
0.000214
0.000203
0.000192
0.000181
0.000171
0.000162
0.000153
0.000144
0.000136
0.000129
0.000121
0.000115
0.000108
0.000102
0.000096
0.000091
0.000086
0.000081
0.000076
0.000072
0.000068
0.000064
0.000060
0.000056
0.000053
0.000050
0.000047
0.000044
0.000042
0.000039
0.000037
0.000035
0.000033
0.000031
0.000029
0.000027
0.000025
0.000024
0.000022
0.000021
0.000020
0.000018
0.000017
0.000016
0.000015
0.000014
0.000013
0.000013
0.000012
0.000011
0.000010
0.000010
0.000009
0.000008
0.000008
0.000007
0.000007
0.000006
0.000006
0.000006
0.000005
0.000005
0.000005
0.000004
0.000004
0.000004
0.000004
0.000003
0.000003
0.000003
0.000003
0.000002
0.000002
0.000002
0.000002
0.000002
0.000002
0.000002
0.000002
0.000001
0.000001
0.000001
0.000001
0.000001
0.000001
0.000001
0.000001
0.000001
0.000001
0.000001
0.000001
0.000001
0.000001
0.000001
0.000000
0.000000
0.000000
0.000000
0.000000
0.000000
0.000000
0.000000
0.000000
0.000000
0.000000
0.000000
0.000000
0.000000
0.000000
0.000000
0.000000
0.000000
0.000000
0.000000
0.000000
0.000000
0.000000
0.000000
0.000000
0.000000
0.000000
0.000000
0.000000
0.000000
0.000000
0.000000
0.000000
0.000000
0.000000
0.000000
0.000000
0.000000
0.000000
0.000000
0.000000
0.000000
0.000000
0.000000
0.000000
0.000000
0.000000
0.000000
0.000000
0.000000
0.000000
0.000000
0.000000
0.000000
0.000000
0.000000
0.000000
0.000000
0.000000
0.000000
0.000000
0.000000
0.000000
0.000000
0.000000
0.000000
0.000000
0.000000
0.000000
0.000000
0.000000
0.000000
0.000000
0.000000
0.000000
0.000000
0.000000
0.000000
0.000000
0.000000
0.000000
0.000000
0.000000
0.000000
0.000000
0.000000
0.000000
0.000000
0.000000
0.000000
0.000000
0.000000
0.000000
0.000000
0.000000
0.000000
0.000000
0.000000
0.000000
0.000000
0.000000
0.000000
0.000000
0.000000
0.000000
0.000000
0.000000
0.000000
0.000000
0.000000
0.000000
0.000000
0.000000
0.000000
0.000000
0.000000
0.000000
0.000000
0.000000
0.000000
0.000000
0.000000
0.000000
0.000000
0.000000
0.000000
0.000000
0.000000
0.000000
0.000000
0.000000
0.000000
0.000000
0.000000
0.000000
0.000000
0.000000
0.000000
0.000000
0.000000
0.000000
0.000000
0.000000
0.000000
0.000000
0.000000
0.000000
0.000000
0.000000
0.000000
0.000000
0.000000
0.000000
0.000000
0.000000
0.000000
0.000000
0.000000
0.000000
0.000000
0.000000
0.000000
0.000000
0.000000
0.000000
0.000000
0.000000
0.000000
0.000000
0.000000
0.000000
0.000000
0.000000
0.000000
0.000000
0.000000
0.000000
0.000000
0.000000
0.000000
0.000000
0.000000
0.000000
0.000000
0.000000
0.000000
0.000000
0.000000
0.000000
0.000000
0.000000
0.000000
0.000000
0.000000
0.000000
0.000000
0.000000
0.000000
0.000000
0.000000
0.000000
0.000000
0.000000
0.000000
0.000000
0.000000
0.000000
0.000000
0.000000
0.000000
0.000000
0.000000
0.000000
0.000000
0.000000
0.000000
0.000000
0.000000
0.000000
0.000000
0.000000
0.000000
0.000000
0.000000
0.000000
0.000000
0.000000
0.000000
0.000000
0.000000
0.000000
0.000000
0.000000
0.000000
0.000000
0.000000
0.000000
0.000000
0.000000
