0.000492
0.000984
0.001478
0.001974
0.002471
0.002972
0.003476
0.003985
0.004497
0.005016
0.005538
0.006070
0.006606
0.007153
0.007704
0.008267
0.008838
0.009419
0.010012
0.010613
0.011230
0.011854
0.012496
0.013148
0.013816
0.014499
0.015194
0.015912
0.016638
0.017388
0.018153
0.018934
0.019741
0.020558
0.021403
0.022268
0.023148
0.024060
0.024986
0.025938
0.026920
0.027915
0.028944
0.029999
0.031071
0.032181
0.033315
0.034469
0.035666
0.036885
0.038127
0.039413
0.040725
0.042059
0.043440
0.044851
0.046283
0.047759
0.049277
0.050815
0.052388
0.054014
0.055669
0.057347
0.059074
0.060851
0.062652
0.064482
0.066365
0.068301
0.070263
0.072250
0.074289
0.076387
0.078525
0.080685
0.082879
0.085127
0.087438
0.089795
0.092181
0.094592
0.097040
0.099541
0.102104
0.104727
0.107404
0.110126
0.112887
0.115685
0.118521
0.121397
0.124315
0.127275
0.130279
0.133327
0.136419
0.139555
0.142734
0.145957
0.149223
0.152531
0.155882
0.159275
0.162710
0.166185
0.169701
0.173257
0.176852
0.180486
0.184158
0.187868
0.191614
0.195396
0.199213
0.203065
0.206950
0.210868
0.214817
0.218797
0.222807
0.226845
0.230910
0.235002
0.239120
0.243261
0.247425
0.251612
0.255818
0.260043
0.264286
0.268545
0.272820
0.277108
0.281408
0.285718
0.290038
0.294365
0.298698
0.303036
0.307376
0.311718
0.316059
0.320398
0.324733
0.329063
0.333385
0.337699
0.342002
0.346292
0.350568
0.354829
0.359071
0.363295
0.367496
0.371675
0.375829
0.379956
0.384055
0.388124
0.392160
0.396163
0.400130
0.404060
0.407951
0.411801
0.415609
0.419373
0.423091
0.426761
0.430383
0.433954
0.437473
0.440939
0.444349
0.447702
0.450997
0.454232
0.457407
0.460519
0.463568
0.466552
0.469471
0.472321
0.475103
0.477816
0.480459
0.483030
0.485530
0.487955
0.490307
0.492584
0.494785
0.496910
0.498959
0.500931
0.502824
0.504639
0.506375
0.508033
0.509611
0.511110
0.512530
0.513870
0.515131
0.516313
0.517415
0.518438
0.519383
0.520249
0.521037
0.521747
0.522381
0.522938
0.523420
0.523826
0.524157
0.524416
0.524602
0.524717
0.524760
0.524735
0.524642
0.524481
0.524255
0.523964
0.523610
0.523194
0.522718
0.522184
0.521592
0.520944
0.520243
0.519489
0.518685
0.517833
0.516934
0.515990
0.515003
0.513975
0.512909
0.511805
0.510666
0.509494
0.508291
0.507059
0.505800
0.504517
0.503210
0.501883
0.500539
0.499177
0.497803
0.496416
0.495019
0.493615
0.492206
0.490792
0.489380
0.487967
0.486558
0.485154
0.483757
0.482370
0.480995
0.479633
0.478286
0.476956
0.475646
0.474357
0.473091
0.471850
0.470636
0.469450
0.468293
0.467167
0.466075
0.465018
0.463997
0.463014
0.462069
0.461165
0.460303
0.459483
0.458707
0.457975
0.457291
0.456653
0.456062
0.455521
0.455029
0.454586
0.454195
0.453854
0.453565
0.453328
0.453143
0.453011
0.452932
0.452906
0.452933
0.453012
0.453144
0.453329
0.453566
0.453855
0.454196
0.454588
0.455030
0.455522
0.456064
0.456654
0.457293
0.457977
0.458708
0.459484
0.460303
0.461166
0.462070
0.463014
0.463997
0.465017
0.466073
0.467165
0.468290
0.469447
0.470633
0.471848
0.473090
0.474355
0.475644
0.476954
0.478284
0.479630
0.480993
0.482369
0.483756
0.485152
0.486556
0.487965
0.489377
0.490791
0.492204
0.493613
0.495017
0.496413
0.497800
0.499175
0.500536
0.501882
0.503209
0.504515
0.505799
0.507058
0.508290
0.509494
0.510666
0.511805
0.512909
0.513977
0.515005
0.515991
0.516935
0.517835
0.518687
0.519490
0.520243
0.520944
0.521591
0.522184
0.522718
0.523194
0.523610
0.523964
0.524255
0.524481
0.524642
0.524736
0.524761
0.524718
0.524603
0.524417
0.524158
0.523826
0.523420
0.522939
0.522382
0.521749
0.521039
0.520251
0.519386
0.518441
0.517418
0.516317
0.515135
0.513875
0.512535
0.511115
0.509615
0.508037
0.506380
0.504643
0.502828
0.500935
0.498963
0.496915
0.494789
0.492588
0.490311
0.487959
0.485534
0.483035
0.480464
0.477820
0.475107
0.472324
0.469473
0.466555
0.463571
0.460522
0.457410
0.454235
0.450999
0.447703
0.444350
0.440940
0.437475
0.433956
0.430385
0.426763
0.423092
0.419374
0.415610
0.411802
0.407952
0.404061
0.400132
0.396164
0.392162
0.388125
0.384057
0.379958
0.375831
0.371677
0.367499
0.363297
0.359074
0.354831
0.350570
0.346294
0.342004
0.337701
0.333387
0.329065
0.324736
0.320401
0.316062
0.311721
0.307380
0.303039
0.298702
0.294369
0.290042
0.285722
0.281412
0.277112
0.272825
0.268551
0.264292
0.260049
0.255823
0.251617
0.247431
0.243267
0.239125
0.235008
0.230916
0.226850
0.222812
0.218803
0.214823
0.210874
0.206956
0.203071
0.199220
0.195402
0.191620
0.187874
0.184164
0.180492
0.176858
0.173263
0.169707
0.166191
0.162716
0.159281
0.155888
0.152537
0.149229
0.145963
0.142740
0.139561
0.136425
0.133333
0.130285
0.127282
0.124323
0.121409
0.118539
0.115714
0.112934
0.110199
0.107508
0.104863
0.102262
0.099705
0.097194
0.094726
0.092303
0.089924
0.087589
0.085297
0.083049
0.080843
0.078681
0.076561
0.074484
0.072449
0.070455
0.068502
0.066590
0.064718
0.062887
0.061095
0.059342
0.057629
0.055953
0.054315
0.052715
0.051152
0.049625
0.048134
0.046678
0.045258
0.043872
0.042520
0.041201
0.039916
0.038662
0.037441
0.036251
0.035091
0.033962
0.032863
0.031793
0.030752
0.029739
0.028753
0.027795
0.026863
0.025957
0.025077
0.024221
0.023391
0.022584
0.021801
0.021040
0.020302
0.019587
0.018892
0.018219
0.017566
0.016933
0.016319
0.015725
0.015149
0.014592
0.014052
0.013529
0.013023
0.012534
0.012061
0.011603
0.011160
0.010732
0.010319
0.009919
0.009533
0.009160
0.008800
0.008453
0.008117
0.007793
0.007481
0.007180
0.006889
0.006609
0.006339
0.006079
0.005829
0.005587
0.005355
0.005131
0.004916
0.004708
0.004509
0.004317
0.004132
0.003955
0.003784
0.003620
0.003463
0.003311
0.003166
0.003026
0.002892
0.002764
0.002640
0.002522
0.002408
0.002299
0.002195
0.002095
0.001999
0.001907
0.001819
0.001734
0.001654
0.001576
0.001502
0.001431
0.001364
0.001299
0.001237
0.001178
0.001121
0.001067
0.001015
0.000966
0.000918
0.000873
0.000830
0.000789
0.000750
0.000713
0.000677
0.000643
0.000611
0.000580
0.000550
0.000522
0.000496
0.000470
0.000446
0.000423
0.000401
0.000380
0.000360
0.000341
0.000323
0.000306
0.000290
0.000275
0.000260
0.000246
0.000233
0.000220
0.000208
0.000197
0.000186
0.000176
0.000166
0.000157
0.000148
0.000140
0.000132
0.000125
0.000118
0.000111
0.000105
0.000099
0.000094
0.000088
0.000083
0.000078
0.000074
0.000070
0.000066
0.000062
0.000058
0.000055
0.000052
0.000048
0.000046
0.000043
0.000040
0.000038
0.000036
0.000034
0.000032
0.000030
0.000028
0.000026
0.000025
0.000023
0.000022
0.000020
0.000019
0.000018
0.000017
0.000016
0.000015
0.000014
0.000013
0.000012
0.000011
0.000011
0.000010
0.000009
0.000009
0.000008
0.000008
0.000007
0.000007
0.000006
0.000006
0.000005
0.000005
0.000005
0.000004
0.000004
0.000004
0.000004
0.000003
0.000003
0.000003
0.000003
0.000003
0.000002
0.000002
0.000002
0.000002
0.000002
0.000002
0.000002
0.000001
0.000001
0.000001
0.000001
0.000001
0.000001
0.000001
0.000001
0.000001
0.000001
0.000001
0.000001
0.000001
0.000001
0.000001
0.000000
0.000000
0.000000
0.000000
0.000000
0.000000
0.000000
0.000000
0.000000
0.000000
0.000000
0.000000
0.000000
0.000000
0.000000
0.000000
0.000000
0.000000
0.000000
0.000000
0.000000
0.000000
0.000000
0.000000
0.000000
0.000000
0.000000
0.000000
0.000000
0.000000
0.000000
0.000000
0.000000
0.000000
0.000000
0.000000
0.000000
0.000000
0.000000
0.000000
0.000000
0.000000
0.000000
0.000000
0.000000
0.000000
0.000000
0.000000
0.000000
0.000000
0.000000
0.000000
0.000000
0.000000
0.000000
0.000000
0.000000
0.000000
0.000000
0.000000
0.000000
0.000000
0.000000
0.000000
0.000000
0.000000
0.000000
0.000000
0.000000
0.000000
0.000000
0.000000
0.000000
0.000000
0.000000
0.000000
0.000000
0.000000
0.000000
0.000000
0.000000
0.000000
0.000000
0.000000
0.000000
0.000000
0.000000
0.000000
0.000000
0.000000
0.000000
0.000000
0.000000
0.000000
0.000000
0.000000
0.000000
0.000000
0.000000
0.000000
0.000000
0.000000
0.000000
0.000000
0.000000
0.000000
0.000000
0.000000
0.000000
0.000000
0.000000
0.000000
0.000000
0.000000
0.000000
0.000000
0.000000
0.000000
0.000000
0.000000
0.000000
0.000000
0.000000
0.000000
0.000000
0.000000
0.000000
0.000000
0.000000
0.000000
0.000000
0.000000
0.000000
0.000000
0.000000
0.000000
0.000000
0.000000
0.000000
0.000000
0.000000
0.000000
0.000000
0.000000
0.000000
0.000000
0.000000
0.000000
0.000000
0.000000
0.000000
0.000000
0.000000
0.000000
0.000000
0.000000
0.000000
0.000000
0.000000
0.000000
0.000000
0.000000
0.000000
0.000000
0.000000
0.000000
0.000000
0.000000
0.000000
0.000000
0.000000
0.000000
0.000000
0.000000
0.000000
0.000000
0.000000
0.000000
0.000000
0.000000
0.000000
0.000000
0.000000
0.000000
0.000000
0.000000
0.000000
0.000000
0.000000
0.000000
0.000000
0.000000
0.000000
0.000000
0.000000
0.000000
0.000000
0.000000
0.000000
0.000000
0.000000
0.000000
0.000000
0.000000
0.000000
0.000000
0.000000
0.000000
0.000000
0.000000
0.000000
0.000000
0.000000
0.000000
0.000000
0.000000
0.000000
0.000000
0.000000
0.000000
0.000000
0.000000
0.000000
0.000000
0.000000
0.000000
0.000000
0.000000
0.000000
0.000000
0.000000
0.000000
0.000000
0.000000
0.000000
0.000000
0.000000
0.000000
0.000000
