0.000501
0.001003
0.001506
0.002011
0.002518
0.003028
0.003541
0.004060
0.004581
0.005110
0.005642
0.006183
0.006730
0.007285
0.007848
0.008419
0.009002
0.009592
0.010196
0.010807
0.011434
0.012071
0.012722
0.013388
0.014064
0.014761
0.015467
0.016194
0.016936
0.017694
0.018475
0.019266
0.020085
0.020919
0.021772
0.022653
0.023546
0.024469
0.025414
0.026376
0.027372
0.028386
0.029424
0.030497
0.031586
0.032706
0.033860
0.035031
0.036238
0.037479
0.038737
0.040035
0.041369
0.042722
0.044112
0.045546
0.047000
0.048487
0.050024
0.051587
0.053175
0.054814
0.056495
0.058196
0.059935
0.061730
0.063560
0.065412
0.067307
0.069260
0.071251
0.073265
0.075317
0.077428
0.079592
0.081784
0.084001
0.086263
0.088587
0.090967
0.093384
0.095826
0.098297
0.100814
0.103390
0.106029
0.108725
0.111469
0.114255
0.117079
0.119941
0.122841
0.125782
0.128766
0.131792
0.134862
0.137976
0.141133
0.144334
0.147578
0.150865
0.154194
0.157566
0.160979
0.164433
0.167928
0.171464
0.175039
0.178653
0.182306
0.185996
0.189723
0.193487
0.197286
0.201120
0.204988
0.208888
0.212821
0.216785
0.220779
0.224802
0.228853
0.232931
0.237034
0.241163
0.245314
0.249488
0.253683
0.257898
0.262131
0.266381
0.270646
0.274926
0.279218
0.283522
0.287835
0.292156
0.296485
0.300818
0.305155
0.309494
0.313833
0.318171
0.322505
0.326835
0.331159
0.335474
0.339779
0.344073
0.348353
0.352618
0.356866
0.361096
0.365304
0.369491
0.373653
0.377790
0.381898
0.385977
0.390025
0.394040
0.398020
0.401963
0.405868
0.409733
0.413556
0.417336
0.421070
0.424758
0.428397
0.431987
0.435525
0.439010
0.442439
0.445813
0.449129
0.452385
0.455581
0.458716
0.461787
0.464794
0.467734
0.470609
0.473414
0.476151
0.478817
0.481412
0.483935
0.486385
0.488761
0.491062
0.493288
0.495437
0.497509
0.499504
0.501422
0.503260
0.505020
0.506700
0.508301
0.509822
0.511264
0.512626
0.513907
0.515109
0.516232
0.517274
0.518237
0.519121
0.519926
0.520653
0.521302
0.521875
0.522370
0.522789
0.523134
0.523403
0.523600
0.523723
0.523776
0.523757
0.523670
0.523514
0.523292
0.523004
0.522651
0.522236
0.521758
0.521222
0.520626
0.519973
0.519266
0.518504
0.517691
0.516827
0.515917
0.514959
0.513958
0.512913
0.511829
0.510706
0.509546
0.508352
0.507125
0.505868
0.504582
0.503271
0.501935
0.500578
0.499200
0.497804
0.496394
0.494971
0.493537
0.492093
0.490643
0.489188
0.487731
0.486274
0.484819
0.483368
0.481924
0.480487
0.479060
0.477647
0.476248
0.474865
0.473500
0.472156
0.470833
0.469535
0.468263
0.467019
0.465803
0.464618
0.463466
0.462347
0.461265
0.460220
0.459214
0.458248
0.457323
0.456441
0.455603
0.454809
0.454062
0.453362
0.452710
0.452107
0.451553
0.451050
0.450598
0.450198
0.449851
0.449556
0.449314
0.449124
0.448989
0.448909
0.448882
0.448910
0.448991
0.449125
0.449314
0.449555
0.449851
0.450200
0.450600
0.451052
0.451555
0.452108
0.452712
0.453364
0.454064
0.454810
0.455604
0.456442
0.457324
0.458249
0.459215
0.460220
0.461264
0.462346
0.463463
0.464615
0.465800
0.467016
0.468261
0.469533
0.470831
0.472153
0.473498
0.474863
0.476246
0.477645
0.479059
0.480485
0.481921
0.483367
0.484817
0.486272
0.487729
0.489186
0.490641
0.492091
0.493534
0.494969
0.496392
0.497802
0.499198
0.500575
0.501933
0.503269
0.504581
0.505867
0.507124
0.508351
0.509546
0.510706
0.511829
0.512914
0.513959
0.514961
0.515918
0.516830
0.517692
0.518504
0.519266
0.519973
0.520625
0.521221
0.521758
0.522236
0.522651
0.523004
0.523292
0.523515
0.523671
0.523758
0.523777
0.523724
0.523601
0.523404
0.523134
0.522790
0.522371
0.521875
0.521304
0.520655
0.519928
0.519123
0.518240
0.517277
0.516235
0.515113
0.513911
0.512630
0.511268
0.509826
0.508305
0.506704
0.505024
0.503264
0.501426
0.499508
0.497514
0.495441
0.493292
0.491066
0.488765
0.486389
0.483939
0.481417
0.478821
0.476155
0.473418
0.470611
0.467738
0.464796
0.461789
0.458718
0.455584
0.452388
0.449130
0.445814
0.442441
0.439011
0.435527
0.431989
0.428399
0.424760
0.421071
0.417337
0.413557
0.409734
0.405869
0.401964
0.398021
0.394041
0.390026
0.385979
0.381900
0.377791
0.373655
0.369493
0.365306
0.361098
0.356868
0.352620
0.348355
0.344075
0.339781
0.335476
0.331161
0.326838
0.322508
0.318174
0.313836
0.309497
0.305159
0.300822
0.296489
0.292161
0.287839
0.283526
0.279223
0.274930
0.270651
0.266386
0.262136
0.257903
0.253689
0.249494
0.245320
0.241168
0.237040
0.232936
0.228858
0.224807
0.220784
0.216791
0.212827
0.208894
0.204994
0.201126
0.197292
0.193493
0.189730
0.186002
0.182312
0.178659
0.175045
0.171470
0.167935
0.164439
0.160985
0.157572
0.154200
0.150871
0.147584
0.144340
0.141139
0.137982
0.134868
0.131799
0.128773
0.125792
0.122856
0.119964
0.117117
0.114315
0.111557
0.108845
0.106177
0.103554
0.100975
0.098441
0.095952
0.093507
0.091106
0.088749
0.086435
0.084165
0.081939
0.079755
0.077614
0.075516
0.073460
0.071445
0.069472
0.067540
0.065648
0.063797
0.061985
0.060213
0.058480
0.056785
0.055129
0.053510
0.051928
0.050383
0.048874
0.047401
0.045963
0.044560
0.043191
0.041856
0.040554
0.039284
0.038047
0.036842
0.035667
0.034523
0.033409
0.032324
0.031269
0.030242
0.029242
0.028270
0.027325
0.026407
0.025514
0.024646
0.023803
0.022984
0.022189
0.021418
0.020668
0.019942
0.019237
0.018553
0.017890
0.017247
0.016623
0.016020
0.015435
0.014868
0.014319
0.013788
0.013274
0.012777
0.012295
0.011830
0.011380
0.010944
0.010524
0.010117
0.009724
0.009345
0.008979
0.008625
0.008283
0.007954
0.007636
0.007329
0.007033
0.006748
0.006473
0.006208
0.005953
0.005707
0.005470
0.005242
0.005022
0.004811
0.004608
0.004412
0.004224
0.004043
0.003869
0.003701
0.003541
0.003386
0.003238
0.003095
0.002959
0.002827
0.002701
0.002580
0.002464
0.002353
0.002246
0.002144
0.002046
0.001952
0.001862
0.001776
0.001693
0.001614
0.001539
0.001466
0.001397
0.001331
0.001267
0.001207
0.001149
0.001094
0.001041
0.000990
0.000942
0.000896
0.000852
0.000810
0.000770
0.000731
0.000695
0.000660
0.000627
0.000595
0.000565
0.000536
0.000509
0.000483
0.000458
0.000434
0.000412
0.000390
0.000370
0.000351
0.000332
0.000315
0.000298
0.000282
0.000267
0.000253
0.000239
0.000226
0.000214
0.000203
0.000192
0.000181
0.000171
0.000162
0.000153
0.000144
0.000136
0.000129
0.000121
0.000115
0.000108
0.000102
0.000096
0.000091
0.000086
0.000081
0.000076
0.000072
0.000068
0.000064
0.000060
0.000056
0.000053
0.000050
0.000047
0.000044
0.000042
0.000039
0.000037
0.000035
0.000033
0.000031
0.000029
0.000027
0.000025
0.000024
0.000022
0.000021
0.000020
0.000018
0.000017
0.000016
0.000015
0.000014
0.000013
0.000013
0.000012
0.000011
0.000010
0.000010
0.000009
0.000008
0.000008
0.000007
0.000007
0.000006
0.000006
0.000006
0.000005
0.000005
0.000005
0.000004
0.000004
0.000004
0.000004
0.000003
0.000003
0.000003
0.000003
0.000002
0.000002
0.000002
0.000002
0.000002
0.000002
0.000002
0.000002
0.000001
0.000001
0.000001
0.000001
0.000001
0.000001
0.000001
0.000001
0.000001
0.000001
0.000001
0.000001
0.000001
0.000001
0.000001
0.000000
0.000000
0.000000
0.000000
0.000000
0.000000
0.000000
0.000000
0.000000
0.000000
0.000000
0.000000
0.000000
0.000000
0.000000
0.000000
0.000000
0.000000
0.000000
0.000000
0.000000
0.000000
0.000000
0.000000
0.000000
0.000000
0.000000
0.000000
0.000000
0.000000
0.000000
0.000000
0.000000
0.000000
0.000000
0.000000
0.000000
0.000000
0.000000
0.000000
0.000000
0.000000
0.000000
0.000000
0.000000
0.000000
0.000000
0.000000
0.000000
0.000000
0.000000
0.000000
0.000000
0.000000
0.000000
0.000000
0.000000
0.000000
0.000000
0.000000
0.000000
0.000000
0.000000
0.000000
0.000000
0.000000
0.000000
0.000000
0.000000
0.000000
0.000000
0.000000
0.000000
0.000000
0.000000
0.000000
0.000000
0.000000
0.000000
0.000000
0.000000
0.000000
0.000000
0.000000
0.000000
0.000000
0.000000
0.000000
0.000000
0.000000
0.000000
0.000000
0.000000
0.000000
0.000000
0.000000
0.000000
0.000000
0.000000
0.000000
0.000000
0.000000
0.000000
0.000000
0.000000
0.000000
0.000000
0.000000
0.000000
0.000000
0.000000
0.000000
0.000000
0.000000
0.000000
0.000000
0.000000
0.000000
0.000000
0.000000
0.000000
0.000000
0.000000
0.000000
0.000000
0.000000
0.000000
0.000000
0.000000
0.000000
0.000000
0.000000
0.000000
0.000000
0.000000
0.000000
0.000000
0.000000
0.000000
0.000000
0.000000
0.000000
0.000000
0.000000
0.000000
0.000000
0.000000
0.000000
0.000000
0.000000
0.000000
0.000000
0.000000
0.000000
0.000000
0.000000
0.000000
0.000000
0.000000
0.000000
0.000000
0.000000
0.000000
0.000000
0.000000
0.000000
0.000000
0.000000
0.000000
0.000000
0.000000
0.000000
0.000000
0.000000
0.000000
0.000000
0.000000
0.000000
0.000000
0.000000
0.000000
0.000000
0.000000
0.000000
0.000000
0.000000
0.000000
0.000000
0.000000
0.000000
0.000000
0.000000
0.000000
0.000000
0.000000
0.000000
0.000000
0.000000
0.000000
0.000000
0.000000
0.000000
0.000000
0.000000
0.000000
0.000000
0.000000
0.000000
0.000000
0.000000
0.000000
0.000000
0.000000
0.000000
0.000000
0.000000
0.000000
0.000000
0.000000
0.000000
0.000000
0.000000
0.000000
0.000000
0.000000
0.000000
0.000000
0.000000
0.000000
0.000000
0.000000
0.000000
0.000000
0.000000
0.000000
0.000000
0.000000
0.000000
