0.000511
0.001022
0.001534
0.002049
0.002565
0.003085
0.003608
0.004135
0.004667
0.005205
0.005748
0.006298
0.006856
0.007419
0.007994
0.008574
0.009168
0.009768
0.010382
0.011006
0.011641
0.012292
0.012951
0.013630
0.014317
0.015024
0.015745
0.016481
0.017238
0.018005
0.018799
0.019605
0.020433
0.021284
0.022148
0.023042
0.023952
0.024884
0.025846
0.026822
0.027829
0.028863
0.029912
0.030999
0.032108
0.033239
0.034410
0.035601
0.036818
0.038078
0.039357
0.040665
0.042018
0.043394
0.044796
0.046246
0.047725
0.049227
0.050777
0.052366
0.053975
0.055625
0.057327
0.059056
0.060810
0.062617
0.064473
0.066352
0.068262
0.070229
0.072245
0.074289
0.076359
0.078483
0.080666
0.082889
0.085134
0.087414
0.089750
0.092148
0.094593
0.097067
0.099565
0.102102
0.104692
0.107344
0.110057
0.112823
0.115634
0.118484
0.121371
0.124296
0.127261
0.130267
0.133316
0.136408
0.139543
0.142722
0.145944
0.149209
0.152517
0.155867
0.159259
0.162693
0.166167
0.169682
0.173237
0.176831
0.180464
0.184135
0.187843
0.191588
0.195369
0.199185
0.203035
0.206919
0.210835
0.214782
0.218760
0.222768
0.226804
0.230868
0.234958
0.239072
0.243212
0.247373
0.251557
0.255760
0.259983
0.264223
0.268479
0.272750
0.277035
0.281331
0.285638
0.289954
0.294277
0.298606
0.302939
0.307275
0.311612
0.315948
0.320282
0.324612
0.328936
0.333253
0.337560
0.341857
0.346141
0.350410
0.354664
0.358899
0.363115
0.367309
0.371479
0.375625
0.379743
0.383833
0.387892
0.391918
0.395911
0.399868
0.403787
0.407666
0.411505
0.415300
0.419051
0.422756
0.426413
0.430021
0.433578
0.437082
0.440532
0.443926
0.447263
0.450541
0.453759
0.456915
0.460009
0.463038
0.466003
0.468900
0.471730
0.474490
0.477181
0.479800
0.482348
0.484822
0.487222
0.489548
0.491799
0.493973
0.496069
0.498088
0.500030
0.501893
0.503677
0.505380
0.507005
0.508549
0.510013
0.511397
0.512701
0.513924
0.515067
0.516130
0.517112
0.518015
0.518839
0.519584
0.520250
0.520838
0.521349
0.521782
0.522140
0.522422
0.522630
0.522765
0.522826
0.522817
0.522737
0.522588
0.522370
0.522086
0.521736
0.521323
0.520846
0.520308
0.519710
0.519054
0.518341
0.517574
0.516752
0.515880
0.514958
0.513989
0.512973
0.511915
0.510813
0.509673
0.508494
0.507278
0.506030
0.504748
0.503437
0.502100
0.500735
0.499348
0.497940
0.496512
0.495067
0.493608
0.492137
0.490656
0.489165
0.487670
0.486170
0.484669
0.483169
0.481672
0.480180
0.478695
0.477219
0.475754
0.474302
0.472867
0.471448
0.470049
0.468671
0.467315
0.465985
0.464683
0.463409
0.462164
0.460952
0.459773
0.458628
0.457522
0.456454
0.455424
0.454438
0.453492
0.452591
0.451734
0.450924
0.450160
0.449445
0.448780
0.448164
0.447598
0.447084
0.446623
0.446215
0.445860
0.445559
0.445312
0.445119
0.444981
0.444899
0.444872
0.444899
0.444982
0.445119
0.445312
0.445559
0.445861
0.446216
0.446625
0.447086
0.447600
0.448165
0.448781
0.449447
0.450162
0.450925
0.451735
0.452592
0.453493
0.454438
0.455425
0.456453
0.457521
0.458627
0.459770
0.460949
0.462161
0.463406
0.464681
0.465984
0.467313
0.468668
0.470047
0.471446
0.472865
0.474301
0.475752
0.477217
0.478693
0.480178
0.481670
0.483167
0.484668
0.486169
0.487668
0.489163
0.490653
0.492134
0.493606
0.495065
0.496510
0.497937
0.499346
0.500734
0.502098
0.503436
0.504747
0.506029
0.507278
0.508494
0.509672
0.510814
0.511916
0.512975
0.513990
0.514960
0.515881
0.516753
0.517574
0.518341
0.519053
0.519709
0.520307
0.520846
0.521323
0.521737
0.522086
0.522371
0.522588
0.522738
0.522818
0.522828
0.522766
0.522632
0.522423
0.522141
0.521783
0.521350
0.520839
0.520251
0.519585
0.518841
0.518018
0.517115
0.516133
0.515071
0.513928
0.512705
0.511401
0.510018
0.508553
0.507009
0.505385
0.503681
0.501897
0.500034
0.498093
0.496073
0.493976
0.491802
0.489552
0.487226
0.484826
0.482352
0.479804
0.477184
0.474494
0.471733
0.468903
0.466005
0.463041
0.460011
0.456917
0.453761
0.450542
0.447264
0.443927
0.440533
0.437084
0.433580
0.430023
0.426415
0.422757
0.419052
0.415301
0.411505
0.407667
0.403788
0.399869
0.395912
0.391920
0.387893
0.383834
0.379745
0.375626
0.371481
0.367311
0.363117
0.358901
0.354666
0.350412
0.346143
0.341859
0.337562
0.333255
0.328938
0.324614
0.320285
0.315951
0.311615
0.307279
0.302943
0.298610
0.294281
0.289958
0.285642
0.281336
0.277039
0.272755
0.268484
0.264228
0.259988
0.255766
0.251562
0.247379
0.243217
0.239078
0.234963
0.230873
0.226809
0.222773
0.218766
0.214788
0.210840
0.206924
0.203041
0.199191
0.195375
0.191595
0.187849
0.184141
0.180470
0.176837
0.173243
0.169688
0.166173
0.162699
0.159265
0.155873
0.152523
0.149215
0.145950
0.142728
0.139549
0.136414
0.133323
0.130276
0.127273
0.124314
0.121400
0.118531
0.115707
0.112927
0.110192
0.107502
0.104857
0.102256
0.099700
0.097189
0.094721
0.092299
0.089920
0.087585
0.085293
0.083045
0.080840
0.078678
0.076559
0.074481
0.072446
0.070452
0.068500
0.066588
0.064716
0.062885
0.061093
0.059341
0.057627
0.055951
0.054314
0.052714
0.051150
0.049624
0.048133
0.046677
0.045257
0.043871
0.042519
0.041201
0.039915
0.038662
0.037440
0.036250
0.035091
0.033962
0.032863
0.031793
0.030751
0.029738
0.028753
0.027794
0.026862
0.025957
0.025076
0.024221
0.023390
0.022584
0.021800
0.021040
0.020302
0.019586
0.018892
0.018218
0.017565
0.016933
0.016319
0.015725
0.015149
0.014592
0.014052
0.013529
0.013023
0.012534
0.012061
0.011603
0.011160
0.010732
0.010319
0.009919
0.009533
0.009160
0.008800
0.008453
0.008117
0.007793
0.007481
0.007180
0.006889
0.006609
0.006339
0.006079
0.005829
0.005587
0.005355
0.005131
0.004916
0.004708
0.004509
0.004317
0.004132
0.003955
0.003784
0.003620
0.003463
0.003311
0.003166
0.003026
0.002892
0.002764
0.002640
0.002522
0.002408
0.002299
0.002195
0.002095
0.001999
0.001907
0.001819
0.001734
0.001654
0.001576
0.001502
0.001431
0.001364
0.001299
0.001237
0.001178
0.001121
0.001067
0.001015
0.000966
0.000918
0.000873
0.000830
0.000789
0.000750
0.000713
0.000677
0.000643
0.000611
0.000580
0.000550
0.000522
0.000496
0.000470
0.000446
0.000423
0.000401
0.000380
0.000360
0.000341
0.000323
0.000306
0.000290
0.000275
0.000260
0.000246
0.000233
0.000220
0.000208
0.000197
0.000186
0.000176
0.000166
0.000157
0.000148
0.000140
0.000132
0.000125
0.000118
0.000111
0.000105
0.000099
0.000094
0.000088
0.000083
0.000078
0.000074
0.000070
0.000066
0.000062
0.000058
0.000055
0.000052
0.000048
0.000046
0.000043
0.000040
0.000038
0.000036
0.000034
0.000032
0.000030
0.000028
0.000026
0.000025
0.000023
0.000022
0.000020
0.000019
0.000018
0.000017
0.000016
0.000015
0.000014
0.000013
0.000012
0.000011
0.000011
0.000010
0.000009
0.000009
0.000008
0.000008
0.000007
0.000007
0.000006
0.000006
0.000005
0.000005
0.000005
0.000004
0.000004
0.000004
0.000004
0.000003
0.000003
0.000003
0.000003
0.000003
0.000002
0.000002
0.000002
0.000002
0.000002
0.000002
0.000002
0.000001
0.000001
0.000001
0.000001
0.000001
0.000001
0.000001
0.000001
0.000001
0.000001
0.000001
0.000001
0.000001
0.000001
0.000001
0.000000
0.000000
0.000000
0.000000
0.000000
0.000000
0.000000
0.000000
0.000000
0.000000
0.000000
0.000000
0.000000
0.000000
0.000000
0.000000
0.000000
0.000000
0.000000
0.000000
0.000000
0.000000
0.000000
0.000000
0.000000
0.000000
0.000000
0.000000
0.000000
0.000000
0.000000
0.000000
0.000000
0.000000
0.000000
0.000000
0.000000
0.000000
0.000000
0.000000
0.000000
0.000000
0.000000
0.000000
0.000000
0.000000
0.000000
0.000000
0.000000
0.000000
0.000000
0.000000
0.000000
0.000000
0.000000
0.000000
0.000000
0.000000
0.000000
0.000000
0.000000
0.000000
0.000000
0.000000
0.000000
0.000000
0.000000
0.000000
0.000000
0.000000
0.000000
0.000000
0.000000
0.000000
0.000000
0.000000
0.000000
0.000000
0.000000
0.000000
0.000000
0.000000
0.000000
0.000000
0.000000
0.000000
0.000000
0.000000
0.000000
0.000000
0.000000
0.000000
0.000000
0.000000
0.000000
0.000000
0.000000
0.000000
0.000000
0.000000
0.000000
0.000000
0.000000
0.000000
0.000000
0.000000
0.000000
0.000000
0.000000
0.000000
0.000000
0.000000
0.000000
0.000000
0.000000
0.000000
0.000000
0.000000
0.000000
0.000000
0.000000
0.000000
0.000000
0.000000
0.000000
0.000000
0.000000
0.000000
0.000000
0.000000
0.000000
0.000000
0.000000
0.000000
0.000000
0.000000
0.000000
0.000000
0.000000
0.000000
0.000000
0.000000
0.000000
0.000000
0.000000
0.000000
0.000000
0.000000
0.000000
0.000000
0.000000
0.000000
0.000000
0.000000
0.000000
0.000000
0.000000
0.000000
0.000000
0.000000
0.000000
0.000000
0.000000
0.000000
0.000000
0.000000
0.000000
0.000000
0.000000
0.000000
0.000000
0.000000
0.000000
0.000000
0.000000
0.000000
0.000000
0.000000
0.000000
0.000000
0.000000
0.000000
0.000000
0.000000
0.000000
0.000000
0.000000
0.000000
0.000000
0.000000
0.000000
0.000000
0.000000
0.000000
0.000000
0.000000
0.000000
0.000000
0.000000
0.000000
0.000000
0.000000
0.000000
0.000000
0.000000
0.000000
0.000000
0.000000
0.000000
0.000000
0.000000
0.000000
0.000000
0.000000
0.000000
0.000000
0.000000
0.000000
0.000000
0.000000
0.000000
0.000000
0.000000
0.000000
0.000000
0.000000
0.000000
0.000000
0.000000
0.000000
0.000000
0.000000
0.000000
0.000000
0.000000
0.000000
0.000000
0.000000
