0.000013
0.000023
0.000043
0.000042
0.000071
0.000083
0.000066
0.000098
0.000170
0.000230
0.000264
0.000285
0.000302
0.000320
0.000338
0.000358
0.000378
0.000400
0.000423
0.000447
0.000472
0.000498
0.000526
0.000556
0.000587
0.000619
0.000654
0.000690
0.000727
0.000767
0.000809
0.000853
0.000899
0.000947
0.000998
0.001051
0.001107
0.001166
0.001227
0.001292
0.001360
0.001430
0.001505
0.001583
0.001664
0.001750
0.001839
0.001933
0.002031
0.002133
0.002240
0.002352
0.002470
0.002592
0.002721
0.002855
0.002995
0.003141
0.003294
0.003453
0.003620
0.003793
0.003975
0.004164
0.004361
0.004567
0.004782
0.005005
0.005238
0.005481
0.005734
0.005998
0.006272
0.006558
0.006855
0.007164
0.007486
0.007821
0.008169
0.008531
0.008907
0.009298
0.009704
0.010126
0.010564
0.011019
0.011491
0.011981
0.012490
0.013018
0.013565
0.014132
0.014721
0.015331
0.015963
0.016617
0.017295
0.017998
0.018725
0.019477
0.020256
0.021062
0.021896
0.022758
0.023650
0.024571
0.025524
0.026508
0.027525
0.028575
0.029659
0.030779
0.031934
0.033126
0.034356
0.035625
0.036933
0.038282
0.039672
0.041104
0.042580
0.044100
0.045666
0.047277
0.048936
0.050644
0.052400
0.054207
0.056065
0.057975
0.059939
0.061957
0.064030
0.066160
0.068347
0.070592
0.072897
0.075262
0.077689
0.080178
0.082730
0.085348
0.088030
0.090779
0.093596
0.096481
0.099435
0.102460
0.105556
0.108724
0.111965
0.115280
0.118669
0.122135
0.125677
0.129296
0.132993
0.136769
0.140625
0.144561
0.148578
0.152677
0.156857
0.161121
0.165468
0.169898
0.174413
0.179013
0.183698
0.188469
0.193325
0.198268
0.203297
0.208413
0.213615
0.218904
0.224280
0.229743
0.235293
0.240929
0.246652
0.252462
0.258357
0.264338
0.270404
0.276555
0.282791
0.289110
0.295512
0.301997
0.308563
0.315211
0.321938
0.328744
0.335628
0.342589
0.349626
0.356737
0.363921
0.371176
0.378502
0.385897
0.393359
0.400886
0.408477
0.416131
0.423844
0.431615
0.439443
0.447324
0.455258
0.463241
0.471271
0.479347
0.487465
0.495623
0.503819
0.512050
0.520313
0.528605
0.536924
0.545267
0.553631
0.562013
0.570409
0.578817
0.587233
0.595655
0.604079
0.612502
0.620921
0.629331
0.637730
0.646114
0.654480
0.662824
0.671142
0.679432
0.687688
0.695908
0.704089
0.712225
0.720314
0.728351
0.736334
0.744258
0.752119
0.759914
0.767639
0.775291
0.782865
0.790358
0.797765
0.805084
0.812311
0.819441
0.826472
0.833399
0.840219
0.846929
0.853524
0.860002
0.866360
0.872592
0.878697
0.884672
0.890511
0.896213
0.901774
0.907192
0.912463
0.917585
0.922554
0.927368
0.932024
0.936519
0.940851
0.945018
0.949017
0.952845
0.956501
0.959982
0.963287
0.966414
0.969360
0.972124
0.974705
0.977101
0.979310
0.981332
0.983164
0.984807
0.986259
0.987519
0.988586
0.989460
0.990141
0.990627
0.990919
0.991016
0.990919
0.990627
0.990141
0.989460
0.988586
0.987519
0.986259
0.984808
0.983165
0.981333
0.979312
0.977103
0.974707
0.972127
0.969362
0.966416
0.963289
0.959985
0.956503
0.952848
0.949019
0.945021
0.940854
0.936522
0.932027
0.927371
0.922557
0.917589
0.912467
0.907196
0.901778
0.896217
0.890515
0.884676
0.878702
0.872597
0.866364
0.860007
0.853529
0.846933
0.840224
0.833403
0.826476
0.819446
0.812315
0.805089
0.797770
0.790363
0.782870
0.775297
0.767645
0.759920
0.752125
0.744264
0.736339
0.728357
0.720320
0.712231
0.704095
0.695915
0.687695
0.679438
0.671149
0.662830
0.654487
0.646121
0.637737
0.629338
0.620928
0.612510
0.604087
0.595663
0.587241
0.578825
0.570417
0.562020
0.553639
0.545276
0.536933
0.528614
0.520321
0.512059
0.503828
0.495633
0.487474
0.479356
0.471281
0.463250
0.455267
0.447334
0.439452
0.431625
0.423853
0.416140
0.408487
0.400896
0.393368
0.385907
0.378512
0.371186
0.363930
0.356746
0.349635
0.342599
0.335638
0.328754
0.321948
0.315221
0.308574
0.302007
0.295522
0.289120
0.282800
0.276565
0.270414
0.264347
0.258366
0.252471
0.246662
0.240939
0.235302
0.229753
0.224290
0.218913
0.213624
0.208422
0.203306
0.198277
0.193334
0.188478
0.183707
0.179022
0.174422
0.169907
0.165476
0.161129
0.156865
0.152685
0.148586
0.144569
0.140633
0.136777
0.133001
0.129303
0.125684
0.122142
0.118676
0.115286
0.111971
0.108730
0.105562
0.102466
0.099441
0.096487
0.093602
0.090785
0.088036
0.085353
0.082736
0.080183
0.077694
0.075267
0.072902
0.070597
0.068352
0.066165
0.064035
0.061961
0.059943
0.057980
0.056069
0.054211
0.052404
0.050648
0.048941
0.047281
0.045670
0.044104
0.042584
0.041108
0.039675
0.038285
0.036936
0.035628
0.034359
0.033129
0.031937
0.030782
0.029662
0.028578
0.027527
0.026511
0.025526
0.024574
0.023652
0.022761
0.021898
0.021065
0.020259
0.019480
0.018727
0.018000
0.017297
0.016619
0.015964
0.015332
0.014723
0.014134
0.013567
0.013019
0.012492
0.011983
0.011493
0.011020
0.010565
0.010127
0.009705
0.009299
0.008908
0.008532
0.008170
0.007822
0.007487
0.007165
0.006856
0.006559
0.006273
0.005999
0.005735
0.005482
0.005239
0.005006
0.004782
0.004568
0.004362
0.004165
0.003975
0.003794
0.003620
0.003454
0.003294
0.003141
0.002995
0.002855
0.002721
0.002593
0.002470
0.002353
0.002241
0.002133
0.002031
0.001933
0.001839
0.001750
0.001664
0.001583
0.001505
0.001431
0.001360
0.001292
0.001228
0.001166
0.001107
0.001051
0.000998
0.000947
0.000899
0.000853
0.000809
0.000767
0.000728
0.000690
0.000654
0.000619
0.000587
0.000556
0.000527
0.000499
0.000472
0.000447
0.000423
0.000400
0.000378
0.000358
0.000338
0.000320
0.000302
0.000286
0.000270
0.000255
0.000241
0.000227
0.000215
0.000203
0.000191
0.000180
0.000170
0.000161
0.000151
0.000143
0.000135
0.000127
0.000119
0.000113
0.000106
0.000100
0.000094
0.000088
0.000083
0.000078
0.000074
0.000069
0.000065
0.000061
0.000058
0.000054
0.000051
0.000048
0.000045
0.000042
0.000040
0.000037
0.000035
0.000033
0.000031
0.000029
0.000027
0.000025
0.000024
0.000022
0.000021
0.000020
0.000018
0.000017
0.000016
0.000015
0.000014
0.000013
0.000012
0.000012
0.000011
0.000010
0.000009
0.000009
0.000008
0.000008
0.000007
0.000007
0.000006
0.000006
0.000005
0.000005
0.000005
0.000004
0.000004
0.000004
0.000004
0.000003
0.000003
0.000003
0.000003
0.000003
0.000002
0.000002
0.000002
0.000002
0.000002
0.000002
0.000002
0.000001
0.000001
0.000001
0.000001
0.000001
0.000001
0.000001
0.000001
0.000001
0.000001
0.000001
0.000001
0.000001
0.000001
0.000000
0.000000
0.000000
0.000000
0.000000
0.000000
0.000000
0.000000
0.000000
0.000000
0.000000
0.000000
0.000000
0.000000
0.000000
0.000000
0.000000
0.000000
0.000000
0.000000
0.000000
0.000000
0.000000
0.000000
0.000000
0.000000
0.000000
0.000000
0.000000
0.000000
0.000000
0.000000
0.000000
0.000000
0.000000
0.000000
0.000000
0.000000
0.000000
0.000000
0.000000
0.000000
0.000000
0.000000
0.000000
0.000000
0.000000
0.000000
0.000000
0.000000
0.000000
0.000000
0.000000
0.000000
0.000000
0.000000
0.000000
0.000000
0.000000
0.000000
0.000000
0.000000
0.000000
0.000000
0.000000
0.000000
0.000000
0.000000
0.000000
0.000000
0.000000
0.000000
0.000000
0.000000
0.000000
0.000000
0.000000
0.000000
0.000000
0.000000
0.000000
0.000000
0.000000
0.000000
0.000000
0.000000
0.000000
0.000000
0.000000
0.000000
0.000000
0.000000
0.000000
0.000000
0.000000
0.000000
0.000000
0.000000
0.000000
0.000000
0.000000
0.000000
0.000000
0.000000
0.000000
0.000000
0.000000
0.000000
0.000000
0.000000
0.000000
0.000000
0.000000
0.000000
0.000000
0.000000
0.000000
0.000000
0.000000
0.000000
0.000000
0.000000
0.000000
0.000000
0.000000
0.000000
0.000000
0.000000
0.000000
0.000000
0.000000
0.000000
0.000000
0.000000
0.000000
0.000000
0.000000
0.000000
0.000000
0.000000
0.000000
0.000000
0.000000
0.000000
0.000000
0.000000
0.000000
0.000000
0.000000
0.000000
0.000000
0.000000
0.000000
0.000000
0.000000
0.000000
0.000000
0.000000
0.000000
0.000000
0.000000
0.000000
0.000000
0.000000
0.000000
0.000000
0.000000
0.000000
0.000000
0.000000
0.000000
0.000000
0.000000
0.000000
0.000000
0.000000
0.000000
0.000000
0.000000
0.000000
0.000000
0.000000
0.000000
0.000000
0.000000
0.000000
0.000000
0.000000
0.000000
0.000000
0.000000
0.000000
0.000000
0.000000
0.000000
0.000000
0.000000
0.000000
0.000000
0.000000
0.000000
0.000000
0.000000
0.000000
0.000000
0.000000
0.000000
0.000000
0.000000
0.000000
0.000000
0.000000
0.000000
0.000000
0.000000
0.000000
0.000000
0.000000
0.000000
0.000000
0.000000
0.000000
0.000000
0.000000
0.000000
0.000000
0.000000
0.000000
0.000000
0.000000
0.000000
0.000000
0.000000
0.000000
0.000000
0.000000
0.000000
0.000000
0.000000
0.000000
0.000000
0.000000
0.000000
0.000000
0.000000
0.000000
0.000000
0.000000
0.000000
0.000000
0.000000
0.000000
0.000000
0.000000
0.000000
0.000000
0.000000
0.000000
0.000000
0.000000
0.000000
0.000000
0.000000
0.000000
0.000000
0.000000
0.000000
0.000000
0.000000
0.000000
0.000000
0.000000
0.000000
0.000000
0.000000
0.000000
0.000000
0.000000
0.000000
0.000000
0.000000
0.000000
0.000000
0.000000
0.000000
0.000000
0.000000
0.000000
0.000000
0.000000
0.000000
0.000000
0.000000
0.000000
0.000000
0.000000
0.000000
0.000000
0.000000
0.000000
0.000000
0.000000
0.000000
0.000000
0.000000
0.000000
0.000000
0.000000
0.000000
0.000000
0.000000
0.000000
0.000000
0.000000
0.000000
0.000000
