0.000520
0.001041
0.001563
0.002087
0.002613
0.003142
0.003676
0.004212
0.004755
0.005301
0.005856
0.006414
0.006983
0.007556
0.008141
0.008733
0.009336
0.009948
0.010571
0.011207
0.011852
0.012515
0.013185
0.013874
0.014575
0.015291
0.016026
0.016772
0.017542
0.018323
0.019126
0.019950
0.020786
0.021652
0.022531
0.023434
0.024363
0.025306
0.026282
0.027276
0.028293
0.029344
0.030410
0.031507
0.032637
0.033782
0.034965
0.036178
0.037409
0.038681
0.039985
0.041307
0.042672
0.044072
0.045492
0.046953
0.048457
0.049979
0.051540
0.053150
0.054785
0.056449
0.058165
0.059921
0.061699
0.063517
0.065392
0.067300
0.069232
0.071210
0.073246
0.075319
0.077415
0.079552
0.081750
0.083999
0.086276
0.088579
0.090929
0.093341
0.095809
0.098314
0.100843
0.103403
0.106009
0.108675
0.111403
0.114188
0.117022
0.119897
0.122810
0.125760
0.128749
0.131779
0.134850
0.137965
0.141122
0.144322
0.147565
0.150851
0.154180
0.157551
0.160963
0.164417
0.167911
0.171446
0.175020
0.178633
0.182284
0.185973
0.189699
0.193462
0.197260
0.201092
0.204958
0.208858
0.212789
0.216751
0.220743
0.224764
0.228813
0.232889
0.236990
0.241117
0.245266
0.249438
0.253630
0.257842
0.262072
0.266319
0.270581
0.274858
0.279147
0.283447
0.287756
0.292074
0.296399
0.300728
0.305061
0.309395
0.313729
0.318062
0.322392
0.326716
0.331035
0.335344
0.339644
0.343931
0.348205
0.352464
0.356705
0.360927
0.365128
0.369307
0.373461
0.377589
0.381689
0.385759
0.389798
0.393803
0.397773
0.401706
0.405600
0.409454
0.413266
0.417033
0.420755
0.424430
0.428056
0.431632
0.435156
0.438626
0.442041
0.445398
0.448698
0.451938
0.455116
0.458233
0.461286
0.464273
0.467195
0.470049
0.472833
0.475548
0.478193
0.480765
0.483265
0.485690
0.488041
0.490316
0.492516
0.494638
0.496682
0.498648
0.500536
0.502344
0.504073
0.505721
0.507290
0.508777
0.510184
0.511511
0.512756
0.513921
0.515005
0.516008
0.516931
0.517774
0.518538
0.519222
0.519827
0.520355
0.520803
0.521176
0.521472
0.521693
0.521839
0.521912
0.521912
0.521840
0.521699
0.521488
0.521210
0.520864
0.520453
0.519979
0.519441
0.518842
0.518184
0.517468
0.516695
0.515868
0.514988
0.514057
0.513076
0.512050
0.510977
0.509861
0.508703
0.507507
0.506272
0.505002
0.503699
0.502364
0.501000
0.499610
0.498194
0.496756
0.495297
0.493820
0.492325
0.490819
0.489300
0.487772
0.486236
0.484695
0.483151
0.481608
0.480065
0.478527
0.476994
0.475469
0.473954
0.472451
0.470962
0.469490
0.468037
0.466603
0.465192
0.463804
0.462443
0.461110
0.459806
0.458533
0.457294
0.456088
0.454919
0.453788
0.452696
0.451646
0.450638
0.449672
0.448752
0.447877
0.447050
0.446271
0.445541
0.444861
0.444233
0.443656
0.443131
0.442662
0.442245
0.441883
0.441576
0.441324
0.441127
0.440987
0.440903
0.440875
0.440903
0.440987
0.441128
0.441324
0.441576
0.441884
0.442246
0.442663
0.443134
0.443657
0.444234
0.444863
0.445543
0.446272
0.447051
0.447878
0.448753
0.449673
0.450638
0.451646
0.452696
0.453787
0.454917
0.456086
0.457291
0.458531
0.459804
0.461108
0.462441
0.463802
0.465189
0.466601
0.468034
0.469489
0.470960
0.472449
0.473951
0.475467
0.476992
0.478525
0.480063
0.481606
0.483150
0.484694
0.486234
0.487769
0.489298
0.490817
0.492324
0.493817
0.495295
0.496754
0.498192
0.499608
0.500999
0.502363
0.503698
0.505002
0.506272
0.507506
0.508703
0.509862
0.510978
0.512051
0.513079
0.514058
0.514989
0.515868
0.516695
0.517467
0.518183
0.518842
0.519440
0.519978
0.520453
0.520864
0.521210
0.521489
0.521700
0.521842
0.521913
0.521913
0.521841
0.521694
0.521473
0.521177
0.520805
0.520355
0.519829
0.519223
0.518539
0.517777
0.516934
0.516011
0.515008
0.513924
0.512760
0.511514
0.510188
0.508781
0.507294
0.505726
0.504077
0.502349
0.500540
0.498653
0.496686
0.494642
0.492519
0.490320
0.488045
0.485694
0.483269
0.480769
0.478196
0.475552
0.472837
0.470051
0.467198
0.464276
0.461288
0.458235
0.455119
0.451940
0.448699
0.445399
0.442041
0.438627
0.435158
0.431634
0.428058
0.424432
0.420756
0.417034
0.413266
0.409455
0.405601
0.401707
0.397774
0.393804
0.389799
0.385760
0.381691
0.377591
0.373463
0.369309
0.365130
0.360929
0.356707
0.352465
0.348207
0.343933
0.339646
0.335346
0.331037
0.326719
0.322395
0.318065
0.313733
0.309398
0.305064
0.300732
0.296403
0.292079
0.287761
0.283451
0.279151
0.274862
0.270586
0.266324
0.262077
0.257847
0.253635
0.249443
0.245272
0.241122
0.236996
0.232895
0.228819
0.224770
0.220748
0.216756
0.212794
0.208863
0.204964
0.201098
0.197266
0.193468
0.189706
0.185980
0.182290
0.178639
0.175026
0.171452
0.167917
0.164423
0.160969
0.157557
0.154186
0.150857
0.147571
0.144328
0.141128
0.137971
0.134858
0.131789
0.128764
0.125784
0.122848
0.119956
0.117110
0.114308
0.111551
0.108838
0.106171
0.103548
0.100970
0.098436
0.095947
0.093502
0.091102
0.088745
0.086432
0.084162
0.081936
0.079752
0.077612
0.075513
0.073457
0.071443
0.069470
0.067538
0.065646
0.063795
0.061983
0.060211
0.058478
0.056784
0.055127
0.053509
0.051927
0.050382
0.048873
0.047400
0.045962
0.044559
0.043190
0.041855
0.040553
0.039284
0.038047
0.036841
0.035666
0.034522
0.033408
0.032324
0.031268
0.030241
0.029242
0.028270
0.027325
0.026406
0.025513
0.024646
0.023803
0.022984
0.022189
0.021417
0.020668
0.019941
0.019236
0.018553
0.017889
0.017246
0.016623
0.016020
0.015435
0.014868
0.014319
0.013788
0.013274
0.012777
0.012295
0.011830
0.011380
0.010944
0.010524
0.010117
0.009724
0.009345
0.008979
0.008625
0.008283
0.007954
0.007636
0.007329
0.007033
0.006748
0.006473
0.006208
0.005953
0.005707
0.005470
0.005242
0.005022
0.004811
0.004608
0.004412
0.004224
0.004043
0.003869
0.003701
0.003541
0.003386
0.003238
0.003095
0.002959
0.002827
0.002701
0.002580
0.002464
0.002353
0.002246
0.002144
0.002046
0.001952
0.001862
0.001776
0.001693
0.001614
0.001539
0.001466
0.001397
0.001331
0.001267
0.001207
0.001149
0.001094
0.001041
0.000990
0.000942
0.000896
0.000852
0.000810
0.000770
0.000731
0.000695
0.000660
0.000627
0.000595
0.000565
0.000536
0.000509
0.000483
0.000458
0.000434
0.000412
0.000390
0.000370
0.000351
0.000332
0.000315
0.000298
0.000282
0.000267
0.000253
0.000239
0.000226
0.000214
0.000203
0.000192
0.000181
0.000171
0.000162
0.000153
0.000144
0.000136
0.000129
0.000121
0.000115
0.000108
0.000102
0.000096
0.000091
0.000086
0.000081
0.000076
0.000072
0.000068
0.000064
0.000060
0.000056
0.000053
0.000050
0.000047
0.000044
0.000042
0.000039
0.000037
0.000035
0.000033
0.000031
0.000029
0.000027
0.000025
0.000024
0.000022
0.000021
0.000020
0.000018
0.000017
0.000016
0.000015
0.000014
0.000013
0.000013
0.000012
0.000011
0.000010
0.000010
0.000009
0.000008
0.000008
0.000007
0.000007
0.000006
0.000006
0.000006
0.000005
0.000005
0.000005
0.000004
0.000004
0.000004
0.000004
0.000003
0.000003
0.000003
0.000003
0.000002
0.000002
0.000002
0.000002
0.000002
0.000002
0.000002
0.000002
0.000001
0.000001
0.000001
0.000001
0.000001
0.000001
0.000001
0.000001
0.000001
0.000001
0.000001
0.000001
0.000001
0.000001
0.000001
0.000000
0.000000
0.000000
0.000000
0.000000
0.000000
0.000000
0.000000
0.000000
0.000000
0.000000
0.000000
0.000000
0.000000
0.000000
0.000000
0.000000
0.000000
0.000000
0.000000
0.000000
0.000000
0.000000
0.000000
0.000000
0.000000
0.000000
0.000000
0.000000
0.000000
0.000000
0.000000
0.000000
0.000000
0.000000
0.000000
0.000000
0.000000
0.000000
0.000000
0.000000
0.000000
0.000000
0.000000
0.000000
0.000000
0.000000
0.000000
0.000000
0.000000
0.000000
0.000000
0.000000
0.000000
0.000000
0.000000
0.000000
0.000000
0.000000
0.000000
0.000000
0.000000
0.000000
0.000000
0.000000
0.000000
0.000000
0.000000
0.000000
0.000000
0.000000
0.000000
0.000000
0.000000
0.000000
0.000000
0.000000
0.000000
0.000000
0.000000
0.000000
0.000000
0.000000
0.000000
0.000000
0.000000
0.000000
0.000000
0.000000
0.000000
0.000000
0.000000
0.000000
0.000000
0.000000
0.000000
0.000000
0.000000
0.000000
0.000000
0.000000
0.000000
0.000000
0.000000
0.000000
0.000000
0.000000
0.000000
0.000000
0.000000
0.000000
0.000000
0.000000
0.000000
0.000000
0.000000
0.000000
0.000000
0.000000
0.000000
0.000000
0.000000
0.000000
0.000000
0.000000
0.000000
0.000000
0.000000
0.000000
0.000000
0.000000
0.000000
0.000000
0.000000
0.000000
0.000000
0.000000
0.000000
0.000000
0.000000
0.000000
0.000000
0.000000
0.000000
0.000000
0.000000
0.000000
0.000000
0.000000
0.000000
0.000000
0.000000
0.000000
0.000000
0.000000
0.000000
0.000000
0.000000
0.000000
0.000000
0.000000
0.000000
0.000000
0.000000
0.000000
0.000000
0.000000
0.000000
0.000000
0.000000
0.000000
0.000000
0.000000
0.000000
0.000000
0.000000
0.000000
0.000000
0.000000
0.000000
0.000000
0.000000
0.000000
0.000000
0.000000
0.000000
0.000000
0.000000
0.000000
0.000000
0.000000
0.000000
0.000000
0.000000
0.000000
0.000000
0.000000
0.000000
0.000000
0.000000
0.000000
0.000000
0.000000
0.000000
0.000000
0.000000
0.000000
0.000000
0.000000
0.000000
0.000000
0.000000
0.000000
0.000000
0.000000
0.000000
0.000000
0.000000
0.000000
0.000000
0.000000
0.000000
0.000000
0.000000
0.000000
0.000000
0.000000
0.000000
0.000000
0.000000
0.000000
0.000000
0.000000
0.000000
0.000000
0.000000
0.000000
