0.000530
0.001060
0.001593
0.002126
0.002662
0.003201
0.003744
0.004290
0.004843
0.005400
0.005964
0.006533
0.007111
0.007697
0.008290
0.008894
0.009505
0.010131
0.010763
0.011411
0.012067
0.012740
0.013424
0.014121
0.014837
0.015563
0.016311
0.017070
0.017849
0.018647
0.019459
0.020297
0.021147
0.022024
0.022920
0.023833
0.024778
0.025736
0.026722
0.027736
0.028765
0.029829
0.030916
0.032023
0.033169
0.034335
0.035527
0.036760
0.038011
0.039293
0.040617
0.041960
0.043335
0.044756
0.046198
0.047671
0.049193
0.050741
0.052315
0.053940
0.055603
0.057286
0.059013
0.060792
0.062597
0.064431
0.066319
0.068254
0.070213
0.072206
0.074256
0.076356
0.078482
0.080637
0.082847
0.085117
0.087424
0.089756
0.092123
0.094548
0.097034
0.099567
0.102129
0.104716
0.107341
0.110021
0.112763
0.115565
0.118420
0.121320
0.124259
0.127234
0.130248
0.133301
0.136396
0.139532
0.142711
0.145933
0.149197
0.152504
0.155854
0.159245
0.162678
0.166151
0.169665
0.173219
0.176812
0.180444
0.184114
0.187821
0.191565
0.195344
0.199159
0.203008
0.206890
0.210805
0.214751
0.218727
0.222733
0.226767
0.230829
0.234917
0.239030
0.243167
0.247326
0.251507
0.255708
0.259928
0.264165
0.268419
0.272687
0.276968
0.281262
0.285565
0.289877
0.294197
0.298522
0.302851
0.307183
0.311515
0.315847
0.320176
0.324501
0.328820
0.333131
0.337434
0.341724
0.346002
0.350265
0.354512
0.358741
0.362950
0.367136
0.371299
0.375437
0.379547
0.383628
0.387678
0.391696
0.395679
0.399626
0.403534
0.407404
0.411231
0.415015
0.418755
0.422447
0.426092
0.429687
0.433230
0.436720
0.440156
0.443535
0.446856
0.450118
0.453319
0.456459
0.459535
0.462546
0.465492
0.468370
0.471180
0.473920
0.476589
0.479187
0.481712
0.484163
0.486540
0.488840
0.491066
0.493214
0.495284
0.497276
0.499189
0.501023
0.502776
0.504449
0.506042
0.507554
0.508985
0.510335
0.511604
0.512791
0.513897
0.514922
0.515866
0.516730
0.517513
0.518216
0.518840
0.519385
0.519851
0.520239
0.520551
0.520785
0.520944
0.521030
0.521041
0.520980
0.520846
0.520644
0.520372
0.520032
0.519625
0.519154
0.518619
0.518021
0.517362
0.516643
0.515867
0.515035
0.514149
0.513211
0.512221
0.511184
0.510099
0.508969
0.507797
0.506584
0.505332
0.504042
0.502718
0.501361
0.499972
0.498556
0.497114
0.495647
0.494158
0.492649
0.491123
0.489581
0.488027
0.486461
0.484886
0.483306
0.481720
0.480133
0.478547
0.476962
0.475382
0.473810
0.472245
0.470692
0.469151
0.467626
0.466118
0.464630
0.463163
0.461718
0.460299
0.458907
0.457544
0.456211
0.454911
0.453644
0.452413
0.451219
0.450064
0.448949
0.447877
0.446848
0.445864
0.444924
0.444032
0.443188
0.442393
0.441649
0.440956
0.440315
0.439727
0.439192
0.438713
0.438289
0.437920
0.437607
0.437350
0.437150
0.437006
0.436920
0.436893
0.436920
0.437006
0.437150
0.437349
0.437607
0.437921
0.438290
0.438714
0.439194
0.439728
0.440317
0.440957
0.441650
0.442395
0.443189
0.444033
0.444925
0.445864
0.446848
0.447877
0.448949
0.450063
0.451218
0.452411
0.453641
0.454908
0.456209
0.457542
0.458905
0.460297
0.461716
0.463160
0.464628
0.466116
0.467624
0.469149
0.470689
0.472243
0.473807
0.475380
0.476960
0.478545
0.480132
0.481719
0.483304
0.484884
0.486459
0.488024
0.489579
0.491120
0.492647
0.494156
0.495645
0.497112
0.498555
0.499972
0.501360
0.502717
0.504042
0.505331
0.506583
0.507798
0.508971
0.510100
0.511185
0.512223
0.513212
0.514150
0.515035
0.515866
0.516642
0.517361
0.518019
0.518618
0.519153
0.519626
0.520032
0.520373
0.520645
0.520848
0.520981
0.521042
0.521031
0.520946
0.520786
0.520551
0.520240
0.519852
0.519386
0.518841
0.518218
0.517515
0.516733
0.515869
0.514925
0.513901
0.512794
0.511607
0.510339
0.508989
0.507558
0.506047
0.504454
0.502780
0.501026
0.499192
0.497280
0.495288
0.493218
0.491069
0.488844
0.486543
0.484167
0.481716
0.479191
0.476593
0.473924
0.471183
0.468373
0.465495
0.462549
0.459537
0.456461
0.453322
0.450119
0.446857
0.443536
0.440157
0.436722
0.433232
0.429688
0.426093
0.422449
0.418756
0.415016
0.411232
0.407404
0.403536
0.399627
0.395680
0.391697
0.387679
0.383629
0.379548
0.375438
0.371301
0.367138
0.362951
0.358743
0.354514
0.350267
0.346004
0.341726
0.337436
0.333133
0.328822
0.324503
0.320179
0.315850
0.311518
0.307186
0.302855
0.298526
0.294201
0.289881
0.285569
0.281266
0.276973
0.272692
0.268424
0.264171
0.259933
0.255713
0.251513
0.247332
0.243172
0.239035
0.234922
0.230834
0.226773
0.222738
0.218732
0.214756
0.210810
0.206896
0.203014
0.199165
0.195351
0.191571
0.187827
0.184120
0.180450
0.176818
0.173225
0.169671
0.166157
0.162684
0.159251
0.155860
0.152510
0.149203
0.145939
0.142717
0.139539
0.136404
0.133313
0.130267
0.127264
0.124306
0.121393
0.118524
0.115700
0.112921
0.110186
0.107496
0.104851
0.102251
0.099695
0.097184
0.094717
0.092295
0.089916
0.087581
0.085290
0.083042
0.080837
0.078675
0.076556
0.074479
0.072444
0.070450
0.068498
0.066586
0.064715
0.062883
0.061092
0.059339
0.057626
0.055950
0.054313
0.052713
0.051149
0.049623
0.048132
0.046677
0.045256
0.043870
0.042518
0.041200
0.039914
0.038661
0.037440
0.036250
0.035090
0.033961
0.032862
0.031792
0.030751
0.029738
0.028752
0.027794
0.026862
0.025956
0.025076
0.024221
0.023390
0.022584
0.021800
0.021040
0.020302
0.019586
0.018892
0.018218
0.017565
0.016932
0.016319
0.015725
0.015149
0.014591
0.014052
0.013529
0.013023
0.012534
0.012061
0.011603
0.011160
0.010732
0.010319
0.009919
0.009533
0.009160
0.008800
0.008453
0.008117
0.007793
0.007481
0.007180
0.006889
0.006609
0.006339
0.006079
0.005829
0.005587
0.005355
0.005131
0.004916
0.004708
0.004509
0.004317
0.004132
0.003955
0.003784
0.003620
0.003463
0.003311
0.003166
0.003026
0.002892
0.002764
0.002640
0.002522
0.002408
0.002299
0.002195
0.002095
0.001999
0.001907
0.001819
0.001734
0.001654
0.001576
0.001502
0.001431
0.001364
0.001299
0.001237
0.001178
0.001121
0.001067
0.001015
0.000966
0.000918
0.000873
0.000830
0.000789
0.000750
0.000713
0.000677
0.000643
0.000611
0.000580
0.000550
0.000522
0.000496
0.000470
0.000446
0.000423
0.000401
0.000380
0.000360
0.000341
0.000323
0.000306
0.000290
0.000275
0.000260
0.000246
0.000233
0.000220
0.000208
0.000197
0.000186
0.000176
0.000166
0.000157
0.000148
0.000140
0.000132
0.000125
0.000118
0.000111
0.000105
0.000099
0.000094
0.000088
0.000083
0.000078
0.000074
0.000070
0.000066
0.000062
0.000058
0.000055
0.000052
0.000048
0.000046
0.000043
0.000040
0.000038
0.000036
0.000034
0.000032
0.000030
0.000028
0.000026
0.000025
0.000023
0.000022
0.000020
0.000019
0.000018
0.000017
0.000016
0.000015
0.000014
0.000013
0.000012
0.000011
0.000011
0.000010
0.000009
0.000009
0.000008
0.000008
0.000007
0.000007
0.000006
0.000006
0.000005
0.000005
0.000005
0.000004
0.000004
0.000004
0.000004
0.000003
0.000003
0.000003
0.000003
0.000003
0.000002
0.000002
0.000002
0.000002
0.000002
0.000002
0.000002
0.000001
0.000001
0.000001
0.000001
0.000001
0.000001
0.000001
0.000001
0.000001
0.000001
0.000001
0.000001
0.000001
0.000001
0.000001
0.000000
0.000000
0.000000
0.000000
0.000000
0.000000
0.000000
0.000000
0.000000
0.000000
0.000000
0.000000
0.000000
0.000000
0.000000
0.000000
0.000000
0.000000
0.000000
0.000000
0.000000
0.000000
0.000000
0.000000
0.000000
0.000000
0.000000
0.000000
0.000000
0.000000
0.000000
0.000000
0.000000
0.000000
0.000000
0.000000
0.000000
0.000000
0.000000
0.000000
0.000000
0.000000
0.000000
0.000000
0.000000
0.000000
0.000000
0.000000
0.000000
0.000000
0.000000
0.000000
0.000000
0.000000
0.000000
0.000000
0.000000
0.000000
0.000000
0.000000
0.000000
0.000000
0.000000
0.000000
0.000000
0.000000
0.000000
0.000000
0.000000
0.000000
0.000000
0.000000
0.000000
0.000000
0.000000
0.000000
0.000000
0.000000
0.000000
0.000000
0.000000
0.000000
0.000000
0.000000
0.000000
0.000000
0.000000
0.000000
0.000000
0.000000
0.000000
0.000000
0.000000
0.000000
0.000000
0.000000
0.000000
0.000000
0.000000
0.000000
0.000000
0.000000
0.000000
0.000000
0.000000
0.000000
0.000000
0.000000
0.000000
0.000000
0.000000
0.000000
0.000000
0.000000
0.000000
0.000000
0.000000
0.000000
0.000000
0.000000
0.000000
0.000000
0.000000
0.000000
0.000000
0.000000
0.000000
0.000000
0.000000
0.000000
0.000000
0.000000
0.000000
0.000000
0.000000
0.000000
0.000000
0.000000
0.000000
0.000000
0.000000
0.000000
0.000000
0.000000
0.000000
0.000000
0.000000
0.000000
0.000000
0.000000
0.000000
0.000000
0.000000
0.000000
0.000000
0.000000
0.000000
0.000000
0.000000
0.000000
0.000000
0.000000
0.000000
0.000000
0.000000
0.000000
0.000000
0.000000
0.000000
0.000000
0.000000
0.000000
0.000000
0.000000
0.000000
0.000000
0.000000
0.000000
0.000000
0.000000
0.000000
0.000000
0.000000
0.000000
0.000000
0.000000
0.000000
0.000000
0.000000
0.000000
0.000000
0.000000
0.000000
0.000000
0.000000
0.000000
0.000000
0.000000
0.000000
0.000000
0.000000
0.000000
0.000000
0.000000
0.000000
0.000000
0.000000
0.000000
0.000000
0.000000
0.000000
0.000000
0.000000
0.000000
0.000000
0.000000
0.000000
0.000000
0.000000
0.000000
0.000000
0.000000
0.000000
0.000000
0.000000
0.000000
0.000000
0.000000
0.000000
0.000000
0.000000
0.000000
0.000000
0.000000
0.000000
0.000000
0.000000
