0.000540
0.001080
0.001622
0.002165
0.002712
0.003260
0.003814
0.004370
0.004932
0.005500
0.006073
0.006655
0.007241
0.007839
0.008442
0.009057
0.009679
0.010315
0.010959
0.011617
0.012286
0.012967
0.013666
0.014373
0.015102
0.015840
0.016598
0.017372
0.018161
0.018974
0.019798
0.020648
0.021515
0.022400
0.023314
0.024240
0.025196
0.026174
0.027169
0.028199
0.029246
0.030319
0.031426
0.032549
0.033706
0.034894
0.036100
0.037346
0.038620
0.039915
0.041253
0.042620
0.044010
0.045445
0.046912
0.048400
0.049935
0.051509
0.053103
0.054740
0.056425
0.058134
0.059874
0.061670
0.063503
0.065358
0.067258
0.069214
0.071203
0.073216
0.075278
0.077399
0.079555
0.081736
0.083959
0.086244
0.088579
0.090942
0.093332
0.095770
0.098271
0.100828
0.103421
0.106039
0.108687
0.111383
0.114138
0.116955
0.119830
0.122753
0.125717
0.128718
0.131757
0.134834
0.137951
0.141110
0.144311
0.147554
0.150839
0.154167
0.157538
0.160949
0.164402
0.167895
0.171429
0.175002
0.178614
0.182265
0.185953
0.189678
0.193439
0.197236
0.201067
0.204932
0.208830
0.212759
0.216720
0.220710
0.224730
0.228777
0.232851
0.236951
0.241075
0.245222
0.249391
0.253582
0.257791
0.262018
0.266263
0.270522
0.274796
0.279082
0.283379
0.287685
0.292000
0.296320
0.300646
0.304974
0.309305
0.313635
0.317963
0.322288
0.326608
0.330921
0.335226
0.339520
0.343801
0.348070
0.352322
0.356557
0.360772
0.364967
0.369138
0.373285
0.377405
0.381497
0.385559
0.389589
0.393585
0.397546
0.401469
0.405353
0.409197
0.412997
0.416754
0.420464
0.424127
0.427741
0.431304
0.434814
0.438271
0.441671
0.445015
0.448299
0.451523
0.454686
0.457785
0.460821
0.463791
0.466694
0.469529
0.472294
0.474988
0.477612
0.480163
0.482640
0.485043
0.487370
0.489621
0.491796
0.493892
0.495910
0.497849
0.499709
0.501489
0.503188
0.504805
0.506343
0.507799
0.509173
0.510466
0.511676
0.512805
0.513854
0.514819
0.515704
0.516508
0.517232
0.517875
0.518438
0.518923
0.519328
0.519656
0.519906
0.520079
0.520178
0.520202
0.520151
0.520029
0.519835
0.519571
0.519238
0.518838
0.518371
0.517839
0.517243
0.516585
0.515866
0.515088
0.514253
0.513362
0.512417
0.511421
0.510374
0.509279
0.508137
0.506951
0.505723
0.504455
0.503147
0.501803
0.500425
0.499014
0.497574
0.496106
0.494612
0.493095
0.491556
0.489998
0.488423
0.486834
0.485231
0.483620
0.481999
0.480374
0.478745
0.477115
0.475486
0.473860
0.472240
0.470627
0.469024
0.467433
0.465855
0.464294
0.462751
0.461229
0.459729
0.458251
0.456801
0.455379
0.453986
0.452624
0.451297
0.450003
0.448747
0.447529
0.446351
0.445213
0.444120
0.443070
0.442066
0.441108
0.440198
0.439338
0.438528
0.437770
0.437064
0.436411
0.435812
0.435267
0.434779
0.434346
0.433970
0.433651
0.433390
0.433186
0.433040
0.432953
0.432924
0.432953
0.433040
0.433186
0.433390
0.433652
0.433971
0.434347
0.434780
0.435268
0.435813
0.436412
0.437065
0.437771
0.438530
0.439340
0.440200
0.441109
0.442066
0.443070
0.444119
0.445213
0.446349
0.447527
0.448745
0.450001
0.451294
0.452622
0.453983
0.455376
0.456799
0.458249
0.459725
0.461226
0.462749
0.464292
0.465852
0.467431
0.469022
0.470625
0.472238
0.473859
0.475484
0.477113
0.478743
0.480372
0.481997
0.483617
0.485229
0.486831
0.488420
0.489996
0.491554
0.493093
0.494610
0.496105
0.497573
0.499014
0.500425
0.501802
0.503146
0.504454
0.505723
0.506952
0.508138
0.509280
0.510376
0.511422
0.512418
0.513362
0.514252
0.515087
0.515865
0.516584
0.517242
0.517838
0.518371
0.518838
0.519239
0.519572
0.519836
0.520030
0.520153
0.520202
0.520179
0.520080
0.519907
0.519656
0.519329
0.518924
0.518440
0.517877
0.517234
0.516511
0.515707
0.514822
0.513857
0.512809
0.511680
0.510469
0.509177
0.507802
0.506347
0.504810
0.503192
0.501493
0.499713
0.497853
0.495914
0.493896
0.491799
0.489625
0.487374
0.485046
0.482644
0.480167
0.477616
0.474992
0.472297
0.469531
0.466696
0.463793
0.460823
0.457788
0.454688
0.451525
0.448300
0.445015
0.441672
0.438272
0.434816
0.431306
0.427743
0.424129
0.420465
0.416755
0.412998
0.409197
0.405354
0.401470
0.397547
0.393586
0.389590
0.385560
0.381499
0.377407
0.373286
0.369140
0.364969
0.360774
0.356559
0.352324
0.348071
0.343804
0.339522
0.335228
0.330923
0.326611
0.322291
0.317966
0.313638
0.309308
0.304978
0.300650
0.296324
0.292004
0.287689
0.283383
0.279086
0.274800
0.270527
0.266268
0.262024
0.257796
0.253587
0.249397
0.245228
0.241080
0.236956
0.232857
0.228783
0.224735
0.220716
0.216726
0.212765
0.208835
0.204938
0.201073
0.197242
0.193446
0.189684
0.185959
0.182271
0.178621
0.175008
0.171435
0.167902
0.164408
0.160955
0.157544
0.154173
0.150845
0.147560
0.144317
0.141118
0.137961
0.134849
0.131780
0.128756
0.125776
0.122841
0.119950
0.117103
0.114302
0.111545
0.108833
0.106166
0.103543
0.100966
0.098432
0.095943
0.093499
0.091098
0.088741
0.086429
0.084159
0.081933
0.079750
0.077609
0.075511
0.073455
0.071441
0.069468
0.067536
0.065644
0.063793
0.061982
0.060210
0.058477
0.056782
0.055126
0.053507
0.051926
0.050381
0.048872
0.047399
0.045962
0.044559
0.043190
0.041855
0.040553
0.039283
0.038046
0.036840
0.035666
0.034522
0.033408
0.032323
0.031268
0.030241
0.029242
0.028270
0.027325
0.026406
0.025513
0.024645
0.023803
0.022984
0.022189
0.021417
0.020668
0.019941
0.019236
0.018552
0.017889
0.017246
0.016623
0.016019
0.015435
0.014868
0.014319
0.013788
0.013274
0.012777
0.012295
0.011830
0.011380
0.010944
0.010524
0.010117
0.009724
0.009345
0.008979
0.008625
0.008283
0.007954
0.007636
0.007329
0.007033
0.006748
0.006473
0.006208
0.005953
0.005707
0.005470
0.005242
0.005022
0.004811
0.004607
0.004412
0.004224
0.004043
0.003869
0.003701
0.003541
0.003386
0.003238
0.003095
0.002959
0.002827
0.002701
0.002580
0.002464
0.002353
0.002246
0.002144
0.002046
0.001952
0.001862
0.001776
0.001693
0.001614
0.001539
0.001466
0.001397
0.001331
0.001267
0.001207
0.001149
0.001094
0.001041
0.000990
0.000942
0.000896
0.000852
0.000810
0.000770
0.000731
0.000695
0.000660
0.000627
0.000595
0.000565
0.000536
0.000509
0.000483
0.000458
0.000434
0.000412
0.000390
0.000370
0.000351
0.000332
0.000315
0.000298
0.000282
0.000267
0.000253
0.000239
0.000226
0.000214
0.000203
0.000192
0.000181
0.000171
0.000162
0.000153
0.000144
0.000136
0.000129
0.000121
0.000115
0.000108
0.000102
0.000096
0.000091
0.000086
0.000081
0.000076
0.000072
0.000068
0.000064
0.000060
0.000056
0.000053
0.000050
0.000047
0.000044
0.000042
0.000039
0.000037
0.000035
0.000033
0.000031
0.000029
0.000027
0.000025
0.000024
0.000022
0.000021
0.000020
0.000018
0.000017
0.000016
0.000015
0.000014
0.000013
0.000013
0.000012
0.000011
0.000010
0.000010
0.000009
0.000008
0.000008
0.000007
0.000007
0.000006
0.000006
0.000006
0.000005
0.000005
0.000005
0.000004
0.000004
0.000004
0.000004
0.000003
0.000003
0.000003
0.000003
0.000002
0.000002
0.000002
0.000002
0.000002
0.000002
0.000002
0.000002
0.000001
0.000001
0.000001
0.000001
0.000001
0.000001
0.000001
0.000001
0.000001
0.000001
0.000001
0.000001
0.000001
0.000001
0.000001
0.000000
0.000000
0.000000
0.000000
0.000000
0.000000
0.000000
0.000000
0.000000
0.000000
0.000000
0.000000
0.000000
0.000000
0.000000
0.000000
0.000000
0.000000
0.000000
0.000000
0.000000
0.000000
0.000000
0.000000
0.000000
0.000000
0.000000
0.000000
0.000000
0.000000
0.000000
0.000000
0.000000
0.000000
0.000000
0.000000
0.000000
0.000000
0.000000
0.000000
0.000000
0.000000
0.000000
0.000000
0.000000
0.000000
0.000000
0.000000
0.000000
0.000000
0.000000
0.000000
0.000000
0.000000
0.000000
0.000000
0.000000
0.000000
0.000000
0.000000
0.000000
0.000000
0.000000
0.000000
0.000000
0.000000
0.000000
0.000000
0.000000
0.000000
0.000000
0.000000
0.000000
0.000000
0.000000
0.000000
0.000000
0.000000
0.000000
0.000000
0.000000
0.000000
0.000000
0.000000
0.000000
0.000000
0.000000
0.000000
0.000000
0.000000
0.000000
0.000000
0.000000
0.000000
0.000000
0.000000
0.000000
0.000000
0.000000
0.000000
0.000000
0.000000
0.000000
0.000000
0.000000
0.000000
0.000000
0.000000
0.000000
0.000000
0.000000
0.000000
0.000000
0.000000
0.000000
0.000000
0.000000
0.000000
0.000000
0.000000
0.000000
0.000000
0.000000
0.000000
0.000000
0.000000
0.000000
0.000000
0.000000
0.000000
0.000000
0.000000
0.000000
0.000000
0.000000
0.000000
0.000000
0.000000
0.000000
0.000000
0.000000
0.000000
0.000000
0.000000
0.000000
0.000000
0.000000
0.000000
0.000000
0.000000
0.000000
0.000000
0.000000
0.000000
0.000000
0.000000
0.000000
0.000000
0.000000
0.000000
0.000000
0.000000
0.000000
0.000000
0.000000
0.000000
0.000000
0.000000
0.000000
0.000000
0.000000
0.000000
0.000000
0.000000
0.000000
0.000000
0.000000
0.000000
0.000000
0.000000
0.000000
0.000000
0.000000
0.000000
0.000000
0.000000
0.000000
0.000000
0.000000
0.000000
0.000000
0.000000
0.000000
0.000000
0.000000
0.000000
0.000000
0.000000
0.000000
0.000000
0.000000
0.000000
0.000000
0.000000
0.000000
0.000000
0.000000
0.000000
0.000000
0.000000
0.000000
0.000000
0.000000
0.000000
0.000000
0.000000
0.000000
0.000000
0.000000
0.000000
0.000000
0.000000
0.000000
0.000000
0.000000
0.000000
0.000000
0.000000
0.000000
0.000000
0.000000
0.000000
0.000000
0.000000
0.000000
0.000000
