0.000550
0.001100
0.001652
0.002206
0.002762
0.003321
0.003884
0.004452
0.005023
0.005602
0.006185
0.006777
0.007374
0.007982
0.008596
0.009222
0.009856
0.010501
0.011158
0.011825
0.012508
0.013200
0.013910
0.014630
0.015369
0.016122
0.016889
0.017679
0.018479
0.019304
0.020144
0.021003
0.021887
0.022784
0.023710
0.024654
0.025619
0.026615
0.027625
0.028667
0.029733
0.030818
0.031941
0.033083
0.034251
0.035457
0.036682
0.037939
0.039234
0.040547
0.041897
0.043287
0.044695
0.046142
0.047631
0.049142
0.050688
0.052282
0.053902
0.055551
0.057253
0.058990
0.060749
0.062557
0.064414
0.066297
0.068212
0.070182
0.072199
0.074239
0.076315
0.078451
0.080635
0.082845
0.085086
0.087383
0.089740
0.092134
0.094552
0.097008
0.099522
0.102098
0.104719
0.107369
0.110045
0.112760
0.115529
0.118360
0.121252
0.124196
0.127184
0.130211
0.133275
0.136377
0.139518
0.142699
0.145921
0.149186
0.152492
0.155841
0.159232
0.162664
0.166137
0.169650
0.173203
0.176795
0.180426
0.184095
0.187801
0.191544
0.195322
0.199136
0.202983
0.206864
0.210777
0.214722
0.218697
0.222701
0.226734
0.230794
0.234880
0.238991
0.243126
0.247283
0.251462
0.255661
0.259878
0.264113
0.268364
0.272629
0.276908
0.281198
0.285499
0.289807
0.294124
0.298445
0.302771
0.307099
0.311427
0.315754
0.320079
0.324400
0.328714
0.333021
0.337318
0.341603
0.345875
0.350133
0.354374
0.358596
0.362798
0.366978
0.371134
0.375264
0.379367
0.383440
0.387482
0.391491
0.395466
0.399403
0.403302
0.407161
0.410979
0.414753
0.418481
0.422162
0.425795
0.429378
0.432908
0.436385
0.439808
0.443173
0.446480
0.449727
0.452913
0.456036
0.459096
0.462091
0.465018
0.467878
0.470669
0.473390
0.476039
0.478617
0.481120
0.483550
0.485904
0.488182
0.490383
0.492506
0.494551
0.496517
0.498403
0.500210
0.501935
0.503579
0.505141
0.506623
0.508023
0.509340
0.510576
0.511729
0.512800
0.513789
0.514696
0.515522
0.516267
0.516931
0.517514
0.518017
0.518441
0.518786
0.519053
0.519242
0.519354
0.519392
0.519355
0.519244
0.519061
0.518807
0.518482
0.518088
0.517627
0.517100
0.516508
0.515852
0.515135
0.514356
0.513519
0.512625
0.511676
0.510673
0.509619
0.508514
0.507362
0.506164
0.504922
0.503639
0.502316
0.500953
0.499555
0.498124
0.496661
0.495169
0.493649
0.492104
0.490537
0.488949
0.487342
0.485719
0.484083
0.482434
0.480776
0.479111
0.477441
0.475769
0.474097
0.472426
0.470760
0.469099
0.467447
0.465806
0.464177
0.462564
0.460967
0.459389
0.457833
0.456300
0.454791
0.453310
0.451858
0.450436
0.449046
0.447691
0.446371
0.445091
0.443849
0.442647
0.441488
0.440373
0.439303
0.438280
0.437304
0.436377
0.435501
0.434677
0.433904
0.433185
0.432520
0.431910
0.431356
0.430858
0.430418
0.430035
0.429710
0.429444
0.429237
0.429089
0.429000
0.428970
0.429000
0.429088
0.429237
0.429445
0.429711
0.430036
0.430419
0.430859
0.431357
0.431911
0.432521
0.433186
0.433905
0.434678
0.435503
0.436379
0.437305
0.438280
0.439303
0.440372
0.441487
0.442646
0.443847
0.445089
0.446370
0.447689
0.449044
0.450433
0.451855
0.453308
0.454789
0.456297
0.457830
0.459387
0.460964
0.462561
0.464175
0.465804
0.467445
0.469097
0.470758
0.472425
0.474095
0.475768
0.477440
0.479109
0.480774
0.482432
0.484080
0.485717
0.487340
0.488946
0.490535
0.492103
0.493648
0.495168
0.496660
0.498123
0.499555
0.500953
0.502315
0.503639
0.504923
0.506165
0.507363
0.508516
0.509620
0.510673
0.511675
0.512624
0.513518
0.514354
0.515133
0.515851
0.516507
0.517100
0.517628
0.518089
0.518483
0.518808
0.519062
0.519246
0.519356
0.519394
0.519356
0.519243
0.519053
0.518787
0.518442
0.518018
0.517516
0.516932
0.516269
0.515525
0.514699
0.513792
0.512803
0.511732
0.510579
0.509344
0.508026
0.506627
0.505146
0.503583
0.501939
0.500213
0.498407
0.496521
0.494555
0.492510
0.490386
0.488185
0.485907
0.483553
0.481125
0.478621
0.476043
0.473394
0.470672
0.467881
0.465021
0.462093
0.459098
0.456038
0.452915
0.449728
0.446481
0.443174
0.439809
0.436387
0.432910
0.429380
0.425797
0.422163
0.418482
0.414753
0.410980
0.407162
0.403304
0.399405
0.395467
0.391492
0.387483
0.383441
0.379368
0.375266
0.371136
0.366980
0.362800
0.358598
0.354375
0.350135
0.345877
0.341605
0.337319
0.333023
0.328716
0.324402
0.320082
0.315758
0.311430
0.307102
0.302775
0.298449
0.294128
0.289811
0.285503
0.281202
0.276912
0.272634
0.268369
0.264118
0.259884
0.255666
0.251468
0.247289
0.243131
0.238996
0.234886
0.230799
0.226739
0.222707
0.218702
0.214728
0.210783
0.206870
0.202989
0.199142
0.195329
0.191550
0.187808
0.184101
0.180432
0.176801
0.173209
0.169656
0.166143
0.162670
0.159238
0.155847
0.152499
0.149192
0.145928
0.142707
0.139530
0.136395
0.133305
0.130259
0.127257
0.124299
0.121386
0.118518
0.115694
0.112915
0.110181
0.107491
0.104847
0.102247
0.099691
0.097180
0.094714
0.092291
0.089913
0.087578
0.085287
0.083039
0.080835
0.078673
0.076554
0.074477
0.072442
0.070448
0.068496
0.066584
0.064713
0.062882
0.061090
0.059338
0.057624
0.055949
0.054312
0.052712
0.051148
0.049622
0.048131
0.046676
0.045255
0.043870
0.042518
0.041199
0.039914
0.038660
0.037439
0.036249
0.035090
0.033961
0.032862
0.031792
0.030751
0.029738
0.028752
0.027794
0.026862
0.025956
0.025076
0.024221
0.023390
0.022583
0.021800
0.021040
0.020302
0.019586
0.018892
0.018218
0.017565
0.016932
0.016319
0.015725
0.015149
0.014591
0.014052
0.013529
0.013023
0.012534
0.012061
0.011603
0.011160
0.010732
0.010319
0.009919
0.009533
0.009160
0.008800
0.008453
0.008117
0.007793
0.007481
0.007180
0.006889
0.006609
0.006339
0.006079
0.005829
0.005587
0.005355
0.005131
0.004916
0.004708
0.004509
0.004317
0.004132
0.003955
0.003784
0.003620
0.003463
0.003311
0.003166
0.003026
0.002892
0.002764
0.002640
0.002522
0.002408
0.002299
0.002195
0.002095
0.001999
0.001907
0.001819
0.001734
0.001654
0.001576
0.001502
0.001431
0.001364
0.001299
0.001237
0.001178
0.001121
0.001067
0.001015
0.000966
0.000918
0.000873
0.000830
0.000789
0.000750
0.000713
0.000677
0.000643
0.000611
0.000580
0.000550
0.000522
0.000496
0.000470
0.000446
0.000423
0.000401
0.000380
0.000360
0.000341
0.000323
0.000306
0.000290
0.000275
0.000260
0.000246
0.000233
0.000220
0.000208
0.000197
0.000186
0.000176
0.000166
0.000157
0.000148
0.000140
0.000132
0.000125
0.000118
0.000111
0.000105
0.000099
0.000094
0.000088
0.000083
0.000078
0.000074
0.000070
0.000066
0.000062
0.000058
0.000055
0.000052
0.000048
0.000046
0.000043
0.000040
0.000038
0.000036
0.000034
0.000032
0.000030
0.000028
0.000026
0.000025
0.000023
0.000022
0.000020
0.000019
0.000018
0.000017
0.000016
0.000015
0.000014
0.000013
0.000012
0.000011
0.000011
0.000010
0.000009
0.000009
0.000008
0.000008
0.000007
0.000007
0.000006
0.000006
0.000005
0.000005
0.000005
0.000004
0.000004
0.000004
0.000004
0.000003
0.000003
0.000003
0.000003
0.000003
0.000002
0.000002
0.000002
0.000002
0.000002
0.000002
0.000002
0.000001
0.000001
0.000001
0.000001
0.000001
0.000001
0.000001
0.000001
0.000001
0.000001
0.000001
0.000001
0.000001
0.000001
0.000001
0.000000
0.000000
0.000000
0.000000
0.000000
0.000000
0.000000
0.000000
0.000000
0.000000
0.000000
0.000000
0.000000
0.000000
0.000000
0.000000
0.000000
0.000000
0.000000
0.000000
0.000000
0.000000
0.000000
0.000000
0.000000
0.000000
0.000000
0.000000
0.000000
0.000000
0.000000
0.000000
0.000000
0.000000
0.000000
0.000000
0.000000
0.000000
0.000000
0.000000
0.000000
0.000000
0.000000
0.000000
0.000000
0.000000
0.000000
0.000000
0.000000
0.000000
0.000000
0.000000
0.000000
0.000000
0.000000
0.000000
0.000000
0.000000
0.000000
0.000000
0.000000
0.000000
0.000000
0.000000
0.000000
0.000000
0.000000
0.000000
0.000000
0.000000
0.000000
0.000000
0.000000
0.000000
0.000000
0.000000
0.000000
0.000000
0.000000
0.000000
0.000000
0.000000
0.000000
0.000000
0.000000
0.000000
0.000000
0.000000
0.000000
0.000000
0.000000
0.000000
0.000000
0.000000
0.000000
0.000000
0.000000
0.000000
0.000000
0.000000
0.000000
0.000000
0.000000
0.000000
0.000000
0.000000
0.000000
0.000000
0.000000
0.000000
0.000000
0.000000
0.000000
0.000000
0.000000
0.000000
0.000000
0.000000
0.000000
0.000000
0.000000
0.000000
0.000000
0.000000
0.000000
0.000000
0.000000
0.000000
0.000000
0.000000
0.000000
0.000000
0.000000
0.000000
0.000000
0.000000
0.000000
0.000000
0.000000
0.000000
0.000000
0.000000
0.000000
0.000000
0.000000
0.000000
0.000000
0.000000
0.000000
0.000000
0.000000
0.000000
0.000000
0.000000
0.000000
0.000000
0.000000
0.000000
0.000000
0.000000
0.000000
0.000000
0.000000
0.000000
0.000000
0.000000
0.000000
0.000000
0.000000
0.000000
0.000000
0.000000
0.000000
0.000000
0.000000
0.000000
0.000000
0.000000
0.000000
0.000000
0.000000
0.000000
0.000000
0.000000
0.000000
0.000000
0.000000
0.000000
0.000000
0.000000
0.000000
0.000000
0.000000
0.000000
0.000000
0.000000
0.000000
0.000000
0.000000
0.000000
0.000000
0.000000
0.000000
0.000000
0.000000
0.000000
0.000000
0.000000
0.000000
0.000000
0.000000
0.000000
0.000000
0.000000
0.000000
0.000000
0.000000
0.000000
0.000000
0.000000
0.000000
0.000000
0.000000
0.000000
0.000000
0.000000
0.000000
0.000000
0.000000
0.000000
0.000000
0.000000
0.000000
0.000000
0.000000
0.000000
