0.000560
0.001121
0.001683
0.002247
0.002813
0.003383
0.003955
0.004534
0.005116
0.005705
0.006299
0.006901
0.007510
0.008127
0.008754
0.009389
0.010036
0.010690
0.011360
0.012038
0.012733
0.013437
0.014157
0.014892
0.015639
0.016408
0.017186
0.017988
0.018803
0.019638
0.020494
0.021364
0.022262
0.023175
0.024111
0.025074
0.026051
0.027060
0.028089
0.029140
0.030226
0.031327
0.032460
0.033624
0.034805
0.036026
0.037273
0.038541
0.039853
0.041189
0.042551
0.043958
0.045390
0.046849
0.048356
0.049892
0.051452
0.053062
0.054708
0.056376
0.058090
0.059851
0.061636
0.063456
0.065332
0.067243
0.069179
0.071162
0.073201
0.075271
0.077367
0.079515
0.081721
0.083962
0.086227
0.088538
0.090911
0.093333
0.095783
0.098261
0.100788
0.103379
0.106024
0.108706
0.111412
0.114150
0.116935
0.119779
0.122686
0.125650
0.128661
0.131713
0.134803
0.137929
0.141094
0.144298
0.147542
0.150828
0.154156
0.157526
0.160937
0.164389
0.167882
0.171414
0.174987
0.178598
0.182247
0.185934
0.189659
0.193419
0.197214
0.201044
0.204908
0.208804
0.212733
0.216692
0.220681
0.224699
0.228744
0.232817
0.236915
0.241037
0.245182
0.249350
0.253538
0.257745
0.261970
0.266212
0.270469
0.274740
0.279023
0.283317
0.287620
0.291932
0.296249
0.300571
0.304896
0.309223
0.313549
0.317873
0.322194
0.326509
0.330818
0.335118
0.339407
0.343683
0.347945
0.352192
0.356421
0.360630
0.364819
0.368983
0.373123
0.377237
0.381321
0.385375
0.389397
0.393385
0.397337
0.401251
0.405126
0.408960
0.412750
0.416497
0.420196
0.423848
0.427450
0.431001
0.434499
0.437943
0.441330
0.444659
0.447930
0.451139
0.454287
0.457371
0.460390
0.463343
0.466229
0.469046
0.471793
0.474468
0.477072
0.479603
0.482059
0.484440
0.486746
0.488974
0.491125
0.493197
0.495190
0.497104
0.498937
0.500690
0.502361
0.503950
0.505457
0.506883
0.508226
0.509487
0.510665
0.511761
0.512774
0.513704
0.514553
0.515320
0.516005
0.516609
0.517133
0.517576
0.517940
0.518224
0.518431
0.518559
0.518611
0.518588
0.518490
0.518319
0.518075
0.517760
0.517375
0.516921
0.516400
0.515813
0.515161
0.514445
0.513669
0.512831
0.511935
0.510983
0.509975
0.508915
0.507803
0.506643
0.505434
0.504180
0.502883
0.501545
0.500166
0.498751
0.497300
0.495815
0.494300
0.492756
0.491186
0.489591
0.487974
0.486337
0.484682
0.483012
0.481329
0.479634
0.477931
0.476222
0.474508
0.472793
0.471079
0.469367
0.467661
0.465961
0.464270
0.462591
0.460926
0.459276
0.457644
0.456033
0.454443
0.452877
0.451338
0.449826
0.448344
0.446894
0.445476
0.444095
0.442750
0.441444
0.440178
0.438954
0.437774
0.436638
0.435548
0.434506
0.433512
0.432569
0.431677
0.430838
0.430052
0.429320
0.428643
0.428022
0.427459
0.426952
0.426504
0.426115
0.425784
0.425514
0.425303
0.425152
0.425061
0.425030
0.425061
0.425152
0.425302
0.425514
0.425785
0.426115
0.426504
0.426953
0.427459
0.428023
0.428644
0.429320
0.430052
0.430839
0.431678
0.432571
0.433513
0.434506
0.435548
0.436637
0.437772
0.438953
0.440177
0.441443
0.442749
0.444093
0.445474
0.446891
0.448342
0.449824
0.451335
0.452875
0.454440
0.456030
0.457641
0.459273
0.460923
0.462589
0.464268
0.465959
0.467659
0.469366
0.471077
0.472792
0.474507
0.476220
0.477929
0.479632
0.481326
0.483010
0.484680
0.486335
0.487972
0.489589
0.491185
0.492755
0.494299
0.495814
0.497298
0.498750
0.500166
0.501544
0.502883
0.504181
0.505435
0.506644
0.507805
0.508916
0.509975
0.510982
0.511934
0.512829
0.513667
0.514444
0.515160
0.515812
0.516401
0.516922
0.517376
0.517761
0.518076
0.518320
0.518492
0.518589
0.518613
0.518560
0.518431
0.518225
0.517940
0.517577
0.517134
0.516611
0.516007
0.515322
0.514556
0.513707
0.512777
0.511764
0.510668
0.509491
0.508230
0.506887
0.505462
0.503954
0.502365
0.500693
0.498941
0.497108
0.495194
0.493201
0.491128
0.488977
0.486749
0.484444
0.482063
0.479607
0.477076
0.474472
0.471796
0.469048
0.466232
0.463346
0.460392
0.457373
0.454289
0.451141
0.447931
0.444660
0.441331
0.437944
0.434501
0.431003
0.427452
0.423849
0.420197
0.416497
0.412751
0.408960
0.405127
0.401252
0.397338
0.393386
0.389398
0.385376
0.381322
0.377238
0.373125
0.368985
0.364820
0.360632
0.356423
0.352194
0.347947
0.343685
0.339408
0.335119
0.330820
0.326512
0.322197
0.317876
0.313552
0.309226
0.304900
0.300575
0.296253
0.291936
0.287624
0.283321
0.279027
0.274744
0.270474
0.266217
0.261975
0.257750
0.253543
0.249355
0.245188
0.241043
0.236921
0.232823
0.228750
0.224705
0.220687
0.216698
0.212739
0.208810
0.204914
0.201050
0.197221
0.193425
0.189665
0.185941
0.182254
0.178604
0.174993
0.171420
0.167888
0.164395
0.160943
0.157532
0.154162
0.150835
0.147550
0.144308
0.141109
0.137953
0.134841
0.131773
0.128749
0.125769
0.122834
0.119943
0.117098
0.114296
0.111540
0.108828
0.106161
0.103539
0.100961
0.098428
0.095940
0.093495
0.091095
0.088738
0.086426
0.084156
0.081930
0.079747
0.077607
0.075509
0.073453
0.071439
0.069466
0.067534
0.065643
0.063792
0.061981
0.060209
0.058476
0.056781
0.055125
0.053506
0.051925
0.050380
0.048872
0.047399
0.045961
0.044558
0.043189
0.041854
0.040552
0.039283
0.038046
0.036840
0.035665
0.034522
0.033408
0.032323
0.031268
0.030241
0.029241
0.028269
0.027324
0.026406
0.025513
0.024645
0.023802
0.022984
0.022189
0.021417
0.020668
0.019941
0.019236
0.018552
0.017889
0.017246
0.016623
0.016019
0.015434
0.014868
0.014319
0.013788
0.013274
0.012777
0.012295
0.011830
0.011380
0.010944
0.010524
0.010117
0.009724
0.009345
0.008979
0.008625
0.008283
0.007954
0.007636
0.007329
0.007033
0.006748
0.006473
0.006208
0.005953
0.005707
0.005470
0.005242
0.005022
0.004811
0.004607
0.004412
0.004224
0.004043
0.003869
0.003701
0.003541
0.003386
0.003238
0.003095
0.002959
0.002827
0.002701
0.002580
0.002464
0.002353
0.002246
0.002144
0.002046
0.001952
0.001862
0.001776
0.001693
0.001614
0.001539
0.001466
0.001397
0.001331
0.001267
0.001207
0.001149
0.001094
0.001041
0.000990
0.000942
0.000896
0.000852
0.000810
0.000770
0.000731
0.000695
0.000660
0.000627
0.000595
0.000565
0.000536
0.000509
0.000483
0.000458
0.000434
0.000412
0.000390
0.000370
0.000351
0.000332
0.000315
0.000298
0.000282
0.000267
0.000253
0.000239
0.000226
0.000214
0.000203
0.000192
0.000181
0.000171
0.000162
0.000153
0.000144
0.000136
0.000129
0.000121
0.000115
0.000108
0.000102
0.000096
0.000091
0.000086
0.000081
0.000076
0.000072
0.000068
0.000064
0.000060
0.000056
0.000053
0.000050
0.000047
0.000044
0.000042
0.000039
0.000037
0.000035
0.000033
0.000031
0.000029
0.000027
0.000025
0.000024
0.000022
0.000021
0.000020
0.000018
0.000017
0.000016
0.000015
0.000014
0.000013
0.000013
0.000012
0.000011
0.000010
0.000010
0.000009
0.000008
0.000008
0.000007
0.000007
0.000006
0.000006
0.000006
0.000005
0.000005
0.000005
0.000004
0.000004
0.000004
0.000004
0.000003
0.000003
0.000003
0.000003
0.000002
0.000002
0.000002
0.000002
0.000002
0.000002
0.000002
0.000002
0.000001
0.000001
0.000001
0.000001
0.000001
0.000001
0.000001
0.000001
0.000001
0.000001
0.000001
0.000001
0.000001
0.000001
0.000001
0.000000
0.000000
0.000000
0.000000
0.000000
0.000000
0.000000
0.000000
0.000000
0.000000
0.000000
0.000000
0.000000
0.000000
0.000000
0.000000
0.000000
0.000000
0.000000
0.000000
0.000000
0.000000
0.000000
0.000000
0.000000
0.000000
0.000000
0.000000
0.000000
0.000000
0.000000
0.000000
0.000000
0.000000
0.000000
0.000000
0.000000
0.000000
0.000000
0.000000
0.000000
0.000000
0.000000
0.000000
0.000000
0.000000
0.000000
0.000000
0.000000
0.000000
0.000000
0.000000
0.000000
0.000000
0.000000
0.000000
0.000000
0.000000
0.000000
0.000000
0.000000
0.000000
0.000000
0.000000
0.000000
0.000000
0.000000
0.000000
0.000000
0.000000
0.000000
0.000000
0.000000
0.000000
0.000000
0.000000
0.000000
0.000000
0.000000
0.000000
0.000000
0.000000
0.000000
0.000000
0.000000
0.000000
0.000000
0.000000
0.000000
0.000000
0.000000
0.000000
0.000000
0.000000
0.000000
0.000000
0.000000
0.000000
0.000000
0.000000
0.000000
0.000000
0.000000
0.000000
0.000000
0.000000
0.000000
0.000000
0.000000
0.000000
0.000000
0.000000
0.000000
0.000000
0.000000
0.000000
0.000000
0.000000
0.000000
0.000000
0.000000
0.000000
0.000000
0.000000
0.000000
0.000000
0.000000
0.000000
0.000000
0.000000
0.000000
0.000000
0.000000
0.000000
0.000000
0.000000
0.000000
0.000000
0.000000
0.000000
0.000000
0.000000
0.000000
0.000000
0.000000
0.000000
0.000000
0.000000
0.000000
0.000000
0.000000
0.000000
0.000000
0.000000
0.000000
0.000000
0.000000
0.000000
0.000000
0.000000
0.000000
0.000000
0.000000
0.000000
0.000000
0.000000
0.000000
0.000000
0.000000
0.000000
0.000000
0.000000
0.000000
0.000000
0.000000
0.000000
0.000000
0.000000
0.000000
0.000000
0.000000
0.000000
0.000000
0.000000
0.000000
0.000000
0.000000
0.000000
0.000000
0.000000
0.000000
0.000000
0.000000
0.000000
0.000000
0.000000
0.000000
0.000000
0.000000
0.000000
0.000000
0.000000
0.000000
0.000000
0.000000
0.000000
0.000000
0.000000
0.000000
0.000000
0.000000
0.000000
0.000000
0.000000
0.000000
0.000000
0.000000
0.000000
0.000000
0.000000
0.000000
0.000000
0.000000
0.000000
0.000000
0.000000
0.000000
0.000000
0.000000
0.000000
0.000000
0.000000
0.000000
0.000000
0.000000
