0.000570
0.001142
0.001714
0.002288
0.002865
0.003445
0.004028
0.004617
0.005210
0.005809
0.006415
0.007027
0.007648
0.008275
0.008914
0.009558
0.010217
0.010883
0.011564
0.012255
0.012959
0.013678
0.014407
0.015157
0.015915
0.016696
0.017489
0.018300
0.019132
0.019977
0.020848
0.021732
0.022641
0.023572
0.024519
0.025497
0.026490
0.027510
0.028558
0.029623
0.030722
0.031843
0.032987
0.034169
0.035369
0.036600
0.037869
0.039155
0.040478
0.041837
0.043216
0.044635
0.046092
0.047569
0.049088
0.050648
0.052229
0.053851
0.055520
0.057212
0.058939
0.060719
0.062532
0.064369
0.066258
0.068196
0.070158
0.072155
0.074210
0.076309
0.078432
0.080594
0.082816
0.085085
0.087380
0.089708
0.092094
0.094538
0.097020
0.099525
0.102070
0.104673
0.107338
0.110049
0.112787
0.115552
0.118356
0.121215
0.124135
0.127116
0.130148
0.133225
0.136340
0.139491
0.142680
0.145907
0.149173
0.152481
0.155830
0.159220
0.162652
0.166124
0.169636
0.173189
0.176780
0.180410
0.184078
0.187783
0.191525
0.195302
0.199115
0.202961
0.206841
0.210753
0.214696
0.218670
0.222672
0.226704
0.230762
0.234846
0.238956
0.243089
0.247244
0.251421
0.255618
0.259833
0.264066
0.268314
0.272577
0.276853
0.281140
0.285438
0.289744
0.294057
0.298376
0.302698
0.307022
0.311347
0.315670
0.319991
0.324307
0.328617
0.332919
0.337212
0.341492
0.345759
0.350012
0.354247
0.358464
0.362660
0.366833
0.370983
0.375106
0.379202
0.383268
0.387302
0.391303
0.395269
0.399199
0.403089
0.406939
0.410747
0.414511
0.418229
0.421899
0.425521
0.429093
0.432612
0.436077
0.439486
0.442838
0.446131
0.449365
0.452536
0.455645
0.458689
0.461668
0.464579
0.467422
0.470196
0.472898
0.475529
0.478087
0.480571
0.482979
0.485312
0.487568
0.489747
0.491847
0.493868
0.495809
0.497670
0.499451
0.501150
0.502766
0.504300
0.505753
0.507122
0.508409
0.509613
0.510734
0.511772
0.512727
0.513599
0.514389
0.515097
0.515723
0.516268
0.516732
0.517115
0.517418
0.517643
0.517789
0.517857
0.517849
0.517766
0.517607
0.517376
0.517071
0.516696
0.516251
0.515737
0.515156
0.514509
0.513798
0.513023
0.512187
0.511292
0.510337
0.509328
0.508262
0.507145
0.505976
0.504759
0.503495
0.502186
0.500833
0.499441
0.498008
0.496539
0.495036
0.493498
0.491932
0.490337
0.488717
0.487072
0.485406
0.483721
0.482018
0.480302
0.478572
0.476833
0.475084
0.473331
0.471574
0.469818
0.468062
0.466310
0.464563
0.462824
0.461095
0.459379
0.457678
0.455993
0.454327
0.452682
0.451059
0.449461
0.447891
0.446350
0.444839
0.443360
0.441916
0.440507
0.439138
0.437807
0.436519
0.435272
0.434070
0.432914
0.431805
0.430744
0.429733
0.428774
0.427866
0.427012
0.426212
0.425468
0.424779
0.424148
0.423576
0.423061
0.422605
0.422209
0.421873
0.421598
0.421384
0.421231
0.421138
0.421106
0.421138
0.421230
0.421383
0.421599
0.421874
0.422209
0.422605
0.423061
0.423576
0.424150
0.424780
0.425469
0.426213
0.427013
0.427867
0.428775
0.429734
0.430744
0.431804
0.432913
0.434069
0.435271
0.436517
0.437806
0.439137
0.440506
0.441913
0.443357
0.444836
0.446347
0.447889
0.449459
0.451056
0.452678
0.454324
0.455991
0.457675
0.459377
0.461094
0.462823
0.464561
0.466308
0.468060
0.469816
0.471573
0.473330
0.475083
0.476830
0.478569
0.480299
0.482016
0.483718
0.485404
0.487070
0.488715
0.490336
0.491931
0.493497
0.495034
0.496539
0.498008
0.499440
0.500833
0.502186
0.503496
0.504760
0.505977
0.507145
0.508262
0.509326
0.510337
0.511290
0.512186
0.513022
0.513797
0.514509
0.515157
0.515738
0.516252
0.516697
0.517073
0.517377
0.517609
0.517766
0.517851
0.517858
0.517790
0.517644
0.517419
0.517116
0.516733
0.516270
0.515725
0.515099
0.514392
0.513602
0.512730
0.511775
0.510737
0.509617
0.508413
0.507126
0.505756
0.504305
0.502770
0.501153
0.499454
0.497674
0.495813
0.493872
0.491851
0.489750
0.487572
0.485316
0.482983
0.480575
0.478090
0.475533
0.472901
0.470198
0.467425
0.464581
0.461670
0.458691
0.455647
0.452539
0.449366
0.446133
0.442839
0.439487
0.436078
0.432614
0.429094
0.425523
0.421901
0.418230
0.414511
0.410748
0.406940
0.403090
0.399200
0.395271
0.391304
0.387303
0.383269
0.379203
0.375107
0.370984
0.366835
0.362661
0.358465
0.354249
0.350013
0.345761
0.341494
0.337214
0.332921
0.328619
0.324310
0.319994
0.315674
0.311350
0.307026
0.302702
0.298379
0.294061
0.289748
0.285442
0.281145
0.276858
0.272582
0.268319
0.264071
0.259839
0.255624
0.251427
0.247250
0.243094
0.238961
0.234852
0.230768
0.226709
0.222678
0.218675
0.214702
0.210759
0.206847
0.202967
0.199121
0.195309
0.191531
0.187790
0.184084
0.180416
0.176786
0.173195
0.169642
0.166130
0.162658
0.159226
0.155836
0.152488
0.149182
0.145919
0.142698
0.139521
0.136388
0.133298
0.130252
0.127250
0.124293
0.121380
0.118512
0.115689
0.112910
0.110176
0.107487
0.104843
0.102243
0.099688
0.097177
0.094710
0.092288
0.089910
0.087575
0.085284
0.083037
0.080832
0.078671
0.076552
0.074475
0.072440
0.070446
0.068494
0.066583
0.064712
0.062881
0.061089
0.059337
0.057623
0.055948
0.054311
0.052711
0.051148
0.049621
0.048130
0.046675
0.045255
0.043869
0.042517
0.041199
0.039913
0.038660
0.037439
0.036249
0.035090
0.033961
0.032862
0.031792
0.030750
0.029737
0.028752
0.027794
0.026862
0.025956
0.025076
0.024221
0.023390
0.022583
0.021800
0.021040
0.020302
0.019586
0.018892
0.018218
0.017565
0.016932
0.016319
0.015725
0.015149
0.014591
0.014052
0.013529
0.013023
0.012534
0.012061
0.011603
0.011160
0.010732
0.010319
0.009919
0.009533
0.009160
0.008800
0.008453
0.008117
0.007793
0.007481
0.007180
0.006889
0.006609
0.006339
0.006079
0.005829
0.005587
0.005355
0.005131
0.004916
0.004708
0.004509
0.004317
0.004132
0.003955
0.003784
0.003620
0.003463
0.003311
0.003166
0.003026
0.002892
0.002764
0.002640
0.002522
0.002408
0.002299
0.002195
0.002095
0.001999
0.001907
0.001819
0.001734
0.001654
0.001576
0.001502
0.001431
0.001364
0.001299
0.001237
0.001178
0.001121
0.001067
0.001015
0.000966
0.000918
0.000873
0.000830
0.000789
0.000750
0.000713
0.000677
0.000643
0.000611
0.000580
0.000550
0.000522
0.000496
0.000470
0.000446
0.000423
0.000401
0.000380
0.000360
0.000341
0.000323
0.000306
0.000290
0.000275
0.000260
0.000246
0.000233
0.000220
0.000208
0.000197
0.000186
0.000176
0.000166
0.000157
0.000148
0.000140
0.000132
0.000125
0.000118
0.000111
0.000105
0.000099
0.000094
0.000088
0.000083
0.000078
0.000074
0.000070
0.000066
0.000062
0.000058
0.000055
0.000052
0.000049
0.000046
0.000043
0.000040
0.000038
0.000036
0.000034
0.000032
0.000030
0.000028
0.000026
0.000025
0.000023
0.000022
0.000020
0.000019
0.000018
0.000017
0.000016
0.000015
0.000014
0.000013
0.000012
0.000011
0.000011
0.000010
0.000009
0.000009
0.000008
0.000008
0.000007
0.000007
0.000006
0.000006
0.000005
0.000005
0.000005
0.000004
0.000004
0.000004
0.000004
0.000003
0.000003
0.000003
0.000003
0.000003
0.000002
0.000002
0.000002
0.000002
0.000002
0.000002
0.000002
0.000001
0.000001
0.000001
0.000001
0.000001
0.000001
0.000001
0.000001
0.000001
0.000001
0.000001
0.000001
0.000001
0.000001
0.000001
0.000000
0.000000
0.000000
0.000000
0.000000
0.000000
0.000000
0.000000
0.000000
0.000000
0.000000
0.000000
0.000000
0.000000
0.000000
0.000000
0.000000
0.000000
0.000000
0.000000
0.000000
0.000000
0.000000
0.000000
0.000000
0.000000
0.000000
0.000000
0.000000
0.000000
0.000000
0.000000
0.000000
0.000000
0.000000
0.000000
0.000000
0.000000
0.000000
0.000000
0.000000
0.000000
0.000000
0.000000
0.000000
0.000000
0.000000
0.000000
0.000000
0.000000
0.000000
0.000000
0.000000
0.000000
0.000000
0.000000
0.000000
0.000000
0.000000
0.000000
0.000000
0.000000
0.000000
0.000000
0.000000
0.000000
0.000000
0.000000
0.000000
0.000000
0.000000
0.000000
0.000000
0.000000
0.000000
0.000000
0.000000
0.000000
0.000000
0.000000
0.000000
0.000000
0.000000
0.000000
0.000000
0.000000
0.000000
0.000000
0.000000
0.000000
0.000000
0.000000
0.000000
0.000000
0.000000
0.000000
0.000000
0.000000
0.000000
0.000000
0.000000
0.000000
0.000000
0.000000
0.000000
0.000000
0.000000
0.000000
0.000000
0.000000
0.000000
0.000000
0.000000
0.000000
0.000000
0.000000
0.000000
0.000000
0.000000
0.000000
0.000000
0.000000
0.000000
0.000000
0.000000
0.000000
0.000000
0.000000
0.000000
0.000000
0.000000
0.000000
0.000000
0.000000
0.000000
0.000000
0.000000
0.000000
0.000000
0.000000
0.000000
0.000000
0.000000
0.000000
0.000000
0.000000
0.000000
0.000000
0.000000
0.000000
0.000000
0.000000
0.000000
0.000000
0.000000
0.000000
0.000000
0.000000
0.000000
0.000000
0.000000
0.000000
0.000000
0.000000
0.000000
0.000000
0.000000
0.000000
0.000000
0.000000
0.000000
0.000000
0.000000
0.000000
0.000000
0.000000
0.000000
0.000000
0.000000
0.000000
0.000000
0.000000
0.000000
0.000000
0.000000
0.000000
0.000000
0.000000
0.000000
0.000000
0.000000
0.000000
0.000000
0.000000
0.000000
0.000000
0.000000
0.000000
0.000000
0.000000
0.000000
0.000000
0.000000
0.000000
0.000000
0.000000
0.000000
0.000000
0.000000
0.000000
0.000000
0.000000
0.000000
0.000000
0.000000
0.000000
0.000000
0.000000
0.000000
0.000000
0.000000
0.000000
0.000000
0.000000
0.000000
0.000000
0.000000
0.000000
0.000000
0.000000
0.000000
0.000000
0.000000
0.000000
0.000000
