0.000581
0.001162
0.001745
0.002330
0.002918
0.003508
0.004103
0.004701
0.005306
0.005915
0.006532
0.007154
0.007787
0.008425
0.009075
0.009732
0.010401
0.011080
0.011770
0.012475
0.013189
0.013922
0.014663
0.015424
0.016197
0.016987
0.017796
0.018618
0.019464
0.020322
0.021205
0.022107
0.023026
0.023973
0.024934
0.025924
0.026936
0.027967
0.029032
0.030113
0.031223
0.032365
0.033524
0.034719
0.035941
0.037184
0.038469
0.039777
0.041112
0.042490
0.043891
0.045322
0.046799
0.048299
0.049830
0.051410
0.053016
0.054651
0.056337
0.058057
0.059801
0.061595
0.063434
0.065296
0.067197
0.069154
0.071146
0.073163
0.075231
0.077353
0.079506
0.081687
0.083922
0.086214
0.088540
0.090892
0.093291
0.095753
0.098263
0.100800
0.103367
0.105983
0.108664
0.111399
0.114169
0.116964
0.119791
0.122665
0.125599
0.128595
0.131647
0.134746
0.137886
0.141062
0.144275
0.147526
0.150815
0.154144
0.157514
0.160925
0.164377
0.167869
0.171401
0.174973
0.178583
0.182232
0.185918
0.189641
0.193400
0.197195
0.201024
0.204886
0.208782
0.212709
0.216667
0.220654
0.224671
0.228715
0.232786
0.236882
0.241003
0.245146
0.249312
0.253498
0.257703
0.261926
0.266166
0.270420
0.274689
0.278969
0.283261
0.287561
0.291870
0.296184
0.300503
0.304825
0.309148
0.313470
0.317791
0.322108
0.326419
0.330723
0.335019
0.339303
0.343575
0.347832
0.352074
0.356297
0.360501
0.364683
0.368842
0.372975
0.377082
0.381160
0.385207
0.389221
0.393201
0.397145
0.401051
0.404917
0.408741
0.412523
0.416259
0.419949
0.423591
0.427182
0.430722
0.434209
0.437640
0.441015
0.444332
0.447589
0.450784
0.453918
0.456987
0.459991
0.462929
0.465798
0.468598
0.471328
0.473986
0.476571
0.479083
0.481520
0.483880
0.486165
0.488372
0.490500
0.492550
0.494519
0.496408
0.498217
0.499944
0.501589
0.503151
0.504630
0.506027
0.507341
0.508571
0.509718
0.510782
0.511763
0.512660
0.513473
0.514205
0.514854
0.515421
0.515906
0.516310
0.516634
0.516877
0.517042
0.517128
0.517136
0.517068
0.516924
0.516706
0.516414
0.516050
0.515615
0.515110
0.514536
0.513896
0.513190
0.512419
0.511586
0.510691
0.509738
0.508726
0.507658
0.506536
0.505361
0.504136
0.502864
0.501544
0.500180
0.498774
0.497327
0.495840
0.494319
0.492763
0.491174
0.489557
0.487912
0.486241
0.484548
0.482833
0.481100
0.479351
0.477588
0.475812
0.474029
0.472236
0.470440
0.468641
0.466843
0.465046
0.463254
0.461468
0.459691
0.457924
0.456172
0.454434
0.452715
0.451015
0.449336
0.447681
0.446052
0.444452
0.442881
0.441341
0.439835
0.438364
0.436929
0.435535
0.434181
0.432869
0.431601
0.430378
0.429202
0.428074
0.426994
0.425967
0.424992
0.424069
0.423200
0.422387
0.421631
0.420931
0.420289
0.419707
0.419184
0.418720
0.418318
0.417977
0.417697
0.417480
0.417324
0.417230
0.417198
0.417229
0.417323
0.417479
0.417698
0.417978
0.418318
0.418721
0.419184
0.419707
0.420290
0.420931
0.421631
0.422388
0.423201
0.424069
0.424992
0.425968
0.426994
0.428073
0.429201
0.430377
0.431600
0.432868
0.434180
0.435534
0.436928
0.438361
0.439832
0.441338
0.442878
0.444449
0.446050
0.447678
0.449333
0.451011
0.452712
0.454431
0.456169
0.457923
0.459689
0.461466
0.463252
0.465045
0.466841
0.468640
0.470439
0.472235
0.474026
0.475810
0.477585
0.479348
0.481098
0.482831
0.484546
0.486240
0.487911
0.489556
0.491173
0.492762
0.494318
0.495840
0.497326
0.498773
0.500180
0.501545
0.502864
0.504137
0.505362
0.506536
0.507657
0.508725
0.509736
0.510689
0.511585
0.512418
0.513189
0.513896
0.514537
0.515110
0.515615
0.516051
0.516415
0.516707
0.516925
0.517069
0.517137
0.517129
0.517043
0.516878
0.516635
0.516311
0.515908
0.515422
0.514856
0.514207
0.513476
0.512662
0.511765
0.510785
0.509722
0.508575
0.507345
0.506031
0.504634
0.503155
0.501593
0.499948
0.498221
0.496412
0.494523
0.492553
0.490504
0.488375
0.486168
0.483884
0.481524
0.479087
0.476575
0.473989
0.471331
0.468601
0.465800
0.462931
0.459993
0.456989
0.453920
0.450786
0.447590
0.444333
0.441016
0.437642
0.434210
0.430724
0.427184
0.423592
0.419951
0.416260
0.412524
0.408742
0.404918
0.401052
0.397146
0.393202
0.389221
0.385207
0.381161
0.377083
0.372977
0.368843
0.364685
0.360503
0.356299
0.352075
0.347834
0.343576
0.339305
0.335020
0.330725
0.326422
0.322111
0.317794
0.313474
0.309152
0.304829
0.300507
0.296188
0.291874
0.287565
0.283265
0.278974
0.274693
0.270425
0.266171
0.261932
0.257709
0.253503
0.249317
0.245152
0.241008
0.236888
0.232792
0.228721
0.224677
0.220660
0.216673
0.212715
0.208788
0.204892
0.201030
0.197201
0.193407
0.189648
0.185924
0.182238
0.178589
0.174979
0.171407
0.167875
0.164383
0.160931
0.157521
0.154152
0.150825
0.147541
0.144299
0.141101
0.137945
0.134834
0.131766
0.128742
0.125763
0.122828
0.119938
0.117092
0.114291
0.111535
0.108824
0.106157
0.103535
0.100958
0.098425
0.095936
0.093492
0.091092
0.088736
0.086423
0.084154
0.081928
0.079745
0.077605
0.075507
0.073451
0.071437
0.069464
0.067533
0.065642
0.063790
0.061979
0.060208
0.058475
0.056780
0.055124
0.053506
0.051924
0.050379
0.048871
0.047398
0.045960
0.044557
0.043189
0.041854
0.040552
0.039282
0.038045
0.036840
0.035665
0.034521
0.033407
0.032323
0.031267
0.030240
0.029241
0.028269
0.027324
0.026406
0.025513
0.024645
0.023802
0.022984
0.022189
0.021417
0.020668
0.019941
0.019236
0.018552
0.017889
0.017246
0.016623
0.016019
0.015434
0.014868
0.014319
0.013788
0.013274
0.012777
0.012295
0.011830
0.011380
0.010944
0.010524
0.010117
0.009724
0.009345
0.008979
0.008625
0.008283
0.007954
0.007636
0.007329
0.007033
0.006748
0.006473
0.006208
0.005953
0.005707
0.005470
0.005242
0.005022
0.004811
0.004607
0.004412
0.004224
0.004043
0.003869
0.003701
0.003541
0.003386
0.003238
0.003095
0.002959
0.002827
0.002701
0.002580
0.002464
0.002353
0.002246
0.002144
0.002046
0.001952
0.001862
0.001776
0.001693
0.001614
0.001539
0.001466
0.001397
0.001331
0.001267
0.001207
0.001149
0.001094
0.001041
0.000990
0.000942
0.000896
0.000852
0.000810
0.000770
0.000731
0.000695
0.000660
0.000627
0.000595
0.000565
0.000536
0.000509
0.000483
0.000458
0.000434
0.000412
0.000390
0.000370
0.000351
0.000332
0.000315
0.000298
0.000282
0.000267
0.000253
0.000239
0.000226
0.000214
0.000203
0.000192
0.000181
0.000171
0.000162
0.000153
0.000144
0.000136
0.000129
0.000121
0.000115
0.000108
0.000102
0.000096
0.000091
0.000086
0.000081
0.000076
0.000072
0.000068
0.000064
0.000060
0.000056
0.000053
0.000050
0.000047
0.000044
0.000042
0.000039
0.000037
0.000035
0.000033
0.000031
0.000029
0.000027
0.000025
0.000024
0.000022
0.000021
0.000020
0.000018
0.000017
0.000016
0.000015
0.000014
0.000013
0.000013
0.000012
0.000011
0.000010
0.000010
0.000009
0.000008
0.000008
0.000007
0.000007
0.000006
0.000006
0.000006
0.000005
0.000005
0.000005
0.000004
0.000004
0.000004
0.000004
0.000003
0.000003
0.000003
0.000003
0.000002
0.000002
0.000002
0.000002
0.000002
0.000002
0.000002
0.000002
0.000001
0.000001
0.000001
0.000001
0.000001
0.000001
0.000001
0.000001
0.000001
0.000001
0.000001
0.000001
0.000001
0.000001
0.000001
0.000000
0.000000
0.000000
0.000000
0.000000
0.000000
0.000000
0.000000
0.000000
0.000000
0.000000
0.000000
0.000000
0.000000
0.000000
0.000000
0.000000
0.000000
0.000000
0.000000
0.000000
0.000000
0.000000
0.000000
0.000000
0.000000
0.000000
0.000000
0.000000
0.000000
0.000000
0.000000
0.000000
0.000000
0.000000
0.000000
0.000000
0.000000
0.000000
0.000000
0.000000
0.000000
0.000000
0.000000
0.000000
0.000000
0.000000
0.000000
0.000000
0.000000
0.000000
0.000000
0.000000
0.000000
0.000000
0.000000
0.000000
0.000000
0.000000
0.000000
0.000000
0.000000
0.000000
0.000000
0.000000
0.000000
0.000000
0.000000
0.000000
0.000000
0.000000
0.000000
0.000000
0.000000
0.000000
0.000000
0.000000
0.000000
0.000000
0.000000
0.000000
0.000000
0.000000
0.000000
0.000000
0.000000
0.000000
0.000000
0.000000
0.000000
0.000000
0.000000
0.000000
0.000000
0.000000
0.000000
0.000000
0.000000
0.000000
0.000000
0.000000
0.000000
0.000000
0.000000
0.000000
0.000000
0.000000
0.000000
0.000000
0.000000
0.000000
0.000000
0.000000
0.000000
0.000000
0.000000
0.000000
0.000000
0.000000
0.000000
0.000000
0.000000
0.000000
0.000000
0.000000
0.000000
0.000000
0.000000
0.000000
0.000000
0.000000
0.000000
0.000000
0.000000
0.000000
0.000000
0.000000
0.000000
0.000000
0.000000
0.000000
0.000000
0.000000
0.000000
0.000000
0.000000
0.000000
0.000000
0.000000
0.000000
0.000000
0.000000
0.000000
0.000000
0.000000
0.000000
0.000000
0.000000
0.000000
0.000000
0.000000
0.000000
0.000000
0.000000
0.000000
0.000000
0.000000
0.000000
0.000000
0.000000
0.000000
0.000000
0.000000
0.000000
0.000000
0.000000
0.000000
0.000000
0.000000
0.000000
0.000000
0.000000
0.000000
0.000000
0.000000
0.000000
0.000000
0.000000
0.000000
0.000000
0.000000
0.000000
0.000000
0.000000
0.000000
0.000000
0.000000
0.000000
0.000000
0.000000
0.000000
0.000000
0.000000
0.000000
0.000000
0.000000
0.000000
0.000000
0.000000
0.000000
0.000000
0.000000
0.000000
0.000000
0.000000
0.000000
0.000000
0.000000
0.000000
0.000000
0.000000
0.000000
0.000000
0.000000
0.000000
0.000000
0.000000
0.000000
0.000000
0.000000
0.000000
0.000000
0.000000
0.000000
