0.000592
0.001184
0.001778
0.002373
0.002971
0.003572
0.004178
0.004787
0.005403
0.006023
0.006651
0.007285
0.007928
0.008578
0.009238
0.009908
0.010587
0.011280
0.011980
0.012698
0.013424
0.014167
0.014923
0.015694
0.016482
0.017283
0.018107
0.018941
0.019799
0.020674
0.021567
0.022486
0.023417
0.024378
0.025357
0.026357
0.027387
0.028433
0.029510
0.030612
0.031733
0.032892
0.034069
0.035275
0.036518
0.037779
0.039075
0.040407
0.041757
0.043149
0.044574
0.046020
0.047511
0.049037
0.050584
0.052178
0.053810
0.055464
0.057163
0.058908
0.060676
0.062482
0.064341
0.066232
0.068150
0.070122
0.072140
0.074184
0.076265
0.078405
0.080588
0.082794
0.085043
0.087352
0.089708
0.092089
0.094505
0.096980
0.099513
0.102082
0.104676
0.107310
0.110003
0.112758
0.115557
0.118384
0.121238
0.124131
0.127078
0.130088
0.133157
0.136277
0.139441
0.142643
0.145880
0.149154
0.152466
0.155817
0.159209
0.162640
0.166112
0.169624
0.173176
0.176766
0.180396
0.184063
0.187767
0.191508
0.195284
0.199096
0.202941
0.206820
0.210731
0.214673
0.218645
0.222646
0.226676
0.230733
0.234816
0.238924
0.243055
0.247209
0.251384
0.255579
0.259792
0.264023
0.268269
0.272530
0.276803
0.281088
0.285383
0.289687
0.293997
0.298312
0.302631
0.306952
0.311274
0.315594
0.319911
0.324223
0.328529
0.332827
0.337115
0.341391
0.345654
0.349901
0.354131
0.358342
0.362533
0.366701
0.370844
0.374961
0.379051
0.383110
0.387137
0.391131
0.395089
0.399011
0.402893
0.406734
0.410533
0.414288
0.417997
0.421658
0.425269
0.428830
0.432338
0.435792
0.439189
0.442529
0.445810
0.449030
0.452188
0.455283
0.458313
0.461277
0.464172
0.467000
0.469757
0.472442
0.475055
0.477595
0.480060
0.482450
0.484763
0.486998
0.489155
0.491234
0.493232
0.495150
0.496987
0.498743
0.500417
0.502007
0.503515
0.504940
0.506281
0.507539
0.508713
0.509803
0.510809
0.511733
0.512571
0.513327
0.514000
0.514590
0.515098
0.515524
0.515869
0.516133
0.516317
0.516422
0.516447
0.516396
0.516268
0.516064
0.515786
0.515434
0.515011
0.514516
0.513952
0.513318
0.512619
0.511854
0.511025
0.510134
0.509180
0.508169
0.507100
0.505975
0.504796
0.503565
0.502285
0.500957
0.499583
0.498164
0.496704
0.495203
0.493664
0.492090
0.490482
0.488843
0.487175
0.485480
0.483760
0.482018
0.480256
0.478475
0.476680
0.474872
0.473051
0.471223
0.469387
0.467548
0.465707
0.463867
0.462031
0.460199
0.458374
0.456560
0.454756
0.452968
0.451195
0.449441
0.447708
0.445997
0.444310
0.442650
0.441020
0.439420
0.437852
0.436318
0.434821
0.433362
0.431943
0.430565
0.429231
0.427942
0.426698
0.425502
0.424355
0.423258
0.422213
0.421222
0.420285
0.419402
0.418576
0.417807
0.417097
0.416445
0.415853
0.415322
0.414851
0.414442
0.414096
0.413812
0.413591
0.413433
0.413338
0.413306
0.413337
0.413432
0.413591
0.413812
0.414097
0.414443
0.414852
0.415322
0.415854
0.416445
0.417097
0.417808
0.418577
0.419403
0.420285
0.421222
0.422214
0.423258
0.424354
0.425501
0.426696
0.427940
0.429230
0.430565
0.431942
0.433361
0.434819
0.436316
0.437849
0.439417
0.441017
0.442648
0.444307
0.445993
0.447704
0.449438
0.451192
0.452965
0.454755
0.456558
0.458373
0.460197
0.462030
0.463866
0.465706
0.467546
0.469386
0.471220
0.473049
0.474869
0.476678
0.478473
0.480253
0.482016
0.483759
0.485479
0.487174
0.488842
0.490481
0.492090
0.493664
0.495203
0.496703
0.498164
0.499583
0.500957
0.502285
0.503566
0.504797
0.505974
0.507099
0.508168
0.509179
0.510132
0.511024
0.511854
0.512619
0.513319
0.513952
0.514516
0.515012
0.515435
0.515787
0.516065
0.516269
0.516397
0.516449
0.516422
0.516318
0.516134
0.515870
0.515525
0.515099
0.514592
0.514002
0.513329
0.512574
0.511735
0.510813
0.509806
0.508716
0.507542
0.506284
0.504943
0.503519
0.502011
0.500421
0.498747
0.496991
0.495154
0.493236
0.491237
0.489159
0.487002
0.484766
0.482453
0.480064
0.477598
0.475059
0.472445
0.469759
0.467002
0.464175
0.461279
0.458315
0.455285
0.452191
0.449032
0.445811
0.442530
0.439191
0.435793
0.432340
0.428832
0.425271
0.421659
0.417998
0.414289
0.410534
0.406735
0.402894
0.399012
0.395090
0.391132
0.387138
0.383111
0.379052
0.374962
0.370845
0.366702
0.362535
0.358344
0.354133
0.349902
0.345655
0.341393
0.337117
0.332829
0.328531
0.324226
0.319914
0.315597
0.311277
0.306956
0.302635
0.298316
0.294001
0.289691
0.285387
0.281093
0.276808
0.272535
0.268274
0.264028
0.259798
0.255585
0.251390
0.247215
0.243061
0.238930
0.234822
0.230739
0.226682
0.222652
0.218651
0.214678
0.210737
0.206826
0.202947
0.199102
0.195291
0.191515
0.187774
0.184069
0.180402
0.176773
0.173182
0.169630
0.166118
0.162647
0.159216
0.155826
0.152479
0.149173
0.145911
0.142691
0.139514
0.136381
0.133291
0.130246
0.127244
0.124287
0.121375
0.118507
0.115684
0.112906
0.110172
0.107483
0.104839
0.102239
0.099684
0.097174
0.094707
0.092285
0.089907
0.087573
0.085282
0.083035
0.080830
0.078669
0.076550
0.074473
0.072438
0.070445
0.068493
0.066581
0.064710
0.062879
0.061088
0.059336
0.057622
0.055947
0.054310
0.052710
0.051147
0.049620
0.048130
0.046675
0.045254
0.043869
0.042517
0.041198
0.039913
0.038660
0.037438
0.036248
0.035089
0.033960
0.032861
0.031791
0.030750
0.029737
0.028752
0.027793
0.026862
0.025956
0.025076
0.024221
0.023390
0.022583
0.021800
0.021040
0.020302
0.019586
0.018891
0.018218
0.017565
0.016932
0.016319
0.015725
0.015149
0.014591
0.014051
0.013529
0.013023
0.012534
0.012061
0.011603
0.011160
0.010732
0.010319
0.009919
0.009533
0.009160
0.008800
0.008452
0.008117
0.007793
0.007481
0.007180
0.006889
0.006609
0.006339
0.006079
0.005829
0.005587
0.005355
0.005131
0.004916
0.004708
0.004509
0.004317
0.004132
0.003955
0.003784
0.003620
0.003463
0.003311
0.003166
0.003026
0.002892
0.002764
0.002640
0.002522
0.002408
0.002299
0.002195
0.002095
0.001999
0.001907
0.001819
0.001734
0.001654
0.001576
0.001502
0.001431
0.001364
0.001299
0.001237
0.001178
0.001121
0.001067
0.001015
0.000966
0.000918
0.000873
0.000830
0.000789
0.000750
0.000713
0.000677
0.000643
0.000611
0.000580
0.000550
0.000522
0.000496
0.000470
0.000446
0.000423
0.000401
0.000380
0.000360
0.000341
0.000323
0.000306
0.000290
0.000275
0.000260
0.000246
0.000233
0.000220
0.000208
0.000197
0.000186
0.000176
0.000166
0.000157
0.000148
0.000140
0.000132
0.000125
0.000118
0.000111
0.000105
0.000099
0.000094
0.000088
0.000083
0.000078
0.000074
0.000070
0.000066
0.000062
0.000058
0.000055
0.000052
0.000049
0.000046
0.000043
0.000040
0.000038
0.000036
0.000034
0.000032
0.000030
0.000028
0.000026
0.000025
0.000023
0.000022
0.000020
0.000019
0.000018
0.000017
0.000016
0.000015
0.000014
0.000013
0.000012
0.000011
0.000011
0.000010
0.000009
0.000009
0.000008
0.000008
0.000007
0.000007
0.000006
0.000006
0.000005
0.000005
0.000005
0.000004
0.000004
0.000004
0.000004
0.000003
0.000003
0.000003
0.000003
0.000003
0.000002
0.000002
0.000002
0.000002
0.000002
0.000002
0.000002
0.000001
0.000001
0.000001
0.000001
0.000001
0.000001
0.000001
0.000001
0.000001
0.000001
0.000001
0.000001
0.000001
0.000001
0.000001
0.000000
0.000000
0.000000
0.000000
0.000000
0.000000
0.000000
0.000000
0.000000
0.000000
0.000000
0.000000
0.000000
0.000000
0.000000
0.000000
0.000000
0.000000
0.000000
0.000000
0.000000
0.000000
0.000000
0.000000
0.000000
0.000000
0.000000
0.000000
0.000000
0.000000
0.000000
0.000000
0.000000
0.000000
0.000000
0.000000
0.000000
0.000000
0.000000
0.000000
0.000000
0.000000
0.000000
0.000000
0.000000
0.000000
0.000000
0.000000
0.000000
0.000000
0.000000
0.000000
0.000000
0.000000
0.000000
0.000000
0.000000
0.000000
0.000000
0.000000
0.000000
0.000000
0.000000
0.000000
0.000000
0.000000
0.000000
0.000000
0.000000
0.000000
0.000000
0.000000
0.000000
0.000000
0.000000
0.000000
0.000000
0.000000
0.000000
0.000000
0.000000
0.000000
0.000000
0.000000
0.000000
0.000000
0.000000
0.000000
0.000000
0.000000
0.000000
0.000000
0.000000
0.000000
0.000000
0.000000
0.000000
0.000000
0.000000
0.000000
0.000000
0.000000
0.000000
0.000000
0.000000
0.000000
0.000000
0.000000
0.000000
0.000000
0.000000
0.000000
0.000000
0.000000
0.000000
0.000000
0.000000
0.000000
0.000000
0.000000
0.000000
0.000000
0.000000
0.000000
0.000000
0.000000
0.000000
0.000000
0.000000
0.000000
0.000000
0.000000
0.000000
0.000000
0.000000
0.000000
0.000000
0.000000
0.000000
0.000000
0.000000
0.000000
0.000000
0.000000
0.000000
0.000000
0.000000
0.000000
0.000000
0.000000
0.000000
0.000000
0.000000
0.000000
0.000000
0.000000
0.000000
0.000000
0.000000
0.000000
0.000000
0.000000
0.000000
0.000000
0.000000
0.000000
0.000000
0.000000
0.000000
0.000000
0.000000
0.000000
0.000000
0.000000
0.000000
0.000000
0.000000
0.000000
0.000000
0.000000
0.000000
0.000000
0.000000
0.000000
0.000000
0.000000
0.000000
0.000000
0.000000
0.000000
0.000000
0.000000
0.000000
0.000000
0.000000
0.000000
0.000000
0.000000
0.000000
0.000000
0.000000
0.000000
0.000000
0.000000
0.000000
0.000000
0.000000
0.000000
0.000000
0.000000
0.000000
0.000000
0.000000
0.000000
0.000000
0.000000
0.000000
0.000000
0.000000
0.000000
0.000000
0.000000
0.000000
0.000000
0.000000
0.000000
0.000000
0.000000
0.000000
0.000000
0.000000
0.000000
0.000000
0.000000
