0.000602
0.001205
0.001810
0.002416
0.003025
0.003637
0.004254
0.004875
0.005501
0.006133
0.006771
0.007417
0.008070
0.008734
0.009403
0.010086
0.010776
0.011481
0.012194
0.012923
0.013663
0.014416
0.015187
0.015968
0.016771
0.017585
0.018420
0.019271
0.020139
0.021031
0.021935
0.022868
0.023816
0.024787
0.025784
0.026797
0.027842
0.028906
0.029994
0.031115
0.032252
0.033423
0.034622
0.035841
0.037100
0.038382
0.039691
0.041041
0.042413
0.043816
0.045262
0.046730
0.048233
0.049780
0.051350
0.052956
0.054610
0.056289
0.058000
0.059764
0.061560
0.063382
0.065257
0.067175
0.069116
0.071100
0.073141
0.075214
0.077314
0.079468
0.081675
0.083912
0.086179
0.088502
0.090882
0.093294
0.095733
0.098221
0.100772
0.103370
0.105995
0.108651
0.111357
0.114128
0.116952
0.119810
0.122694
0.125610
0.128573
0.131596
0.134680
0.137819
0.141006
0.144232
0.147494
0.150793
0.154128
0.157501
0.160913
0.164365
0.167857
0.171389
0.174960
0.178570
0.182218
0.185903
0.189626
0.193384
0.197177
0.201005
0.204867
0.208761
0.212687
0.216644
0.220630
0.224646
0.228688
0.232758
0.236853
0.240972
0.245114
0.249278
0.253462
0.257665
0.261886
0.266124
0.270376
0.274643
0.278921
0.283210
0.287508
0.291813
0.296125
0.300441
0.304760
0.309080
0.313399
0.317716
0.322029
0.326337
0.330637
0.334928
0.339209
0.343476
0.347729
0.351965
0.356184
0.360382
0.364559
0.368712
0.372840
0.376940
0.381012
0.385052
0.389059
0.393032
0.396969
0.400867
0.404725
0.408541
0.412314
0.416041
0.419722
0.423353
0.426935
0.430465
0.433940
0.437361
0.440724
0.444029
0.447273
0.450457
0.453576
0.456632
0.459622
0.462545
0.465399
0.468184
0.470897
0.473538
0.476106
0.478600
0.481018
0.483360
0.485625
0.487812
0.489919
0.491947
0.493895
0.495761
0.497546
0.499249
0.500868
0.502405
0.503858
0.505228
0.506514
0.507716
0.508833
0.509866
0.510816
0.511681
0.512462
0.513160
0.513774
0.514306
0.514755
0.515122
0.515408
0.515612
0.515736
0.515781
0.515747
0.515637
0.515449
0.515185
0.514848
0.514436
0.513954
0.513399
0.512776
0.512084
0.511326
0.510503
0.509615
0.508665
0.507655
0.506586
0.505460
0.504279
0.503044
0.501757
0.500422
0.499038
0.497610
0.496138
0.494624
0.493070
0.491479
0.489853
0.488194
0.486505
0.484786
0.483042
0.481274
0.479483
0.477674
0.475847
0.474006
0.472152
0.470287
0.468415
0.466537
0.464655
0.462774
0.460893
0.459017
0.457147
0.455284
0.453431
0.451592
0.449768
0.447961
0.446173
0.444407
0.442663
0.440945
0.439256
0.437596
0.435967
0.434371
0.432811
0.431288
0.429804
0.428361
0.426961
0.425604
0.424294
0.423029
0.421814
0.420648
0.419535
0.418473
0.417466
0.416514
0.415618
0.414779
0.413998
0.413277
0.412616
0.412014
0.411475
0.410998
0.410582
0.410231
0.409943
0.409718
0.409558
0.409461
0.409429
0.409460
0.409557
0.409719
0.409943
0.410231
0.410583
0.410998
0.411475
0.412015
0.412616
0.413277
0.413999
0.414780
0.415619
0.416514
0.417466
0.418473
0.419534
0.420648
0.421813
0.423028
0.424292
0.425603
0.426960
0.428360
0.429803
0.431286
0.432809
0.434369
0.435964
0.437593
0.439252
0.440943
0.442660
0.444403
0.446170
0.447958
0.449766
0.451590
0.453430
0.455282
0.457145
0.459016
0.460892
0.462773
0.464654
0.466535
0.468413
0.470285
0.472149
0.474003
0.475845
0.477672
0.479482
0.481272
0.483041
0.484785
0.486503
0.488193
0.489852
0.491478
0.493069
0.494623
0.496137
0.497610
0.499039
0.500422
0.501758
0.503044
0.504278
0.505459
0.506585
0.507653
0.508664
0.509614
0.510502
0.511326
0.512085
0.512777
0.513400
0.513954
0.514438
0.514848
0.515187
0.515450
0.515638
0.515749
0.515782
0.515737
0.515613
0.515408
0.515123
0.514756
0.514307
0.513776
0.513162
0.512464
0.511684
0.510819
0.509870
0.508836
0.507719
0.506517
0.505231
0.503862
0.502409
0.500873
0.499252
0.497550
0.495765
0.493898
0.491951
0.489923
0.487815
0.485628
0.483364
0.481022
0.478604
0.476110
0.473542
0.470900
0.468186
0.465401
0.462547
0.459624
0.456634
0.453579
0.450458
0.447274
0.444030
0.440725
0.437362
0.433942
0.430467
0.426937
0.423355
0.419723
0.416042
0.412315
0.408542
0.404726
0.400868
0.396970
0.393033
0.389060
0.385053
0.381013
0.376941
0.372841
0.368714
0.364561
0.360384
0.356185
0.351967
0.347730
0.343478
0.339210
0.334930
0.330639
0.326340
0.322032
0.317719
0.313402
0.309083
0.304764
0.300445
0.296129
0.291818
0.287512
0.283214
0.278925
0.274647
0.270382
0.266129
0.261892
0.257671
0.253467
0.249283
0.245120
0.240978
0.236859
0.232764
0.228694
0.224652
0.220636
0.216650
0.212693
0.208767
0.204873
0.201012
0.197184
0.193390
0.189632
0.185910
0.182224
0.178576
0.174966
0.171395
0.167864
0.164372
0.160921
0.157511
0.154143
0.150817
0.147533
0.144292
0.141093
0.137938
0.134827
0.131760
0.128737
0.125758
0.122823
0.119933
0.117088
0.114287
0.111531
0.108820
0.106154
0.103532
0.100955
0.098422
0.095934
0.093490
0.091090
0.088733
0.086421
0.084152
0.081926
0.079743
0.077603
0.075506
0.073450
0.071436
0.069463
0.067531
0.065640
0.063789
0.061978
0.060207
0.058474
0.056780
0.055123
0.053505
0.051924
0.050379
0.048870
0.047397
0.045960
0.044557
0.043188
0.041853
0.040551
0.039282
0.038045
0.036839
0.035665
0.034521
0.033407
0.032323
0.031267
0.030240
0.029241
0.028269
0.027324
0.026405
0.025513
0.024645
0.023802
0.022983
0.022189
0.021417
0.020668
0.019941
0.019236
0.018552
0.017889
0.017246
0.016623
0.016019
0.015434
0.014868
0.014319
0.013788
0.013274
0.012776
0.012295
0.011830
0.011380
0.010944
0.010524
0.010117
0.009724
0.009345
0.008978
0.008625
0.008283
0.007954
0.007636
0.007329
0.007033
0.006748
0.006473
0.006208
0.005953
0.005707
0.005470
0.005242
0.005022
0.004811
0.004607
0.004412
0.004224
0.004043
0.003869
0.003701
0.003541
0.003386
0.003238
0.003095
0.002959
0.002827
0.002701
0.002580
0.002464
0.002353
0.002246
0.002144
0.002046
0.001952
0.001862
0.001776
0.001693
0.001614
0.001539
0.001466
0.001397
0.001331
0.001267
0.001207
0.001149
0.001094
0.001041
0.000990
0.000942
0.000896
0.000852
0.000810
0.000770
0.000731
0.000695
0.000660
0.000627
0.000595
0.000565
0.000536
0.000509
0.000483
0.000458
0.000434
0.000412
0.000390
0.000370
0.000351
0.000332
0.000315
0.000298
0.000282
0.000267
0.000253
0.000239
0.000226
0.000214
0.000203
0.000192
0.000181
0.000171
0.000162
0.000153
0.000144
0.000136
0.000129
0.000121
0.000115
0.000108
0.000102
0.000096
0.000091
0.000086
0.000081
0.000076
0.000072
0.000068
0.000064
0.000060
0.000056
0.000053
0.000050
0.000047
0.000044
0.000042
0.000039
0.000037
0.000035
0.000033
0.000031
0.000029
0.000027
0.000025
0.000024
0.000022
0.000021
0.000020
0.000018
0.000017
0.000016
0.000015
0.000014
0.000013
0.000013
0.000012
0.000011
0.000010
0.000010
0.000009
0.000008
0.000008
0.000007
0.000007
0.000006
0.000006
0.000006
0.000005
0.000005
0.000005
0.000004
0.000004
0.000004
0.000004
0.000003
0.000003
0.000003
0.000003
0.000002
0.000002
0.000002
0.000002
0.000002
0.000002
0.000002
0.000002
0.000001
0.000001
0.000001
0.000001
0.000001
0.000001
0.000001
0.000001
0.000001
0.000001
0.000001
0.000001
0.000001
0.000001
0.000001
0.000000
0.000000
0.000000
0.000000
0.000000
0.000000
0.000000
0.000000
0.000000
0.000000
0.000000
0.000000
0.000000
0.000000
0.000000
0.000000
0.000000
0.000000
0.000000
0.000000
0.000000
0.000000
0.000000
0.000000
0.000000
0.000000
0.000000
0.000000
0.000000
0.000000
0.000000
0.000000
0.000000
0.000000
0.000000
0.000000
0.000000
0.000000
0.000000
0.000000
0.000000
0.000000
0.000000
0.000000
0.000000
0.000000
0.000000
0.000000
0.000000
0.000000
0.000000
0.000000
0.000000
0.000000
0.000000
0.000000
0.000000
0.000000
0.000000
0.000000
0.000000
0.000000
0.000000
0.000000
0.000000
0.000000
0.000000
0.000000
0.000000
0.000000
0.000000
0.000000
0.000000
0.000000
0.000000
0.000000
0.000000
0.000000
0.000000
0.000000
0.000000
0.000000
0.000000
0.000000
0.000000
0.000000
0.000000
0.000000
0.000000
0.000000
0.000000
0.000000
0.000000
0.000000
0.000000
0.000000
0.000000
0.000000
0.000000
0.000000
0.000000
0.000000
0.000000
0.000000
0.000000
0.000000
0.000000
0.000000
0.000000
0.000000
0.000000
0.000000
0.000000
0.000000
0.000000
0.000000
0.000000
0.000000
0.000000
0.000000
0.000000
0.000000
0.000000
0.000000
0.000000
0.000000
0.000000
0.000000
0.000000
0.000000
0.000000
0.000000
0.000000
0.000000
0.000000
0.000000
0.000000
0.000000
0.000000
0.000000
0.000000
0.000000
0.000000
0.000000
0.000000
0.000000
0.000000
0.000000
0.000000
0.000000
0.000000
0.000000
0.000000
0.000000
0.000000
0.000000
0.000000
0.000000
0.000000
0.000000
0.000000
0.000000
0.000000
0.000000
0.000000
0.000000
0.000000
0.000000
0.000000
0.000000
0.000000
0.000000
0.000000
0.000000
0.000000
0.000000
0.000000
0.000000
0.000000
0.000000
0.000000
0.000000
0.000000
0.000000
0.000000
0.000000
0.000000
0.000000
0.000000
0.000000
0.000000
0.000000
0.000000
0.000000
0.000000
0.000000
0.000000
0.000000
0.000000
0.000000
0.000000
0.000000
0.000000
0.000000
0.000000
0.000000
0.000000
0.000000
0.000000
0.000000
0.000000
0.000000
0.000000
0.000000
0.000000
0.000000
0.000000
0.000000
0.000000
0.000000
0.000000
0.000000
0.000000
0.000000
0.000000
0.000000
0.000000
0.000000
0.000000
0.000000
0.000000
0.000000
0.000000
