0.000613
0.001228
0.001843
0.002460
0.003080
0.003704
0.004331
0.004964
0.005600
0.006244
0.006893
0.007552
0.008215
0.008891
0.009572
0.010267
0.010970
0.011685
0.012412
0.013150
0.013905
0.014670
0.015454
0.016248
0.017062
0.017892
0.018737
0.019604
0.020484
0.021390
0.022310
0.023253
0.024220
0.025203
0.026216
0.027245
0.028301
0.029385
0.030486
0.031622
0.032779
0.033961
0.035180
0.036417
0.037687
0.038992
0.040316
0.041680
0.043076
0.044494
0.045956
0.047448
0.048965
0.050529
0.052125
0.053746
0.055415
0.057121
0.058851
0.060629
0.062450
0.064295
0.066183
0.068123
0.070093
0.072093
0.074149
0.076251
0.078376
0.080543
0.082770
0.085037
0.087329
0.089666
0.092063
0.094506
0.096973
0.099478
0.102043
0.104665
0.107322
0.110004
0.112728
0.115511
0.118355
0.121243
0.124159
0.127101
0.130083
0.133119
0.136217
0.139373
0.142580
0.145830
0.149117
0.152440
0.155799
0.159194
0.162628
0.166101
0.169612
0.173164
0.176754
0.180383
0.184049
0.187753
0.191493
0.195268
0.199079
0.202923
0.206801
0.210711
0.214652
0.218623
0.222623
0.226652
0.230707
0.234789
0.238895
0.243025
0.247177
0.251351
0.255544
0.259756
0.263984
0.268228
0.272487
0.276758
0.281041
0.285334
0.289634
0.293942
0.298255
0.302571
0.306889
0.311207
0.315524
0.319838
0.324147
0.328449
0.332743
0.337027
0.341299
0.345557
0.349800
0.354025
0.358232
0.362417
0.366579
0.370717
0.374829
0.378912
0.382965
0.386986
0.390973
0.394924
0.398838
0.402713
0.406546
0.410337
0.414084
0.417783
0.421435
0.425037
0.428588
0.432086
0.435529
0.438916
0.442245
0.445513
0.448721
0.451867
0.454948
0.457965
0.460915
0.463796
0.466608
0.469350
0.472019
0.474616
0.477139
0.479587
0.481958
0.484252
0.486468
0.488606
0.490664
0.492641
0.494537
0.496352
0.498084
0.499734
0.501300
0.502782
0.504181
0.505496
0.506726
0.507872
0.508932
0.509909
0.510802
0.511609
0.512332
0.512972
0.513528
0.514001
0.514391
0.514699
0.514926
0.515070
0.515136
0.515121
0.515028
0.514858
0.514611
0.514288
0.513891
0.513421
0.512879
0.512266
0.511583
0.510833
0.510017
0.509135
0.508190
0.507182
0.506115
0.504989
0.503807
0.502569
0.501279
0.499937
0.498546
0.497108
0.495626
0.494101
0.492534
0.490927
0.489285
0.487608
0.485898
0.484159
0.482391
0.480598
0.478781
0.476944
0.475088
0.473215
0.471329
0.469430
0.467522
0.465606
0.463686
0.461763
0.459841
0.457920
0.456005
0.454096
0.452196
0.450307
0.448432
0.446572
0.444731
0.442910
0.441111
0.439336
0.437588
0.435869
0.434179
0.432522
0.430900
0.429313
0.427765
0.426257
0.424790
0.423367
0.421989
0.420657
0.419373
0.418139
0.416955
0.415824
0.414747
0.413724
0.412758
0.411848
0.410997
0.410204
0.409473
0.408801
0.408191
0.407644
0.407160
0.406739
0.406382
0.406089
0.405862
0.405698
0.405601
0.405568
0.405600
0.405698
0.405862
0.406089
0.406381
0.406739
0.407160
0.407645
0.408192
0.408801
0.409473
0.410205
0.410997
0.411849
0.412758
0.413724
0.414746
0.415824
0.416954
0.418138
0.419372
0.420656
0.421988
0.423366
0.424789
0.426255
0.427764
0.429311
0.430897
0.432519
0.434176
0.435865
0.437585
0.439333
0.441108
0.442906
0.444728
0.446570
0.448430
0.450305
0.452194
0.454094
0.456003
0.457919
0.459839
0.461762
0.463684
0.465605
0.467520
0.469427
0.471326
0.473213
0.475086
0.476942
0.478780
0.480596
0.482389
0.484158
0.485897
0.487607
0.489284
0.490927
0.492533
0.494100
0.495625
0.497108
0.498546
0.499937
0.501279
0.502569
0.503806
0.504988
0.506114
0.507181
0.508189
0.509134
0.510016
0.510833
0.511584
0.512267
0.512879
0.513422
0.513892
0.514290
0.514612
0.514859
0.515030
0.515123
0.515137
0.515072
0.514926
0.514700
0.514392
0.514002
0.513529
0.512974
0.512334
0.511611
0.510804
0.509912
0.508935
0.507875
0.506729
0.505499
0.504184
0.502786
0.501304
0.499737
0.498088
0.496355
0.494541
0.492644
0.490667
0.488609
0.486472
0.484255
0.481961
0.479590
0.477142
0.474620
0.472022
0.469352
0.466611
0.463799
0.460917
0.457967
0.454951
0.451869
0.448723
0.445514
0.442245
0.438917
0.435531
0.432088
0.428590
0.425039
0.421436
0.417784
0.414084
0.410338
0.406547
0.402714
0.398839
0.394925
0.390974
0.386986
0.382966
0.378913
0.374830
0.370719
0.366581
0.362418
0.358233
0.354027
0.349801
0.345559
0.341301
0.337029
0.332745
0.328451
0.324149
0.319841
0.315527
0.311211
0.306892
0.302574
0.298259
0.293946
0.289638
0.285338
0.281045
0.276763
0.272492
0.268234
0.263990
0.259761
0.255550
0.251357
0.247183
0.243031
0.238901
0.234795
0.230713
0.226658
0.222629
0.218629
0.214658
0.210717
0.206807
0.202930
0.199085
0.195275
0.191499
0.187759
0.184056
0.180389
0.176760
0.173170
0.169619
0.166108
0.162637
0.159207
0.155818
0.152470
0.149165
0.145903
0.142684
0.139507
0.136374
0.133285
0.130240
0.127239
0.124282
0.121370
0.118503
0.115680
0.112902
0.110168
0.107480
0.104836
0.102236
0.099681
0.097171
0.094705
0.092283
0.089905
0.087571
0.085280
0.083033
0.080829
0.078667
0.076548
0.074472
0.072437
0.070444
0.068492
0.066580
0.064709
0.062878
0.061087
0.059335
0.057622
0.055946
0.054309
0.052709
0.051146
0.049620
0.048129
0.046674
0.045254
0.043868
0.042516
0.041198
0.039912
0.038659
0.037438
0.036248
0.035089
0.033960
0.032861
0.031791
0.030750
0.029737
0.028751
0.027793
0.026861
0.025956
0.025076
0.024220
0.023390
0.022583
0.021800
0.021039
0.020302
0.019586
0.018891
0.018218
0.017565
0.016932
0.016319
0.015724
0.015149
0.014591
0.014051
0.013529
0.013023
0.012534
0.012060
0.011603
0.011160
0.010732
0.010319
0.009919
0.009533
0.009160
0.008800
0.008452
0.008117
0.007793
0.007481
0.007180
0.006889
0.006609
0.006339
0.006079
0.005829
0.005587
0.005355
0.005131
0.004916
0.004708
0.004509
0.004317
0.004132
0.003955
0.003784
0.003620
0.003463
0.003311
0.003166
0.003026
0.002892
0.002764
0.002640
0.002522
0.002408
0.002299
0.002195
0.002095
0.001999
0.001907
0.001819
0.001734
0.001654
0.001576
0.001502
0.001431
0.001364
0.001299
0.001237
0.001178
0.001121
0.001067
0.001015
0.000966
0.000918
0.000873
0.000830
0.000789
0.000750
0.000713
0.000677
0.000643
0.000611
0.000580
0.000550
0.000522
0.000496
0.000470
0.000446
0.000423
0.000401
0.000380
0.000360
0.000341
0.000323
0.000306
0.000290
0.000275
0.000260
0.000246
0.000233
0.000220
0.000208
0.000197
0.000186
0.000176
0.000166
0.000157
0.000148
0.000140
0.000132
0.000125
0.000118
0.000111
0.000105
0.000099
0.000094
0.000088
0.000083
0.000078
0.000074
0.000070
0.000066
0.000062
0.000058
0.000055
0.000052
0.000049
0.000046
0.000043
0.000040
0.000038
0.000036
0.000034
0.000032
0.000030
0.000028
0.000026
0.000025
0.000023
0.000022
0.000020
0.000019
0.000018
0.000017
0.000016
0.000015
0.000014
0.000013
0.000012
0.000011
0.000011
0.000010
0.000009
0.000009
0.000008
0.000008
0.000007
0.000007
0.000006
0.000006
0.000005
0.000005
0.000005
0.000004
0.000004
0.000004
0.000004
0.000003
0.000003
0.000003
0.000003
0.000003
0.000002
0.000002
0.000002
0.000002
0.000002
0.000002
0.000002
0.000001
0.000001
0.000001
0.000001
0.000001
0.000001
0.000001
0.000001
0.000001
0.000001
0.000001
0.000001
0.000001
0.000001
0.000001
0.000000
0.000000
0.000000
0.000000
0.000000
0.000000
0.000000
0.000000
0.000000
0.000000
0.000000
0.000000
0.000000
0.000000
0.000000
0.000000
0.000000
0.000000
0.000000
0.000000
0.000000
0.000000
0.000000
0.000000
0.000000
0.000000
0.000000
0.000000
0.000000
0.000000
0.000000
0.000000
0.000000
0.000000
0.000000
0.000000
0.000000
0.000000
0.000000
0.000000
0.000000
0.000000
0.000000
0.000000
0.000000
0.000000
0.000000
0.000000
0.000000
0.000000
0.000000
0.000000
0.000000
0.000000
0.000000
0.000000
0.000000
0.000000
0.000000
0.000000
0.000000
0.000000
0.000000
0.000000
0.000000
0.000000
0.000000
0.000000
0.000000
0.000000
0.000000
0.000000
0.000000
0.000000
0.000000
0.000000
0.000000
0.000000
0.000000
0.000000
0.000000
0.000000
0.000000
0.000000
0.000000
0.000000
0.000000
0.000000
0.000000
0.000000
0.000000
0.000000
0.000000
0.000000
0.000000
0.000000
0.000000
0.000000
0.000000
0.000000
0.000000
0.000000
0.000000
0.000000
0.000000
0.000000
0.000000
0.000000
0.000000
0.000000
0.000000
0.000000
0.000000
0.000000
0.000000
0.000000
0.000000
0.000000
0.000000
0.000000
0.000000
0.000000
0.000000
0.000000
0.000000
0.000000
0.000000
0.000000
0.000000
0.000000
0.000000
0.000000
0.000000
0.000000
0.000000
0.000000
0.000000
0.000000
0.000000
0.000000
0.000000
0.000000
0.000000
0.000000
0.000000
0.000000
0.000000
0.000000
0.000000
0.000000
0.000000
0.000000
0.000000
0.000000
0.000000
0.000000
0.000000
0.000000
0.000000
0.000000
0.000000
0.000000
0.000000
0.000000
0.000000
0.000000
0.000000
0.000000
0.000000
0.000000
0.000000
0.000000
0.000000
0.000000
0.000000
0.000000
0.000000
0.000000
0.000000
0.000000
0.000000
0.000000
0.000000
0.000000
0.000000
0.000000
0.000000
0.000000
0.000000
0.000000
0.000000
0.000000
0.000000
0.000000
0.000000
0.000000
0.000000
0.000000
0.000000
0.000000
0.000000
0.000000
0.000000
0.000000
0.000000
0.000000
0.000000
0.000000
0.000000
0.000000
0.000000
0.000000
0.000000
0.000000
0.000000
0.000000
0.000000
0.000000
0.000000
0.000000
0.000000
0.000000
0.000000
0.000000
0.000000
0.000000
0.000000
0.000000
0.000000
0.000000
0.000000
0.000000
0.000000
