0.000015
0.000022
0.000044
0.000048
0.000062
0.000093
0.000080
0.000084
0.000144
0.000214
0.000260
0.000287
0.000306
0.000324
0.000343
0.000363
0.000383
0.000405
0.000428
0.000452
0.000478
0.000505
0.000533
0.000563
0.000594
0.000627
0.000662
0.000698
0.000736
0.000776
0.000819
0.000863
0.000910
0.000958
0.001010
0.001063
0.001120
0.001179
0.001241
0.001306
0.001375
0.001446
0.001521
0.001600
0.001682
0.001768
0.001858
0.001953
0.002052
0.002155
0.002263
0.002377
0.002495
0.002619
0.002748
0.002883
0.003024
0.003171
0.003325
0.003486
0.003654
0.003829
0.004012
0.004202
0.004401
0.004608
0.004825
0.005050
0.005285
0.005529
0.005784
0.006049
0.006325
0.006613
0.006912
0.007223
0.007547
0.007884
0.008234
0.008598
0.008977
0.009370
0.009779
0.010203
0.010644
0.011102
0.011577
0.012069
0.012581
0.013111
0.013662
0.014232
0.014824
0.015436
0.016072
0.016730
0.017411
0.018117
0.018847
0.019604
0.020386
0.021196
0.022033
0.022899
0.023795
0.024720
0.025677
0.026665
0.027686
0.028740
0.029828
0.030952
0.032112
0.033308
0.034543
0.035816
0.037129
0.038482
0.039877
0.041314
0.042795
0.044320
0.045890
0.047507
0.049171
0.050883
0.052644
0.054456
0.056319
0.058234
0.060203
0.062226
0.064305
0.066439
0.068631
0.070882
0.073192
0.075562
0.077994
0.080488
0.083046
0.085668
0.088355
0.091109
0.093931
0.096821
0.099780
0.102809
0.105909
0.109082
0.112327
0.115647
0.119041
0.122511
0.126057
0.129680
0.133381
0.137161
0.141020
0.144960
0.148980
0.153082
0.157266
0.161532
0.165882
0.170315
0.174832
0.179434
0.184121
0.188894
0.193752
0.198696
0.203726
0.208842
0.214045
0.219335
0.224711
0.230174
0.235723
0.241359
0.247081
0.252889
0.258783
0.264762
0.270827
0.276975
0.283208
0.289524
0.295924
0.302405
0.308967
0.315610
0.322333
0.329134
0.336013
0.342968
0.349999
0.357103
0.364281
0.371529
0.378848
0.386235
0.393689
0.401208
0.408790
0.416434
0.424138
0.431899
0.439717
0.447588
0.455510
0.463482
0.471501
0.479564
0.487670
0.495816
0.503999
0.512216
0.520466
0.528744
0.537049
0.545378
0.553726
0.562093
0.570474
0.578866
0.587267
0.595673
0.604080
0.612487
0.620888
0.629281
0.637663
0.646030
0.654378
0.662704
0.671005
0.679276
0.687514
0.695716
0.703878
0.711996
0.720066
0.728085
0.736048
0.743954
0.751796
0.759573
0.767279
0.774912
0.782467
0.789941
0.797330
0.804630
0.811839
0.818951
0.825963
0.832873
0.839675
0.846367
0.852945
0.859406
0.865746
0.871962
0.878050
0.884008
0.889832
0.895518
0.901064
0.906467
0.911723
0.916831
0.921786
0.926586
0.931229
0.935711
0.940031
0.944186
0.948173
0.951991
0.955636
0.959107
0.962403
0.965520
0.968458
0.971214
0.973788
0.976176
0.978379
0.980395
0.982222
0.983860
0.985307
0.986563
0.987628
0.988499
0.989178
0.989662
0.989953
0.990050
0.989953
0.989662
0.989178
0.988499
0.987628
0.986564
0.985308
0.983860
0.982223
0.980396
0.978380
0.976178
0.973789
0.971216
0.968460
0.965522
0.962405
0.959110
0.955639
0.951993
0.948176
0.944189
0.940034
0.935715
0.931232
0.926590
0.921789
0.916834
0.911727
0.906471
0.901068
0.895522
0.889836
0.884012
0.878055
0.871966
0.865750
0.859410
0.852950
0.846371
0.839679
0.832877
0.825968
0.818956
0.811844
0.804635
0.797335
0.789946
0.782472
0.774918
0.767285
0.759579
0.751802
0.743959
0.736054
0.728091
0.720072
0.712002
0.703884
0.695723
0.687521
0.679282
0.671011
0.662711
0.654385
0.646037
0.637671
0.629289
0.620896
0.612494
0.604088
0.595680
0.587275
0.578874
0.570482
0.562101
0.553734
0.545386
0.537058
0.528753
0.520474
0.512225
0.504008
0.495825
0.487680
0.479574
0.471510
0.463491
0.455520
0.447597
0.439726
0.431909
0.424147
0.416443
0.408800
0.401217
0.393698
0.386244
0.378857
0.371539
0.364290
0.357113
0.350008
0.342978
0.336022
0.329144
0.322343
0.315620
0.308977
0.302415
0.295933
0.289534
0.283218
0.276985
0.270836
0.264772
0.258793
0.252899
0.247091
0.241369
0.235733
0.230184
0.224721
0.219344
0.214055
0.208852
0.203735
0.198705
0.193761
0.188903
0.184130
0.179443
0.174841
0.170323
0.165890
0.161540
0.157274
0.153090
0.148988
0.144968
0.141028
0.137169
0.133389
0.129687
0.126064
0.122518
0.119048
0.115654
0.112334
0.109089
0.105916
0.102815
0.099786
0.096827
0.093937
0.091115
0.088361
0.085674
0.083051
0.080494
0.077999
0.075567
0.073197
0.070887
0.068636
0.066444
0.064309
0.062231
0.060208
0.058239
0.056324
0.054461
0.052649
0.050887
0.049175
0.047511
0.045894
0.044324
0.042799
0.041318
0.039880
0.038486
0.037132
0.035819
0.034546
0.033312
0.032115
0.030955
0.029831
0.028743
0.027688
0.026667
0.025679
0.024723
0.023797
0.022902
0.022035
0.021198
0.020388
0.019606
0.018849
0.018119
0.017413
0.016732
0.016073
0.015438
0.014825
0.014234
0.013663
0.013113
0.012582
0.012071
0.011578
0.011103
0.010645
0.010205
0.009780
0.009371
0.008978
0.008600
0.008235
0.007885
0.007548
0.007224
0.006913
0.006614
0.006326
0.006050
0.005785
0.005530
0.005285
0.005051
0.004825
0.004609
0.004402
0.004203
0.004012
0.003830
0.003654
0.003487
0.003326
0.003172
0.003024
0.002883
0.002748
0.002619
0.002495
0.002377
0.002264
0.002156
0.002052
0.001953
0.001859
0.001769
0.001682
0.001600
0.001522
0.001447
0.001375
0.001307
0.001242
0.001179
0.001120
0.001064
0.001010
0.000959
0.000910
0.000863
0.000819
0.000777
0.000736
0.000698
0.000662
0.000627
0.000594
0.000563
0.000533
0.000505
0.000478
0.000453
0.000428
0.000405
0.000383
0.000363
0.000343
0.000324
0.000307
0.000290
0.000274
0.000259
0.000244
0.000231
0.000218
0.000206
0.000194
0.000183
0.000173
0.000163
0.000154
0.000145
0.000137
0.000129
0.000121
0.000114
0.000108
0.000101
0.000095
0.000090
0.000085
0.000080
0.000075
0.000070
0.000066
0.000062
0.000059
0.000055
0.000052
0.000049
0.000046
0.000043
0.000040
0.000038
0.000035
0.000033
0.000031
0.000029
0.000027
0.000026
0.000024
0.000023
0.000021
0.000020
0.000019
0.000017
0.000016
0.000015
0.000014
0.000013
0.000013
0.000012
0.000011
0.000010
0.000010
0.000009
0.000008
0.000008
0.000007
0.000007
0.000006
0.000006
0.000006
0.000005
0.000005
0.000005
0.000004
0.000004
0.000004
0.000003
0.000003
0.000003
0.000003
0.000003
0.000002
0.000002
0.000002
0.000002
0.000002
0.000002
0.000002
0.000001
0.000001
0.000001
0.000001
0.000001
0.000001
0.000001
0.000001
0.000001
0.000001
0.000001
0.000001
0.000001
0.000001
0.000001
0.000000
0.000000
0.000000
0.000000
0.000000
0.000000
0.000000
0.000000
0.000000
0.000000
0.000000
0.000000
0.000000
0.000000
0.000000
0.000000
0.000000
0.000000
0.000000
0.000000
0.000000
0.000000
0.000000
0.000000
0.000000
0.000000
0.000000
0.000000
0.000000
0.000000
0.000000
0.000000
0.000000
0.000000
0.000000
0.000000
0.000000
0.000000
0.000000
0.000000
0.000000
0.000000
0.000000
0.000000
0.000000
0.000000
0.000000
0.000000
0.000000
0.000000
0.000000
0.000000
0.000000
0.000000
0.000000
0.000000
0.000000
0.000000
0.000000
0.000000
0.000000
0.000000
0.000000
0.000000
0.000000
0.000000
0.000000
0.000000
0.000000
0.000000
0.000000
0.000000
0.000000
0.000000
0.000000
0.000000
0.000000
0.000000
0.000000
0.000000
0.000000
0.000000
0.000000
0.000000
0.000000
0.000000
0.000000
0.000000
0.000000
0.000000
0.000000
0.000000
0.000000
0.000000
0.000000
0.000000
0.000000
0.000000
0.000000
0.000000
0.000000
0.000000
0.000000
0.000000
0.000000
0.000000
0.000000
0.000000
0.000000
0.000000
0.000000
0.000000
0.000000
0.000000
0.000000
0.000000
0.000000
0.000000
0.000000
0.000000
0.000000
0.000000
0.000000
0.000000
0.000000
0.000000
0.000000
0.000000
0.000000
0.000000
0.000000
0.000000
0.000000
0.000000
0.000000
0.000000
0.000000
0.000000
0.000000
0.000000
0.000000
0.000000
0.000000
0.000000
0.000000
0.000000
0.000000
0.000000
0.000000
0.000000
0.000000
0.000000
0.000000
0.000000
0.000000
0.000000
0.000000
0.000000
0.000000
0.000000
0.000000
0.000000
0.000000
0.000000
0.000000
0.000000
0.000000
0.000000
0.000000
0.000000
0.000000
0.000000
0.000000
0.000000
0.000000
0.000000
0.000000
0.000000
0.000000
0.000000
0.000000
0.000000
0.000000
0.000000
0.000000
0.000000
0.000000
0.000000
0.000000
0.000000
0.000000
0.000000
0.000000
0.000000
0.000000
0.000000
0.000000
0.000000
0.000000
0.000000
0.000000
0.000000
0.000000
0.000000
0.000000
0.000000
0.000000
0.000000
0.000000
0.000000
0.000000
0.000000
0.000000
0.000000
0.000000
0.000000
0.000000
0.000000
0.000000
0.000000
0.000000
0.000000
0.000000
0.000000
0.000000
0.000000
0.000000
0.000000
0.000000
0.000000
0.000000
0.000000
0.000000
0.000000
0.000000
0.000000
0.000000
0.000000
0.000000
0.000000
0.000000
0.000000
0.000000
0.000000
0.000000
0.000000
0.000000
0.000000
0.000000
0.000000
0.000000
0.000000
0.000000
0.000000
0.000000
0.000000
0.000000
0.000000
0.000000
0.000000
0.000000
0.000000
0.000000
0.000000
0.000000
0.000000
0.000000
0.000000
0.000000
0.000000
0.000000
0.000000
0.000000
0.000000
0.000000
0.000000
0.000000
0.000000
0.000000
0.000000
0.000000
0.000000
0.000000
0.000000
0.000000
0.000000
0.000000
0.000000
0.000000
0.000000
0.000000
0.000000
0.000000
0.000000
0.000000
0.000000
0.000000
0.000000
0.000000
0.000000
0.000000
0.000000
0.000000
0.000000
0.000000
0.000000
0.000000
0.000000
0.000000
0.000000
0.000000
0.000000
0.000000
0.000000
0.000000
