0.000625
0.001250
0.001876
0.002505
0.003136
0.003771
0.004409
0.005054
0.005701
0.006357
0.007018
0.007687
0.008363
0.009049
0.009744
0.010449
0.011166
0.011891
0.012633
0.013382
0.014150
0.014928
0.015723
0.016533
0.017358
0.018203
0.019060
0.019941
0.020836
0.021753
0.022691
0.023645
0.024628
0.025626
0.026651
0.027700
0.028768
0.029868
0.030987
0.032134
0.033312
0.034509
0.035742
0.037001
0.038283
0.039607
0.040952
0.042328
0.043745
0.045182
0.046657
0.048172
0.049709
0.051286
0.052906
0.054548
0.056230
0.057960
0.059713
0.061504
0.063347
0.065220
0.067122
0.069079
0.071078
0.073100
0.075169
0.077294
0.079449
0.081634
0.083875
0.086168
0.088490
0.090845
0.093256
0.095724
0.098223
0.100750
0.103328
0.105969
0.108655
0.111368
0.114113
0.116910
0.119770
0.122683
0.125630
0.128602
0.131606
0.134658
0.137768
0.140940
0.144166
0.147438
0.150749
0.154096
0.157479
0.160897
0.164352
0.167846
0.171377
0.174948
0.178558
0.182205
0.185890
0.189611
0.193369
0.197162
0.200989
0.204849
0.208743
0.212668
0.216624
0.220609
0.224623
0.228665
0.232733
0.236826
0.240944
0.245084
0.249247
0.253429
0.257631
0.261850
0.266086
0.270336
0.274601
0.278877
0.283164
0.287459
0.291763
0.296072
0.300385
0.304701
0.309018
0.313334
0.317648
0.321958
0.326262
0.330559
0.334846
0.339122
0.343386
0.347634
0.351866
0.356080
0.360274
0.364446
0.368594
0.372716
0.376811
0.380876
0.384910
0.388911
0.392877
0.396807
0.400698
0.404549
0.408357
0.412122
0.415841
0.419513
0.423136
0.426708
0.430228
0.433693
0.437103
0.440456
0.443750
0.446983
0.450154
0.453261
0.456304
0.459281
0.462190
0.465030
0.467800
0.470498
0.473123
0.475675
0.478153
0.480554
0.482878
0.485124
0.487292
0.489380
0.491388
0.493314
0.495159
0.496922
0.498602
0.500198
0.501710
0.503138
0.504482
0.505742
0.506916
0.508006
0.509011
0.509930
0.510766
0.511515
0.512181
0.512763
0.513261
0.513675
0.514007
0.514256
0.514423
0.514510
0.514516
0.514441
0.514290
0.514060
0.513754
0.513372
0.512916
0.512387
0.511786
0.511115
0.510374
0.509566
0.508691
0.507752
0.506749
0.505684
0.504560
0.503378
0.502139
0.500846
0.499500
0.498104
0.496659
0.495168
0.493632
0.492054
0.490434
0.488776
0.487082
0.485354
0.483595
0.481806
0.479990
0.478148
0.476284
0.474400
0.472498
0.470580
0.468648
0.466705
0.464754
0.462796
0.460834
0.458871
0.456908
0.454949
0.452994
0.451047
0.449110
0.447185
0.445275
0.443381
0.441506
0.439653
0.437821
0.436016
0.434238
0.432489
0.430771
0.429086
0.427437
0.425825
0.424251
0.422720
0.421229
0.419784
0.418385
0.417032
0.415729
0.414476
0.413275
0.412127
0.411034
0.409996
0.409016
0.408093
0.407229
0.406426
0.405683
0.405002
0.404384
0.403828
0.403338
0.402911
0.402549
0.402252
0.402021
0.401855
0.401756
0.401723
0.401757
0.401856
0.402021
0.402252
0.402548
0.402911
0.403338
0.403829
0.404384
0.405002
0.405683
0.406426
0.407230
0.408093
0.409016
0.409996
0.411033
0.412127
0.413274
0.414475
0.415728
0.417032
0.418384
0.419783
0.421228
0.422718
0.424251
0.425823
0.427434
0.429083
0.430767
0.432485
0.434234
0.436013
0.437818
0.439649
0.441504
0.443379
0.445273
0.447183
0.449109
0.451046
0.452992
0.454947
0.456906
0.458869
0.460833
0.462795
0.464752
0.466703
0.468646
0.470577
0.472496
0.474398
0.476282
0.478146
0.479988
0.481805
0.483594
0.485353
0.487081
0.488775
0.490433
0.492052
0.493630
0.495167
0.496659
0.498104
0.499500
0.500846
0.502139
0.503377
0.504559
0.505683
0.506748
0.507750
0.508690
0.509565
0.510374
0.511115
0.511787
0.512388
0.512917
0.513373
0.513755
0.514061
0.514291
0.514443
0.514517
0.514511
0.514424
0.514256
0.514008
0.513676
0.513262
0.512764
0.512183
0.511518
0.510768
0.509933
0.509014
0.508009
0.506920
0.505745
0.504486
0.503142
0.501714
0.500202
0.498605
0.496925
0.495162
0.493318
0.491391
0.489383
0.487295
0.485127
0.482881
0.480557
0.478156
0.475679
0.473127
0.470501
0.467802
0.465033
0.462192
0.459283
0.456307
0.453264
0.450155
0.446984
0.443750
0.440457
0.437105
0.433695
0.430230
0.426710
0.423137
0.419514
0.415842
0.412123
0.408358
0.404549
0.400699
0.396808
0.392878
0.388912
0.384911
0.380877
0.376812
0.372717
0.368595
0.364447
0.360276
0.356082
0.351868
0.347636
0.343387
0.339124
0.334848
0.330561
0.326265
0.321961
0.317651
0.313338
0.309021
0.304705
0.300389
0.296076
0.291767
0.287463
0.283168
0.278881
0.274606
0.270342
0.266091
0.261856
0.257637
0.253435
0.249253
0.245090
0.240950
0.236832
0.232739
0.228671
0.224629
0.220615
0.216629
0.212674
0.208749
0.204856
0.200995
0.197168
0.193376
0.189618
0.185896
0.182212
0.178564
0.174955
0.171384
0.167854
0.164363
0.160912
0.157503
0.154135
0.150809
0.147525
0.144285
0.141087
0.137932
0.134821
0.131754
0.128732
0.125753
0.122819
0.119929
0.117084
0.114283
0.111528
0.108817
0.106150
0.103529
0.100952
0.098419
0.095931
0.093487
0.091087
0.088731
0.086419
0.084150
0.081925
0.079742
0.077602
0.075504
0.073449
0.071435
0.069462
0.067530
0.065639
0.063788
0.061977
0.060206
0.058473
0.056779
0.055123
0.053504
0.051923
0.050378
0.048870
0.047397
0.045959
0.044556
0.043188
0.041853
0.040551
0.039282
0.038045
0.036839
0.035665
0.034521
0.033407
0.032322
0.031267
0.030240
0.029241
0.028269
0.027324
0.026405
0.025512
0.024645
0.023802
0.022983
0.022188
0.021417
0.020668
0.019941
0.019236
0.018552
0.017889
0.017246
0.016623
0.016019
0.015434
0.014868
0.014319
0.013788
0.013274
0.012776
0.012295
0.011830
0.011379
0.010944
0.010524
0.010117
0.009724
0.009345
0.008978
0.008625
0.008283
0.007954
0.007636
0.007329
0.007033
0.006748
0.006473
0.006208
0.005953
0.005707
0.005470
0.005242
0.005022
0.004811
0.004608
0.004412
0.004224
0.004043
0.003869
0.003701
0.003541
0.003386
0.003238
0.003095
0.002959
0.002827
0.002701
0.002580
0.002464
0.002353
0.002246
0.002144
0.002046
0.001952
0.001862
0.001776
0.001693
0.001614
0.001539
0.001466
0.001397
0.001331
0.001267
0.001207
0.001149
0.001094
0.001041
0.000990
0.000942
0.000896
0.000852
0.000810
0.000770
0.000731
0.000695
0.000660
0.000627
0.000595
0.000565
0.000536
0.000509
0.000483
0.000458
0.000434
0.000412
0.000390
0.000370
0.000351
0.000332
0.000315
0.000298
0.000282
0.000267
0.000253
0.000239
0.000226
0.000214
0.000203
0.000192
0.000181
0.000171
0.000162
0.000153
0.000144
0.000136
0.000129
0.000121
0.000115
0.000108
0.000102
0.000096
0.000091
0.000086
0.000081
0.000076
0.000072
0.000068
0.000064
0.000060
0.000056
0.000053
0.000050
0.000047
0.000044
0.000042
0.000039
0.000037
0.000035
0.000033
0.000031
0.000029
0.000027
0.000025
0.000024
0.000022
0.000021
0.000020
0.000018
0.000017
0.000016
0.000015
0.000014
0.000013
0.000013
0.000012
0.000011
0.000010
0.000010
0.000009
0.000008
0.000008
0.000007
0.000007
0.000006
0.000006
0.000006
0.000005
0.000005
0.000005
0.000004
0.000004
0.000004
0.000004
0.000003
0.000003
0.000003
0.000003
0.000002
0.000002
0.000002
0.000002
0.000002
0.000002
0.000002
0.000002
0.000001
0.000001
0.000001
0.000001
0.000001
0.000001
0.000001
0.000001
0.000001
0.000001
0.000001
0.000001
0.000001
0.000001
0.000001
0.000000
0.000000
0.000000
0.000000
0.000000
0.000000
0.000000
0.000000
0.000000
0.000000
0.000000
0.000000
0.000000
0.000000
0.000000
0.000000
0.000000
0.000000
0.000000
0.000000
0.000000
0.000000
0.000000
0.000000
0.000000
0.000000
0.000000
0.000000
0.000000
0.000000
0.000000
0.000000
0.000000
0.000000
0.000000
0.000000
0.000000
0.000000
0.000000
0.000000
0.000000
0.000000
0.000000
0.000000
0.000000
0.000000
0.000000
0.000000
0.000000
0.000000
0.000000
0.000000
0.000000
0.000000
0.000000
0.000000
0.000000
0.000000
0.000000
0.000000
0.000000
0.000000
0.000000
0.000000
0.000000
0.000000
0.000000
0.000000
0.000000
0.000000
0.000000
0.000000
0.000000
0.000000
0.000000
0.000000
0.000000
0.000000
0.000000
0.000000
0.000000
0.000000
0.000000
0.000000
0.000000
0.000000
0.000000
0.000000
0.000000
0.000000
0.000000
0.000000
0.000000
0.000000
0.000000
0.000000
0.000000
0.000000
0.000000
0.000000
0.000000
0.000000
0.000000
0.000000
0.000000
0.000000
0.000000
0.000000
0.000000
0.000000
0.000000
0.000000
0.000000
0.000000
0.000000
0.000000
0.000000
0.000000
0.000000
0.000000
0.000000
0.000000
0.000000
0.000000
0.000000
0.000000
0.000000
0.000000
0.000000
0.000000
0.000000
0.000000
0.000000
0.000000
0.000000
0.000000
0.000000
0.000000
0.000000
0.000000
0.000000
0.000000
0.000000
0.000000
0.000000
0.000000
0.000000
0.000000
0.000000
0.000000
0.000000
0.000000
0.000000
0.000000
0.000000
0.000000
0.000000
0.000000
0.000000
0.000000
0.000000
0.000000
0.000000
0.000000
0.000000
0.000000
0.000000
0.000000
0.000000
0.000000
0.000000
0.000000
0.000000
0.000000
0.000000
0.000000
0.000000
0.000000
0.000000
0.000000
0.000000
0.000000
0.000000
0.000000
0.000000
0.000000
0.000000
0.000000
0.000000
0.000000
0.000000
0.000000
0.000000
0.000000
0.000000
0.000000
0.000000
0.000000
0.000000
0.000000
0.000000
0.000000
0.000000
0.000000
0.000000
0.000000
0.000000
0.000000
0.000000
0.000000
0.000000
0.000000
0.000000
0.000000
0.000000
0.000000
0.000000
0.000000
0.000000
0.000000
0.000000
0.000000
0.000000
0.000000
0.000000
0.000000
0.000000
0.000000
0.000000
0.000000
0.000000
0.000000
