0.000636
0.001273
0.001910
0.002551
0.003193
0.003839
0.004489
0.005144
0.005805
0.006471
0.007144
0.007824
0.008514
0.009210
0.009919
0.010634
0.011364
0.012102
0.012855
0.013619
0.014397
0.015190
0.015996
0.016822
0.017658
0.018517
0.019389
0.020281
0.021193
0.022121
0.023076
0.024045
0.025040
0.026057
0.027093
0.028160
0.029242
0.030356
0.031495
0.032654
0.033850
0.035065
0.036311
0.037591
0.038890
0.040227
0.041595
0.042985
0.044418
0.045880
0.047368
0.048902
0.050464
0.052054
0.053692
0.055360
0.057057
0.058804
0.060585
0.062393
0.064251
0.066151
0.068075
0.070046
0.072068
0.074118
0.076203
0.078344
0.080529
0.082739
0.084993
0.087307
0.089659
0.092038
0.094463
0.096950
0.099480
0.102035
0.104629
0.107284
0.109995
0.112740
0.115511
0.118324
0.121198
0.124131
0.127107
0.130111
0.133141
0.136211
0.139335
0.142520
0.145763
0.149055
0.152390
0.155762
0.159168
0.162609
0.166086
0.169600
0.173152
0.176743
0.180371
0.184037
0.187740
0.191479
0.195254
0.199064
0.202907
0.206784
0.210693
0.214633
0.218603
0.222602
0.226630
0.230684
0.234764
0.238869
0.242998
0.247149
0.251321
0.255512
0.259722
0.263949
0.268191
0.272448
0.276718
0.280998
0.285289
0.289587
0.293892
0.298203
0.302516
0.306831
0.311147
0.315461
0.319771
0.324077
0.328376
0.332666
0.336946
0.341215
0.345469
0.349707
0.353928
0.358130
0.362311
0.366469
0.370601
0.374707
0.378785
0.382833
0.386847
0.390828
0.394773
0.398680
0.402548
0.406374
0.410157
0.413896
0.417587
0.421231
0.424824
0.428366
0.431854
0.435287
0.438663
0.441982
0.445240
0.448436
0.451570
0.454640
0.457644
0.460580
0.463448
0.466246
0.468974
0.471628
0.474209
0.476716
0.479148
0.481502
0.483778
0.485976
0.488095
0.490134
0.492091
0.493967
0.495760
0.497471
0.499098
0.500641
0.502099
0.503473
0.504763
0.505967
0.507086
0.508119
0.509068
0.509931
0.510708
0.511401
0.512010
0.512533
0.512973
0.513329
0.513602
0.513793
0.513901
0.513929
0.513875
0.513742
0.513532
0.513243
0.512878
0.512438
0.511923
0.511336
0.510676
0.509946
0.509148
0.508282
0.507349
0.506352
0.505292
0.504171
0.502991
0.501752
0.500458
0.499110
0.497709
0.496259
0.494760
0.493216
0.491627
0.489996
0.488324
0.486616
0.484871
0.483093
0.481284
0.479446
0.477582
0.475693
0.473782
0.471851
0.469904
0.467941
0.465964
0.463979
0.461985
0.459985
0.457982
0.455979
0.453976
0.451978
0.449985
0.448001
0.446028
0.444068
0.442122
0.440195
0.438287
0.436401
0.434538
0.432702
0.430895
0.429117
0.427371
0.425658
0.423983
0.422346
0.420749
0.419193
0.417680
0.416213
0.414793
0.413420
0.412098
0.410826
0.409609
0.408444
0.407335
0.406283
0.405288
0.404353
0.403477
0.402662
0.401909
0.401219
0.400592
0.400029
0.399531
0.399099
0.398732
0.398431
0.398197
0.398029
0.397929
0.397895
0.397930
0.398030
0.398196
0.398431
0.398731
0.399098
0.399532
0.400030
0.400592
0.401219
0.401909
0.402662
0.403477
0.404353
0.405288
0.406282
0.407334
0.408443
0.409608
0.410826
0.412097
0.413420
0.414792
0.416212
0.417679
0.419192
0.420747
0.422344
0.423981
0.425656
0.427367
0.429113
0.430891
0.432700
0.434535
0.436398
0.438284
0.440193
0.442120
0.444065
0.446026
0.448000
0.449983
0.451977
0.453975
0.455977
0.457981
0.459984
0.461983
0.463977
0.465963
0.467939
0.469901
0.471849
0.473779
0.475691
0.477580
0.479445
0.481283
0.483092
0.484870
0.486614
0.488324
0.489994
0.491625
0.493214
0.494760
0.496259
0.497709
0.499110
0.500458
0.501752
0.502990
0.504170
0.505291
0.506351
0.507348
0.508281
0.509148
0.509947
0.510677
0.511336
0.511924
0.512438
0.512880
0.513244
0.513533
0.513745
0.513876
0.513929
0.513901
0.513793
0.513602
0.513329
0.512974
0.512534
0.512012
0.511403
0.510711
0.509933
0.509070
0.508122
0.507089
0.505970
0.504766
0.503477
0.502103
0.500645
0.499101
0.497474
0.495764
0.493971
0.492095
0.490137
0.488099
0.485979
0.483781
0.481505
0.479151
0.476719
0.474213
0.471631
0.468976
0.466249
0.463451
0.460582
0.457645
0.454642
0.451572
0.448438
0.445241
0.441983
0.438665
0.435289
0.431856
0.428367
0.424825
0.421232
0.417588
0.413896
0.410158
0.406375
0.402549
0.398681
0.394774
0.390828
0.386848
0.382833
0.378786
0.374708
0.370602
0.366470
0.362313
0.358132
0.353930
0.349709
0.345470
0.341217
0.336949
0.332668
0.328378
0.324080
0.319774
0.315464
0.311150
0.306835
0.302520
0.298206
0.293896
0.289591
0.285293
0.281003
0.276722
0.272453
0.268197
0.263955
0.259728
0.255518
0.251327
0.247155
0.243004
0.238876
0.234771
0.230690
0.226636
0.222608
0.218609
0.214639
0.210699
0.206790
0.202914
0.199070
0.195261
0.191486
0.187746
0.184043
0.180377
0.176749
0.173160
0.169609
0.166098
0.162628
0.159198
0.155810
0.152463
0.149158
0.145896
0.142677
0.139501
0.136369
0.133280
0.130235
0.127234
0.124278
0.121366
0.118499
0.115676
0.112898
0.110165
0.107477
0.104833
0.102233
0.099679
0.097169
0.094703
0.092281
0.089903
0.087569
0.085278
0.083031
0.080827
0.078666
0.076547
0.074470
0.072436
0.070443
0.068491
0.066579
0.064708
0.062878
0.061086
0.059334
0.057621
0.055946
0.054309
0.052709
0.051146
0.049619
0.048129
0.046674
0.045253
0.043868
0.042516
0.041198
0.039912
0.038659
0.037438
0.036248
0.035089
0.033960
0.032861
0.031791
0.030750
0.029737
0.028751
0.027793
0.026861
0.025956
0.025075
0.024220
0.023390
0.022583
0.021800
0.021039
0.020302
0.019586
0.018891
0.018218
0.017565
0.016932
0.016319
0.015724
0.015149
0.014591
0.014051
0.013529
0.013023
0.012534
0.012060
0.011603
0.011160
0.010732
0.010319
0.009919
0.009533
0.009160
0.008800
0.008452
0.008117
0.007793
0.007481
0.007180
0.006889
0.006609
0.006339
0.006079
0.005829
0.005587
0.005355
0.005131
0.004916
0.004708
0.004509
0.004317
0.004132
0.003955
0.003784
0.003620
0.003463
0.003311
0.003166
0.003026
0.002892
0.002764
0.002640
0.002522
0.002408
0.002299
0.002195
0.002095
0.001999
0.001907
0.001819
0.001734
0.001654
0.001576
0.001502
0.001431
0.001364
0.001299
0.001237
0.001178
0.001121
0.001067
0.001015
0.000966
0.000918
0.000873
0.000830
0.000789
0.000750
0.000713
0.000677
0.000643
0.000611
0.000580
0.000550
0.000522
0.000496
0.000470
0.000446
0.000423
0.000401
0.000380
0.000360
0.000341
0.000323
0.000306
0.000290
0.000275
0.000260
0.000246
0.000233
0.000220
0.000208
0.000197
0.000186
0.000176
0.000166
0.000157
0.000148
0.000140
0.000132
0.000125
0.000118
0.000111
0.000105
0.000099
0.000094
0.000088
0.000083
0.000078
0.000074
0.000070
0.000066
0.000062
0.000058
0.000055
0.000052
0.000049
0.000046
0.000043
0.000040
0.000038
0.000036
0.000034
0.000032
0.000030
0.000028
0.000026
0.000025
0.000023
0.000022
0.000020
0.000019
0.000018
0.000017
0.000016
0.000015
0.000014
0.000013
0.000012
0.000011
0.000011
0.000010
0.000009
0.000009
0.000008
0.000008
0.000007
0.000007
0.000006
0.000006
0.000005
0.000005
0.000005
0.000004
0.000004
0.000004
0.000004
0.000003
0.000003
0.000003
0.000003
0.000003
0.000002
0.000002
0.000002
0.000002
0.000002
0.000002
0.000002
0.000001
0.000001
0.000001
0.000001
0.000001
0.000001
0.000001
0.000001
0.000001
0.000001
0.000001
0.000001
0.000001
0.000001
0.000001
0.000000
0.000000
0.000000
0.000000
0.000000
0.000000
0.000000
0.000000
0.000000
0.000000
0.000000
0.000000
0.000000
0.000000
0.000000
0.000000
0.000000
0.000000
0.000000
0.000000
0.000000
0.000000
0.000000
0.000000
0.000000
0.000000
0.000000
0.000000
0.000000
0.000000
0.000000
0.000000
0.000000
0.000000
0.000000
0.000000
0.000000
0.000000
0.000000
0.000000
0.000000
0.000000
0.000000
0.000000
0.000000
0.000000
0.000000
0.000000
0.000000
0.000000
0.000000
0.000000
0.000000
0.000000
0.000000
0.000000
0.000000
0.000000
0.000000
0.000000
0.000000
0.000000
0.000000
0.000000
0.000000
0.000000
0.000000
0.000000
0.000000
0.000000
0.000000
0.000000
0.000000
0.000000
0.000000
0.000000
0.000000
0.000000
0.000000
0.000000
0.000000
0.000000
0.000000
0.000000
0.000000
0.000000
0.000000
0.000000
0.000000
0.000000
0.000000
0.000000
0.000000
0.000000
0.000000
0.000000
0.000000
0.000000
0.000000
0.000000
0.000000
0.000000
0.000000
0.000000
0.000000
0.000000
0.000000
0.000000
0.000000
0.000000
0.000000
0.000000
0.000000
0.000000
0.000000
0.000000
0.000000
0.000000
0.000000
0.000000
0.000000
0.000000
0.000000
0.000000
0.000000
0.000000
0.000000
0.000000
0.000000
0.000000
0.000000
0.000000
0.000000
0.000000
0.000000
0.000000
0.000000
0.000000
0.000000
0.000000
0.000000
0.000000
0.000000
0.000000
0.000000
0.000000
0.000000
0.000000
0.000000
0.000000
0.000000
0.000000
0.000000
0.000000
0.000000
0.000000
0.000000
0.000000
0.000000
0.000000
0.000000
0.000000
0.000000
0.000000
0.000000
0.000000
0.000000
0.000000
0.000000
0.000000
0.000000
0.000000
0.000000
0.000000
0.000000
0.000000
0.000000
0.000000
0.000000
0.000000
0.000000
0.000000
0.000000
0.000000
0.000000
0.000000
0.000000
0.000000
0.000000
0.000000
0.000000
0.000000
0.000000
0.000000
0.000000
0.000000
0.000000
0.000000
0.000000
0.000000
0.000000
0.000000
0.000000
0.000000
0.000000
0.000000
0.000000
0.000000
0.000000
0.000000
0.000000
0.000000
0.000000
0.000000
0.000000
0.000000
0.000000
0.000000
0.000000
0.000000
0.000000
0.000000
0.000000
0.000000
0.000000
0.000000
0.000000
0.000000
0.000000
0.000000
0.000000
0.000000
