0.000647
0.001295
0.001945
0.002596
0.003251
0.003908
0.004571
0.005236
0.005909
0.006587
0.007273
0.007964
0.008666
0.009374
0.010095
0.010823
0.011565
0.012317
0.013080
0.013859
0.014648
0.015456
0.016274
0.017113
0.017964
0.018834
0.019723
0.020626
0.021555
0.022496
0.023464
0.024451
0.025457
0.026492
0.027542
0.028623
0.029725
0.030850
0.032008
0.033184
0.034393
0.035630
0.036888
0.038185
0.039505
0.040854
0.042244
0.043654
0.045100
0.046585
0.048091
0.049638
0.051225
0.052834
0.054486
0.056180
0.057896
0.059657
0.061464
0.063294
0.065166
0.067089
0.069040
0.071025
0.073066
0.075145
0.077251
0.079406
0.081616
0.083855
0.086126
0.088455
0.090835
0.093243
0.095685
0.098187
0.100743
0.103329
0.105945
0.108613
0.111343
0.114119
0.116920
0.119754
0.122640
0.125590
0.128592
0.131627
0.134686
0.137778
0.140917
0.144115
0.147372
0.150683
0.154040
0.157436
0.160866
0.164330
0.167829
0.171364
0.174936
0.178546
0.182193
0.185878
0.189599
0.193356
0.197148
0.200974
0.204834
0.208726
0.212651
0.216605
0.220590
0.224602
0.228643
0.232710
0.236802
0.240918
0.245058
0.249219
0.253400
0.257600
0.261818
0.266052
0.270301
0.274563
0.278837
0.283122
0.287416
0.291717
0.296023
0.300334
0.304648
0.308962
0.313275
0.317586
0.321893
0.326194
0.330487
0.334771
0.339044
0.343303
0.347548
0.351776
0.355986
0.360175
0.364342
0.368485
0.372602
0.376692
0.380752
0.384781
0.388776
0.392736
0.396659
0.400543
0.404387
0.408189
0.411946
0.415657
0.419321
0.422936
0.426499
0.430010
0.433466
0.436866
0.440209
0.443492
0.446715
0.449874
0.452971
0.456001
0.458966
0.461862
0.464689
0.467445
0.470129
0.472740
0.475276
0.477738
0.480123
0.482430
0.484659
0.486809
0.488879
0.490868
0.492774
0.494599
0.496341
0.497999
0.499573
0.501063
0.502467
0.503787
0.505022
0.506171
0.507234
0.508211
0.509104
0.509910
0.510630
0.511266
0.511817
0.512282
0.512664
0.512962
0.513177
0.513308
0.513358
0.513327
0.513215
0.513024
0.512755
0.512407
0.511984
0.511485
0.510912
0.510266
0.509548
0.508761
0.507905
0.506981
0.505991
0.504937
0.503820
0.502643
0.501407
0.500113
0.498763
0.497361
0.495906
0.494402
0.492850
0.491253
0.489611
0.487928
0.486205
0.484447
0.482651
0.480824
0.478966
0.477080
0.475168
0.473232
0.471274
0.469298
0.467306
0.465299
0.463279
0.461250
0.459214
0.457173
0.455130
0.453087
0.451046
0.449009
0.446979
0.444958
0.442949
0.440954
0.438974
0.437014
0.435073
0.433155
0.431262
0.429396
0.427559
0.425753
0.423979
0.422241
0.420539
0.418877
0.417256
0.415677
0.414142
0.412654
0.411212
0.409820
0.408479
0.407190
0.405955
0.404775
0.403650
0.402584
0.401575
0.400627
0.399740
0.398914
0.398151
0.397452
0.396816
0.396246
0.395741
0.395304
0.394932
0.394627
0.394389
0.394219
0.394118
0.394084
0.394119
0.394221
0.394389
0.394626
0.394931
0.395303
0.395742
0.396246
0.396816
0.397451
0.398151
0.398914
0.399740
0.400627
0.401575
0.402582
0.403649
0.404773
0.405954
0.407190
0.408479
0.409820
0.411211
0.412652
0.414141
0.415676
0.417255
0.418876
0.420537
0.422238
0.423975
0.425749
0.427555
0.429393
0.431259
0.433152
0.435070
0.437011
0.438972
0.440951
0.442947
0.444956
0.446977
0.449007
0.451044
0.453085
0.455128
0.457172
0.459213
0.461249
0.463277
0.465296
0.467304
0.469296
0.471272
0.473229
0.475166
0.477078
0.478965
0.480822
0.482650
0.484445
0.486205
0.487927
0.489609
0.491251
0.492849
0.494401
0.495905
0.497361
0.498764
0.500113
0.501406
0.502643
0.503819
0.504936
0.505990
0.506980
0.507904
0.508761
0.509549
0.510266
0.510913
0.511485
0.511985
0.512408
0.512756
0.513026
0.513217
0.513328
0.513359
0.513309
0.513177
0.512962
0.512665
0.512283
0.511818
0.511268
0.510633
0.509912
0.509106
0.508214
0.507237
0.506174
0.505025
0.503790
0.502471
0.501067
0.499577
0.498003
0.496344
0.494603
0.492778
0.490871
0.488882
0.486812
0.484662
0.482434
0.480126
0.477741
0.475280
0.472743
0.470132
0.467447
0.464691
0.461864
0.458968
0.456004
0.452973
0.449876
0.446716
0.443493
0.440210
0.436868
0.433468
0.430012
0.426500
0.422937
0.419322
0.415658
0.411946
0.408189
0.404388
0.400544
0.396660
0.392736
0.388776
0.384781
0.380753
0.376693
0.372603
0.368487
0.364344
0.360177
0.355987
0.351778
0.347550
0.343305
0.339046
0.334773
0.330489
0.326197
0.321896
0.317589
0.313278
0.308965
0.304651
0.300338
0.296027
0.291720
0.287420
0.283126
0.278842
0.274568
0.270306
0.266057
0.261823
0.257606
0.253406
0.249225
0.245064
0.240925
0.236808
0.232716
0.228649
0.224608
0.220595
0.216611
0.212657
0.208733
0.204840
0.200980
0.197154
0.193362
0.189605
0.185884
0.182200
0.178553
0.174945
0.171375
0.167844
0.164354
0.160904
0.157495
0.154128
0.150802
0.147519
0.144279
0.141081
0.137927
0.134816
0.131750
0.128727
0.125749
0.122815
0.119925
0.117080
0.114280
0.111524
0.108814
0.106148
0.103526
0.100949
0.098417
0.095929
0.093485
0.091085
0.088730
0.086417
0.084149
0.081923
0.079740
0.077600
0.075503
0.073447
0.071433
0.069461
0.067529
0.065638
0.063788
0.061977
0.060205
0.058472
0.056778
0.055122
0.053504
0.051922
0.050378
0.048869
0.047397
0.045959
0.044556
0.043187
0.041852
0.040551
0.039281
0.038044
0.036839
0.035664
0.034520
0.033407
0.032322
0.031267
0.030240
0.029241
0.028269
0.027324
0.026405
0.025512
0.024645
0.023802
0.022983
0.022188
0.021417
0.020668
0.019941
0.019236
0.018552
0.017889
0.017246
0.016623
0.016019
0.015434
0.014868
0.014319
0.013788
0.013274
0.012776
0.012295
0.011830
0.011379
0.010944
0.010524
0.010117
0.009724
0.009345
0.008978
0.008625
0.008283
0.007954
0.007636
0.007329
0.007033
0.006748
0.006473
0.006208
0.005953
0.005707
0.005470
0.005242
0.005022
0.004811
0.004608
0.004412
0.004224
0.004043
0.003869
0.003701
0.003541
0.003386
0.003238
0.003095
0.002959
0.002827
0.002701
0.002580
0.002464
0.002353
0.002246
0.002144
0.002046
0.001952
0.001862
0.001776
0.001693
0.001614
0.001539
0.001466
0.001397
0.001331
0.001267
0.001207
0.001149
0.001094
0.001041
0.000990
0.000942
0.000896
0.000852
0.000810
0.000770
0.000731
0.000695
0.000660
0.000627
0.000595
0.000565
0.000536
0.000509
0.000483
0.000458
0.000434
0.000412
0.000390
0.000370
0.000351
0.000332
0.000315
0.000298
0.000282
0.000267
0.000253
0.000239
0.000226
0.000214
0.000203
0.000192
0.000181
0.000171
0.000162
0.000153
0.000144
0.000136
0.000129
0.000121
0.000115
0.000108
0.000102
0.000096
0.000091
0.000086
0.000081
0.000076
0.000072
0.000068
0.000064
0.000060
0.000056
0.000053
0.000050
0.000047
0.000044
0.000042
0.000039
0.000037
0.000035
0.000033
0.000031
0.000029
0.000027
0.000025
0.000024
0.000022
0.000021
0.000020
0.000018
0.000017
0.000016
0.000015
0.000014
0.000013
0.000013
0.000012
0.000011
0.000010
0.000010
0.000009
0.000008
0.000008
0.000007
0.000007
0.000006
0.000006
0.000006
0.000005
0.000005
0.000005
0.000004
0.000004
0.000004
0.000004
0.000003
0.000003
0.000003
0.000003
0.000002
0.000002
0.000002
0.000002
0.000002
0.000002
0.000002
0.000002
0.000001
0.000001
0.000001
0.000001
0.000001
0.000001
0.000001
0.000001
0.000001
0.000001
0.000001
0.000001
0.000001
0.000001
0.000001
0.000000
0.000000
0.000000
0.000000
0.000000
0.000000
0.000000
0.000000
0.000000
0.000000
0.000000
0.000000
0.000000
0.000000
0.000000
0.000000
0.000000
0.000000
0.000000
0.000000
0.000000
0.000000
0.000000
0.000000
0.000000
0.000000
0.000000
0.000000
0.000000
0.000000
0.000000
0.000000
0.000000
0.000000
0.000000
0.000000
0.000000
0.000000
0.000000
0.000000
0.000000
0.000000
0.000000
0.000000
0.000000
0.000000
0.000000
0.000000
0.000000
0.000000
0.000000
0.000000
0.000000
0.000000
0.000000
0.000000
0.000000
0.000000
0.000000
0.000000
0.000000
0.000000
0.000000
0.000000
0.000000
0.000000
0.000000
0.000000
0.000000
0.000000
0.000000
0.000000
0.000000
0.000000
0.000000
0.000000
0.000000
0.000000
0.000000
0.000000
0.000000
0.000000
0.000000
0.000000
0.000000
0.000000
0.000000
0.000000
0.000000
0.000000
0.000000
0.000000
0.000000
0.000000
0.000000
0.000000
0.000000
0.000000
0.000000
0.000000
0.000000
0.000000
0.000000
0.000000
0.000000
0.000000
0.000000
0.000000
0.000000
0.000000
0.000000
0.000000
0.000000
0.000000
0.000000
0.000000
0.000000
0.000000
0.000000
0.000000
0.000000
0.000000
0.000000
0.000000
0.000000
0.000000
0.000000
0.000000
0.000000
0.000000
0.000000
0.000000
0.000000
0.000000
0.000000
0.000000
0.000000
0.000000
0.000000
0.000000
0.000000
0.000000
0.000000
0.000000
0.000000
0.000000
0.000000
0.000000
0.000000
0.000000
0.000000
0.000000
0.000000
0.000000
0.000000
0.000000
0.000000
0.000000
0.000000
0.000000
0.000000
0.000000
0.000000
0.000000
0.000000
0.000000
0.000000
0.000000
0.000000
0.000000
0.000000
0.000000
0.000000
0.000000
0.000000
0.000000
0.000000
0.000000
0.000000
0.000000
0.000000
0.000000
0.000000
0.000000
0.000000
0.000000
0.000000
0.000000
0.000000
0.000000
0.000000
0.000000
0.000000
0.000000
0.000000
0.000000
0.000000
0.000000
0.000000
0.000000
0.000000
0.000000
0.000000
0.000000
0.000000
0.000000
0.000000
0.000000
0.000000
0.000000
0.000000
0.000000
0.000000
0.000000
0.000000
0.000000
0.000000
0.000000
0.000000
0.000000
0.000000
0.000000
0.000000
0.000000
0.000000
0.000000
0.000000
0.000000
0.000000
0.000000
0.000000
