0.000659
0.001319
0.001980
0.002643
0.003310
0.003978
0.004653
0.005330
0.006015
0.006704
0.007402
0.008106
0.008820
0.009542
0.010273
0.011016
0.011768
0.012534
0.013309
0.014102
0.014904
0.015724
0.016557
0.017407
0.018275
0.019156
0.020061
0.020978
0.021919
0.022878
0.023857
0.024862
0.025881
0.026931
0.027999
0.029092
0.030214
0.031352
0.032526
0.033722
0.034942
0.036199
0.037475
0.038786
0.040128
0.041492
0.042898
0.044331
0.045790
0.047294
0.048824
0.050385
0.051992
0.053624
0.055290
0.057005
0.058747
0.060522
0.062348
0.064205
0.066093
0.068034
0.070013
0.072018
0.074073
0.076179
0.078311
0.080481
0.082709
0.084978
0.087273
0.089616
0.092018
0.094457
0.096922
0.099437
0.102013
0.104631
0.107274
0.109958
0.112703
0.115503
0.118337
0.121197
0.124099
0.127062
0.130084
0.133149
0.136239
0.139357
0.142514
0.145724
0.148995
0.152323
0.155700
0.159118
0.162572
0.166060
0.169581
0.173138
0.176730
0.180359
0.184025
0.187728
0.191467
0.195241
0.199050
0.202893
0.206769
0.210677
0.214616
0.218585
0.222583
0.226610
0.230663
0.234742
0.238846
0.242973
0.247123
0.251293
0.255484
0.259692
0.263917
0.268158
0.272413
0.276681
0.280959
0.285248
0.289544
0.293847
0.298155
0.302466
0.306779
0.311092
0.315403
0.319711
0.324014
0.328309
0.332597
0.336874
0.341138
0.345388
0.349623
0.353840
0.358038
0.362214
0.366367
0.370495
0.374597
0.378669
0.382711
0.386720
0.390695
0.394634
0.398535
0.402396
0.406216
0.409992
0.413723
0.417407
0.421043
0.424628
0.428161
0.431640
0.435064
0.438431
0.441740
0.444988
0.448174
0.451297
0.454355
0.457347
0.460271
0.463127
0.465912
0.468626
0.471266
0.473833
0.476325
0.478741
0.481079
0.483339
0.485520
0.487622
0.489642
0.491581
0.493437
0.495211
0.496901
0.498507
0.500027
0.501464
0.502814
0.504080
0.505259
0.506353
0.507361
0.508282
0.509118
0.509867
0.510530
0.511109
0.511602
0.512011
0.512334
0.512574
0.512730
0.512803
0.512795
0.512705
0.512535
0.512286
0.511958
0.511552
0.511070
0.510513
0.509882
0.509178
0.508403
0.507558
0.506645
0.505664
0.504617
0.503507
0.502334
0.501101
0.499809
0.498460
0.497056
0.495599
0.494090
0.492533
0.490929
0.489278
0.487585
0.485850
0.484078
0.482268
0.480423
0.478547
0.476641
0.474707
0.472748
0.470765
0.468762
0.466741
0.464704
0.462653
0.460591
0.458520
0.456442
0.454361
0.452278
0.450195
0.448116
0.446042
0.443974
0.441917
0.439873
0.437844
0.435831
0.433837
0.431865
0.429915
0.427992
0.426097
0.424231
0.422397
0.420596
0.418832
0.417105
0.415419
0.413774
0.412172
0.410616
0.409106
0.407644
0.406234
0.404873
0.403567
0.402316
0.401119
0.399980
0.398899
0.397877
0.396917
0.396018
0.395182
0.394408
0.393700
0.393056
0.392479
0.391968
0.391525
0.391149
0.390839
0.390599
0.390427
0.390324
0.390290
0.390325
0.390428
0.390599
0.390839
0.391148
0.391524
0.391968
0.392479
0.393057
0.393700
0.394409
0.395181
0.396017
0.396916
0.397877
0.398898
0.399978
0.401118
0.402314
0.403567
0.404873
0.406233
0.407644
0.409105
0.410615
0.412171
0.413773
0.415418
0.417103
0.418829
0.420593
0.422393
0.424228
0.426093
0.427989
0.429913
0.431862
0.433835
0.435829
0.437841
0.439871
0.441916
0.443973
0.446039
0.448114
0.450194
0.452276
0.454359
0.456441
0.458518
0.460589
0.462651
0.464702
0.466739
0.468760
0.470763
0.472746
0.474705
0.476639
0.478546
0.480422
0.482267
0.484076
0.485849
0.487583
0.489276
0.490927
0.492532
0.494090
0.495598
0.497056
0.498460
0.499808
0.501100
0.502333
0.503505
0.504616
0.505663
0.506644
0.507558
0.508404
0.509179
0.509883
0.510514
0.511071
0.511554
0.511959
0.512287
0.512537
0.512706
0.512796
0.512804
0.512730
0.512574
0.512335
0.512011
0.511603
0.511111
0.510533
0.509869
0.509120
0.508285
0.507363
0.506356
0.505263
0.504083
0.502818
0.501467
0.500031
0.498510
0.496904
0.495214
0.493440
0.491584
0.489645
0.487625
0.485523
0.483342
0.481082
0.478744
0.476328
0.473837
0.471269
0.468628
0.465914
0.463129
0.460273
0.457349
0.454357
0.451298
0.448175
0.444989
0.441741
0.438433
0.435066
0.431642
0.428163
0.424629
0.421044
0.417408
0.413724
0.409993
0.406216
0.402397
0.398536
0.394635
0.390696
0.386721
0.382712
0.378670
0.374598
0.370497
0.366369
0.362216
0.358039
0.353842
0.349625
0.345390
0.341140
0.336875
0.332599
0.328312
0.324016
0.319714
0.315406
0.311095
0.306783
0.302470
0.298159
0.293851
0.289548
0.285252
0.280964
0.276685
0.272418
0.268164
0.263923
0.259698
0.255489
0.251299
0.247129
0.242979
0.238852
0.234748
0.230669
0.226616
0.222589
0.218591
0.214622
0.210683
0.206775
0.202899
0.199057
0.195248
0.191473
0.187735
0.184032
0.180367
0.176739
0.173150
0.169600
0.166090
0.162620
0.159191
0.155803
0.152456
0.149152
0.145891
0.142672
0.139496
0.136364
0.133275
0.130231
0.127230
0.124274
0.121362
0.118495
0.115673
0.112895
0.110162
0.107474
0.104830
0.102231
0.099677
0.097166
0.094701
0.092279
0.089901
0.087567
0.085277
0.083030
0.080826
0.078665
0.076546
0.074469
0.072435
0.070442
0.068490
0.066578
0.064708
0.062877
0.061086
0.059334
0.057620
0.055945
0.054308
0.052708
0.051145
0.049619
0.048128
0.046673
0.045253
0.043867
0.042516
0.041197
0.039912
0.038659
0.037437
0.036248
0.035089
0.033960
0.032861
0.031791
0.030750
0.029737
0.028751
0.027793
0.026861
0.025956
0.025075
0.024220
0.023390
0.022583
0.021800
0.021039
0.020302
0.019586
0.018891
0.018218
0.017565
0.016932
0.016319
0.015724
0.015149
0.014591
0.014051
0.013529
0.013023
0.012534
0.012060
0.011603
0.011160
0.010732
0.010319
0.009919
0.009533
0.009160
0.008800
0.008452
0.008117
0.007793
0.007481
0.007180
0.006889
0.006609
0.006339
0.006079
0.005829
0.005587
0.005355
0.005131
0.004916
0.004708
0.004509
0.004317
0.004132
0.003955
0.003784
0.003620
0.003463
0.003311
0.003166
0.003026
0.002892
0.002764
0.002640
0.002522
0.002408
0.002299
0.002195
0.002095
0.001999
0.001907
0.001819
0.001734
0.001654
0.001576
0.001502
0.001431
0.001364
0.001299
0.001237
0.001178
0.001121
0.001067
0.001015
0.000966
0.000918
0.000873
0.000830
0.000789
0.000750
0.000713
0.000677
0.000643
0.000611
0.000580
0.000550
0.000522
0.000496
0.000470
0.000446
0.000423
0.000401
0.000380
0.000360
0.000341
0.000323
0.000306
0.000290
0.000275
0.000260
0.000246
0.000233
0.000220
0.000208
0.000197
0.000186
0.000176
0.000166
0.000157
0.000148
0.000140
0.000132
0.000125
0.000118
0.000111
0.000105
0.000099
0.000094
0.000088
0.000083
0.000078
0.000074
0.000070
0.000066
0.000062
0.000058
0.000055
0.000052
0.000049
0.000046
0.000043
0.000040
0.000038
0.000036
0.000034
0.000032
0.000030
0.000028
0.000026
0.000025
0.000023
0.000022
0.000020
0.000019
0.000018
0.000017
0.000016
0.000015
0.000014
0.000013
0.000012
0.000011
0.000011
0.000010
0.000009
0.000009
0.000008
0.000008
0.000007
0.000007
0.000006
0.000006
0.000005
0.000005
0.000005
0.000004
0.000004
0.000004
0.000004
0.000003
0.000003
0.000003
0.000003
0.000003
0.000002
0.000002
0.000002
0.000002
0.000002
0.000002
0.000002
0.000001
0.000001
0.000001
0.000001
0.000001
0.000001
0.000001
0.000001
0.000001
0.000001
0.000001
0.000001
0.000001
0.000001
0.000001
0.000000
0.000000
0.000000
0.000000
0.000000
0.000000
0.000000
0.000000
0.000000
0.000000
0.000000
0.000000
0.000000
0.000000
0.000000
0.000000
0.000000
0.000000
0.000000
0.000000
0.000000
0.000000
0.000000
0.000000
0.000000
0.000000
0.000000
0.000000
0.000000
0.000000
0.000000
0.000000
0.000000
0.000000
0.000000
0.000000
0.000000
0.000000
0.000000
0.000000
0.000000
0.000000
0.000000
0.000000
0.000000
0.000000
0.000000
0.000000
0.000000
0.000000
0.000000
0.000000
0.000000
0.000000
0.000000
0.000000
0.000000
0.000000
0.000000
0.000000
0.000000
0.000000
0.000000
0.000000
0.000000
0.000000
0.000000
0.000000
0.000000
0.000000
0.000000
0.000000
0.000000
0.000000
0.000000
0.000000
0.000000
0.000000
0.000000
0.000000
0.000000
0.000000
0.000000
0.000000
0.000000
0.000000
0.000000
0.000000
0.000000
0.000000
0.000000
0.000000
0.000000
0.000000
0.000000
0.000000
0.000000
0.000000
0.000000
0.000000
0.000000
0.000000
0.000000
0.000000
0.000000
0.000000
0.000000
0.000000
0.000000
0.000000
0.000000
0.000000
0.000000
0.000000
0.000000
0.000000
0.000000
0.000000
0.000000
0.000000
0.000000
0.000000
0.000000
0.000000
0.000000
0.000000
0.000000
0.000000
0.000000
0.000000
0.000000
0.000000
0.000000
0.000000
0.000000
0.000000
0.000000
0.000000
0.000000
0.000000
0.000000
0.000000
0.000000
0.000000
0.000000
0.000000
0.000000
0.000000
0.000000
0.000000
0.000000
0.000000
0.000000
0.000000
0.000000
0.000000
0.000000
0.000000
0.000000
0.000000
0.000000
0.000000
0.000000
0.000000
0.000000
0.000000
0.000000
0.000000
0.000000
0.000000
0.000000
0.000000
0.000000
0.000000
0.000000
0.000000
0.000000
0.000000
0.000000
0.000000
0.000000
0.000000
0.000000
0.000000
0.000000
0.000000
0.000000
0.000000
0.000000
0.000000
0.000000
0.000000
0.000000
0.000000
0.000000
0.000000
0.000000
0.000000
0.000000
0.000000
0.000000
0.000000
0.000000
0.000000
0.000000
0.000000
0.000000
0.000000
0.000000
0.000000
0.000000
0.000000
0.000000
0.000000
0.000000
0.000000
0.000000
0.000000
0.000000
0.000000
0.000000
0.000000
0.000000
0.000000
0.000000
0.000000
0.000000
0.000000
0.000000
0.000000
0.000000
