0.000671
0.001342
0.002016
0.002691
0.003369
0.004050
0.004736
0.005426
0.006122
0.006825
0.007534
0.008251
0.008976
0.009711
0.010454
0.011210
0.011974
0.012754
0.013542
0.014347
0.015164
0.015996
0.016845
0.017706
0.018589
0.019484
0.020401
0.021335
0.022288
0.023265
0.024256
0.025277
0.026313
0.027375
0.028462
0.029568
0.030706
0.031863
0.033049
0.034266
0.035501
0.036774
0.038071
0.039394
0.040757
0.042141
0.043559
0.045015
0.046492
0.048011
0.049565
0.051143
0.052765
0.054424
0.056106
0.057837
0.059605
0.061399
0.063240
0.065125
0.067033
0.068988
0.070993
0.073024
0.075093
0.077219
0.079381
0.081571
0.083813
0.086109
0.088433
0.090792
0.093210
0.095677
0.098172
0.100703
0.103294
0.105939
0.108613
0.111318
0.114076
0.116897
0.119760
0.122650
0.125573
0.128549
0.131587
0.134677
0.137799
0.140945
0.144124
0.147349
0.150632
0.153974
0.157370
0.160810
0.164287
0.167798
0.171342
0.174920
0.178533
0.182182
0.185866
0.189587
0.193344
0.197135
0.200961
0.204820
0.208712
0.212635
0.216589
0.220572
0.224584
0.228624
0.232689
0.236781
0.240896
0.245034
0.249193
0.253373
0.257572
0.261788
0.266021
0.270268
0.274529
0.278801
0.283084
0.287376
0.291675
0.295979
0.300288
0.304599
0.308911
0.313222
0.317530
0.321834
0.326132
0.330423
0.334703
0.338973
0.343229
0.347469
0.351694
0.355900
0.360085
0.364248
0.368386
0.372499
0.376584
0.380639
0.384662
0.388651
0.392606
0.396523
0.400402
0.404239
0.408034
0.411785
0.415489
0.419145
0.422752
0.426307
0.429810
0.433257
0.436648
0.439982
0.443255
0.446467
0.449617
0.452702
0.455722
0.458675
0.461559
0.464374
0.467117
0.469788
0.472385
0.474907
0.477354
0.479724
0.482015
0.484228
0.486361
0.488414
0.490385
0.492273
0.494079
0.495801
0.497439
0.498993
0.500460
0.501843
0.503140
0.504351
0.505476
0.506514
0.507466
0.508332
0.509111
0.509803
0.510410
0.510931
0.511367
0.511718
0.511983
0.512165
0.512264
0.512278
0.512212
0.512063
0.511835
0.511528
0.511141
0.510678
0.510138
0.509523
0.508835
0.508073
0.507240
0.506338
0.505368
0.504330
0.503227
0.502060
0.500832
0.499543
0.498196
0.496793
0.495335
0.493824
0.492262
0.490652
0.488996
0.487293
0.485549
0.483763
0.481941
0.480081
0.478188
0.476263
0.474309
0.472328
0.470322
0.468294
0.466246
0.464180
0.462099
0.460005
0.457901
0.455787
0.453669
0.451548
0.449426
0.447304
0.445188
0.443076
0.440973
0.438880
0.436801
0.434738
0.432692
0.430666
0.428662
0.426682
0.424730
0.422805
0.420911
0.419049
0.417223
0.415433
0.413681
0.411971
0.410303
0.408679
0.407101
0.405571
0.404089
0.402659
0.401281
0.399958
0.398690
0.397478
0.396324
0.395229
0.394195
0.393222
0.392312
0.391465
0.390682
0.389965
0.389313
0.388729
0.388212
0.387762
0.387382
0.387069
0.386825
0.386651
0.386547
0.386513
0.386548
0.386652
0.386826
0.387068
0.387381
0.387762
0.388211
0.388729
0.389314
0.389965
0.390682
0.391464
0.392311
0.393221
0.394194
0.395228
0.396322
0.397476
0.398688
0.399958
0.401281
0.402659
0.404088
0.405569
0.407100
0.408678
0.410301
0.411970
0.413680
0.415430
0.417219
0.419046
0.420908
0.422801
0.424727
0.426680
0.428660
0.430663
0.432690
0.434736
0.436799
0.438878
0.440971
0.443073
0.445186
0.447303
0.449424
0.451546
0.453668
0.455787
0.457899
0.460003
0.462097
0.464178
0.466243
0.468292
0.470320
0.472326
0.474307
0.476262
0.478186
0.480080
0.481938
0.483762
0.485547
0.487291
0.488993
0.490651
0.492262
0.493823
0.495335
0.496793
0.498196
0.499543
0.500831
0.502059
0.503226
0.504329
0.505367
0.506338
0.507241
0.508074
0.508835
0.509524
0.510139
0.510680
0.511143
0.511529
0.511837
0.512065
0.512212
0.512279
0.512263
0.512165
0.511984
0.511718
0.511368
0.510933
0.510412
0.509805
0.509112
0.508334
0.507468
0.506517
0.505479
0.504354
0.503143
0.501846
0.500464
0.498996
0.497443
0.495804
0.494082
0.492277
0.490388
0.488417
0.486364
0.484231
0.482019
0.479727
0.477358
0.474911
0.472388
0.469791
0.467120
0.464376
0.461561
0.458677
0.455724
0.452705
0.449619
0.446469
0.443256
0.439983
0.436650
0.433259
0.429811
0.426309
0.422753
0.419146
0.415489
0.411785
0.408034
0.404240
0.400402
0.396524
0.392607
0.388652
0.384662
0.380639
0.376584
0.372500
0.368388
0.364249
0.360086
0.355901
0.351696
0.347472
0.343231
0.338974
0.334705
0.330425
0.326135
0.321837
0.317533
0.313225
0.308914
0.304603
0.300292
0.295983
0.291679
0.287380
0.283088
0.278806
0.274534
0.270273
0.266026
0.261794
0.257578
0.253379
0.249200
0.245040
0.240902
0.236787
0.232696
0.228630
0.224590
0.220578
0.216595
0.212641
0.208718
0.204826
0.200967
0.197142
0.193350
0.189594
0.185874
0.182190
0.178544
0.174936
0.171366
0.167836
0.164346
0.160897
0.157488
0.154121
0.150796
0.147513
0.144273
0.141076
0.137922
0.134812
0.131745
0.128723
0.125745
0.122811
0.119922
0.117077
0.114277
0.111522
0.108811
0.106145
0.103524
0.100947
0.098415
0.095927
0.093483
0.091084
0.088728
0.086416
0.084147
0.081922
0.079739
0.077599
0.075502
0.073446
0.071432
0.069460
0.067529
0.065638
0.063787
0.061976
0.060204
0.058472
0.056778
0.055122
0.053503
0.051922
0.050377
0.048869
0.047396
0.045959
0.044556
0.043187
0.041852
0.040550
0.039281
0.038044
0.036839
0.035664
0.034520
0.033406
0.032322
0.031267
0.030240
0.029240
0.028269
0.027324
0.026405
0.025512
0.024645
0.023802
0.022983
0.022188
0.021417
0.020668
0.019941
0.019236
0.018552
0.017889
0.017246
0.016623
0.016019
0.015434
0.014868
0.014319
0.013788
0.013274
0.012776
0.012295
0.011830
0.011379
0.010944
0.010524
0.010117
0.009724
0.009345
0.008978
0.008625
0.008283
0.007954
0.007636
0.007329
0.007033
0.006748
0.006473
0.006208
0.005953
0.005707
0.005470
0.005242
0.005022
0.004811
0.004608
0.004412
0.004224
0.004043
0.003869
0.003701
0.003541
0.003386
0.003238
0.003095
0.002959
0.002827
0.002701
0.002580
0.002464
0.002353
0.002246
0.002144
0.002046
0.001952
0.001862
0.001776
0.001693
0.001614
0.001539
0.001466
0.001397
0.001331
0.001267
0.001207
0.001149
0.001094
0.001041
0.000990
0.000942
0.000896
0.000852
0.000810
0.000770
0.000731
0.000695
0.000660
0.000627
0.000595
0.000565
0.000536
0.000509
0.000483
0.000458
0.000434
0.000412
0.000390
0.000370
0.000351
0.000332
0.000315
0.000298
0.000282
0.000267
0.000253
0.000239
0.000226
0.000214
0.000203
0.000192
0.000181
0.000171
0.000162
0.000153
0.000144
0.000136
0.000129
0.000121
0.000115
0.000108
0.000102
0.000096
0.000091
0.000086
0.000081
0.000076
0.000072
0.000068
0.000064
0.000060
0.000056
0.000053
0.000050
0.000047
0.000044
0.000042
0.000039
0.000037
0.000035
0.000033
0.000031
0.000029
0.000027
0.000025
0.000024
0.000022
0.000021
0.000020
0.000018
0.000017
0.000016
0.000015
0.000014
0.000013
0.000013
0.000012
0.000011
0.000010
0.000010
0.000009
0.000008
0.000008
0.000007
0.000007
0.000006
0.000006
0.000006
0.000005
0.000005
0.000005
0.000004
0.000004
0.000004
0.000004
0.000003
0.000003
0.000003
0.000003
0.000002
0.000002
0.000002
0.000002
0.000002
0.000002
0.000002
0.000002
0.000001
0.000001
0.000001
0.000001
0.000001
0.000001
0.000001
0.000001
0.000001
0.000001
0.000001
0.000001
0.000001
0.000001
0.000001
0.000000
0.000000
0.000000
0.000000
0.000000
0.000000
0.000000
0.000000
0.000000
0.000000
0.000000
0.000000
0.000000
0.000000
0.000000
0.000000
0.000000
0.000000
0.000000
0.000000
0.000000
0.000000
0.000000
0.000000
0.000000
0.000000
0.000000
0.000000
0.000000
0.000000
0.000000
0.000000
0.000000
0.000000
0.000000
0.000000
0.000000
0.000000
0.000000
0.000000
0.000000
0.000000
0.000000
0.000000
0.000000
0.000000
0.000000
0.000000
0.000000
0.000000
0.000000
0.000000
0.000000
0.000000
0.000000
0.000000
0.000000
0.000000
0.000000
0.000000
0.000000
0.000000
0.000000
0.000000
0.000000
0.000000
0.000000
0.000000
0.000000
0.000000
0.000000
0.000000
0.000000
0.000000
0.000000
0.000000
0.000000
0.000000
0.000000
0.000000
0.000000
0.000000
0.000000
0.000000
0.000000
0.000000
0.000000
0.000000
0.000000
0.000000
0.000000
0.000000
0.000000
0.000000
0.000000
0.000000
0.000000
0.000000
0.000000
0.000000
0.000000
0.000000
0.000000
0.000000
0.000000
0.000000
0.000000
0.000000
0.000000
0.000000
0.000000
0.000000
0.000000
0.000000
0.000000
0.000000
0.000000
0.000000
0.000000
0.000000
0.000000
0.000000
0.000000
0.000000
0.000000
0.000000
0.000000
0.000000
0.000000
0.000000
0.000000
0.000000
0.000000
0.000000
0.000000
0.000000
0.000000
0.000000
0.000000
0.000000
0.000000
0.000000
0.000000
0.000000
0.000000
0.000000
0.000000
0.000000
0.000000
0.000000
0.000000
0.000000
0.000000
0.000000
0.000000
0.000000
0.000000
0.000000
0.000000
0.000000
0.000000
0.000000
0.000000
0.000000
0.000000
0.000000
0.000000
0.000000
0.000000
0.000000
0.000000
0.000000
0.000000
0.000000
0.000000
0.000000
0.000000
0.000000
0.000000
0.000000
0.000000
0.000000
0.000000
0.000000
0.000000
0.000000
0.000000
0.000000
0.000000
0.000000
0.000000
0.000000
0.000000
0.000000
0.000000
0.000000
0.000000
0.000000
0.000000
0.000000
0.000000
0.000000
0.000000
0.000000
0.000000
0.000000
0.000000
0.000000
0.000000
0.000000
0.000000
0.000000
0.000000
0.000000
0.000000
0.000000
0.000000
0.000000
0.000000
0.000000
0.000000
0.000000
0.000000
0.000000
0.000000
0.000000
0.000000
0.000000
0.000000
0.000000
