0.000683
0.001367
0.002052
0.002739
0.003429
0.004123
0.004820
0.005523
0.006231
0.006946
0.007667
0.008398
0.009134
0.009883
0.010638
0.011407
0.012185
0.012976
0.013780
0.014595
0.015428
0.016271
0.017135
0.018010
0.018906
0.019817
0.020746
0.021697
0.022663
0.023655
0.024663
0.025695
0.026751
0.027825
0.028930
0.030052
0.031204
0.032381
0.033580
0.034815
0.036069
0.037354
0.038673
0.040012
0.041390
0.042797
0.044229
0.045704
0.047205
0.048736
0.050312
0.051912
0.053547
0.055229
0.056935
0.058678
0.060470
0.062288
0.064143
0.066050
0.067985
0.069955
0.071979
0.074039
0.076127
0.078268
0.080458
0.082674
0.084931
0.087246
0.089601
0.091982
0.094414
0.096904
0.099430
0.101984
0.104589
0.107254
0.109960
0.112691
0.115465
0.118301
0.121190
0.124112
0.127060
0.130051
0.133103
0.136214
0.139365
0.142542
0.145745
0.148988
0.152284
0.155639
0.159051
0.162510
0.166010
0.169544
0.173111
0.176711
0.180345
0.184013
0.187716
0.191455
0.195229
0.199038
0.202880
0.206755
0.210662
0.214601
0.218569
0.222566
0.226592
0.230644
0.234722
0.238825
0.242951
0.247100
0.251269
0.255458
0.259665
0.263889
0.268128
0.272381
0.276647
0.280924
0.285211
0.289505
0.293806
0.298112
0.302422
0.306732
0.311042
0.315351
0.319656
0.323956
0.328249
0.332533
0.336807
0.341068
0.345315
0.349546
0.353760
0.357954
0.362126
0.366275
0.370399
0.374495
0.378563
0.382600
0.386604
0.390574
0.394508
0.398403
0.402258
0.406071
0.409841
0.413565
0.417242
0.420870
0.424448
0.427973
0.431444
0.434860
0.438218
0.441517
0.444756
0.447932
0.451044
0.454092
0.457073
0.459986
0.462830
0.465603
0.468304
0.470932
0.473485
0.475963
0.478364
0.480688
0.482932
0.485098
0.487182
0.489186
0.491107
0.492945
0.494700
0.496371
0.497957
0.499457
0.500872
0.502201
0.503444
0.504601
0.505670
0.506653
0.507549
0.508359
0.509082
0.509718
0.510268
0.510732
0.511110
0.511403
0.511611
0.511736
0.511776
0.511733
0.511608
0.511402
0.511116
0.510750
0.510306
0.509785
0.509187
0.508515
0.507769
0.506950
0.506060
0.505102
0.504074
0.502980
0.501821
0.500599
0.499315
0.497971
0.496570
0.495112
0.493600
0.492036
0.490422
0.488760
0.487052
0.485298
0.483502
0.481667
0.479794
0.477885
0.475944
0.473972
0.471970
0.469942
0.467890
0.465817
0.463725
0.461615
0.459491
0.457354
0.455209
0.453054
0.450896
0.448735
0.446574
0.444415
0.442261
0.440112
0.437974
0.435846
0.433733
0.431636
0.429558
0.427501
0.425466
0.423456
0.421474
0.419521
0.417599
0.415711
0.413858
0.412043
0.410267
0.408533
0.406842
0.405197
0.403598
0.402048
0.400547
0.399098
0.397703
0.396363
0.395078
0.393852
0.392683
0.391575
0.390528
0.389542
0.388622
0.387764
0.386972
0.386246
0.385587
0.384996
0.384473
0.384017
0.383632
0.383316
0.383069
0.382893
0.382788
0.382754
0.382788
0.382894
0.383070
0.383316
0.383632
0.384018
0.384471
0.384995
0.385587
0.386246
0.386972
0.387764
0.388620
0.389541
0.390526
0.391573
0.392681
0.393850
0.395077
0.396362
0.397703
0.399097
0.400546
0.402046
0.403597
0.405196
0.406841
0.408532
0.410266
0.412040
0.413855
0.415707
0.417596
0.419517
0.421471
0.423454
0.425463
0.427498
0.429556
0.431634
0.433731
0.435844
0.437972
0.440110
0.442258
0.444413
0.446572
0.448734
0.450895
0.453053
0.455207
0.457353
0.459489
0.461613
0.463723
0.465815
0.467888
0.469941
0.471968
0.473970
0.475942
0.477884
0.479792
0.481665
0.483501
0.485296
0.487049
0.488758
0.490421
0.492036
0.493600
0.495113
0.496570
0.497971
0.499315
0.500598
0.501820
0.502979
0.504073
0.505101
0.506060
0.506951
0.507769
0.508516
0.509188
0.509786
0.510308
0.510751
0.511117
0.511403
0.511609
0.511733
0.511776
0.511735
0.511612
0.511404
0.511111
0.510733
0.510269
0.509720
0.509084
0.508361
0.507552
0.506656
0.505673
0.504604
0.503447
0.502204
0.500876
0.499461
0.497960
0.496374
0.494703
0.492949
0.491110
0.489189
0.487185
0.485100
0.482935
0.480691
0.478368
0.475967
0.473489
0.470935
0.468307
0.465605
0.462832
0.459988
0.457075
0.454094
0.451046
0.447933
0.444757
0.441518
0.438219
0.434862
0.431446
0.427975
0.424449
0.420871
0.417243
0.413566
0.409841
0.406072
0.402259
0.398404
0.394508
0.390574
0.386605
0.382601
0.378564
0.374496
0.370400
0.366277
0.362128
0.357955
0.353762
0.349548
0.345317
0.341070
0.336809
0.332535
0.328251
0.323959
0.319659
0.315354
0.311046
0.306735
0.302425
0.298116
0.293811
0.289510
0.285215
0.280929
0.276652
0.272386
0.268133
0.263894
0.259671
0.255464
0.251275
0.247106
0.242957
0.238831
0.234728
0.230650
0.226598
0.222572
0.218575
0.214607
0.210668
0.206761
0.202886
0.199044
0.195236
0.191462
0.187724
0.184022
0.180358
0.176731
0.173142
0.169593
0.166083
0.162613
0.159184
0.155796
0.152451
0.149147
0.145885
0.142667
0.139491
0.136359
0.133271
0.130227
0.127226
0.124271
0.121359
0.118492
0.115670
0.112892
0.110160
0.107471
0.104828
0.102229
0.099675
0.097164
0.094699
0.092277
0.089900
0.087566
0.085275
0.083028
0.080824
0.078663
0.076545
0.074468
0.072434
0.070441
0.068489
0.066578
0.064707
0.062876
0.061085
0.059333
0.057620
0.055945
0.054308
0.052708
0.051145
0.049618
0.048128
0.046673
0.045253
0.043867
0.042515
0.041197
0.039912
0.038658
0.037437
0.036247
0.035088
0.033960
0.032861
0.031791
0.030750
0.029736
0.028751
0.027793
0.026861
0.025955
0.025075
0.024220
0.023389
0.022583
0.021800
0.021039
0.020301
0.019586
0.018891
0.018218
0.017565
0.016932
0.016319
0.015724
0.015149
0.014591
0.014051
0.013529
0.013023
0.012534
0.012060
0.011603
0.011160
0.010732
0.010319
0.009919
0.009533
0.009160
0.008800
0.008452
0.008117
0.007793
0.007481
0.007180
0.006889
0.006609
0.006339
0.006079
0.005829
0.005587
0.005355
0.005131
0.004916
0.004708
0.004509
0.004317
0.004132
0.003955
0.003784
0.003620
0.003463
0.003311
0.003166
0.003026
0.002892
0.002764
0.002640
0.002522
0.002408
0.002299
0.002195
0.002095
0.001999
0.001907
0.001819
0.001734
0.001654
0.001576
0.001502
0.001431
0.001364
0.001299
0.001237
0.001178
0.001121
0.001067
0.001015
0.000966
0.000918
0.000873
0.000830
0.000789
0.000750
0.000713
0.000677
0.000643
0.000611
0.000580
0.000550
0.000522
0.000496
0.000470
0.000446
0.000423
0.000401
0.000380
0.000360
0.000341
0.000323
0.000306
0.000290
0.000275
0.000260
0.000246
0.000233
0.000220
0.000208
0.000197
0.000186
0.000176
0.000166
0.000157
0.000148
0.000140
0.000132
0.000125
0.000118
0.000111
0.000105
0.000099
0.000094
0.000088
0.000083
0.000078
0.000074
0.000070
0.000066
0.000062
0.000058
0.000055
0.000052
0.000049
0.000046
0.000043
0.000040
0.000038
0.000036
0.000034
0.000032
0.000030
0.000028
0.000026
0.000025
0.000023
0.000022
0.000020
0.000019
0.000018
0.000017
0.000016
0.000015
0.000014
0.000013
0.000012
0.000011
0.000011
0.000010
0.000009
0.000009
0.000008
0.000008
0.000007
0.000007
0.000006
0.000006
0.000005
0.000005
0.000005
0.000004
0.000004
0.000004
0.000004
0.000003
0.000003
0.000003
0.000003
0.000003
0.000002
0.000002
0.000002
0.000002
0.000002
0.000002
0.000002
0.000001
0.000001
0.000001
0.000001
0.000001
0.000001
0.000001
0.000001
0.000001
0.000001
0.000001
0.000001
0.000001
0.000001
0.000001
0.000000
0.000000
0.000000
0.000000
0.000000
0.000000
0.000000
0.000000
0.000000
0.000000
0.000000
0.000000
0.000000
0.000000
0.000000
0.000000
0.000000
0.000000
0.000000
0.000000
0.000000
0.000000
0.000000
0.000000
0.000000
0.000000
0.000000
0.000000
0.000000
0.000000
0.000000
0.000000
0.000000
0.000000
0.000000
0.000000
0.000000
0.000000
0.000000
0.000000
0.000000
0.000000
0.000000
0.000000
0.000000
0.000000
0.000000
0.000000
0.000000
0.000000
0.000000
0.000000
0.000000
0.000000
0.000000
0.000000
0.000000
0.000000
0.000000
0.000000
0.000000
0.000000
0.000000
0.000000
0.000000
0.000000
0.000000
0.000000
0.000000
0.000000
0.000000
0.000000
0.000000
0.000000
0.000000
0.000000
0.000000
0.000000
0.000000
0.000000
0.000000
0.000000
0.000000
0.000000
0.000000
0.000000
0.000000
0.000000
0.000000
0.000000
0.000000
0.000000
0.000000
0.000000
0.000000
0.000000
0.000000
0.000000
0.000000
0.000000
0.000000
0.000000
0.000000
0.000000
0.000000
0.000000
0.000000
0.000000
0.000000
0.000000
0.000000
0.000000
0.000000
0.000000
0.000000
0.000000
0.000000
0.000000
0.000000
0.000000
0.000000
0.000000
0.000000
0.000000
0.000000
0.000000
0.000000
0.000000
0.000000
0.000000
0.000000
0.000000
0.000000
0.000000
0.000000
0.000000
0.000000
0.000000
0.000000
0.000000
0.000000
0.000000
0.000000
0.000000
0.000000
0.000000
0.000000
0.000000
0.000000
0.000000
0.000000
0.000000
0.000000
0.000000
0.000000
0.000000
0.000000
0.000000
0.000000
0.000000
0.000000
0.000000
0.000000
0.000000
0.000000
0.000000
0.000000
0.000000
0.000000
0.000000
0.000000
0.000000
0.000000
0.000000
0.000000
0.000000
0.000000
0.000000
0.000000
0.000000
0.000000
0.000000
0.000000
0.000000
0.000000
0.000000
0.000000
0.000000
0.000000
0.000000
0.000000
0.000000
0.000000
0.000000
0.000000
0.000000
0.000000
0.000000
0.000000
0.000000
0.000000
0.000000
0.000000
0.000000
0.000000
0.000000
0.000000
0.000000
0.000000
0.000000
0.000000
0.000000
0.000000
0.000000
0.000000
0.000000
0.000000
0.000000
0.000000
0.000000
0.000000
0.000000
0.000000
0.000000
0.000000
0.000000
0.000000
0.000000
0.000000
0.000000
