0.000695
0.001391
0.002088
0.002788
0.003490
0.004196
0.004905
0.005621
0.006341
0.007069
0.007803
0.008546
0.009296
0.010056
0.010826
0.011606
0.012399
0.013201
0.014020
0.014848
0.015695
0.016552
0.017428
0.018319
0.019227
0.020155
0.021097
0.022063
0.023044
0.024050
0.025075
0.026120
0.027193
0.028283
0.029402
0.030543
0.031707
0.032905
0.034120
0.035368
0.036645
0.037943
0.039281
0.040640
0.042031
0.043460
0.044910
0.046400
0.047924
0.049472
0.051064
0.052690
0.054341
0.056040
0.057772
0.059532
0.061342
0.063187
0.065059
0.066982
0.068946
0.070935
0.072974
0.075061
0.077175
0.079330
0.081541
0.083787
0.086063
0.088393
0.090776
0.093185
0.095633
0.098140
0.100695
0.103277
0.105898
0.108580
0.111313
0.114075
0.116869
0.119718
0.122628
0.125580
0.128558
0.131569
0.134634
0.137760
0.140937
0.144145
0.147377
0.150641
0.153951
0.157318
0.160744
0.164221
0.167742
0.171299
0.174889
0.178511
0.182165
0.185853
0.189575
0.193332
0.197124
0.200949
0.204807
0.208698
0.212621
0.216574
0.220557
0.224568
0.228606
0.232671
0.236761
0.240875
0.245012
0.249171
0.253349
0.257547
0.261762
0.265993
0.270239
0.274498
0.278769
0.283050
0.287340
0.291637
0.295940
0.300246
0.304555
0.308865
0.313173
0.317479
0.321781
0.326076
0.330364
0.334641
0.338908
0.343161
0.347398
0.351619
0.355821
0.360003
0.364162
0.368296
0.372404
0.376485
0.380535
0.384554
0.388538
0.392487
0.396399
0.400272
0.404104
0.407892
0.411636
0.415334
0.418984
0.422583
0.426131
0.429626
0.433065
0.436448
0.439773
0.443037
0.446240
0.449380
0.452455
0.455465
0.458407
0.461280
0.464083
0.466814
0.469473
0.472057
0.474566
0.476999
0.479355
0.481632
0.483830
0.485947
0.487983
0.489937
0.491809
0.493596
0.495300
0.496919
0.498453
0.499900
0.501262
0.502538
0.503727
0.504829
0.505843
0.506771
0.507611
0.508365
0.509031
0.509611
0.510104
0.510511
0.510832
0.511068
0.511219
0.511285
0.511267
0.511167
0.510984
0.510720
0.510377
0.509953
0.509451
0.508872
0.508217
0.507488
0.506684
0.505809
0.504863
0.503848
0.502764
0.501614
0.500399
0.499122
0.497783
0.496385
0.494929
0.493418
0.491853
0.490236
0.488570
0.486856
0.485096
0.483292
0.481446
0.479561
0.477639
0.475682
0.473693
0.471673
0.469625
0.467551
0.465454
0.463336
0.461200
0.459047
0.456880
0.454701
0.452514
0.450320
0.448122
0.445922
0.443723
0.441526
0.439335
0.437151
0.434978
0.432816
0.430669
0.428540
0.426430
0.424341
0.422275
0.420237
0.418226
0.416245
0.414295
0.412381
0.410503
0.408663
0.406864
0.405106
0.403393
0.401727
0.400107
0.398537
0.397018
0.395550
0.394138
0.392781
0.391481
0.390239
0.389057
0.387935
0.386876
0.385879
0.384947
0.384080
0.383279
0.382544
0.381878
0.381280
0.380750
0.380290
0.379900
0.379581
0.379331
0.379153
0.379047
0.379011
0.379046
0.379153
0.379332
0.379580
0.379899
0.380290
0.380749
0.381279
0.381878
0.382544
0.383278
0.384079
0.384946
0.385878
0.386874
0.387934
0.389055
0.390238
0.391480
0.392780
0.394138
0.395550
0.397017
0.398536
0.400106
0.401725
0.403392
0.405105
0.406862
0.408661
0.410500
0.412378
0.414292
0.416241
0.418223
0.420234
0.422273
0.424338
0.426427
0.428537
0.430667
0.432814
0.434975
0.437149
0.439333
0.441525
0.443721
0.445921
0.448120
0.450319
0.452513
0.454700
0.456877
0.459044
0.461197
0.463334
0.465452
0.467549
0.469623
0.471671
0.473691
0.475680
0.477637
0.479559
0.481444
0.483290
0.485093
0.486853
0.488569
0.490236
0.491853
0.493418
0.494930
0.496384
0.497783
0.499121
0.500398
0.501612
0.502763
0.503847
0.504863
0.505810
0.506685
0.507489
0.508218
0.508874
0.509453
0.509954
0.510377
0.510722
0.510985
0.511167
0.511268
0.511285
0.511219
0.511068
0.510833
0.510512
0.510105
0.509613
0.509033
0.508367
0.507614
0.506773
0.505846
0.504832
0.503729
0.502541
0.501266
0.499904
0.498456
0.496922
0.495303
0.493599
0.491812
0.489940
0.487986
0.485950
0.483832
0.481635
0.479358
0.477003
0.474570
0.472060
0.469475
0.466817
0.464085
0.461282
0.458409
0.455467
0.452458
0.449382
0.446241
0.443038
0.439774
0.436450
0.433067
0.429627
0.426132
0.422584
0.418984
0.415334
0.411637
0.407892
0.404104
0.400273
0.396400
0.392488
0.388538
0.384554
0.380536
0.376486
0.372405
0.368297
0.364163
0.360004
0.355823
0.351621
0.347400
0.343162
0.338910
0.334643
0.330366
0.326079
0.321784
0.317482
0.313177
0.308868
0.304559
0.300250
0.295944
0.291641
0.287344
0.283054
0.278773
0.274503
0.270244
0.265998
0.261768
0.257553
0.253355
0.249177
0.245018
0.240882
0.236767
0.232677
0.228612
0.224574
0.220562
0.216580
0.212627
0.208704
0.204814
0.200955
0.197130
0.193340
0.189584
0.185864
0.182181
0.178535
0.174928
0.171359
0.167829
0.164339
0.160890
0.157482
0.154115
0.150791
0.147508
0.144268
0.141071
0.137918
0.134808
0.131741
0.128719
0.125741
0.122808
0.119919
0.117074
0.114274
0.111519
0.108809
0.106143
0.103522
0.100945
0.098413
0.095925
0.093482
0.091082
0.088726
0.086414
0.084146
0.081921
0.079738
0.077598
0.075501
0.073445
0.071432
0.069459
0.067528
0.065637
0.063786
0.061975
0.060204
0.058471
0.056777
0.055121
0.053503
0.051922
0.050377
0.048869
0.047396
0.045958
0.044555
0.043187
0.041852
0.040550
0.039281
0.038044
0.036838
0.035664
0.034520
0.033406
0.032322
0.031266
0.030239
0.029240
0.028269
0.027324
0.026405
0.025512
0.024645
0.023802
0.022983
0.022188
0.021417
0.020668
0.019941
0.019236
0.018552
0.017889
0.017246
0.016623
0.016019
0.015434
0.014868
0.014319
0.013788
0.013274
0.012776
0.012295
0.011830
0.011379
0.010944
0.010524
0.010117
0.009724
0.009345
0.008978
0.008625
0.008283
0.007954
0.007636
0.007329
0.007033
0.006748
0.006473
0.006208
0.005953
0.005707
0.005470
0.005242
0.005022
0.004811
0.004608
0.004412
0.004224
0.004043
0.003869
0.003701
0.003541
0.003386
0.003238
0.003095
0.002959
0.002827
0.002701
0.002580
0.002464
0.002353
0.002246
0.002144
0.002046
0.001952
0.001862
0.001776
0.001693
0.001614
0.001539
0.001466
0.001397
0.001331
0.001267
0.001207
0.001149
0.001094
0.001041
0.000990
0.000942
0.000896
0.000852
0.000810
0.000770
0.000731
0.000695
0.000660
0.000627
0.000595
0.000565
0.000536
0.000509
0.000483
0.000458
0.000434
0.000412
0.000390
0.000370
0.000351
0.000332
0.000315
0.000298
0.000282
0.000267
0.000253
0.000239
0.000226
0.000214
0.000203
0.000192
0.000181
0.000171
0.000162
0.000153
0.000144
0.000136
0.000129
0.000121
0.000115
0.000108
0.000102
0.000096
0.000091
0.000086
0.000081
0.000076
0.000072
0.000068
0.000064
0.000060
0.000056
0.000053
0.000050
0.000047
0.000044
0.000042
0.000039
0.000037
0.000035
0.000033
0.000031
0.000029
0.000027
0.000025
0.000024
0.000022
0.000021
0.000020
0.000018
0.000017
0.000016
0.000015
0.000014
0.000013
0.000013
0.000012
0.000011
0.000010
0.000010
0.000009
0.000008
0.000008
0.000007
0.000007
0.000006
0.000006
0.000006
0.000005
0.000005
0.000005
0.000004
0.000004
0.000004
0.000004
0.000003
0.000003
0.000003
0.000003
0.000002
0.000002
0.000002
0.000002
0.000002
0.000002
0.000002
0.000002
0.000001
0.000001
0.000001
0.000001
0.000001
0.000001
0.000001
0.000001
0.000001
0.000001
0.000001
0.000001
0.000001
0.000001
0.000001
0.000000
0.000000
0.000000
0.000000
0.000000
0.000000
0.000000
0.000000
0.000000
0.000000
0.000000
0.000000
0.000000
0.000000
0.000000
0.000000
0.000000
0.000000
0.000000
0.000000
0.000000
0.000000
0.000000
0.000000
0.000000
0.000000
0.000000
0.000000
0.000000
0.000000
0.000000
0.000000
0.000000
0.000000
0.000000
0.000000
0.000000
0.000000
0.000000
0.000000
0.000000
0.000000
0.000000
0.000000
0.000000
0.000000
0.000000
0.000000
0.000000
0.000000
0.000000
0.000000
0.000000
0.000000
0.000000
0.000000
0.000000
0.000000
0.000000
0.000000
0.000000
0.000000
0.000000
0.000000
0.000000
0.000000
0.000000
0.000000
0.000000
0.000000
0.000000
0.000000
0.000000
0.000000
0.000000
0.000000
0.000000
0.000000
0.000000
0.000000
0.000000
0.000000
0.000000
0.000000
0.000000
0.000000
0.000000
0.000000
0.000000
0.000000
0.000000
0.000000
0.000000
0.000000
0.000000
0.000000
0.000000
0.000000
0.000000
0.000000
0.000000
0.000000
0.000000
0.000000
0.000000
0.000000
0.000000
0.000000
0.000000
0.000000
0.000000
0.000000
0.000000
0.000000
0.000000
0.000000
0.000000
0.000000
0.000000
0.000000
0.000000
0.000000
0.000000
0.000000
0.000000
0.000000
0.000000
0.000000
0.000000
0.000000
0.000000
0.000000
0.000000
0.000000
0.000000
0.000000
0.000000
0.000000
0.000000
0.000000
0.000000
0.000000
0.000000
0.000000
0.000000
0.000000
0.000000
0.000000
0.000000
0.000000
0.000000
0.000000
0.000000
0.000000
0.000000
0.000000
0.000000
0.000000
0.000000
0.000000
0.000000
0.000000
0.000000
0.000000
0.000000
0.000000
0.000000
0.000000
0.000000
0.000000
0.000000
0.000000
0.000000
0.000000
0.000000
0.000000
0.000000
0.000000
0.000000
0.000000
0.000000
0.000000
0.000000
0.000000
0.000000
0.000000
0.000000
0.000000
0.000000
0.000000
0.000000
0.000000
0.000000
0.000000
0.000000
0.000000
0.000000
0.000000
0.000000
0.000000
0.000000
0.000000
0.000000
0.000000
0.000000
0.000000
0.000000
0.000000
0.000000
0.000000
0.000000
0.000000
0.000000
0.000000
0.000000
0.000000
0.000000
0.000000
0.000000
0.000000
0.000000
0.000000
0.000000
0.000000
0.000000
0.000000
0.000000
0.000000
0.000000
