0.000707
0.001416
0.002125
0.002837
0.003552
0.004270
0.004993
0.005721
0.006454
0.007194
0.007941
0.008695
0.009460
0.010231
0.011016
0.011808
0.012615
0.013430
0.014262
0.015105
0.015964
0.016837
0.017725
0.018633
0.019553
0.020496
0.021453
0.022433
0.023432
0.024449
0.025493
0.026552
0.027640
0.028748
0.029879
0.031041
0.032220
0.033432
0.034668
0.035929
0.037226
0.038542
0.039894
0.041276
0.042682
0.044129
0.045602
0.047104
0.048650
0.050220
0.051825
0.053474
0.055147
0.056860
0.058617
0.060398
0.062222
0.064092
0.065987
0.067925
0.069913
0.071928
0.073982
0.076090
0.078232
0.080405
0.082633
0.084907
0.087208
0.089553
0.091957
0.094398
0.096867
0.099388
0.101968
0.104581
0.107223
0.109918
0.112674
0.115468
0.118287
0.121151
0.124076
0.127055
0.130064
0.133100
0.136179
0.139320
0.142517
0.145754
0.149016
0.152305
0.155632
0.159012
0.162450
0.165943
0.169483
0.173062
0.176674
0.180319
0.183994
0.187702
0.191443
0.195218
0.199026
0.202868
0.206743
0.210649
0.214587
0.218555
0.222551
0.226576
0.230627
0.234704
0.238806
0.242931
0.247079
0.251247
0.255434
0.259640
0.263863
0.268101
0.272353
0.276617
0.280893
0.285177
0.289470
0.293770
0.298074
0.302381
0.306689
0.310997
0.315304
0.319606
0.323904
0.328194
0.332476
0.336747
0.341005
0.345249
0.349477
0.353687
0.357877
0.362046
0.366191
0.370310
0.374403
0.378467
0.382499
0.386499
0.390463
0.394392
0.398281
0.402131
0.405938
0.409702
0.413420
0.417091
0.420712
0.424283
0.427801
0.431264
0.434672
0.438022
0.441313
0.444542
0.447709
0.450812
0.453850
0.456821
0.459724
0.462556
0.465318
0.468007
0.470623
0.473163
0.475628
0.478016
0.480326
0.482556
0.484707
0.486776
0.488763
0.490668
0.492489
0.494226
0.495879
0.497446
0.498928
0.500322
0.501631
0.502852
0.503987
0.505035
0.505994
0.506867
0.507652
0.508349
0.508959
0.509482
0.509919
0.510269
0.510533
0.510711
0.510805
0.510813
0.510738
0.510581
0.510339
0.510019
0.509617
0.509136
0.508577
0.507941
0.507229
0.506442
0.505582
0.504651
0.503648
0.502577
0.501437
0.500231
0.498962
0.497629
0.496236
0.494784
0.493275
0.491710
0.490092
0.488424
0.486705
0.484941
0.483129
0.481275
0.479380
0.477446
0.475474
0.473470
0.471434
0.469367
0.467273
0.465154
0.463012
0.460850
0.458670
0.456475
0.454265
0.452046
0.449818
0.447584
0.445347
0.443109
0.440872
0.438640
0.436411
0.434193
0.431984
0.429789
0.427610
0.425448
0.423306
0.421187
0.419092
0.417025
0.414985
0.412976
0.411000
0.409060
0.407157
0.405293
0.403471
0.401691
0.399956
0.398269
0.396629
0.395039
0.393501
0.392016
0.390587
0.389214
0.387898
0.386642
0.385446
0.384311
0.383240
0.382232
0.381289
0.380412
0.379602
0.378859
0.378186
0.377581
0.377045
0.376580
0.376185
0.375863
0.375611
0.375430
0.375323
0.375286
0.375322
0.375431
0.375611
0.375863
0.376185
0.376579
0.377044
0.377580
0.378185
0.378859
0.379601
0.380411
0.381288
0.382230
0.383238
0.384310
0.385444
0.386641
0.387897
0.389213
0.390586
0.392016
0.393500
0.395038
0.396627
0.398267
0.399955
0.401689
0.403469
0.405292
0.407155
0.409058
0.410997
0.412973
0.414982
0.417021
0.419090
0.421184
0.423303
0.425445
0.427607
0.429787
0.431982
0.434191
0.436410
0.438637
0.440871
0.443108
0.445346
0.447583
0.449817
0.452045
0.454264
0.456472
0.458668
0.460848
0.463010
0.465152
0.467271
0.469365
0.471432
0.473468
0.475473
0.477443
0.479377
0.481273
0.483127
0.484938
0.486704
0.488423
0.490092
0.491710
0.493276
0.494784
0.496236
0.497629
0.498961
0.500230
0.501436
0.502575
0.503648
0.504650
0.505583
0.506443
0.507230
0.507942
0.508579
0.509138
0.509618
0.510020
0.510341
0.510581
0.510739
0.510813
0.510805
0.510711
0.510533
0.510269
0.509920
0.509484
0.508961
0.508351
0.507654
0.506869
0.505997
0.505038
0.503990
0.502856
0.501634
0.500326
0.498931
0.497449
0.495882
0.494229
0.492492
0.490671
0.488766
0.486779
0.484709
0.482559
0.480330
0.478020
0.475632
0.473167
0.470626
0.468010
0.465320
0.462559
0.459726
0.456823
0.453853
0.450814
0.447711
0.444543
0.441313
0.438023
0.434674
0.431266
0.427802
0.424284
0.420713
0.417091
0.413421
0.409702
0.405939
0.402132
0.398282
0.394392
0.390463
0.386499
0.382500
0.378467
0.374404
0.370312
0.366192
0.362048
0.357879
0.353689
0.349479
0.345251
0.341007
0.336749
0.332478
0.328197
0.323907
0.319609
0.315307
0.311001
0.306693
0.302384
0.298078
0.293774
0.289475
0.285182
0.280897
0.276622
0.272358
0.268106
0.263869
0.259646
0.255440
0.251253
0.247085
0.242937
0.238812
0.234711
0.230633
0.226582
0.222557
0.218561
0.214593
0.210655
0.206749
0.202875
0.199033
0.195226
0.191453
0.187715
0.184014
0.180349
0.176723
0.173135
0.169586
0.166076
0.162607
0.159178
0.155791
0.152445
0.149142
0.145881
0.142662
0.139487
0.136355
0.133267
0.130223
0.127223
0.124268
0.121356
0.118489
0.115667
0.112890
0.110157
0.107469
0.104826
0.102227
0.099673
0.097163
0.094697
0.092276
0.089898
0.087564
0.085274
0.083027
0.080823
0.078662
0.076544
0.074467
0.072433
0.070440
0.068488
0.066577
0.064706
0.062876
0.061084
0.059332
0.057619
0.055944
0.054307
0.052707
0.051144
0.049618
0.048128
0.046673
0.045252
0.043867
0.042515
0.041197
0.039911
0.038658
0.037437
0.036247
0.035088
0.033959
0.032860
0.031791
0.030749
0.029736
0.028751
0.027793
0.026861
0.025955
0.025075
0.024220
0.023389
0.022583
0.021800
0.021039
0.020301
0.019586
0.018891
0.018218
0.017565
0.016932
0.016319
0.015724
0.015149
0.014591
0.014051
0.013529
0.013023
0.012534
0.012060
0.011603
0.011160
0.010732
0.010319
0.009919
0.009533
0.009160
0.008800
0.008452
0.008117
0.007793
0.007481
0.007180
0.006889
0.006609
0.006339
0.006079
0.005829
0.005587
0.005355
0.005131
0.004916
0.004708
0.004509
0.004317
0.004132
0.003955
0.003784
0.003620
0.003463
0.003311
0.003166
0.003026
0.002892
0.002764
0.002640
0.002522
0.002408
0.002299
0.002195
0.002095
0.001999
0.001907
0.001819
0.001734
0.001654
0.001576
0.001502
0.001431
0.001364
0.001299
0.001237
0.001178
0.001121
0.001067
0.001015
0.000966
0.000918
0.000873
0.000830
0.000789
0.000750
0.000713
0.000677
0.000643
0.000611
0.000580
0.000550
0.000522
0.000496
0.000470
0.000446
0.000423
0.000401
0.000380
0.000360
0.000341
0.000323
0.000306
0.000290
0.000275
0.000260
0.000246
0.000233
0.000220
0.000208
0.000197
0.000186
0.000176
0.000166
0.000157
0.000148
0.000140
0.000132
0.000125
0.000118
0.000111
0.000105
0.000099
0.000094
0.000088
0.000083
0.000078
0.000074
0.000070
0.000066
0.000062
0.000058
0.000055
0.000052
0.000049
0.000046
0.000043
0.000040
0.000038
0.000036
0.000034
0.000032
0.000030
0.000028
0.000026
0.000025
0.000023
0.000022
0.000020
0.000019
0.000018
0.000017
0.000016
0.000015
0.000014
0.000013
0.000012
0.000011
0.000011
0.000010
0.000009
0.000009
0.000008
0.000008
0.000007
0.000007
0.000006
0.000006
0.000005
0.000005
0.000005
0.000004
0.000004
0.000004
0.000004
0.000003
0.000003
0.000003
0.000003
0.000003
0.000002
0.000002
0.000002
0.000002
0.000002
0.000002
0.000002
0.000001
0.000001
0.000001
0.000001
0.000001
0.000001
0.000001
0.000001
0.000001
0.000001
0.000001
0.000001
0.000001
0.000001
0.000001
0.000000
0.000000
0.000000
0.000000
0.000000
0.000000
0.000000
0.000000
0.000000
0.000000
0.000000
0.000000
0.000000
0.000000
0.000000
0.000000
0.000000
0.000000
0.000000
0.000000
0.000000
0.000000
0.000000
0.000000
0.000000
0.000000
0.000000
0.000000
0.000000
0.000000
0.000000
0.000000
0.000000
0.000000
0.000000
0.000000
0.000000
0.000000
0.000000
0.000000
0.000000
0.000000
0.000000
0.000000
0.000000
0.000000
0.000000
0.000000
0.000000
0.000000
0.000000
0.000000
0.000000
0.000000
0.000000
0.000000
0.000000
0.000000
0.000000
0.000000
0.000000
0.000000
0.000000
0.000000
0.000000
0.000000
0.000000
0.000000
0.000000
0.000000
0.000000
0.000000
0.000000
0.000000
0.000000
0.000000
0.000000
0.000000
0.000000
0.000000
0.000000
0.000000
0.000000
0.000000
0.000000
0.000000
0.000000
0.000000
0.000000
0.000000
0.000000
0.000000
0.000000
0.000000
0.000000
0.000000
0.000000
0.000000
0.000000
0.000000
0.000000
0.000000
0.000000
0.000000
0.000000
0.000000
0.000000
0.000000
0.000000
0.000000
0.000000
0.000000
0.000000
0.000000
0.000000
0.000000
0.000000
0.000000
0.000000
0.000000
0.000000
0.000000
0.000000
0.000000
0.000000
0.000000
0.000000
0.000000
0.000000
0.000000
0.000000
0.000000
0.000000
0.000000
0.000000
0.000000
0.000000
0.000000
0.000000
0.000000
0.000000
0.000000
0.000000
0.000000
0.000000
0.000000
0.000000
0.000000
0.000000
0.000000
0.000000
0.000000
0.000000
0.000000
0.000000
0.000000
0.000000
0.000000
0.000000
0.000000
0.000000
0.000000
0.000000
0.000000
0.000000
0.000000
0.000000
0.000000
0.000000
0.000000
0.000000
0.000000
0.000000
0.000000
0.000000
0.000000
0.000000
0.000000
0.000000
0.000000
0.000000
0.000000
0.000000
0.000000
0.000000
0.000000
0.000000
0.000000
0.000000
0.000000
0.000000
0.000000
0.000000
0.000000
0.000000
0.000000
0.000000
0.000000
0.000000
0.000000
0.000000
0.000000
0.000000
0.000000
0.000000
0.000000
0.000000
0.000000
0.000000
0.000000
0.000000
0.000000
0.000000
0.000000
0.000000
0.000000
0.000000
0.000000
0.000000
0.000000
0.000000
0.000000
0.000000
0.000000
0.000000
0.000000
0.000000
0.000000
0.000000
