0.000720
0.001441
0.002163
0.002887
0.003615
0.004346
0.005081
0.005821
0.006568
0.007320
0.008081
0.008848
0.009626
0.010410
0.011208
0.012014
0.012833
0.013664
0.014508
0.015366
0.016237
0.017126
0.018027
0.018950
0.019885
0.020841
0.021816
0.022807
0.023824
0.024855
0.025914
0.026991
0.028091
0.029219
0.030364
0.031542
0.032740
0.033966
0.035223
0.036499
0.037812
0.039149
0.040514
0.041918
0.043342
0.044803
0.046300
0.047819
0.049382
0.050976
0.052597
0.054265
0.055963
0.057690
0.059467
0.061275
0.063113
0.065004
0.066926
0.068880
0.070887
0.072931
0.075003
0.077127
0.079298
0.081494
0.083737
0.086035
0.088365
0.090728
0.093148
0.095617
0.098114
0.100651
0.103248
0.105891
0.108561
0.111272
0.114044
0.116866
0.119716
0.122599
0.125538
0.128537
0.131577
0.134642
0.137740
0.140893
0.144107
0.147370
0.150662
0.153979
0.157326
0.160720
0.164170
0.167676
0.171234
0.174833
0.178468
0.182134
0.185831
0.189559
0.193319
0.197112
0.200937
0.204796
0.208686
0.212608
0.216561
0.220543
0.224553
0.228591
0.232655
0.236744
0.240857
0.244993
0.249150
0.253328
0.257524
0.261738
0.265968
0.270212
0.274470
0.278739
0.283019
0.287307
0.291603
0.295904
0.300208
0.304515
0.308823
0.313130
0.317433
0.321732
0.326025
0.330310
0.334585
0.338849
0.343099
0.347333
0.351551
0.355750
0.359928
0.364083
0.368214
0.372318
0.376395
0.380441
0.384455
0.388435
0.392379
0.396286
0.400153
0.403979
0.407762
0.411501
0.415192
0.418835
0.422428
0.425969
0.429457
0.432889
0.436264
0.439581
0.442837
0.446031
0.449162
0.452228
0.455228
0.458160
0.461023
0.463815
0.466535
0.469182
0.471754
0.474251
0.476672
0.479014
0.481277
0.483460
0.485563
0.487584
0.489523
0.491378
0.493149
0.494835
0.496437
0.497952
0.499380
0.500722
0.501978
0.503146
0.504226
0.505219
0.506124
0.506941
0.507670
0.508311
0.508865
0.509332
0.509712
0.510005
0.510212
0.510333
0.510369
0.510320
0.510188
0.509973
0.509675
0.509297
0.508838
0.508300
0.507684
0.506990
0.506222
0.505379
0.504462
0.503474
0.502416
0.501289
0.500093
0.498833
0.497508
0.496122
0.494675
0.493169
0.491606
0.489990
0.488319
0.486599
0.484829
0.483014
0.481152
0.479248
0.477304
0.475322
0.473302
0.471251
0.469167
0.467054
0.464915
0.462751
0.460565
0.458360
0.456137
0.453899
0.451649
0.449389
0.447120
0.444848
0.442572
0.440296
0.438022
0.435754
0.433490
0.431237
0.428995
0.426767
0.424555
0.422361
0.420188
0.418039
0.415915
0.413819
0.411752
0.409716
0.407714
0.405749
0.403821
0.401934
0.400089
0.398287
0.396531
0.394822
0.393163
0.391554
0.389998
0.388496
0.387050
0.385661
0.384331
0.383060
0.381850
0.380704
0.379620
0.378601
0.377647
0.376761
0.375942
0.375192
0.374511
0.373899
0.373358
0.372888
0.372488
0.372162
0.371908
0.371726
0.371617
0.371580
0.371616
0.371726
0.371908
0.372163
0.372489
0.372886
0.373357
0.373898
0.374510
0.375191
0.375941
0.376760
0.377646
0.378599
0.379618
0.380701
0.381849
0.383059
0.384330
0.385660
0.387049
0.388495
0.389997
0.391553
0.393161
0.394821
0.396529
0.398285
0.400086
0.401933
0.403820
0.405746
0.407711
0.409714
0.411748
0.413816
0.415912
0.418037
0.420186
0.422358
0.424552
0.426764
0.428992
0.431235
0.433488
0.435751
0.438021
0.440295
0.442571
0.444847
0.447119
0.449387
0.451647
0.453897
0.456135
0.458357
0.460563
0.462748
0.464913
0.467052
0.469165
0.471248
0.473300
0.475319
0.477301
0.479246
0.481150
0.483011
0.484828
0.486598
0.488319
0.489989
0.491607
0.493170
0.494674
0.496122
0.497508
0.498832
0.500092
0.501287
0.502415
0.503474
0.504463
0.505379
0.506224
0.506992
0.507685
0.508301
0.508839
0.509298
0.509676
0.509974
0.510189
0.510321
0.510370
0.510333
0.510212
0.510005
0.509713
0.509333
0.508867
0.508313
0.507672
0.506943
0.506126
0.505222
0.504229
0.503149
0.501981
0.500726
0.499384
0.497955
0.496439
0.494838
0.493152
0.491381
0.489525
0.487587
0.485566
0.483463
0.481281
0.479017
0.476675
0.474255
0.471757
0.469185
0.466537
0.463817
0.461025
0.458162
0.455230
0.452231
0.449164
0.446033
0.442838
0.439582
0.436266
0.432891
0.429458
0.425970
0.422429
0.418836
0.415193
0.411501
0.407763
0.403980
0.400154
0.396287
0.392379
0.388435
0.384455
0.380441
0.376395
0.372319
0.368215
0.364085
0.359930
0.355751
0.351553
0.347335
0.343101
0.338851
0.334587
0.330312
0.326028
0.321735
0.317436
0.313133
0.308827
0.304519
0.300212
0.295908
0.291607
0.287311
0.283023
0.278744
0.274475
0.270218
0.265973
0.261744
0.257530
0.253334
0.249156
0.244999
0.240863
0.236750
0.232661
0.228597
0.224559
0.220549
0.216567
0.212614
0.208692
0.204802
0.200944
0.197120
0.193330
0.189575
0.185856
0.182173
0.178528
0.174920
0.171352
0.167823
0.164333
0.160885
0.157477
0.154110
0.150786
0.147504
0.144264
0.141067
0.137914
0.134804
0.131738
0.128716
0.125738
0.122805
0.119916
0.117072
0.114272
0.111517
0.108807
0.106141
0.103520
0.100943
0.098411
0.095924
0.093480
0.091081
0.088725
0.086413
0.084145
0.081919
0.079737
0.077597
0.075500
0.073445
0.071431
0.069459
0.067527
0.065636
0.063786
0.061975
0.060203
0.058471
0.056777
0.055121
0.053502
0.051921
0.050377
0.048868
0.047395
0.045958
0.044555
0.043187
0.041852
0.040550
0.039281
0.038044
0.036838
0.035664
0.034520
0.033406
0.032322
0.031266
0.030239
0.029240
0.028268
0.027324
0.026405
0.025512
0.024645
0.023802
0.022983
0.022188
0.021417
0.020668
0.019941
0.019236
0.018552
0.017889
0.017246
0.016623
0.016019
0.015434
0.014868
0.014319
0.013788
0.013274
0.012776
0.012295
0.011830
0.011379
0.010944
0.010524
0.010117
0.009724
0.009345
0.008978
0.008625
0.008283
0.007954
0.007636
0.007329
0.007033
0.006748
0.006473
0.006208
0.005953
0.005707
0.005470
0.005242
0.005022
0.004811
0.004608
0.004412
0.004224
0.004043
0.003869
0.003701
0.003541
0.003386
0.003238
0.003095
0.002959
0.002827
0.002701
0.002580
0.002464
0.002353
0.002246
0.002144
0.002046
0.001952
0.001862
0.001776
0.001693
0.001614
0.001539
0.001466
0.001397
0.001331
0.001267
0.001207
0.001149
0.001094
0.001041
0.000990
0.000942
0.000896
0.000852
0.000810
0.000770
0.000731
0.000695
0.000660
0.000627
0.000595
0.000565
0.000536
0.000509
0.000483
0.000458
0.000434
0.000412
0.000390
0.000370
0.000351
0.000332
0.000315
0.000298
0.000282
0.000267
0.000253
0.000239
0.000226
0.000214
0.000203
0.000192
0.000181
0.000171
0.000162
0.000153
0.000144
0.000136
0.000129
0.000121
0.000115
0.000108
0.000102
0.000096
0.000091
0.000086
0.000081
0.000076
0.000072
0.000068
0.000064
0.000060
0.000056
0.000053
0.000050
0.000047
0.000044
0.000042
0.000039
0.000037
0.000035
0.000033
0.000031
0.000029
0.000027
0.000025
0.000024
0.000022
0.000021
0.000020
0.000018
0.000017
0.000016
0.000015
0.000014
0.000013
0.000013
0.000012
0.000011
0.000010
0.000010
0.000009
0.000008
0.000008
0.000007
0.000007
0.000006
0.000006
0.000006
0.000005
0.000005
0.000005
0.000004
0.000004
0.000004
0.000004
0.000003
0.000003
0.000003
0.000003
0.000002
0.000002
0.000002
0.000002
0.000002
0.000002
0.000002
0.000002
0.000001
0.000001
0.000001
0.000001
0.000001
0.000001
0.000001
0.000001
0.000001
0.000001
0.000001
0.000001
0.000001
0.000001
0.000001
0.000000
0.000000
0.000000
0.000000
0.000000
0.000000
0.000000
0.000000
0.000000
0.000000
0.000000
0.000000
0.000000
0.000000
0.000000
0.000000
0.000000
0.000000
0.000000
0.000000
0.000000
0.000000
0.000000
0.000000
0.000000
0.000000
0.000000
0.000000
0.000000
0.000000
0.000000
0.000000
0.000000
0.000000
0.000000
0.000000
0.000000
0.000000
0.000000
0.000000
0.000000
0.000000
0.000000
0.000000
0.000000
0.000000
0.000000
0.000000
0.000000
0.000000
0.000000
0.000000
0.000000
0.000000
0.000000
0.000000
0.000000
0.000000
0.000000
0.000000
0.000000
0.000000
0.000000
0.000000
0.000000
0.000000
0.000000
0.000000
0.000000
0.000000
0.000000
0.000000
0.000000
0.000000
0.000000
0.000000
0.000000
0.000000
0.000000
0.000000
0.000000
0.000000
0.000000
0.000000
0.000000
0.000000
0.000000
0.000000
0.000000
0.000000
0.000000
0.000000
0.000000
0.000000
0.000000
0.000000
0.000000
0.000000
0.000000
0.000000
0.000000
0.000000
0.000000
0.000000
0.000000
0.000000
0.000000
0.000000
0.000000
0.000000
0.000000
0.000000
0.000000
0.000000
0.000000
0.000000
0.000000
0.000000
0.000000
0.000000
0.000000
0.000000
0.000000
0.000000
0.000000
0.000000
0.000000
0.000000
0.000000
0.000000
0.000000
0.000000
0.000000
0.000000
0.000000
0.000000
0.000000
0.000000
0.000000
0.000000
0.000000
0.000000
0.000000
0.000000
0.000000
0.000000
0.000000
0.000000
0.000000
0.000000
0.000000
0.000000
0.000000
0.000000
0.000000
0.000000
0.000000
0.000000
0.000000
0.000000
0.000000
0.000000
0.000000
0.000000
0.000000
0.000000
0.000000
0.000000
0.000000
0.000000
0.000000
0.000000
0.000000
0.000000
0.000000
0.000000
0.000000
0.000000
0.000000
0.000000
0.000000
0.000000
0.000000
0.000000
0.000000
0.000000
0.000000
0.000000
0.000000
0.000000
0.000000
0.000000
0.000000
0.000000
0.000000
0.000000
0.000000
0.000000
0.000000
0.000000
0.000000
0.000000
0.000000
0.000000
0.000000
0.000000
0.000000
0.000000
0.000000
0.000000
0.000000
0.000000
0.000000
0.000000
0.000000
0.000000
0.000000
0.000000
0.000000
0.000000
0.000000
0.000000
0.000000
0.000000
0.000000
0.000000
0.000000
0.000000
