0.000733
0.001466
0.002201
0.002938
0.003679
0.004422
0.005171
0.005923
0.006683
0.007448
0.008222
0.009003
0.009793
0.010592
0.011402
0.012223
0.013054
0.013900
0.014756
0.015630
0.016514
0.017418
0.018335
0.019269
0.020222
0.021190
0.022182
0.023188
0.024220
0.025268
0.026340
0.027436
0.028550
0.029695
0.030857
0.032049
0.033268
0.034507
0.035782
0.037078
0.038404
0.039764
0.041144
0.042564
0.044012
0.045487
0.047004
0.048545
0.050121
0.051739
0.053381
0.055063
0.056786
0.058533
0.060325
0.062159
0.064018
0.065924
0.067873
0.069848
0.071870
0.073940
0.076037
0.078176
0.080369
0.082595
0.084854
0.087170
0.089530
0.091917
0.094351
0.096844
0.099371
0.101928
0.104540
0.107209
0.109909
0.112641
0.115427
0.118272
0.121153
0.124061
0.127015
0.130030
0.133096
0.136192
0.139315
0.142482
0.145709
0.148993
0.152314
0.155660
0.159032
0.162442
0.165904
0.169422
0.172995
0.176613
0.180269
0.183957
0.187676
0.191424
0.195203
0.199014
0.202856
0.206731
0.210638
0.214575
0.218542
0.222538
0.226561
0.230612
0.234688
0.238789
0.242913
0.247060
0.251227
0.255413
0.259618
0.263840
0.268076
0.272327
0.276590
0.280864
0.285147
0.289439
0.293736
0.298039
0.302344
0.306650
0.310957
0.315261
0.319561
0.323856
0.328145
0.332423
0.336692
0.340948
0.345189
0.349414
0.353621
0.357808
0.361973
0.366114
0.370230
0.374319
0.378378
0.382407
0.386402
0.390362
0.394286
0.398171
0.402015
0.405817
0.409575
0.413288
0.416952
0.420567
0.424131
0.427643
0.431099
0.434500
0.437842
0.441125
0.444346
0.447505
0.450599
0.453627
0.456589
0.459481
0.462304
0.465055
0.467734
0.470338
0.472867
0.475320
0.477695
0.479991
0.482208
0.484345
0.486399
0.488372
0.490261
0.492066
0.493787
0.495423
0.496973
0.498436
0.499812
0.501101
0.502303
0.503417
0.504443
0.505381
0.506231
0.506993
0.507666
0.508251
0.508750
0.509160
0.509483
0.509720
0.509870
0.509934
0.509913
0.509807
0.509618
0.509345
0.508991
0.508555
0.508039
0.507444
0.506771
0.506021
0.505196
0.504296
0.503324
0.502280
0.501167
0.499983
0.498734
0.497418
0.496040
0.494599
0.493098
0.491540
0.489924
0.488255
0.486534
0.484762
0.482942
0.481075
0.479164
0.477211
0.475219
0.473188
0.471122
0.469023
0.466893
0.464735
0.462551
0.460343
0.458114
0.455865
0.453600
0.451321
0.449030
0.446729
0.444422
0.442111
0.439798
0.437484
0.435174
0.432869
0.430571
0.428283
0.426008
0.423748
0.421504
0.419280
0.417076
0.414897
0.412746
0.410621
0.408526
0.406464
0.404437
0.402447
0.400496
0.398585
0.396717
0.394894
0.393117
0.391388
0.389709
0.388082
0.386508
0.384990
0.383527
0.382123
0.380778
0.379493
0.378270
0.377111
0.376016
0.374987
0.374023
0.373127
0.372299
0.371542
0.370853
0.370235
0.369688
0.369213
0.368810
0.368480
0.368224
0.368040
0.367929
0.367892
0.367929
0.368039
0.368223
0.368481
0.368810
0.369212
0.369688
0.370234
0.370852
0.371540
0.372298
0.373125
0.374021
0.374984
0.376014
0.377109
0.378269
0.379492
0.380777
0.382121
0.383526
0.384989
0.386508
0.388081
0.389708
0.391387
0.393115
0.394892
0.396715
0.398584
0.400494
0.402445
0.404435
0.406462
0.408523
0.410618
0.412742
0.414895
0.417074
0.419277
0.421501
0.423745
0.426006
0.428281
0.430569
0.432867
0.435172
0.437483
0.439796
0.442109
0.444421
0.446728
0.449028
0.451319
0.453598
0.455863
0.458111
0.460340
0.462548
0.464733
0.466890
0.469020
0.471119
0.473185
0.475215
0.477209
0.479162
0.481073
0.482940
0.484761
0.486533
0.488255
0.489925
0.491541
0.493098
0.494599
0.496039
0.497418
0.498732
0.499982
0.501166
0.502280
0.503325
0.504298
0.505198
0.506022
0.506772
0.507445
0.508040
0.508556
0.508992
0.509346
0.509618
0.509808
0.509913
0.509934
0.509870
0.509720
0.509484
0.509161
0.508751
0.508253
0.507668
0.506995
0.506233
0.505383
0.504446
0.503420
0.502306
0.501104
0.499815
0.498439
0.496976
0.495426
0.493790
0.492070
0.490264
0.488375
0.486402
0.484347
0.482211
0.479995
0.477698
0.475323
0.472870
0.470341
0.467736
0.465058
0.462307
0.459484
0.456591
0.453630
0.450601
0.447506
0.444347
0.441126
0.437843
0.434501
0.431101
0.427644
0.424132
0.420568
0.416952
0.413288
0.409575
0.405818
0.402016
0.398171
0.394286
0.390362
0.386402
0.382407
0.378379
0.374320
0.370232
0.366116
0.361975
0.357809
0.353622
0.349415
0.345190
0.340949
0.336694
0.332425
0.328147
0.323859
0.319564
0.315264
0.310960
0.306654
0.302348
0.298043
0.293740
0.289443
0.285152
0.280869
0.276595
0.272332
0.268082
0.263845
0.259624
0.255419
0.251233
0.247066
0.242920
0.238796
0.234695
0.230618
0.226567
0.222544
0.218548
0.214581
0.210644
0.206738
0.202864
0.199023
0.195216
0.191444
0.187707
0.184006
0.180342
0.176716
0.173128
0.169579
0.166070
0.162601
0.159173
0.155786
0.152440
0.149137
0.145876
0.142658
0.139483
0.136352
0.133264
0.130220
0.127220
0.124265
0.121354
0.118487
0.115665
0.112888
0.110155
0.107467
0.104824
0.102225
0.099671
0.097161
0.094696
0.092274
0.089897
0.087563
0.085273
0.083026
0.080822
0.078661
0.076543
0.074467
0.072432
0.070439
0.068487
0.066576
0.064706
0.062875
0.061084
0.059332
0.057619
0.055944
0.054307
0.052707
0.051144
0.049618
0.048127
0.046672
0.045252
0.043867
0.042515
0.041197
0.039911
0.038658
0.037437
0.036247
0.035088
0.033959
0.032860
0.031790
0.030749
0.029736
0.028751
0.027793
0.026861
0.025955
0.025075
0.024220
0.023389
0.022583
0.021799
0.021039
0.020301
0.019586
0.018891
0.018218
0.017565
0.016932
0.016319
0.015724
0.015149
0.014591
0.014051
0.013529
0.013023
0.012534
0.012060
0.011603
0.011160
0.010732
0.010319
0.009919
0.009533
0.009160
0.008800
0.008452
0.008117
0.007793
0.007481
0.007180
0.006889
0.006609
0.006339
0.006079
0.005829
0.005587
0.005355
0.005131
0.004916
0.004708
0.004509
0.004317
0.004132
0.003955
0.003784
0.003620
0.003463
0.003311
0.003166
0.003026
0.002892
0.002764
0.002640
0.002522
0.002408
0.002299
0.002195
0.002095
0.001999
0.001907
0.001819
0.001734
0.001654
0.001576
0.001502
0.001431
0.001364
0.001299
0.001237
0.001178
0.001121
0.001067
0.001015
0.000966
0.000918
0.000873
0.000830
0.000789
0.000750
0.000713
0.000677
0.000643
0.000611
0.000580
0.000550
0.000522
0.000496
0.000470
0.000446
0.000423
0.000401
0.000380
0.000360
0.000341
0.000323
0.000306
0.000290
0.000275
0.000260
0.000246
0.000233
0.000220
0.000208
0.000197
0.000186
0.000176
0.000166
0.000157
0.000148
0.000140
0.000132
0.000125
0.000118
0.000111
0.000105
0.000099
0.000094
0.000088
0.000083
0.000078
0.000074
0.000070
0.000066
0.000062
0.000058
0.000055
0.000052
0.000049
0.000046
0.000043
0.000040
0.000038
0.000036
0.000034
0.000032
0.000030
0.000028
0.000026
0.000025
0.000023
0.000022
0.000020
0.000019
0.000018
0.000017
0.000016
0.000015
0.000014
0.000013
0.000012
0.000011
0.000011
0.000010
0.000009
0.000009
0.000008
0.000008
0.000007
0.000007
0.000006
0.000006
0.000005
0.000005
0.000005
0.000004
0.000004
0.000004
0.000004
0.000003
0.000003
0.000003
0.000003
0.000003
0.000002
0.000002
0.000002
0.000002
0.000002
0.000002
0.000002
0.000001
0.000001
0.000001
0.000001
0.000001
0.000001
0.000001
0.000001
0.000001
0.000001
0.000001
0.000001
0.000001
0.000001
0.000001
0.000000
0.000000
0.000000
0.000000
0.000000
0.000000
0.000000
0.000000
0.000000
0.000000
0.000000
0.000000
0.000000
0.000000
0.000000
0.000000
0.000000
0.000000
0.000000
0.000000
0.000000
0.000000
0.000000
0.000000
0.000000
0.000000
0.000000
0.000000
0.000000
0.000000
0.000000
0.000000
0.000000
0.000000
0.000000
0.000000
0.000000
0.000000
0.000000
0.000000
0.000000
0.000000
0.000000
0.000000
0.000000
0.000000
0.000000
0.000000
0.000000
0.000000
0.000000
0.000000
0.000000
0.000000
0.000000
0.000000
0.000000
0.000000
0.000000
0.000000
0.000000
0.000000
0.000000
0.000000
0.000000
0.000000
0.000000
0.000000
0.000000
0.000000
0.000000
0.000000
0.000000
0.000000
0.000000
0.000000
0.000000
0.000000
0.000000
0.000000
0.000000
0.000000
0.000000
0.000000
0.000000
0.000000
0.000000
0.000000
0.000000
0.000000
0.000000
0.000000
0.000000
0.000000
0.000000
0.000000
0.000000
0.000000
0.000000
0.000000
0.000000
0.000000
0.000000
0.000000
0.000000
0.000000
0.000000
0.000000
0.000000
0.000000
0.000000
0.000000
0.000000
0.000000
0.000000
0.000000
0.000000
0.000000
0.000000
0.000000
0.000000
0.000000
0.000000
0.000000
0.000000
0.000000
0.000000
0.000000
0.000000
0.000000
0.000000
0.000000
0.000000
0.000000
0.000000
0.000000
0.000000
0.000000
0.000000
0.000000
0.000000
0.000000
0.000000
0.000000
0.000000
0.000000
0.000000
0.000000
0.000000
0.000000
0.000000
0.000000
0.000000
0.000000
0.000000
0.000000
0.000000
0.000000
0.000000
0.000000
0.000000
0.000000
0.000000
0.000000
0.000000
0.000000
0.000000
0.000000
0.000000
0.000000
0.000000
0.000000
0.000000
0.000000
0.000000
0.000000
0.000000
0.000000
0.000000
0.000000
0.000000
0.000000
0.000000
0.000000
0.000000
0.000000
0.000000
0.000000
0.000000
0.000000
0.000000
0.000000
0.000000
0.000000
0.000000
0.000000
0.000000
0.000000
0.000000
0.000000
0.000000
0.000000
0.000000
0.000000
0.000000
0.000000
0.000000
0.000000
0.000000
0.000000
0.000000
0.000000
0.000000
0.000000
0.000000
0.000000
0.000000
0.000000
0.000000
0.000000
0.000000
0.000000
0.000000
0.000000
0.000000
0.000000
0.000000
0.000000
