0.000034
0.000120
0.000147
0.000157
0.000167
0.000177
0.000188
0.000199
0.000211
0.000223
0.000237
0.000251
0.000266
0.000281
0.000298
0.000315
0.000334
0.000353
0.000373
0.000395
0.000418
0.000442
0.000467
0.000493
0.000521
0.000551
0.000582
0.000614
0.000648
0.000684
0.000722
0.000762
0.000804
0.000848
0.000894
0.000943
0.000994
0.001047
0.001104
0.001162
0.001224
0.001289
0.001357
0.001429
0.001504
0.001582
0.001664
0.001751
0.001841
0.001935
0.002034
0.002138
0.002246
0.002360
0.002479
0.002603
0.002733
0.002868
0.003010
0.003159
0.003313
0.003475
0.003644
0.003821
0.004005
0.004197
0.004398
0.004607
0.004825
0.005053
0.005290
0.005537
0.005795
0.006063
0.006343
0.006634
0.006937
0.007252
0.007581
0.007922
0.008278
0.008647
0.009032
0.009431
0.009846
0.010278
0.010726
0.011191
0.011675
0.012177
0.012697
0.013238
0.013798
0.014380
0.014983
0.015608
0.016256
0.016928
0.017624
0.018345
0.019091
0.019864
0.020664
0.021492
0.022348
0.023234
0.024151
0.025098
0.026077
0.027090
0.028136
0.029216
0.030332
0.031484
0.032674
0.033901
0.035168
0.036475
0.037823
0.039212
0.040645
0.042121
0.043643
0.045210
0.046825
0.048487
0.050198
0.051959
0.053772
0.055636
0.057554
0.059525
0.061552
0.063636
0.065776
0.067975
0.070234
0.072553
0.074933
0.077377
0.079884
0.082455
0.085093
0.087797
0.090569
0.093410
0.096321
0.099303
0.102356
0.105483
0.108683
0.111958
0.115308
0.118735
0.122239
0.125822
0.129484
0.133225
0.137048
0.140952
0.144938
0.149007
0.153159
0.157396
0.161718
0.166125
0.170619
0.175198
0.179865
0.184619
0.189461
0.194391
0.199409
0.204517
0.209713
0.214998
0.220372
0.225835
0.231387
0.237029
0.242760
0.248579
0.254487
0.260484
0.266568
0.272740
0.278999
0.285345
0.291777
0.298294
0.304896
0.311581
0.318350
0.325200
0.332131
0.339143
0.346233
0.353401
0.360645
0.367964
0.375356
0.382821
0.390356
0.397959
0.405630
0.413366
0.421165
0.429025
0.436945
0.444922
0.452954
0.461039
0.469175
0.477358
0.485588
0.493860
0.502173
0.510524
0.518910
0.527328
0.535776
0.544250
0.552747
0.561266
0.569801
0.578351
0.586912
0.595480
0.604053
0.612626
0.621197
0.629762
0.638318
0.646860
0.655386
0.663891
0.672373
0.680826
0.689248
0.697635
0.705983
0.714287
0.722545
0.730753
0.738905
0.747000
0.755032
0.762998
0.770894
0.778716
0.786460
0.794122
0.801698
0.809185
0.816579
0.823876
0.831071
0.838162
0.845145
0.852015
0.858769
0.865404
0.871916
0.878301
0.884557
0.890678
0.896663
0.902507
0.908209
0.913763
0.919168
0.924419
0.929515
0.934452
0.939228
0.943840
0.948284
0.952559
0.956662
0.960590
0.964342
0.967915
0.971307
0.974516
0.977541
0.980379
0.983028
0.985488
0.987756
0.989831
0.991713
0.993400
0.994890
0.996184
0.997280
0.998177
0.998876
0.999375
0.999675
0.999775
0.999675
0.999375
0.998876
0.998178
0.997280
0.996184
0.994891
0.993400
0.991714
0.989832
0.987757
0.985489
0.983030
0.980380
0.977543
0.974518
0.971309
0.967918
0.964345
0.960593
0.956664
0.952561
0.948287
0.943842
0.939231
0.934456
0.929518
0.924423
0.919171
0.913767
0.908212
0.902511
0.896667
0.890682
0.884560
0.878305
0.871920
0.865408
0.858773
0.852019
0.845149
0.838167
0.831076
0.823880
0.816584
0.809190
0.801703
0.794127
0.786464
0.778721
0.770899
0.763003
0.755037
0.747005
0.738911
0.730758
0.722551
0.714293
0.705989
0.697642
0.689255
0.680833
0.672379
0.663898
0.655393
0.646868
0.638325
0.629770
0.621205
0.612634
0.604061
0.595488
0.586920
0.578359
0.569810
0.561274
0.552756
0.544259
0.535785
0.527337
0.518919
0.510533
0.502182
0.493869
0.485597
0.477368
0.469184
0.461049
0.452964
0.444932
0.436955
0.429035
0.421175
0.413376
0.405640
0.397969
0.390366
0.382831
0.375366
0.367974
0.360655
0.353411
0.346243
0.339153
0.332142
0.325210
0.318360
0.311591
0.304906
0.298304
0.291787
0.285355
0.279009
0.272750
0.266578
0.260493
0.254497
0.248589
0.242769
0.237039
0.231397
0.225844
0.220381
0.215007
0.209722
0.204526
0.199418
0.194400
0.189470
0.184628
0.179874
0.175207
0.170627
0.166134
0.161726
0.157404
0.153167
0.149015
0.144946
0.140959
0.137055
0.133233
0.129491
0.125829
0.122246
0.118742
0.115315
0.111964
0.108690
0.105489
0.102363
0.099309
0.096327
0.093416
0.090575
0.087803
0.085099
0.082461
0.079889
0.077382
0.074939
0.072558
0.070239
0.067980
0.065781
0.063641
0.061557
0.059530
0.057558
0.055641
0.053776
0.051964
0.050202
0.048491
0.046829
0.045214
0.043647
0.042125
0.040649
0.039216
0.037826
0.036478
0.035171
0.033905
0.032677
0.031487
0.030335
0.029219
0.028139
0.027093
0.026080
0.025101
0.024153
0.023237
0.022351
0.021494
0.020666
0.019866
0.019093
0.018347
0.017626
0.016930
0.016258
0.015610
0.014985
0.014382
0.013800
0.013239
0.012699
0.012178
0.011676
0.011193
0.010727
0.010279
0.009848
0.009432
0.009033
0.008649
0.008279
0.007924
0.007582
0.007254
0.006938
0.006635
0.006344
0.006064
0.005796
0.005538
0.005291
0.005053
0.004826
0.004608
0.004398
0.004198
0.004006
0.003821
0.003645
0.003476
0.003314
0.003159
0.003011
0.002869
0.002733
0.002603
0.002479
0.002360
0.002247
0.002138
0.002035
0.001936
0.001841
0.001751
0.001665
0.001583
0.001504
0.001429
0.001358
0.001290
0.001225
0.001163
0.001104
0.001048
0.000994
0.000943
0.000894
0.000848
0.000804
0.000762
0.000722
0.000685
0.000649
0.000614
0.000582
0.000551
0.000521
0.000493
0.000467
0.000442
0.000418
0.000395
0.000374
0.000353
0.000334
0.000315
0.000298
0.000281
0.000266
0.000251
0.000237
0.000223
0.000211
0.000199
0.000188
0.000177
0.000167
0.000157
0.000148
0.000140
0.000132
0.000124
0.000117
0.000110
0.000103
0.000097
0.000092
0.000086
0.000081
0.000076
0.000072
0.000067
0.000063
0.000059
0.000056
0.000052
0.000049
0.000046
0.000043
0.000041
0.000038
0.000036
0.000034
0.000032
0.000030
0.000028
0.000026
0.000024
0.000023
0.000021
0.000020
0.000019
0.000018
0.000016
0.000015
0.000014
0.000013
0.000013
0.000012
0.000011
0.000010
0.000010
0.000009
0.000008
0.000008
0.000007
0.000007
0.000006
0.000006
0.000006
0.000005
0.000005
0.000004
0.000004
0.000004
0.000004
0.000003
0.000003
0.000003
0.000003
0.000003
0.000002
0.000002
0.000002
0.000002
0.000002
0.000002
0.000002
0.000001
0.000001
0.000001
0.000001
0.000001
0.000001
0.000001
0.000001
0.000001
0.000001
0.000001
0.000001
0.000001
0.000001
0.000000
0.000000
0.000000
0.000000
0.000000
0.000000
0.000000
0.000000
0.000000
0.000000
0.000000
0.000000
0.000000
0.000000
0.000000
0.000000
0.000000
0.000000
0.000000
0.000000
0.000000
0.000000
0.000000
0.000000
0.000000
0.000000
0.000000
0.000000
0.000000
0.000000
0.000000
0.000000
0.000000
0.000000
0.000000
0.000000
0.000000
0.000000
0.000000
0.000000
0.000000
0.000000
0.000000
0.000000
0.000000
0.000000
0.000000
0.000000
0.000000
0.000000
0.000000
0.000000
0.000000
0.000000
0.000000
0.000000
0.000000
0.000000
0.000000
0.000000
0.000000
0.000000
0.000000
0.000000
0.000000
0.000000
0.000000
0.000000
0.000000
0.000000
0.000000
0.000000
0.000000
0.000000
0.000000
0.000000
0.000000
0.000000
0.000000
0.000000
0.000000
0.000000
0.000000
0.000000
0.000000
0.000000
0.000000
0.000000
0.000000
0.000000
0.000000
0.000000
0.000000
0.000000
0.000000
0.000000
0.000000
0.000000
0.000000
0.000000
0.000000
0.000000
0.000000
0.000000
0.000000
0.000000
0.000000
0.000000
0.000000
0.000000
0.000000
0.000000
0.000000
0.000000
0.000000
0.000000
0.000000
0.000000
0.000000
0.000000
0.000000
0.000000
0.000000
0.000000
0.000000
0.000000
0.000000
0.000000
0.000000
0.000000
0.000000
0.000000
0.000000
0.000000
0.000000
0.000000
0.000000
0.000000
0.000000
0.000000
0.000000
0.000000
0.000000
0.000000
0.000000
0.000000
0.000000
0.000000
0.000000
0.000000
0.000000
0.000000
0.000000
0.000000
0.000000
0.000000
0.000000
0.000000
0.000000
0.000000
0.000000
0.000000
0.000000
0.000000
0.000000
0.000000
0.000000
0.000000
0.000000
0.000000
0.000000
0.000000
0.000000
0.000000
0.000000
0.000000
0.000000
0.000000
0.000000
0.000000
0.000000
0.000000
0.000000
0.000000
0.000000
0.000000
0.000000
0.000000
0.000000
0.000000
0.000000
0.000000
0.000000
0.000000
0.000000
0.000000
0.000000
0.000000
0.000000
0.000000
0.000000
0.000000
0.000000
0.000000
0.000000
0.000000
0.000000
0.000000
0.000000
0.000000
0.000000
0.000000
0.000000
0.000000
0.000000
0.000000
0.000000
0.000000
0.000000
0.000000
0.000000
0.000000
0.000000
0.000000
0.000000
0.000000
0.000000
0.000000
0.000000
0.000000
0.000000
0.000000
0.000000
0.000000
0.000000
0.000000
0.000000
0.000000
0.000000
0.000000
0.000000
0.000000
0.000000
0.000000
0.000000
0.000000
0.000000
0.000000
0.000000
0.000000
0.000000
0.000000
0.000000
0.000000
0.000000
0.000000
0.000000
0.000000
0.000000
0.000000
0.000000
0.000000
0.000000
0.000000
0.000000
0.000000
0.000000
0.000000
0.000000
0.000000
0.000000
0.000000
0.000000
0.000000
0.000000
0.000000
0.000000
0.000000
0.000000
0.000000
0.000000
0.000000
0.000000
0.000000
0.000000
0.000000
0.000000
0.000000
0.000000
0.000000
0.000000
0.000000
0.000000
0.000000
0.000000
0.000000
0.000000
0.000000
0.000000
0.000000
0.000000
0.000000
0.000000
0.000000
0.000000
0.000000
0.000000
0.000000
0.000000
0.000000
0.000000
0.000000
0.000000
0.000000
0.000000
0.000000
0.000000
0.000000
0.000000
