0.000014
0.000025
0.000041
0.000057
0.000058
0.000092
0.000099
0.000084
0.000121
0.000193
0.000252
0.000287
0.000310
0.000329
0.000348
0.000368
0.000389
0.000411
0.000434
0.000459
0.000484
0.000512
0.000540
0.000570
0.000602
0.000635
0.000670
0.000707
0.000746
0.000786
0.000829
0.000874
0.000921
0.000970
0.001022
0.001076
0.001133
0.001193
0.001256
0.001322
0.001391
0.001463
0.001539
0.001618
0.001701
0.001788
0.001879
0.001974
0.002074
0.002179
0.002288
0.002402
0.002521
0.002646
0.002776
0.002913
0.003055
0.003204
0.003359
0.003521
0.003690
0.003867
0.004051
0.004243
0.004443
0.004652
0.004870
0.005097
0.005333
0.005580
0.005836
0.006103
0.006381
0.006671
0.006972
0.007286
0.007612
0.007951
0.008303
0.008670
0.009051
0.009447
0.009858
0.010285
0.010728
0.011189
0.011666
0.012162
0.012676
0.013210
0.013763
0.014337
0.014932
0.015548
0.016186
0.016848
0.017533
0.018242
0.018976
0.019736
0.020523
0.021336
0.022177
0.023047
0.023947
0.024876
0.025837
0.026830
0.027855
0.028913
0.030006
0.031135
0.032299
0.033500
0.034739
0.036017
0.037335
0.038693
0.040093
0.041535
0.043021
0.044551
0.046126
0.047748
0.049417
0.051134
0.052901
0.054718
0.056586
0.058507
0.060481
0.062509
0.064593
0.066733
0.068931
0.071186
0.073502
0.075877
0.078315
0.080814
0.083377
0.086004
0.088697
0.091456
0.094283
0.097178
0.100142
0.103176
0.106281
0.109459
0.112709
0.116033
0.119432
0.122906
0.126456
0.130083
0.133789
0.137573
0.141436
0.145379
0.149403
0.153508
0.157695
0.161964
0.166316
0.170752
0.175272
0.179877
0.184566
0.189340
0.194200
0.199145
0.204176
0.209294
0.214497
0.219787
0.225164
0.230627
0.236175
0.241811
0.247532
0.253339
0.259231
0.265208
0.271270
0.277417
0.283647
0.289960
0.296355
0.302833
0.309391
0.316029
0.322747
0.329543
0.336416
0.343366
0.350390
0.357488
0.364658
0.371900
0.379211
0.386589
0.394035
0.401545
0.409118
0.416752
0.424446
0.432197
0.440004
0.447864
0.455775
0.463735
0.471742
0.479793
0.487886
0.496018
0.504187
0.512391
0.520626
0.528890
0.537180
0.545493
0.553826
0.562177
0.570542
0.578918
0.587302
0.595691
0.604081
0.612470
0.620854
0.629229
0.637593
0.645941
0.654271
0.662578
0.670860
0.679112
0.687331
0.695514
0.703656
0.711755
0.719805
0.727804
0.735749
0.743634
0.751457
0.759214
0.766900
0.774513
0.782049
0.789503
0.796873
0.804154
0.811343
0.818436
0.825429
0.832320
0.839103
0.845777
0.852337
0.858779
0.865101
0.871300
0.877371
0.883312
0.889118
0.894788
0.900318
0.905705
0.910946
0.916039
0.920979
0.925765
0.930394
0.934863
0.939170
0.943312
0.947287
0.951093
0.954728
0.958188
0.961474
0.964582
0.967510
0.970258
0.972824
0.975205
0.977401
0.979410
0.981232
0.982865
0.984308
0.985560
0.986621
0.987490
0.988166
0.988649
0.988939
0.989036
0.988939
0.988649
0.988166
0.987490
0.986621
0.985560
0.984308
0.982865
0.981233
0.979411
0.977402
0.975207
0.972825
0.970260
0.967513
0.964584
0.961476
0.958191
0.954730
0.951096
0.947290
0.943315
0.939173
0.934866
0.930397
0.925769
0.920983
0.916042
0.910950
0.905709
0.900322
0.894792
0.889122
0.883316
0.877375
0.871304
0.865106
0.858783
0.852341
0.845781
0.839108
0.832324
0.825434
0.818440
0.811348
0.804159
0.796878
0.789509
0.782054
0.774519
0.766906
0.759220
0.751463
0.743640
0.735754
0.727810
0.719811
0.711761
0.703663
0.695520
0.687338
0.679119
0.670866
0.662585
0.654278
0.645948
0.637600
0.629237
0.620861
0.612477
0.604089
0.595698
0.587310
0.578926
0.570549
0.562185
0.553834
0.545501
0.537188
0.528898
0.520635
0.512400
0.504197
0.496027
0.487895
0.479802
0.471751
0.463744
0.455784
0.447873
0.440013
0.432207
0.424456
0.416762
0.409128
0.401554
0.394044
0.386599
0.379220
0.371909
0.364668
0.357498
0.350400
0.343375
0.336426
0.329553
0.322757
0.316039
0.309401
0.302843
0.296365
0.289970
0.283656
0.277426
0.271280
0.265218
0.259240
0.253348
0.247541
0.241820
0.236185
0.230636
0.225173
0.219797
0.214507
0.209303
0.204185
0.199154
0.194209
0.189349
0.184574
0.179885
0.175281
0.170761
0.166325
0.161972
0.157703
0.153516
0.149411
0.145387
0.141443
0.137580
0.133796
0.130091
0.126463
0.122913
0.119439
0.116040
0.112716
0.109465
0.106288
0.103182
0.100148
0.097184
0.094289
0.091462
0.088703
0.086010
0.083383
0.080820
0.078320
0.075883
0.073507
0.071192
0.068936
0.066738
0.064598
0.062514
0.060486
0.058512
0.056591
0.054723
0.052905
0.051139
0.049421
0.047752
0.046130
0.044555
0.043024
0.041539
0.040096
0.038697
0.037338
0.036021
0.034743
0.033503
0.032302
0.031138
0.030009
0.028916
0.027858
0.026832
0.025840
0.024879
0.023949
0.023050
0.022180
0.021338
0.020525
0.019738
0.018978
0.018244
0.017535
0.016850
0.016188
0.015550
0.014933
0.014339
0.013765
0.013212
0.012678
0.012164
0.011668
0.011190
0.010730
0.010286
0.009859
0.009448
0.009052
0.008671
0.008305
0.007952
0.007613
0.007287
0.006973
0.006672
0.006382
0.006104
0.005837
0.005580
0.005334
0.005097
0.004871
0.004653
0.004444
0.004243
0.004051
0.003867
0.003691
0.003521
0.003359
0.003204
0.003055
0.002913
0.002777
0.002646
0.002522
0.002402
0.002288
0.002179
0.002075
0.001975
0.001879
0.001788
0.001701
0.001618
0.001539
0.001463
0.001391
0.001322
0.001256
0.001193
0.001134
0.001077
0.001022
0.000970
0.000921
0.000874
0.000829
0.000786
0.000746
0.000707
0.000670
0.000635
0.000602
0.000570
0.000540
0.000512
0.000485
0.000459
0.000434
0.000411
0.000389
0.000368
0.000348
0.000329
0.000311
0.000294
0.000278
0.000262
0.000248
0.000234
0.000221
0.000209
0.000197
0.000186
0.000175
0.000165
0.000156
0.000147
0.000139
0.000131
0.000123
0.000116
0.000109
0.000103
0.000097
0.000091
0.000086
0.000081
0.000076
0.000072
0.000067
0.000063
0.000060
0.000056
0.000053
0.000049
0.000046
0.000044
0.000041
0.000038
0.000036
0.000034
0.000032
0.000030
0.000028
0.000026
0.000025
0.000023
0.000022
0.000020
0.000019
0.000018
0.000017
0.000016
0.000015
0.000014
0.000013
0.000012
0.000011
0.000010
0.000010
0.000009
0.000009
0.000008
0.000007
0.000007
0.000007
0.000006
0.000006
0.000005
0.000005
0.000005
0.000004
0.000004
0.000004
0.000003
0.000003
0.000003
0.000003
0.000003
0.000002
0.000002
0.000002
0.000002
0.000002
0.000002
0.000002
0.000001
0.000001
0.000001
0.000001
0.000001
0.000001
0.000001
0.000001
0.000001
0.000001
0.000001
0.000001
0.000001
0.000001
0.000001
0.000000
0.000000
0.000000
0.000000
0.000000
0.000000
0.000000
0.000000
0.000000
0.000000
0.000000
0.000000
0.000000
0.000000
0.000000
0.000000
0.000000
0.000000
0.000000
0.000000
0.000000
0.000000
0.000000
0.000000
0.000000
0.000000
0.000000
0.000000
0.000000
0.000000
0.000000
0.000000
0.000000
0.000000
0.000000
0.000000
0.000000
0.000000
0.000000
0.000000
0.000000
0.000000
0.000000
0.000000
0.000000
0.000000
0.000000
0.000000
0.000000
0.000000
0.000000
0.000000
0.000000
0.000000
0.000000
0.000000
0.000000
0.000000
0.000000
0.000000
0.000000
0.000000
0.000000
0.000000
0.000000
0.000000
0.000000
0.000000
0.000000
0.000000
0.000000
0.000000
0.000000
0.000000
0.000000
0.000000
0.000000
0.000000
0.000000
0.000000
0.000000
0.000000
0.000000
0.000000
0.000000
0.000000
0.000000
0.000000
0.000000
0.000000
0.000000
0.000000
0.000000
0.000000
0.000000
0.000000
0.000000
0.000000
0.000000
0.000000
0.000000
0.000000
0.000000
0.000000
0.000000
0.000000
0.000000
0.000000
0.000000
0.000000
0.000000
0.000000
0.000000
0.000000
0.000000
0.000000
0.000000
0.000000
0.000000
0.000000
0.000000
0.000000
0.000000
0.000000
0.000000
0.000000
0.000000
0.000000
0.000000
0.000000
0.000000
0.000000
0.000000
0.000000
0.000000
0.000000
0.000000
0.000000
0.000000
0.000000
0.000000
0.000000
0.000000
0.000000
0.000000
0.000000
0.000000
0.000000
0.000000
0.000000
0.000000
0.000000
0.000000
0.000000
0.000000
0.000000
0.000000
0.000000
0.000000
0.000000
0.000000
0.000000
0.000000
0.000000
0.000000
0.000000
0.000000
0.000000
0.000000
0.000000
0.000000
0.000000
0.000000
0.000000
0.000000
0.000000
0.000000
0.000000
0.000000
0.000000
0.000000
0.000000
0.000000
0.000000
0.000000
0.000000
0.000000
0.000000
0.000000
0.000000
0.000000
0.000000
0.000000
0.000000
0.000000
0.000000
0.000000
0.000000
0.000000
0.000000
0.000000
0.000000
0.000000
0.000000
0.000000
0.000000
0.000000
0.000000
0.000000
0.000000
0.000000
0.000000
0.000000
0.000000
0.000000
0.000000
0.000000
0.000000
0.000000
0.000000
0.000000
0.000000
0.000000
0.000000
0.000000
0.000000
0.000000
0.000000
0.000000
0.000000
0.000000
0.000000
0.000000
0.000000
0.000000
0.000000
0.000000
0.000000
0.000000
0.000000
0.000000
0.000000
0.000000
0.000000
0.000000
0.000000
0.000000
0.000000
0.000000
0.000000
0.000000
0.000000
0.000000
0.000000
0.000000
0.000000
0.000000
0.000000
0.000000
0.000000
0.000000
0.000000
0.000000
0.000000
0.000000
0.000000
0.000000
0.000000
0.000000
0.000000
0.000000
0.000000
0.000000
0.000000
0.000000
0.000000
0.000000
0.000000
0.000000
0.000000
0.000000
0.000000
0.000000
0.000000
0.000000
0.000000
0.000000
0.000000
0.000000
0.000000
0.000000
0.000000
0.000000
0.000000
0.000000
0.000000
0.000000
0.000000
0.000000
0.000000
0.000000
0.000000
0.000000
0.000000
0.000000
0.000000
0.000000
0.000000
0.000000
0.000000
0.000000
0.000000
0.000000
0.000000
0.000000
