0.000746
0.001492
0.002240
0.002990
0.003743
0.004500
0.005261
0.006028
0.006800
0.007579
0.008365
0.009160
0.009963
0.010777
0.011599
0.012435
0.013279
0.014140
0.015010
0.015897
0.016797
0.017713
0.018647
0.019594
0.020563
0.021546
0.022552
0.023575
0.024619
0.025687
0.026771
0.027885
0.029016
0.030175
0.031358
0.032562
0.033800
0.035057
0.036346
0.037664
0.039004
0.040383
0.041785
0.043218
0.044689
0.046181
0.047714
0.049280
0.050872
0.052508
0.054174
0.055871
0.057615
0.059387
0.061194
0.063050
0.064934
0.066854
0.068826
0.070828
0.072865
0.074956
0.077082
0.079238
0.081449
0.083704
0.085986
0.088316
0.090702
0.093118
0.095569
0.098079
0.100636
0.103219
0.105846
0.108534
0.111265
0.114023
0.116824
0.119686
0.122597
0.125535
0.128507
0.131535
0.134623
0.137749
0.140901
0.144086
0.147325
0.150625
0.153972
0.157348
0.160747
0.164177
0.167652
0.171182
0.174768
0.178403
0.182078
0.185788
0.189528
0.193297
0.197095
0.200924
0.204784
0.208675
0.212597
0.216549
0.220530
0.224540
0.228577
0.232640
0.236728
0.240840
0.244975
0.249132
0.253308
0.257504
0.261716
0.265945
0.270188
0.274445
0.278713
0.282991
0.287278
0.291572
0.295871
0.300174
0.304480
0.308785
0.313090
0.317391
0.321688
0.325979
0.330262
0.334534
0.338795
0.343042
0.347274
0.351489
0.355685
0.359860
0.364012
0.368139
0.372240
0.376312
0.380355
0.384365
0.388340
0.392280
0.396183
0.400045
0.403866
0.407644
0.411377
0.415063
0.418700
0.422287
0.425821
0.429302
0.432728
0.436096
0.439405
0.442653
0.445840
0.448962
0.452019
0.455010
0.457932
0.460786
0.463568
0.466278
0.468914
0.471475
0.473960
0.476369
0.478699
0.480949
0.483119
0.485208
0.487215
0.489139
0.490979
0.492734
0.494404
0.495989
0.497487
0.498898
0.500221
0.501458
0.502606
0.503666
0.504638
0.505521
0.506316
0.507023
0.507641
0.508170
0.508612
0.508967
0.509233
0.509413
0.509506
0.509513
0.509435
0.509273
0.509026
0.508696
0.508286
0.507793
0.507220
0.506569
0.505839
0.505033
0.504152
0.503196
0.502168
0.501069
0.499900
0.498662
0.497358
0.495988
0.494555
0.493061
0.491508
0.489896
0.488229
0.486508
0.484735
0.482913
0.481043
0.479126
0.477166
0.475164
0.473124
0.471045
0.468933
0.466788
0.464612
0.462409
0.460181
0.457929
0.455657
0.453366
0.451059
0.448739
0.446408
0.444068
0.441722
0.439373
0.437023
0.434673
0.432327
0.429986
0.427655
0.425333
0.423026
0.420733
0.418458
0.416204
0.413970
0.411763
0.409583
0.407430
0.405309
0.403222
0.401169
0.399155
0.397180
0.395247
0.393357
0.391513
0.389715
0.387966
0.386269
0.384624
0.383032
0.381498
0.380019
0.378599
0.377240
0.375942
0.374706
0.373535
0.372429
0.371388
0.370415
0.369510
0.368674
0.367909
0.367213
0.366588
0.366036
0.365556
0.365150
0.364816
0.364557
0.364372
0.364260
0.364222
0.364259
0.364371
0.364557
0.364816
0.365150
0.365556
0.366036
0.366588
0.367212
0.367907
0.368673
0.369508
0.370413
0.371386
0.372426
0.373533
0.374705
0.375941
0.377239
0.378598
0.380017
0.381497
0.383032
0.384623
0.386268
0.387965
0.389713
0.391511
0.393355
0.395245
0.397179
0.399153
0.401168
0.403219
0.405307
0.407427
0.409579
0.411760
0.413968
0.416200
0.418455
0.420730
0.423023
0.425331
0.427653
0.429985
0.432325
0.434672
0.437022
0.439372
0.441721
0.444067
0.446407
0.448738
0.451057
0.453364
0.455654
0.457926
0.460178
0.462406
0.464609
0.466785
0.468930
0.471043
0.473121
0.475162
0.477164
0.479124
0.481040
0.482911
0.484735
0.486508
0.488229
0.489897
0.491508
0.493061
0.494555
0.495987
0.497356
0.498661
0.499899
0.501069
0.502168
0.503198
0.504153
0.505034
0.505840
0.506570
0.507221
0.507793
0.508286
0.508698
0.509027
0.509273
0.509436
0.509514
0.509506
0.509413
0.509233
0.508967
0.508613
0.508172
0.507642
0.507025
0.506318
0.505523
0.504641
0.503669
0.502609
0.501461
0.500225
0.498901
0.497490
0.495992
0.494407
0.492737
0.490982
0.489142
0.487218
0.485211
0.483122
0.480953
0.478702
0.476372
0.473964
0.471478
0.468916
0.466280
0.463570
0.460788
0.457935
0.455012
0.452021
0.448964
0.445841
0.442654
0.439406
0.436097
0.432729
0.429304
0.425822
0.422287
0.418700
0.415063
0.411377
0.407644
0.403866
0.400046
0.396183
0.392281
0.388341
0.384365
0.380355
0.376313
0.372241
0.368141
0.364013
0.359861
0.355687
0.351491
0.347276
0.343044
0.338797
0.334536
0.330264
0.325982
0.321691
0.317394
0.313093
0.308789
0.304483
0.300178
0.295875
0.291576
0.287282
0.282996
0.278718
0.274450
0.270194
0.265951
0.261722
0.257509
0.253314
0.249138
0.244982
0.240847
0.236734
0.232646
0.228583
0.224546
0.220536
0.216555
0.212603
0.208682
0.204792
0.200935
0.197111
0.193321
0.189567
0.185848
0.182166
0.178521
0.174914
0.171346
0.167817
0.164328
0.160879
0.157472
0.154106
0.150781
0.147500
0.144260
0.141064
0.137910
0.134801
0.131735
0.128713
0.125736
0.122802
0.119914
0.117069
0.114270
0.111515
0.108805
0.106139
0.103518
0.100942
0.098410
0.095922
0.093479
0.091080
0.088724
0.086412
0.084144
0.081919
0.079736
0.077597
0.075499
0.073444
0.071430
0.069458
0.067527
0.065636
0.063785
0.061974
0.060203
0.058470
0.056776
0.055120
0.053502
0.051921
0.050376
0.048868
0.047395
0.045958
0.044555
0.043186
0.041851
0.040550
0.039281
0.038043
0.036838
0.035664
0.034520
0.033406
0.032322
0.031266
0.030239
0.029240
0.028268
0.027323
0.026405
0.025512
0.024644
0.023802
0.022983
0.022188
0.021416
0.020668
0.019941
0.019236
0.018552
0.017889
0.017246
0.016623
0.016019
0.015434
0.014868
0.014319
0.013788
0.013274
0.012776
0.012295
0.011830
0.011379
0.010944
0.010524
0.010117
0.009724
0.009345
0.008978
0.008625
0.008283
0.007954
0.007636
0.007329
0.007033
0.006748
0.006473
0.006208
0.005953
0.005707
0.005470
0.005242
0.005022
0.004811
0.004608
0.004412
0.004224
0.004043
0.003869
0.003701
0.003541
0.003386
0.003238
0.003095
0.002959
0.002827
0.002701
0.002580
0.002464
0.002353
0.002246
0.002144
0.002046
0.001952
0.001862
0.001776
0.001693
0.001614
0.001539
0.001466
0.001397
0.001331
0.001267
0.001207
0.001149
0.001094
0.001041
0.000990
0.000942
0.000896
0.000852
0.000810
0.000770
0.000731
0.000695
0.000660
0.000627
0.000595
0.000565
0.000536
0.000509
0.000483
0.000458
0.000434
0.000412
0.000390
0.000370
0.000351
0.000332
0.000315
0.000298
0.000282
0.000267
0.000253
0.000239
0.000226
0.000214
0.000203
0.000192
0.000181
0.000171
0.000162
0.000153
0.000144
0.000136
0.000129
0.000121
0.000115
0.000108
0.000102
0.000096
0.000091
0.000086
0.000081
0.000076
0.000072
0.000068
0.000064
0.000060
0.000056
0.000053
0.000050
0.000047
0.000044
0.000042
0.000039
0.000037
0.000035
0.000033
0.000031
0.000029
0.000027
0.000025
0.000024
0.000022
0.000021
0.000020
0.000018
0.000017
0.000016
0.000015
0.000014
0.000013
0.000013
0.000012
0.000011
0.000010
0.000010
0.000009
0.000008
0.000008
0.000007
0.000007
0.000006
0.000006
0.000006
0.000005
0.000005
0.000005
0.000004
0.000004
0.000004
0.000004
0.000003
0.000003
0.000003
0.000003
0.000002
0.000002
0.000002
0.000002
0.000002
0.000002
0.000002
0.000002
0.000001
0.000001
0.000001
0.000001
0.000001
0.000001
0.000001
0.000001
0.000001
0.000001
0.000001
0.000001
0.000001
0.000001
0.000001
0.000000
0.000000
0.000000
0.000000
0.000000
0.000000
0.000000
0.000000
0.000000
0.000000
0.000000
0.000000
0.000000
0.000000
0.000000
0.000000
0.000000
0.000000
0.000000
0.000000
0.000000
0.000000
0.000000
0.000000
0.000000
0.000000
0.000000
0.000000
0.000000
0.000000
0.000000
0.000000
0.000000
0.000000
0.000000
0.000000
0.000000
0.000000
0.000000
0.000000
0.000000
0.000000
0.000000
0.000000
0.000000
0.000000
0.000000
0.000000
0.000000
0.000000
0.000000
0.000000
0.000000
0.000000
0.000000
0.000000
0.000000
0.000000
0.000000
0.000000
0.000000
0.000000
0.000000
0.000000
0.000000
0.000000
0.000000
0.000000
0.000000
0.000000
0.000000
0.000000
0.000000
0.000000
0.000000
0.000000
0.000000
0.000000
0.000000
0.000000
0.000000
0.000000
0.000000
0.000000
0.000000
0.000000
0.000000
0.000000
0.000000
0.000000
0.000000
0.000000
0.000000
0.000000
0.000000
0.000000
0.000000
0.000000
0.000000
0.000000
0.000000
0.000000
0.000000
0.000000
0.000000
0.000000
0.000000
0.000000
0.000000
0.000000
0.000000
0.000000
0.000000
0.000000
0.000000
0.000000
0.000000
0.000000
0.000000
0.000000
0.000000
0.000000
0.000000
0.000000
0.000000
0.000000
0.000000
0.000000
0.000000
0.000000
0.000000
0.000000
0.000000
0.000000
0.000000
0.000000
0.000000
0.000000
0.000000
0.000000
0.000000
0.000000
0.000000
0.000000
0.000000
0.000000
0.000000
0.000000
0.000000
0.000000
0.000000
0.000000
0.000000
0.000000
0.000000
0.000000
0.000000
0.000000
0.000000
0.000000
0.000000
0.000000
0.000000
0.000000
0.000000
0.000000
0.000000
0.000000
0.000000
0.000000
0.000000
0.000000
0.000000
0.000000
0.000000
0.000000
0.000000
0.000000
0.000000
0.000000
0.000000
0.000000
0.000000
0.000000
0.000000
0.000000
0.000000
0.000000
0.000000
0.000000
0.000000
0.000000
0.000000
0.000000
0.000000
0.000000
0.000000
0.000000
0.000000
0.000000
0.000000
0.000000
0.000000
0.000000
0.000000
0.000000
0.000000
0.000000
0.000000
0.000000
0.000000
0.000000
0.000000
0.000000
0.000000
0.000000
0.000000
0.000000
0.000000
0.000000
0.000000
0.000000
0.000000
0.000000
0.000000
0.000000
0.000000
