0.000759
0.001518
0.002279
0.003043
0.003809
0.004579
0.005353
0.006133
0.006918
0.007712
0.008510
0.009320
0.010135
0.010963
0.011799
0.012649
0.013508
0.014381
0.015267
0.016167
0.017084
0.018012
0.018962
0.019924
0.020908
0.021907
0.022926
0.023967
0.025025
0.026110
0.027210
0.028339
0.029489
0.030661
0.031864
0.033084
0.034338
0.035615
0.036918
0.038256
0.039615
0.041009
0.042433
0.043881
0.045371
0.046886
0.048433
0.050021
0.051633
0.053284
0.054976
0.056691
0.058452
0.060250
0.062075
0.063948
0.065860
0.067798
0.069787
0.071817
0.073874
0.075981
0.078134
0.080314
0.082540
0.084820
0.087130
0.089476
0.091881
0.094327
0.096801
0.099326
0.101907
0.104521
0.107168
0.109870
0.112628
0.115416
0.118237
0.121113
0.124048
0.127017
0.130013
0.133055
0.136159
0.139313
0.142495
0.145703
0.148957
0.152270
0.155638
0.159042
0.162470
0.165923
0.169414
0.172955
0.176553
0.180202
0.183896
0.187626
0.191387
0.195177
0.198995
0.202842
0.206719
0.210626
0.214563
0.218530
0.222525
0.226548
0.230598
0.234674
0.238774
0.242897
0.247043
0.251209
0.255395
0.259598
0.263818
0.268054
0.272303
0.276565
0.280838
0.285120
0.289410
0.293706
0.298007
0.302310
0.306615
0.310920
0.315222
0.319520
0.323814
0.328100
0.332376
0.336642
0.340895
0.345134
0.349356
0.353560
0.357744
0.361906
0.366045
0.370157
0.374242
0.378298
0.382323
0.386314
0.390270
0.394189
0.398070
0.401909
0.405706
0.409459
0.413166
0.416825
0.420435
0.423993
0.427498
0.430948
0.434342
0.437677
0.440953
0.444166
0.447317
0.450403
0.453423
0.456375
0.459259
0.462072
0.464813
0.467481
0.470075
0.472593
0.475035
0.477398
0.479683
0.481887
0.484010
0.486051
0.488010
0.489885
0.491675
0.493380
0.495000
0.496534
0.497980
0.499338
0.500609
0.501792
0.502887
0.503893
0.504811
0.505640
0.506380
0.507031
0.507593
0.508067
0.508453
0.508751
0.508961
0.509085
0.509121
0.509072
0.508936
0.508717
0.508414
0.508028
0.507561
0.507011
0.506382
0.505674
0.504888
0.504027
0.503089
0.502078
0.500995
0.499841
0.498616
0.497324
0.495965
0.494542
0.493056
0.491509
0.489903
0.488239
0.486520
0.484748
0.482925
0.481052
0.479132
0.477166
0.475157
0.473107
0.471019
0.468894
0.466736
0.464545
0.462324
0.460077
0.457805
0.455511
0.453196
0.450864
0.448515
0.446155
0.443784
0.441405
0.439022
0.436635
0.434248
0.431863
0.429481
0.427105
0.424741
0.422387
0.420047
0.417723
0.415418
0.413133
0.410871
0.408635
0.406427
0.404247
0.402100
0.399988
0.397911
0.395873
0.393875
0.391920
0.390008
0.388143
0.386326
0.384557
0.382841
0.381179
0.379571
0.378020
0.376525
0.375091
0.373717
0.372406
0.371158
0.369975
0.368858
0.367807
0.366824
0.365910
0.365066
0.364293
0.363591
0.362960
0.362402
0.361918
0.361508
0.361171
0.360910
0.360722
0.360609
0.360571
0.360609
0.360721
0.360909
0.361171
0.361507
0.361919
0.362402
0.362960
0.363589
0.364291
0.365064
0.365908
0.366822
0.367805
0.368855
0.369973
0.371157
0.372405
0.373716
0.375089
0.376524
0.378018
0.379570
0.381178
0.382841
0.384556
0.386324
0.388141
0.390007
0.391918
0.393874
0.395871
0.397910
0.399985
0.402098
0.404244
0.406423
0.408632
0.410869
0.413130
0.415414
0.417720
0.420044
0.422384
0.424738
0.427105
0.429479
0.431861
0.434247
0.436634
0.439020
0.441404
0.443783
0.446154
0.448513
0.450861
0.453193
0.455508
0.457802
0.460074
0.462321
0.464542
0.466733
0.468892
0.471016
0.473105
0.475155
0.477164
0.479130
0.481050
0.482924
0.484747
0.486520
0.488239
0.489903
0.491509
0.493056
0.494541
0.495964
0.497323
0.498615
0.499840
0.500994
0.502079
0.503090
0.504027
0.504889
0.505674
0.506383
0.507012
0.507561
0.508029
0.508415
0.508718
0.508937
0.509072
0.509121
0.509084
0.508961
0.508751
0.508454
0.508068
0.507594
0.507032
0.506381
0.505641
0.504813
0.503896
0.502890
0.501795
0.500612
0.499341
0.497983
0.496536
0.495003
0.493383
0.491678
0.489888
0.488013
0.486054
0.484013
0.481890
0.479686
0.477401
0.475038
0.472597
0.470078
0.467484
0.464816
0.462075
0.459261
0.456378
0.453425
0.450405
0.447318
0.444167
0.440953
0.437678
0.434343
0.430949
0.427499
0.423994
0.420435
0.416826
0.413166
0.409459
0.405707
0.401910
0.398070
0.394189
0.390270
0.386314
0.382323
0.378299
0.374244
0.370159
0.366046
0.361908
0.357746
0.353562
0.349358
0.345136
0.340897
0.336644
0.332378
0.328102
0.323817
0.319524
0.315225
0.310923
0.306619
0.302314
0.298011
0.293710
0.289414
0.285125
0.280843
0.276570
0.272309
0.268060
0.263824
0.259604
0.255401
0.251215
0.247049
0.242904
0.238780
0.234680
0.230605
0.226554
0.222531
0.218536
0.214570
0.210633
0.206728
0.202855
0.199015
0.195208
0.191436
0.187699
0.183999
0.180335
0.176709
0.173122
0.169574
0.166065
0.162596
0.159168
0.155781
0.152436
0.149133
0.145873
0.142655
0.139480
0.136349
0.133261
0.130217
0.127218
0.124262
0.121351
0.118485
0.115663
0.112886
0.110153
0.107466
0.104822
0.102224
0.099670
0.097160
0.094695
0.092273
0.089896
0.087562
0.085272
0.083025
0.080822
0.078661
0.076542
0.074466
0.072432
0.070439
0.068487
0.066576
0.064705
0.062875
0.061083
0.059332
0.057618
0.055943
0.054306
0.052707
0.051144
0.049617
0.048127
0.046672
0.045252
0.043866
0.042515
0.041196
0.039911
0.038658
0.037437
0.036247
0.035088
0.033959
0.032860
0.031790
0.030749
0.029736
0.028751
0.027793
0.026861
0.025955
0.025075
0.024220
0.023389
0.022583
0.021799
0.021039
0.020301
0.019586
0.018891
0.018218
0.017565
0.016932
0.016319
0.015724
0.015149
0.014591
0.014051
0.013529
0.013023
0.012534
0.012060
0.011603
0.011160
0.010732
0.010319
0.009919
0.009533
0.009160
0.008800
0.008452
0.008117
0.007793
0.007481
0.007180
0.006889
0.006609
0.006339
0.006079
0.005829
0.005587
0.005355
0.005131
0.004916
0.004708
0.004509
0.004317
0.004132
0.003955
0.003784
0.003620
0.003463
0.003311
0.003166
0.003026
0.002892
0.002764
0.002640
0.002522
0.002408
0.002299
0.002195
0.002095
0.001999
0.001907
0.001819
0.001734
0.001654
0.001576
0.001502
0.001431
0.001364
0.001299
0.001237
0.001178
0.001121
0.001067
0.001015
0.000966
0.000919
0.000873
0.000830
0.000789
0.000750
0.000713
0.000677
0.000643
0.000611
0.000580
0.000550
0.000522
0.000496
0.000470
0.000446
0.000423
0.000401
0.000380
0.000360
0.000341
0.000323
0.000306
0.000290
0.000275
0.000260
0.000246
0.000233
0.000220
0.000208
0.000197
0.000186
0.000176
0.000166
0.000157
0.000148
0.000140
0.000132
0.000125
0.000118
0.000111
0.000105
0.000099
0.000094
0.000088
0.000083
0.000078
0.000074
0.000070
0.000066
0.000062
0.000058
0.000055
0.000052
0.000049
0.000046
0.000043
0.000040
0.000038
0.000036
0.000034
0.000032
0.000030
0.000028
0.000026
0.000025
0.000023
0.000022
0.000020
0.000019
0.000018
0.000017
0.000016
0.000015
0.000014
0.000013
0.000012
0.000011
0.000011
0.000010
0.000009
0.000009
0.000008
0.000008
0.000007
0.000007
0.000006
0.000006
0.000005
0.000005
0.000005
0.000004
0.000004
0.000004
0.000004
0.000003
0.000003
0.000003
0.000003
0.000003
0.000002
0.000002
0.000002
0.000002
0.000002
0.000002
0.000002
0.000001
0.000001
0.000001
0.000001
0.000001
0.000001
0.000001
0.000001
0.000001
0.000001
0.000001
0.000001
0.000001
0.000001
0.000001
0.000000
0.000000
0.000000
0.000000
0.000000
0.000000
0.000000
0.000000
0.000000
0.000000
0.000000
0.000000
0.000000
0.000000
0.000000
0.000000
0.000000
0.000000
0.000000
0.000000
0.000000
0.000000
0.000000
0.000000
0.000000
0.000000
0.000000
0.000000
0.000000
0.000000
0.000000
0.000000
0.000000
0.000000
0.000000
0.000000
0.000000
0.000000
0.000000
0.000000
0.000000
0.000000
0.000000
0.000000
0.000000
0.000000
0.000000
0.000000
0.000000
0.000000
0.000000
0.000000
0.000000
0.000000
0.000000
0.000000
0.000000
0.000000
0.000000
0.000000
0.000000
0.000000
0.000000
0.000000
0.000000
0.000000
0.000000
0.000000
0.000000
0.000000
0.000000
0.000000
0.000000
0.000000
0.000000
0.000000
0.000000
0.000000
0.000000
0.000000
0.000000
0.000000
0.000000
0.000000
0.000000
0.000000
0.000000
0.000000
0.000000
0.000000
0.000000
0.000000
0.000000
0.000000
0.000000
0.000000
0.000000
0.000000
0.000000
0.000000
0.000000
0.000000
0.000000
0.000000
0.000000
0.000000
0.000000
0.000000
0.000000
0.000000
0.000000
0.000000
0.000000
0.000000
0.000000
0.000000
0.000000
0.000000
0.000000
0.000000
0.000000
0.000000
0.000000
0.000000
0.000000
0.000000
0.000000
0.000000
0.000000
0.000000
0.000000
0.000000
0.000000
0.000000
0.000000
0.000000
0.000000
0.000000
0.000000
0.000000
0.000000
0.000000
0.000000
0.000000
0.000000
0.000000
0.000000
0.000000
0.000000
0.000000
0.000000
0.000000
0.000000
0.000000
0.000000
0.000000
0.000000
0.000000
0.000000
0.000000
0.000000
0.000000
0.000000
0.000000
0.000000
0.000000
0.000000
0.000000
0.000000
0.000000
0.000000
0.000000
0.000000
0.000000
0.000000
0.000000
0.000000
0.000000
0.000000
0.000000
0.000000
0.000000
0.000000
0.000000
0.000000
0.000000
0.000000
0.000000
0.000000
0.000000
0.000000
0.000000
0.000000
0.000000
0.000000
0.000000
0.000000
0.000000
0.000000
0.000000
0.000000
0.000000
0.000000
0.000000
0.000000
0.000000
0.000000
0.000000
0.000000
0.000000
0.000000
0.000000
0.000000
0.000000
0.000000
0.000000
0.000000
0.000000
0.000000
0.000000
0.000000
0.000000
0.000000
0.000000
0.000000
0.000000
0.000000
