0.000772
0.001545
0.002319
0.003096
0.003875
0.004659
0.005446
0.006240
0.007039
0.007846
0.008658
0.009481
0.010311
0.011152
0.012003
0.012865
0.013740
0.014626
0.015528
0.016441
0.017373
0.018317
0.019280
0.020259
0.021256
0.022273
0.023306
0.024364
0.025437
0.026537
0.027657
0.028798
0.029968
0.031155
0.032374
0.033614
0.034881
0.036180
0.037499
0.038854
0.040234
0.041641
0.043087
0.044555
0.046059
0.047598
0.049161
0.050768
0.052404
0.054071
0.055783
0.057523
0.059297
0.061119
0.062968
0.064856
0.066792
0.068755
0.070758
0.072812
0.074895
0.077017
0.079193
0.081402
0.083644
0.085943
0.088283
0.090651
0.093071
0.095544
0.098046
0.100587
0.103187
0.105831
0.108503
0.111220
0.113998
0.116817
0.119664
0.122554
0.125507
0.128506
0.131531
0.134591
0.137708
0.140883
0.144096
0.147332
0.150603
0.153928
0.157312
0.160742
0.164200
0.167679
0.171189
0.174743
0.178351
0.182013
0.185723
0.189472
0.193254
0.197064
0.200902
0.204767
0.208661
0.212585
0.216537
0.220518
0.224527
0.228564
0.232627
0.236714
0.240826
0.244960
0.249115
0.253291
0.257485
0.261697
0.265924
0.270166
0.274422
0.278689
0.282966
0.287251
0.291544
0.295842
0.300143
0.304447
0.308751
0.313054
0.317353
0.321648
0.325937
0.330218
0.334488
0.338747
0.342992
0.347221
0.351433
0.355626
0.359798
0.363947
0.368071
0.372169
0.376238
0.380276
0.384282
0.388254
0.392190
0.396088
0.399946
0.403763
0.407536
0.411263
0.414944
0.418576
0.422157
0.425686
0.429161
0.432580
0.435941
0.439243
0.442485
0.445663
0.448778
0.451827
0.454810
0.457724
0.460568
0.463340
0.466040
0.468667
0.471218
0.473692
0.476090
0.478408
0.480646
0.482804
0.484880
0.486874
0.488784
0.490610
0.492350
0.494005
0.495575
0.497056
0.498450
0.499757
0.500975
0.502105
0.503146
0.504098
0.504962
0.505736
0.506421
0.507017
0.507523
0.507942
0.508271
0.508513
0.508668
0.508734
0.508715
0.508608
0.508417
0.508141
0.507781
0.507339
0.506815
0.506209
0.505524
0.504760
0.503918
0.503001
0.502008
0.500942
0.499803
0.498594
0.497315
0.495969
0.494556
0.493080
0.491541
0.489941
0.488283
0.486568
0.484798
0.482975
0.481102
0.479179
0.477209
0.475195
0.473138
0.471041
0.468905
0.466735
0.464531
0.462295
0.460030
0.457738
0.455423
0.453087
0.450730
0.448357
0.445968
0.443568
0.441158
0.438742
0.436321
0.433897
0.431474
0.429053
0.426637
0.424228
0.421830
0.419444
0.417072
0.414717
0.412382
0.410068
0.407778
0.405514
0.403278
0.401073
0.398900
0.396763
0.394662
0.392600
0.390581
0.388603
0.386671
0.384786
0.382949
0.381162
0.379427
0.377747
0.376123
0.374556
0.373047
0.371598
0.370210
0.368886
0.367626
0.366432
0.365304
0.364243
0.363251
0.362328
0.361476
0.360695
0.359986
0.359350
0.358787
0.358298
0.357884
0.357545
0.357280
0.357091
0.356977
0.356939
0.356977
0.357090
0.357280
0.357544
0.357884
0.358299
0.358787
0.359349
0.359985
0.360693
0.361473
0.362326
0.363248
0.364240
0.365301
0.366430
0.367625
0.368885
0.370209
0.371596
0.373045
0.374554
0.376122
0.377747
0.379427
0.381160
0.382947
0.384784
0.386669
0.388601
0.390579
0.392600
0.394661
0.396760
0.398898
0.401070
0.403275
0.405511
0.407775
0.410065
0.412378
0.414714
0.417069
0.419441
0.421827
0.424227
0.426635
0.429051
0.431472
0.433896
0.436319
0.438741
0.441158
0.443567
0.445966
0.448354
0.450727
0.453084
0.455420
0.457735
0.460027
0.462291
0.464528
0.466732
0.468903
0.471038
0.473136
0.475193
0.477208
0.479177
0.481100
0.482974
0.484798
0.486568
0.488284
0.489942
0.491541
0.493080
0.494556
0.495968
0.497314
0.498593
0.499803
0.500942
0.502008
0.503001
0.503919
0.504760
0.505524
0.506210
0.506815
0.507340
0.507782
0.508142
0.508417
0.508609
0.508714
0.508734
0.508667
0.508513
0.508272
0.507942
0.507524
0.507018
0.506422
0.505737
0.504964
0.504101
0.503149
0.502108
0.500978
0.499760
0.498454
0.497059
0.495577
0.494008
0.492353
0.490613
0.488787
0.486877
0.484883
0.482807
0.480650
0.478411
0.476093
0.473696
0.471221
0.468670
0.466043
0.463343
0.460570
0.457726
0.454812
0.451829
0.448780
0.445664
0.442485
0.439244
0.435942
0.432581
0.429162
0.425687
0.422157
0.418576
0.414944
0.411263
0.407536
0.403763
0.399947
0.396089
0.392190
0.388255
0.384283
0.380277
0.376239
0.372170
0.368072
0.363949
0.359800
0.355628
0.351435
0.347223
0.342993
0.338749
0.334490
0.330220
0.325940
0.321651
0.317357
0.313057
0.308755
0.304451
0.300147
0.295846
0.291548
0.287256
0.282970
0.278694
0.274427
0.270172
0.265930
0.261703
0.257491
0.253297
0.249121
0.244966
0.240832
0.236720
0.232633
0.228570
0.224534
0.220525
0.216544
0.212593
0.208672
0.204783
0.200926
0.197103
0.193314
0.189560
0.185841
0.182159
0.178515
0.174908
0.171340
0.167812
0.164323
0.160875
0.157468
0.154102
0.150778
0.147496
0.144257
0.141060
0.137908
0.134798
0.131732
0.128711
0.125733
0.122800
0.119912
0.117067
0.114268
0.111513
0.108803
0.106138
0.103517
0.100941
0.098409
0.095921
0.093478
0.091079
0.088723
0.086411
0.084143
0.081918
0.079736
0.077596
0.075499
0.073443
0.071430
0.069457
0.067526
0.065635
0.063785
0.061974
0.060202
0.058470
0.056776
0.055120
0.053502
0.051921
0.050376
0.048868
0.047395
0.045958
0.044555
0.043186
0.041851
0.040550
0.039280
0.038043
0.036838
0.035664
0.034520
0.033406
0.032322
0.031266
0.030239
0.029240
0.028268
0.027323
0.026405
0.025512
0.024644
0.023802
0.022983
0.022188
0.021416
0.020668
0.019941
0.019236
0.018552
0.017889
0.017246
0.016623
0.016019
0.015434
0.014868
0.014319
0.013788
0.013274
0.012776
0.012295
0.011830
0.011379
0.010944
0.010524
0.010117
0.009724
0.009345
0.008978
0.008625
0.008283
0.007954
0.007636
0.007329
0.007033
0.006748
0.006473
0.006208
0.005953
0.005707
0.005470
0.005242
0.005022
0.004811
0.004608
0.004412
0.004224
0.004043
0.003869
0.003701
0.003541
0.003386
0.003238
0.003095
0.002959
0.002827
0.002701
0.002580
0.002464
0.002353
0.002246
0.002144
0.002046
0.001952
0.001862
0.001776
0.001693
0.001614
0.001539
0.001466
0.001397
0.001331
0.001267
0.001207
0.001149
0.001094
0.001041
0.000990
0.000942
0.000896
0.000852
0.000810
0.000770
0.000731
0.000695
0.000660
0.000627
0.000595
0.000565
0.000536
0.000509
0.000483
0.000458
0.000434
0.000412
0.000390
0.000370
0.000351
0.000332
0.000315
0.000298
0.000282
0.000267
0.000253
0.000239
0.000226
0.000214
0.000203
0.000192
0.000181
0.000171
0.000162
0.000153
0.000144
0.000136
0.000129
0.000121
0.000115
0.000108
0.000102
0.000096
0.000091
0.000086
0.000081
0.000076
0.000072
0.000068
0.000064
0.000060
0.000056
0.000053
0.000050
0.000047
0.000044
0.000042
0.000039
0.000037
0.000035
0.000033
0.000031
0.000029
0.000027
0.000025
0.000024
0.000022
0.000021
0.000020
0.000018
0.000017
0.000016
0.000015
0.000014
0.000013
0.000013
0.000012
0.000011
0.000010
0.000010
0.000009
0.000008
0.000008
0.000007
0.000007
0.000006
0.000006
0.000006
0.000005
0.000005
0.000005
0.000004
0.000004
0.000004
0.000004
0.000003
0.000003
0.000003
0.000003
0.000002
0.000002
0.000002
0.000002
0.000002
0.000002
0.000002
0.000002
0.000001
0.000001
0.000001
0.000001
0.000001
0.000001
0.000001
0.000001
0.000001
0.000001
0.000001
0.000001
0.000001
0.000001
0.000001
0.000000
0.000000
0.000000
0.000000
0.000000
0.000000
0.000000
0.000000
0.000000
0.000000
0.000000
0.000000
0.000000
0.000000
0.000000
0.000000
0.000000
0.000000
0.000000
0.000000
0.000000
0.000000
0.000000
0.000000
0.000000
0.000000
0.000000
0.000000
0.000000
0.000000
0.000000
0.000000
0.000000
0.000000
0.000000
0.000000
0.000000
0.000000
0.000000
0.000000
0.000000
0.000000
0.000000
0.000000
0.000000
0.000000
0.000000
0.000000
0.000000
0.000000
0.000000
0.000000
0.000000
0.000000
0.000000
0.000000
0.000000
0.000000
0.000000
0.000000
0.000000
0.000000
0.000000
0.000000
0.000000
0.000000
0.000000
0.000000
0.000000
0.000000
0.000000
0.000000
0.000000
0.000000
0.000000
0.000000
0.000000
0.000000
0.000000
0.000000
0.000000
0.000000
0.000000
0.000000
0.000000
0.000000
0.000000
0.000000
0.000000
0.000000
0.000000
0.000000
0.000000
0.000000
0.000000
0.000000
0.000000
0.000000
0.000000
0.000000
0.000000
0.000000
0.000000
0.000000
0.000000
0.000000
0.000000
0.000000
0.000000
0.000000
0.000000
0.000000
0.000000
0.000000
0.000000
0.000000
0.000000
0.000000
0.000000
0.000000
0.000000
0.000000
0.000000
0.000000
0.000000
0.000000
0.000000
0.000000
0.000000
0.000000
0.000000
0.000000
0.000000
0.000000
0.000000
0.000000
0.000000
0.000000
0.000000
0.000000
0.000000
0.000000
0.000000
0.000000
0.000000
0.000000
0.000000
0.000000
0.000000
0.000000
0.000000
0.000000
0.000000
0.000000
0.000000
0.000000
0.000000
0.000000
0.000000
0.000000
0.000000
0.000000
0.000000
0.000000
0.000000
0.000000
0.000000
0.000000
0.000000
0.000000
0.000000
0.000000
0.000000
0.000000
0.000000
0.000000
0.000000
0.000000
0.000000
0.000000
0.000000
0.000000
0.000000
0.000000
0.000000
0.000000
0.000000
0.000000
0.000000
0.000000
0.000000
0.000000
0.000000
0.000000
0.000000
0.000000
0.000000
0.000000
0.000000
0.000000
0.000000
0.000000
0.000000
0.000000
0.000000
0.000000
0.000000
0.000000
0.000000
0.000000
0.000000
0.000000
0.000000
0.000000
0.000000
0.000000
0.000000
0.000000
0.000000
0.000000
0.000000
0.000000
0.000000
0.000000
0.000000
0.000000
