0.000786
0.001572
0.002360
0.003150
0.003943
0.004740
0.005541
0.006348
0.007161
0.007981
0.008809
0.009644
0.010489
0.011343
0.012210
0.013085
0.013975
0.014875
0.015792
0.016720
0.017666
0.018626
0.019603
0.020599
0.021609
0.022643
0.023692
0.024764
0.025856
0.026969
0.028108
0.029264
0.030451
0.031656
0.032889
0.034151
0.035432
0.036750
0.038088
0.039457
0.040860
0.042284
0.043747
0.045237
0.046756
0.048317
0.049901
0.051522
0.053183
0.054868
0.056597
0.058363
0.060155
0.061995
0.063871
0.065775
0.067730
0.069721
0.071742
0.073815
0.075926
0.078067
0.080260
0.082498
0.084763
0.087077
0.089443
0.091838
0.094274
0.096768
0.099301
0.101863
0.104477
0.107148
0.109850
0.112585
0.115379
0.118225
0.121102
0.124011
0.126978
0.130001
0.133057
0.136141
0.139271
0.142463
0.145702
0.148969
0.152262
0.155601
0.158998
0.162449
0.165934
0.169442
0.172975
0.176544
0.180162
0.183836
0.187560
0.191327
0.195128
0.198958
0.202816
0.206700
0.210611
0.214551
0.218518
0.222514
0.226537
0.230586
0.234661
0.238760
0.242883
0.247027
0.251193
0.255378
0.259580
0.263800
0.268034
0.272282
0.276543
0.280815
0.285096
0.289384
0.293679
0.297978
0.302280
0.306584
0.310886
0.315187
0.319483
0.323775
0.328059
0.332333
0.336597
0.340848
0.345084
0.349304
0.353505
0.357687
0.361846
0.365981
0.370091
0.374173
0.378225
0.382246
0.386233
0.390185
0.394101
0.397977
0.401812
0.405605
0.409353
0.413056
0.416709
0.420313
0.423866
0.427365
0.430810
0.434197
0.437525
0.440794
0.444001
0.447144
0.450223
0.453235
0.456179
0.459054
0.461859
0.464591
0.467249
0.469833
0.472341
0.474772
0.477125
0.479398
0.481590
0.483701
0.485730
0.487675
0.489537
0.491313
0.493004
0.494609
0.496127
0.497557
0.498899
0.500153
0.501319
0.502395
0.503383
0.504281
0.505090
0.505809
0.506439
0.506980
0.507431
0.507794
0.508068
0.508254
0.508352
0.508362
0.508286
0.508124
0.507876
0.507543
0.507127
0.506629
0.506048
0.505387
0.504646
0.503826
0.502929
0.501956
0.500908
0.499787
0.498594
0.497331
0.495997
0.494598
0.493132
0.491603
0.490011
0.488359
0.486649
0.484883
0.483062
0.481190
0.479266
0.477295
0.475276
0.473214
0.471109
0.468965
0.466783
0.464568
0.462318
0.460037
0.457729
0.455394
0.453036
0.450658
0.448260
0.445846
0.443418
0.440979
0.438531
0.436077
0.433619
0.431159
0.428700
0.426245
0.423794
0.421353
0.418922
0.416504
0.414101
0.411717
0.409352
0.407009
0.404691
0.402400
0.400137
0.397906
0.395709
0.393547
0.391423
0.389339
0.387297
0.385298
0.383346
0.381440
0.379584
0.377779
0.376027
0.374330
0.372690
0.371107
0.369584
0.368120
0.366719
0.365383
0.364111
0.362905
0.361766
0.360696
0.359694
0.358764
0.357903
0.357115
0.356400
0.355758
0.355190
0.354697
0.354279
0.353937
0.353670
0.353478
0.353364
0.353326
0.353364
0.353478
0.353669
0.353936
0.354279
0.354698
0.355190
0.355757
0.356399
0.357113
0.357901
0.358761
0.359692
0.360693
0.361764
0.362903
0.364109
0.365381
0.366718
0.368119
0.369582
0.371105
0.372688
0.374329
0.376026
0.377777
0.379582
0.381438
0.383344
0.385296
0.387295
0.389338
0.391422
0.393545
0.395706
0.397904
0.400134
0.402396
0.404688
0.407006
0.409349
0.411714
0.414098
0.416502
0.418919
0.421351
0.423793
0.426243
0.428698
0.431158
0.433617
0.436076
0.438530
0.440978
0.443417
0.445844
0.448257
0.450655
0.453033
0.455390
0.457725
0.460034
0.462314
0.464564
0.466781
0.468963
0.471107
0.473212
0.475274
0.477292
0.479264
0.481189
0.483062
0.484883
0.486650
0.488360
0.490011
0.491602
0.493131
0.494597
0.495997
0.497330
0.498594
0.499787
0.500909
0.501956
0.502930
0.503827
0.504646
0.505388
0.506049
0.506630
0.507129
0.507544
0.507877
0.508124
0.508286
0.508362
0.508352
0.508254
0.508068
0.507795
0.507432
0.506981
0.506440
0.505811
0.505092
0.504283
0.503385
0.502398
0.501321
0.500156
0.498902
0.497560
0.496130
0.494612
0.493007
0.491317
0.489540
0.487678
0.485733
0.483704
0.481593
0.479401
0.477128
0.474776
0.472345
0.469836
0.467252
0.464593
0.461861
0.459056
0.456182
0.453237
0.450224
0.447145
0.444002
0.440795
0.437526
0.434198
0.430811
0.427366
0.423867
0.420314
0.416710
0.413055
0.409353
0.405605
0.401813
0.397978
0.394101
0.390186
0.386234
0.382247
0.378226
0.374174
0.370092
0.365983
0.361847
0.357688
0.353507
0.349306
0.345086
0.340850
0.336599
0.332336
0.328061
0.323778
0.319487
0.315190
0.310890
0.306587
0.302284
0.297982
0.293683
0.289389
0.285100
0.280820
0.276548
0.272288
0.268040
0.263806
0.259586
0.255384
0.251199
0.247034
0.242889
0.238767
0.234667
0.230592
0.226543
0.222520
0.218526
0.214560
0.210624
0.206719
0.202846
0.199007
0.195200
0.191429
0.187693
0.183992
0.180329
0.176704
0.173117
0.169569
0.166060
0.162592
0.159164
0.155777
0.152433
0.149130
0.145869
0.142652
0.139477
0.136346
0.133258
0.130215
0.127215
0.124260
0.121349
0.118483
0.115661
0.112884
0.110152
0.107464
0.104821
0.102223
0.099668
0.097159
0.094694
0.092272
0.089895
0.087561
0.085271
0.083025
0.080821
0.078660
0.076542
0.074465
0.072431
0.070438
0.068486
0.066575
0.064705
0.062874
0.061083
0.059331
0.057618
0.055943
0.054306
0.052706
0.051144
0.049617
0.048127
0.046672
0.045252
0.043866
0.042515
0.041196
0.039911
0.038658
0.037437
0.036247
0.035088
0.033959
0.032860
0.031790
0.030749
0.029736
0.028751
0.027793
0.026861
0.025955
0.025075
0.024220
0.023389
0.022583
0.021799
0.021039
0.020301
0.019586
0.018891
0.018218
0.017565
0.016932
0.016319
0.015724
0.015149
0.014591
0.014051
0.013529
0.013023
0.012534
0.012060
0.011603
0.011160
0.010732
0.010319
0.009919
0.009533
0.009160
0.008800
0.008453
0.008117
0.007793
0.007481
0.007180
0.006889
0.006609
0.006339
0.006079
0.005829
0.005587
0.005355
0.005131
0.004916
0.004708
0.004509
0.004317
0.004132
0.003955
0.003784
0.003620
0.003463
0.003311
0.003166
0.003026
0.002892
0.002764
0.002640
0.002522
0.002408
0.002299
0.002195
0.002095
0.001999
0.001907
0.001819
0.001734
0.001654
0.001576
0.001502
0.001431
0.001364
0.001299
0.001237
0.001178
0.001121
0.001067
0.001015
0.000966
0.000919
0.000873
0.000830
0.000789
0.000750
0.000713
0.000677
0.000643
0.000611
0.000580
0.000550
0.000522
0.000496
0.000470
0.000446
0.000423
0.000401
0.000380
0.000360
0.000341
0.000323
0.000306
0.000290
0.000275
0.000260
0.000246
0.000233
0.000220
0.000208
0.000197
0.000186
0.000176
0.000166
0.000157
0.000148
0.000140
0.000132
0.000125
0.000118
0.000111
0.000105
0.000099
0.000094
0.000088
0.000083
0.000078
0.000074
0.000070
0.000066
0.000062
0.000058
0.000055
0.000052
0.000049
0.000046
0.000043
0.000040
0.000038
0.000036
0.000034
0.000032
0.000030
0.000028
0.000026
0.000025
0.000023
0.000022
0.000020
0.000019
0.000018
0.000017
0.000016
0.000015
0.000014
0.000013
0.000012
0.000011
0.000011
0.000010
0.000009
0.000009
0.000008
0.000008
0.000007
0.000007
0.000006
0.000006
0.000005
0.000005
0.000005
0.000004
0.000004
0.000004
0.000004
0.000003
0.000003
0.000003
0.000003
0.000003
0.000002
0.000002
0.000002
0.000002
0.000002
0.000002
0.000002
0.000001
0.000001
0.000001
0.000001
0.000001
0.000001
0.000001
0.000001
0.000001
0.000001
0.000001
0.000001
0.000001
0.000001
0.000001
0.000000
0.000000
0.000000
0.000000
0.000000
0.000000
0.000000
0.000000
0.000000
0.000000
0.000000
0.000000
0.000000
0.000000
0.000000
0.000000
0.000000
0.000000
0.000000
0.000000
0.000000
0.000000
0.000000
0.000000
0.000000
0.000000
0.000000
0.000000
0.000000
0.000000
0.000000
0.000000
0.000000
0.000000
0.000000
0.000000
0.000000
0.000000
0.000000
0.000000
0.000000
0.000000
0.000000
0.000000
0.000000
0.000000
0.000000
0.000000
0.000000
0.000000
0.000000
0.000000
0.000000
0.000000
0.000000
0.000000
0.000000
0.000000
0.000000
0.000000
0.000000
0.000000
0.000000
0.000000
0.000000
0.000000
0.000000
0.000000
0.000000
0.000000
0.000000
0.000000
0.000000
0.000000
0.000000
0.000000
0.000000
0.000000
0.000000
0.000000
0.000000
0.000000
0.000000
0.000000
0.000000
0.000000
0.000000
0.000000
0.000000
0.000000
0.000000
0.000000
0.000000
0.000000
0.000000
0.000000
0.000000
0.000000
0.000000
0.000000
0.000000
0.000000
0.000000
0.000000
0.000000
0.000000
0.000000
0.000000
0.000000
0.000000
0.000000
0.000000
0.000000
0.000000
0.000000
0.000000
0.000000
0.000000
0.000000
0.000000
0.000000
0.000000
0.000000
0.000000
0.000000
0.000000
0.000000
0.000000
0.000000
0.000000
0.000000
0.000000
0.000000
0.000000
0.000000
0.000000
0.000000
0.000000
0.000000
0.000000
0.000000
0.000000
0.000000
0.000000
0.000000
0.000000
0.000000
0.000000
0.000000
0.000000
0.000000
0.000000
0.000000
0.000000
0.000000
0.000000
0.000000
0.000000
0.000000
0.000000
0.000000
0.000000
0.000000
0.000000
0.000000
0.000000
0.000000
0.000000
0.000000
0.000000
0.000000
0.000000
0.000000
0.000000
0.000000
0.000000
0.000000
0.000000
0.000000
0.000000
0.000000
0.000000
0.000000
0.000000
0.000000
0.000000
0.000000
0.000000
0.000000
0.000000
0.000000
0.000000
0.000000
0.000000
0.000000
0.000000
0.000000
0.000000
0.000000
0.000000
0.000000
0.000000
0.000000
0.000000
0.000000
0.000000
0.000000
0.000000
0.000000
0.000000
0.000000
0.000000
0.000000
0.000000
0.000000
0.000000
0.000000
0.000000
0.000000
0.000000
0.000000
0.000000
0.000000
0.000000
0.000000
0.000000
