0.000799
0.001599
0.002401
0.003205
0.004012
0.004822
0.005638
0.006458
0.007285
0.008118
0.008961
0.009809
0.010670
0.011537
0.012418
0.013308
0.014212
0.015128
0.016058
0.017004
0.017962
0.018940
0.019930
0.020942
0.021968
0.023017
0.024084
0.025170
0.026281
0.027408
0.028564
0.029738
0.030938
0.032165
0.033412
0.034693
0.035993
0.037324
0.038685
0.040069
0.041491
0.042936
0.044413
0.045927
0.047464
0.049041
0.050650
0.052287
0.053968
0.055677
0.057421
0.059210
0.061025
0.062880
0.064781
0.066707
0.068678
0.070695
0.072739
0.074827
0.076965
0.079130
0.081339
0.083601
0.085893
0.088223
0.090610
0.093036
0.095491
0.098001
0.100562
0.103152
0.105782
0.108473
0.111205
0.113965
0.116773
0.119641
0.122548
0.125482
0.128463
0.131504
0.134591
0.137702
0.140850
0.144055
0.147316
0.150613
0.153933
0.157288
0.160697
0.164164
0.167675
0.171212
0.174770
0.178357
0.181988
0.185671
0.189407
0.193189
0.197009
0.200859
0.204736
0.208639
0.212568
0.216524
0.220506
0.224516
0.228552
0.232614
0.236702
0.240812
0.244946
0.249100
0.253275
0.257469
0.261679
0.265906
0.270147
0.274401
0.278667
0.282943
0.287227
0.291518
0.295815
0.300115
0.304417
0.308720
0.313021
0.317319
0.321612
0.325899
0.330178
0.334446
0.338703
0.342945
0.347172
0.351382
0.355573
0.359742
0.363888
0.368009
0.372104
0.376170
0.380205
0.384208
0.388176
0.392108
0.396002
0.399856
0.403668
0.407437
0.411160
0.414836
0.418462
0.422038
0.425562
0.429031
0.432444
0.435799
0.439095
0.442330
0.445502
0.448609
0.451651
0.454626
0.457532
0.460368
0.463131
0.465823
0.468439
0.470981
0.473445
0.475832
0.478140
0.480367
0.482513
0.484578
0.486559
0.488456
0.490269
0.491995
0.493636
0.495191
0.496657
0.498036
0.499326
0.500527
0.501640
0.502663
0.503597
0.504441
0.505196
0.505861
0.506436
0.506921
0.507317
0.507624
0.507842
0.507972
0.508014
0.507969
0.507836
0.507618
0.507314
0.506925
0.506453
0.505899
0.505262
0.504545
0.503749
0.502873
0.501921
0.500893
0.499790
0.498615
0.497368
0.496049
0.494663
0.493210
0.491692
0.490110
0.488466
0.486763
0.485001
0.483185
0.481314
0.479392
0.477419
0.475398
0.473331
0.471222
0.469070
0.466880
0.464652
0.462391
0.460097
0.457773
0.455421
0.453044
0.450644
0.448224
0.445786
0.443332
0.440865
0.438388
0.435902
0.433411
0.430916
0.428421
0.425927
0.423438
0.420954
0.418481
0.416017
0.413569
0.411135
0.408721
0.406327
0.403956
0.401611
0.399293
0.397004
0.394748
0.392526
0.390341
0.388194
0.386088
0.384024
0.382004
0.380032
0.378107
0.376232
0.374410
0.372640
0.370927
0.369271
0.367672
0.366135
0.364658
0.363244
0.361895
0.360612
0.359395
0.358245
0.357166
0.356155
0.355217
0.354349
0.353554
0.352832
0.352185
0.351612
0.351115
0.350693
0.350348
0.350078
0.349885
0.349770
0.349732
0.349770
0.349885
0.350077
0.350347
0.350693
0.351115
0.351612
0.352184
0.352831
0.353552
0.354346
0.355213
0.356153
0.357163
0.358244
0.359393
0.360610
0.361893
0.363243
0.364657
0.366133
0.367671
0.369269
0.370926
0.372639
0.374408
0.376231
0.378105
0.380030
0.382003
0.384022
0.386087
0.388192
0.390339
0.392524
0.394746
0.397001
0.399290
0.401607
0.403953
0.406324
0.408718
0.411132
0.413566
0.416015
0.418478
0.420953
0.423436
0.425925
0.428420
0.430915
0.433410
0.435901
0.438386
0.440864
0.443330
0.445784
0.448221
0.450641
0.453040
0.455417
0.457769
0.460093
0.462388
0.464650
0.466877
0.469068
0.471219
0.473330
0.475396
0.477416
0.479390
0.481313
0.483184
0.485002
0.486764
0.488466
0.490110
0.491691
0.493209
0.494662
0.496049
0.497367
0.498614
0.499791
0.500893
0.501922
0.502874
0.503749
0.504546
0.505263
0.505899
0.506454
0.506926
0.507315
0.507618
0.507837
0.507969
0.508014
0.507972
0.507843
0.507625
0.507318
0.506922
0.506437
0.505862
0.505197
0.504443
0.503600
0.502666
0.501643
0.500530
0.499329
0.498039
0.496660
0.495193
0.493639
0.491999
0.490272
0.488459
0.486562
0.484580
0.482516
0.480370
0.478143
0.475836
0.473449
0.470984
0.468442
0.465825
0.463134
0.460370
0.457534
0.454628
0.451653
0.448611
0.445502
0.442330
0.439096
0.435800
0.432445
0.429032
0.425563
0.422039
0.418463
0.414836
0.411160
0.407437
0.403668
0.399857
0.396003
0.392108
0.388176
0.384208
0.380205
0.376170
0.372105
0.368011
0.363889
0.359743
0.355574
0.351384
0.347174
0.342947
0.338705
0.334448
0.330180
0.325902
0.321616
0.317322
0.313025
0.308723
0.304421
0.300119
0.295819
0.291523
0.287232
0.282948
0.278672
0.274407
0.270153
0.265912
0.261685
0.257475
0.253281
0.249107
0.244952
0.240819
0.236708
0.232621
0.228559
0.224523
0.220514
0.216534
0.212584
0.208664
0.204775
0.200919
0.197096
0.193307
0.189553
0.185835
0.182153
0.178509
0.174903
0.171335
0.167807
0.164319
0.160871
0.157464
0.154098
0.150774
0.147493
0.144254
0.141058
0.137905
0.134796
0.131730
0.128709
0.125731
0.122798
0.119910
0.117066
0.114266
0.111512
0.108802
0.106136
0.103516
0.100939
0.098408
0.095920
0.093477
0.091078
0.088722
0.086411
0.084142
0.081917
0.079735
0.077595
0.075498
0.073443
0.071429
0.069457
0.067526
0.065635
0.063784
0.061974
0.060202
0.058470
0.056776
0.055120
0.053501
0.051920
0.050376
0.048868
0.047395
0.045957
0.044555
0.043186
0.041851
0.040549
0.039280
0.038043
0.036838
0.035664
0.034520
0.033406
0.032322
0.031266
0.030239
0.029240
0.028268
0.027323
0.026405
0.025512
0.024644
0.023802
0.022983
0.022188
0.021416
0.020667
0.019941
0.019236
0.018552
0.017889
0.017246
0.016623
0.016019
0.015434
0.014868
0.014319
0.013788
0.013274
0.012776
0.012295
0.011830
0.011379
0.010944
0.010524
0.010117
0.009724
0.009345
0.008978
0.008625
0.008283
0.007954
0.007636
0.007329
0.007033
0.006748
0.006473
0.006208
0.005953
0.005707
0.005470
0.005242
0.005022
0.004811
0.004608
0.004412
0.004224
0.004043
0.003869
0.003701
0.003541
0.003386
0.003238
0.003095
0.002959
0.002827
0.002701
0.002580
0.002464
0.002353
0.002246
0.002144
0.002046
0.001952
0.001862
0.001776
0.001694
0.001614
0.001539
0.001466
0.001397
0.001331
0.001267
0.001207
0.001149
0.001094
0.001041
0.000990
0.000942
0.000896
0.000852
0.000810
0.000770
0.000731
0.000695
0.000660
0.000627
0.000595
0.000565
0.000536
0.000509
0.000483
0.000458
0.000434
0.000412
0.000390
0.000370
0.000351
0.000332
0.000315
0.000298
0.000282
0.000267
0.000253
0.000239
0.000226
0.000214
0.000203
0.000192
0.000181
0.000171
0.000162
0.000153
0.000144
0.000136
0.000129
0.000121
0.000115
0.000108
0.000102
0.000096
0.000091
0.000086
0.000081
0.000076
0.000072
0.000068
0.000064
0.000060
0.000056
0.000053
0.000050
0.000047
0.000044
0.000042
0.000039
0.000037
0.000035
0.000033
0.000031
0.000029
0.000027
0.000025
0.000024
0.000022
0.000021
0.000020
0.000018
0.000017
0.000016
0.000015
0.000014
0.000013
0.000013
0.000012
0.000011
0.000010
0.000010
0.000009
0.000008
0.000008
0.000007
0.000007
0.000006
0.000006
0.000006
0.000005
0.000005
0.000005
0.000004
0.000004
0.000004
0.000004
0.000003
0.000003
0.000003
0.000003
0.000002
0.000002
0.000002
0.000002
0.000002
0.000002
0.000002
0.000002
0.000001
0.000001
0.000001
0.000001
0.000001
0.000001
0.000001
0.000001
0.000001
0.000001
0.000001
0.000001
0.000001
0.000001
0.000001
0.000000
0.000000
0.000000
0.000000
0.000000
0.000000
0.000000
0.000000
0.000000
0.000000
0.000000
0.000000
0.000000
0.000000
0.000000
0.000000
0.000000
0.000000
0.000000
0.000000
0.000000
0.000000
0.000000
0.000000
0.000000
0.000000
0.000000
0.000000
0.000000
0.000000
0.000000
0.000000
0.000000
0.000000
0.000000
0.000000
0.000000
0.000000
0.000000
0.000000
0.000000
0.000000
0.000000
0.000000
0.000000
0.000000
0.000000
0.000000
0.000000
0.000000
0.000000
0.000000
0.000000
0.000000
0.000000
0.000000
0.000000
0.000000
0.000000
0.000000
0.000000
0.000000
0.000000
0.000000
0.000000
0.000000
0.000000
0.000000
0.000000
0.000000
0.000000
0.000000
0.000000
0.000000
0.000000
0.000000
0.000000
0.000000
0.000000
0.000000
0.000000
0.000000
0.000000
0.000000
0.000000
0.000000
0.000000
0.000000
0.000000
0.000000
0.000000
0.000000
0.000000
0.000000
0.000000
0.000000
0.000000
0.000000
0.000000
0.000000
0.000000
0.000000
0.000000
0.000000
0.000000
0.000000
0.000000
0.000000
0.000000
0.000000
0.000000
0.000000
0.000000
0.000000
0.000000
0.000000
0.000000
0.000000
0.000000
0.000000
0.000000
0.000000
0.000000
0.000000
0.000000
0.000000
0.000000
0.000000
0.000000
0.000000
0.000000
0.000000
0.000000
0.000000
0.000000
0.000000
0.000000
0.000000
0.000000
0.000000
0.000000
0.000000
0.000000
0.000000
0.000000
0.000000
0.000000
0.000000
0.000000
0.000000
0.000000
0.000000
0.000000
0.000000
0.000000
0.000000
0.000000
0.000000
0.000000
0.000000
0.000000
0.000000
0.000000
0.000000
0.000000
0.000000
0.000000
0.000000
0.000000
0.000000
0.000000
0.000000
0.000000
0.000000
0.000000
0.000000
0.000000
0.000000
0.000000
0.000000
0.000000
0.000000
0.000000
0.000000
0.000000
0.000000
0.000000
0.000000
0.000000
0.000000
0.000000
0.000000
0.000000
0.000000
0.000000
0.000000
0.000000
0.000000
0.000000
0.000000
0.000000
0.000000
0.000000
0.000000
0.000000
0.000000
0.000000
0.000000
0.000000
0.000000
0.000000
0.000000
0.000000
0.000000
0.000000
0.000000
0.000000
0.000000
0.000000
0.000000
0.000000
0.000000
0.000000
0.000000
0.000000
