0.000813
0.001627
0.002443
0.003260
0.004081
0.004905
0.005735
0.006569
0.007411
0.008258
0.009115
0.009978
0.010852
0.011735
0.012629
0.013535
0.014453
0.015385
0.016328
0.017290
0.018263
0.019256
0.020263
0.021289
0.022333
0.023395
0.024480
0.025581
0.026709
0.027853
0.029024
0.030218
0.031433
0.032679
0.033943
0.035239
0.036561
0.037907
0.039288
0.040691
0.042128
0.043596
0.045089
0.046622
0.048181
0.049773
0.051406
0.053062
0.054760
0.056494
0.058255
0.060063
0.061904
0.063776
0.065697
0.067651
0.069637
0.071676
0.073747
0.075852
0.078010
0.080204
0.082430
0.084711
0.087033
0.089384
0.091787
0.094241
0.096723
0.099248
0.101831
0.104451
0.107102
0.109808
0.112567
0.115357
0.118182
0.121066
0.124001
0.126964
0.129963
0.133019
0.136130
0.139273
0.142443
0.145660
0.148938
0.152263
0.155613
0.158990
0.162411
0.165890
0.169421
0.172986
0.176572
0.180181
0.183826
0.187520
0.191266
0.195061
0.198898
0.202767
0.206663
0.210585
0.214532
0.218504
0.222501
0.226525
0.230574
0.234649
0.238748
0.242870
0.247014
0.251178
0.255362
0.259564
0.263783
0.268016
0.272263
0.276523
0.280794
0.285073
0.289361
0.293654
0.297952
0.302253
0.306555
0.310856
0.315155
0.319450
0.323740
0.328022
0.332294
0.336556
0.340805
0.345039
0.349256
0.353456
0.357635
0.361791
0.365924
0.370031
0.374109
0.378159
0.382176
0.386160
0.390109
0.394020
0.397893
0.401724
0.405513
0.409257
0.412954
0.416604
0.420203
0.423750
0.427244
0.430683
0.434064
0.437387
0.440650
0.443850
0.446986
0.450058
0.453063
0.455999
0.458867
0.461663
0.464386
0.467036
0.469611
0.472109
0.474530
0.476873
0.479135
0.481316
0.483416
0.485433
0.487367
0.489216
0.490979
0.492656
0.494247
0.495751
0.497166
0.498492
0.499730
0.500880
0.501939
0.502909
0.503789
0.504580
0.505280
0.505890
0.506409
0.506839
0.507181
0.507432
0.507595
0.507669
0.507655
0.507554
0.507365
0.507091
0.506731
0.506286
0.505759
0.505148
0.504455
0.503683
0.502831
0.501901
0.500894
0.499811
0.498654
0.497424
0.496123
0.494751
0.493312
0.491805
0.490235
0.488601
0.486906
0.485151
0.483340
0.481473
0.479552
0.477581
0.475559
0.473490
0.471376
0.469219
0.467022
0.464785
0.462513
0.460207
0.457869
0.455501
0.453107
0.450688
0.448247
0.445786
0.443308
0.440815
0.438310
0.435794
0.433272
0.430744
0.428214
0.425684
0.423156
0.420632
0.418116
0.415611
0.413116
0.410637
0.408174
0.405730
0.403308
0.400910
0.398538
0.396194
0.393879
0.391598
0.389353
0.387144
0.384975
0.382847
0.380762
0.378722
0.376730
0.374786
0.372893
0.371053
0.369268
0.367538
0.365866
0.364254
0.362701
0.361212
0.359785
0.358424
0.357129
0.355902
0.354742
0.353653
0.352635
0.351688
0.350813
0.350011
0.349283
0.348630
0.348053
0.347551
0.347126
0.346778
0.346506
0.346311
0.346196
0.346157
0.346196
0.346311
0.346505
0.346777
0.347126
0.347551
0.348053
0.348629
0.349281
0.350008
0.350810
0.351684
0.352632
0.353651
0.354741
0.355900
0.357127
0.358422
0.359784
0.361210
0.362700
0.364252
0.365864
0.367536
0.369266
0.371052
0.372892
0.374785
0.376728
0.378721
0.380761
0.382846
0.384974
0.387143
0.389351
0.391596
0.393876
0.396190
0.398534
0.400907
0.403306
0.405727
0.408171
0.410634
0.413114
0.415608
0.418115
0.420630
0.423154
0.425682
0.428213
0.430743
0.433270
0.435793
0.438308
0.440813
0.443306
0.445783
0.448243
0.450685
0.453103
0.455498
0.457865
0.460204
0.462510
0.464783
0.467019
0.469217
0.471374
0.473488
0.475557
0.477579
0.479551
0.481472
0.483339
0.485152
0.486906
0.488601
0.490235
0.491806
0.493311
0.494751
0.496122
0.497423
0.498654
0.499811
0.500894
0.501902
0.502832
0.503684
0.504457
0.505149
0.505759
0.506287
0.506731
0.507091
0.507366
0.507553
0.507655
0.507669
0.507595
0.507432
0.507181
0.506841
0.506411
0.505891
0.505281
0.504581
0.503792
0.502912
0.501942
0.500882
0.499733
0.498495
0.497169
0.495753
0.494250
0.492659
0.490982
0.489218
0.487370
0.485436
0.483419
0.481320
0.479138
0.476876
0.474534
0.472113
0.469614
0.467039
0.464389
0.461665
0.458868
0.456002
0.453065
0.450059
0.446987
0.443850
0.440650
0.437388
0.434065
0.430684
0.427245
0.423751
0.420203
0.416604
0.412954
0.409257
0.405513
0.401725
0.397894
0.394021
0.390110
0.386161
0.382177
0.378159
0.374110
0.370032
0.365925
0.361793
0.357636
0.353457
0.349258
0.345041
0.340807
0.336558
0.332297
0.328024
0.323743
0.319453
0.315159
0.310860
0.306559
0.302257
0.297956
0.293659
0.289365
0.285078
0.280798
0.276528
0.272269
0.268022
0.263789
0.259570
0.255368
0.251185
0.247020
0.242876
0.238754
0.234656
0.230581
0.226532
0.222510
0.218516
0.214551
0.210616
0.206711
0.202839
0.199000
0.195194
0.191423
0.187687
0.183987
0.180324
0.176699
0.173112
0.169564
0.166056
0.162588
0.159160
0.155774
0.152429
0.149127
0.145866
0.142649
0.139475
0.136344
0.133256
0.130213
0.127213
0.124258
0.121348
0.118481
0.115660
0.112883
0.110150
0.107463
0.104820
0.102221
0.099667
0.097158
0.094693
0.092271
0.089894
0.087561
0.085271
0.083024
0.080820
0.078659
0.076541
0.074465
0.072431
0.070438
0.068486
0.066575
0.064704
0.062874
0.061083
0.059331
0.057618
0.055943
0.054306
0.052706
0.051143
0.049617
0.048127
0.046672
0.045252
0.043866
0.042514
0.041196
0.039911
0.038658
0.037437
0.036247
0.035088
0.033959
0.032860
0.031790
0.030749
0.029736
0.028751
0.027792
0.026861
0.025955
0.025075
0.024220
0.023389
0.022583
0.021799
0.021039
0.020301
0.019586
0.018891
0.018218
0.017565
0.016932
0.016319
0.015724
0.015149
0.014591
0.014051
0.013529
0.013023
0.012534
0.012060
0.011603
0.011160
0.010732
0.010319
0.009919
0.009533
0.009160
0.008800
0.008453
0.008117
0.007793
0.007481
0.007180
0.006889
0.006609
0.006339
0.006079
0.005829
0.005587
0.005355
0.005131
0.004916
0.004708
0.004509
0.004317
0.004132
0.003955
0.003784
0.003620
0.003463
0.003311
0.003166
0.003026
0.002892
0.002764
0.002640
0.002522
0.002408
0.002299
0.002195
0.002095
0.001999
0.001907
0.001819
0.001734
0.001654
0.001576
0.001502
0.001431
0.001364
0.001299
0.001237
0.001178
0.001121
0.001067
0.001015
0.000966
0.000919
0.000873
0.000830
0.000789
0.000750
0.000713
0.000677
0.000643
0.000611
0.000580
0.000550
0.000522
0.000496
0.000470
0.000446
0.000423
0.000401
0.000380
0.000360
0.000341
0.000323
0.000306
0.000290
0.000275
0.000260
0.000246
0.000233
0.000220
0.000208
0.000197
0.000186
0.000176
0.000166
0.000157
0.000148
0.000140
0.000132
0.000125
0.000118
0.000111
0.000105
0.000099
0.000094
0.000088
0.000083
0.000078
0.000074
0.000070
0.000066
0.000062
0.000058
0.000055
0.000052
0.000049
0.000046
0.000043
0.000040
0.000038
0.000036
0.000034
0.000032
0.000030
0.000028
0.000026
0.000025
0.000023
0.000022
0.000020
0.000019
0.000018
0.000017
0.000016
0.000015
0.000014
0.000013
0.000012
0.000011
0.000011
0.000010
0.000009
0.000009
0.000008
0.000008
0.000007
0.000007
0.000006
0.000006
0.000005
0.000005
0.000005
0.000004
0.000004
0.000004
0.000004
0.000003
0.000003
0.000003
0.000003
0.000003
0.000002
0.000002
0.000002
0.000002
0.000002
0.000002
0.000002
0.000001
0.000001
0.000001
0.000001
0.000001
0.000001
0.000001
0.000001
0.000001
0.000001
0.000001
0.000001
0.000001
0.000001
0.000001
0.000000
0.000000
0.000000
0.000000
0.000000
0.000000
0.000000
0.000000
0.000000
0.000000
0.000000
0.000000
0.000000
0.000000
0.000000
0.000000
0.000000
0.000000
0.000000
0.000000
0.000000
0.000000
0.000000
0.000000
0.000000
0.000000
0.000000
0.000000
0.000000
0.000000
0.000000
0.000000
0.000000
0.000000
0.000000
0.000000
0.000000
0.000000
0.000000
0.000000
0.000000
0.000000
0.000000
0.000000
0.000000
0.000000
0.000000
0.000000
0.000000
0.000000
0.000000
0.000000
0.000000
0.000000
0.000000
0.000000
0.000000
0.000000
0.000000
0.000000
0.000000
0.000000
0.000000
0.000000
0.000000
0.000000
0.000000
0.000000
0.000000
0.000000
0.000000
0.000000
0.000000
0.000000
0.000000
0.000000
0.000000
0.000000
0.000000
0.000000
0.000000
0.000000
0.000000
0.000000
0.000000
0.000000
0.000000
0.000000
0.000000
0.000000
0.000000
0.000000
0.000000
0.000000
0.000000
0.000000
0.000000
0.000000
0.000000
0.000000
0.000000
0.000000
0.000000
0.000000
0.000000
0.000000
0.000000
0.000000
0.000000
0.000000
0.000000
0.000000
0.000000
0.000000
0.000000
0.000000
0.000000
0.000000
0.000000
0.000000
0.000000
0.000000
0.000000
0.000000
0.000000
0.000000
0.000000
0.000000
0.000000
0.000000
0.000000
0.000000
0.000000
0.000000
0.000000
0.000000
0.000000
0.000000
0.000000
0.000000
0.000000
0.000000
0.000000
0.000000
0.000000
0.000000
0.000000
0.000000
0.000000
0.000000
0.000000
0.000000
0.000000
0.000000
0.000000
0.000000
0.000000
0.000000
0.000000
0.000000
0.000000
0.000000
0.000000
0.000000
0.000000
0.000000
0.000000
0.000000
0.000000
0.000000
0.000000
0.000000
0.000000
0.000000
0.000000
0.000000
0.000000
0.000000
0.000000
0.000000
0.000000
0.000000
0.000000
0.000000
0.000000
0.000000
0.000000
0.000000
0.000000
0.000000
0.000000
0.000000
0.000000
0.000000
0.000000
0.000000
0.000000
0.000000
0.000000
0.000000
0.000000
0.000000
0.000000
0.000000
0.000000
0.000000
0.000000
0.000000
0.000000
0.000000
0.000000
0.000000
0.000000
0.000000
0.000000
0.000000
0.000000
0.000000
0.000000
0.000000
0.000000
0.000000
0.000000
0.000000
0.000000
