0.000827
0.001655
0.002485
0.003316
0.004151
0.004990
0.005834
0.006683
0.007538
0.008400
0.009270
0.010149
0.011036
0.011935
0.012843
0.013765
0.014697
0.015645
0.016603
0.017580
0.018569
0.019576
0.020600
0.021640
0.022703
0.023779
0.024881
0.025999
0.027141
0.028306
0.029490
0.030704
0.031935
0.033197
0.034482
0.035792
0.037135
0.038498
0.039896
0.041321
0.042773
0.044263
0.045775
0.047324
0.048907
0.050516
0.052168
0.053848
0.055561
0.057318
0.059102
0.060925
0.062792
0.064684
0.066622
0.068602
0.070609
0.072664
0.074763
0.076889
0.079064
0.081286
0.083536
0.085832
0.088180
0.090558
0.092977
0.095453
0.097965
0.100509
0.103109
0.105758
0.108435
0.111156
0.113937
0.116757
0.119606
0.122504
0.125461
0.128456
0.131478
0.134548
0.137678
0.140850
0.144048
0.147281
0.150572
0.153919
0.157299
0.160702
0.164139
0.167630
0.171177
0.174766
0.178380
0.182014
0.185677
0.189381
0.193137
0.196944
0.200794
0.204681
0.208597
0.212537
0.216502
0.220490
0.224503
0.228540
0.232603
0.236690
0.240800
0.244933
0.249087
0.253261
0.257454
0.261664
0.265890
0.270130
0.274383
0.278648
0.282922
0.287206
0.291496
0.295791
0.300090
0.304391
0.308692
0.312992
0.317288
0.321580
0.325865
0.330142
0.334408
0.338663
0.342904
0.347128
0.351336
0.355524
0.359691
0.363834
0.367953
0.372045
0.376108
0.380140
0.384140
0.388104
0.392033
0.395923
0.399774
0.403582
0.407346
0.411065
0.414737
0.418359
0.421930
0.425448
0.428912
0.432320
0.435670
0.438960
0.442188
0.445354
0.448455
0.451490
0.454457
0.457355
0.460184
0.462940
0.465622
0.468231
0.470763
0.473218
0.475595
0.477893
0.480110
0.482245
0.484298
0.486268
0.488153
0.489954
0.491668
0.493295
0.494836
0.496288
0.497652
0.498927
0.500113
0.501209
0.502216
0.503133
0.503959
0.504695
0.505341
0.505896
0.506361
0.506736
0.507022
0.507218
0.507325
0.507344
0.507274
0.507116
0.506872
0.506542
0.506126
0.505626
0.505043
0.504376
0.503629
0.502802
0.501895
0.500910
0.499848
0.498711
0.497500
0.496216
0.494861
0.493436
0.491944
0.490385
0.488763
0.487077
0.485331
0.483526
0.481664
0.479747
0.477778
0.475758
0.473688
0.471571
0.469410
0.467207
0.464963
0.462681
0.460366
0.458014
0.455633
0.453223
0.450787
0.448327
0.445845
0.443344
0.440826
0.438295
0.435752
0.433199
0.430640
0.428076
0.425512
0.422947
0.420385
0.417828
0.415281
0.412744
0.410219
0.407709
0.405217
0.402745
0.400295
0.397870
0.395472
0.393101
0.390763
0.388457
0.386188
0.383957
0.381766
0.379617
0.377511
0.375452
0.373440
0.371478
0.369568
0.367711
0.365909
0.364164
0.362476
0.360850
0.359284
0.357781
0.356343
0.354970
0.353664
0.352426
0.351257
0.350158
0.349132
0.348177
0.347295
0.346486
0.345752
0.345094
0.344513
0.344007
0.343579
0.343227
0.342953
0.342758
0.342640
0.342601
0.342640
0.342757
0.342952
0.343226
0.343578
0.344006
0.344512
0.345094
0.345750
0.346484
0.347292
0.348173
0.349129
0.350156
0.351255
0.352424
0.353662
0.354967
0.356341
0.357780
0.359282
0.360848
0.362474
0.364161
0.365907
0.367710
0.369567
0.371477
0.373439
0.375451
0.377510
0.379615
0.381765
0.383956
0.386187
0.388455
0.390760
0.393098
0.395468
0.397867
0.400292
0.402742
0.405214
0.407706
0.410217
0.412741
0.415279
0.417827
0.420383
0.422945
0.425510
0.428075
0.430638
0.433198
0.435750
0.438293
0.440824
0.443341
0.445841
0.448323
0.450783
0.453219
0.455629
0.458011
0.460362
0.462679
0.464961
0.467204
0.469408
0.471569
0.473686
0.475755
0.477777
0.479747
0.481664
0.483526
0.485332
0.487078
0.488763
0.490386
0.491944
0.493436
0.494860
0.496215
0.497499
0.498711
0.499848
0.500910
0.501895
0.502802
0.503630
0.504378
0.505043
0.505627
0.506127
0.506543
0.506873
0.507117
0.507274
0.507344
0.507325
0.507218
0.507022
0.506737
0.506362
0.505897
0.505342
0.504696
0.503961
0.503135
0.502218
0.501212
0.500115
0.498930
0.497655
0.496291
0.494839
0.493298
0.491671
0.489956
0.488156
0.486271
0.484301
0.482248
0.480113
0.477896
0.475599
0.473222
0.470766
0.468233
0.465625
0.462942
0.460185
0.457357
0.454459
0.451491
0.448456
0.445354
0.442189
0.438960
0.435670
0.432321
0.428913
0.425449
0.421930
0.418359
0.414737
0.411065
0.407347
0.403583
0.399775
0.395924
0.392034
0.388105
0.384140
0.380140
0.376108
0.372046
0.367954
0.363836
0.359693
0.355525
0.351338
0.347130
0.342906
0.338665
0.334410
0.330144
0.325868
0.321583
0.317291
0.312995
0.308696
0.304395
0.300094
0.295795
0.291500
0.287210
0.282927
0.278653
0.274388
0.270135
0.265896
0.261670
0.257460
0.253267
0.249093
0.244939
0.240807
0.236696
0.232610
0.228549
0.224513
0.220505
0.216526
0.212576
0.208656
0.204768
0.200912
0.197089
0.193301
0.189547
0.185830
0.182148
0.178504
0.174898
0.171331
0.167803
0.164315
0.160867
0.157460
0.154095
0.150771
0.147490
0.144251
0.141055
0.137902
0.134793
0.131728
0.128707
0.125729
0.122796
0.119908
0.117064
0.114265
0.111510
0.108800
0.106135
0.103515
0.100938
0.098407
0.095919
0.093476
0.091077
0.088722
0.086410
0.084142
0.081916
0.079734
0.077595
0.075498
0.073442
0.071429
0.069457
0.067525
0.065635
0.063784
0.061973
0.060202
0.058469
0.056775
0.055120
0.053501
0.051920
0.050376
0.048867
0.047395
0.045957
0.044554
0.043186
0.041851
0.040549
0.039280
0.038043
0.036838
0.035663
0.034520
0.033406
0.032321
0.031266
0.030239
0.029240
0.028268
0.027323
0.026405
0.025512
0.024644
0.023802
0.022983
0.022188
0.021416
0.020667
0.019941
0.019236
0.018552
0.017889
0.017246
0.016623
0.016019
0.015434
0.014868
0.014319
0.013788
0.013274
0.012776
0.012295
0.011830
0.011379
0.010944
0.010524
0.010117
0.009724
0.009345
0.008979
0.008625
0.008283
0.007954
0.007636
0.007329
0.007033
0.006748
0.006473
0.006208
0.005953
0.005707
0.005470
0.005242
0.005022
0.004811
0.004608
0.004412
0.004224
0.004043
0.003869
0.003701
0.003541
0.003386
0.003238
0.003095
0.002959
0.002827
0.002701
0.002580
0.002464
0.002353
0.002246
0.002144
0.002046
0.001952
0.001862
0.001776
0.001694
0.001614
0.001539
0.001466
0.001397
0.001331
0.001267
0.001207
0.001149
0.001094
0.001041
0.000990
0.000942
0.000896
0.000852
0.000810
0.000770
0.000731
0.000695
0.000660
0.000627
0.000595
0.000565
0.000536
0.000509
0.000483
0.000458
0.000434
0.000412
0.000390
0.000370
0.000351
0.000332
0.000315
0.000298
0.000282
0.000267
0.000253
0.000239
0.000226
0.000214
0.000203
0.000192
0.000181
0.000171
0.000162
0.000153
0.000144
0.000136
0.000129
0.000121
0.000115
0.000108
0.000102
0.000096
0.000091
0.000086
0.000081
0.000076
0.000072
0.000068
0.000064
0.000060
0.000056
0.000053
0.000050
0.000047
0.000044
0.000042
0.000039
0.000037
0.000035
0.000033
0.000031
0.000029
0.000027
0.000025
0.000024
0.000022
0.000021
0.000020
0.000018
0.000017
0.000016
0.000015
0.000014
0.000013
0.000013
0.000012
0.000011
0.000010
0.000010
0.000009
0.000008
0.000008
0.000007
0.000007
0.000006
0.000006
0.000006
0.000005
0.000005
0.000005
0.000004
0.000004
0.000004
0.000004
0.000003
0.000003
0.000003
0.000003
0.000002
0.000002
0.000002
0.000002
0.000002
0.000002
0.000002
0.000002
0.000001
0.000001
0.000001
0.000001
0.000001
0.000001
0.000001
0.000001
0.000001
0.000001
0.000001
0.000001
0.000001
0.000001
0.000001
0.000000
0.000000
0.000000
0.000000
0.000000
0.000000
0.000000
0.000000
0.000000
0.000000
0.000000
0.000000
0.000000
0.000000
0.000000
0.000000
0.000000
0.000000
0.000000
0.000000
0.000000
0.000000
0.000000
0.000000
0.000000
0.000000
0.000000
0.000000
0.000000
0.000000
0.000000
0.000000
0.000000
0.000000
0.000000
0.000000
0.000000
0.000000
0.000000
0.000000
0.000000
0.000000
0.000000
0.000000
0.000000
0.000000
0.000000
0.000000
0.000000
0.000000
0.000000
0.000000
0.000000
0.000000
0.000000
0.000000
0.000000
0.000000
0.000000
0.000000
0.000000
0.000000
0.000000
0.000000
0.000000
0.000000
0.000000
0.000000
0.000000
0.000000
0.000000
0.000000
0.000000
0.000000
0.000000
0.000000
0.000000
0.000000
0.000000
0.000000
0.000000
0.000000
0.000000
0.000000
0.000000
0.000000
0.000000
0.000000
0.000000
0.000000
0.000000
0.000000
0.000000
0.000000
0.000000
0.000000
0.000000
0.000000
0.000000
0.000000
0.000000
0.000000
0.000000
0.000000
0.000000
0.000000
0.000000
0.000000
0.000000
0.000000
0.000000
0.000000
0.000000
0.000000
0.000000
0.000000
0.000000
0.000000
0.000000
0.000000
0.000000
0.000000
0.000000
0.000000
0.000000
0.000000
0.000000
0.000000
0.000000
0.000000
0.000000
0.000000
0.000000
0.000000
0.000000
0.000000
0.000000
0.000000
0.000000
0.000000
0.000000
0.000000
0.000000
0.000000
0.000000
0.000000
0.000000
0.000000
0.000000
0.000000
0.000000
0.000000
0.000000
0.000000
0.000000
0.000000
0.000000
0.000000
0.000000
0.000000
0.000000
0.000000
0.000000
0.000000
0.000000
0.000000
0.000000
0.000000
0.000000
0.000000
0.000000
0.000000
0.000000
0.000000
0.000000
0.000000
0.000000
0.000000
0.000000
0.000000
0.000000
0.000000
0.000000
0.000000
0.000000
0.000000
0.000000
0.000000
0.000000
0.000000
0.000000
0.000000
0.000000
0.000000
0.000000
0.000000
0.000000
0.000000
0.000000
0.000000
0.000000
0.000000
0.000000
0.000000
0.000000
0.000000
0.000000
0.000000
0.000000
0.000000
0.000000
0.000000
0.000000
0.000000
0.000000
0.000000
0.000000
0.000000
0.000000
0.000000
0.000000
0.000000
0.000000
0.000000
