0.000841
0.001684
0.002527
0.003373
0.004223
0.005076
0.005934
0.006797
0.007667
0.008544
0.009428
0.010322
0.011224
0.012138
0.013061
0.013998
0.014945
0.015907
0.016882
0.017872
0.018880
0.019900
0.020942
0.021997
0.023076
0.024170
0.025286
0.026423
0.027579
0.028763
0.029963
0.031194
0.032445
0.033721
0.035027
0.036353
0.037714
0.039098
0.040511
0.041958
0.043427
0.044935
0.046470
0.048034
0.049640
0.051269
0.052937
0.054642
0.056373
0.058149
0.059958
0.061798
0.063685
0.065604
0.067557
0.069560
0.071594
0.073664
0.075786
0.077939
0.080130
0.082375
0.084653
0.086966
0.089335
0.091742
0.094181
0.096674
0.099215
0.101784
0.104399
0.107072
0.109780
0.112520
0.115316
0.118165
0.121042
0.123956
0.126931
0.129954
0.133004
0.136091
0.139236
0.142434
0.145662
0.148917
0.152220
0.155583
0.158991
0.162423
0.165881
0.169383
0.172942
0.176552
0.180193
0.183855
0.187538
0.191256
0.195021
0.198837
0.202700
0.206603
0.210536
0.214495
0.218477
0.222482
0.226510
0.230562
0.234638
0.238737
0.242858
0.247001
0.251165
0.255349
0.259550
0.263767
0.268000
0.272246
0.276505
0.280775
0.285053
0.289340
0.293632
0.297929
0.302228
0.306529
0.310829
0.315126
0.319420
0.323708
0.327989
0.332259
0.336519
0.340766
0.344998
0.349213
0.353411
0.357587
0.361742
0.365871
0.369976
0.374052
0.378099
0.382113
0.386094
0.390039
0.393947
0.397816
0.401644
0.405429
0.409169
0.412862
0.416507
0.420101
0.423644
0.427133
0.430567
0.433943
0.437260
0.440517
0.443712
0.446841
0.449907
0.452905
0.455834
0.458694
0.461483
0.464198
0.466840
0.469406
0.471896
0.474307
0.476640
0.478893
0.481064
0.483153
0.485160
0.487082
0.488919
0.490670
0.492335
0.493913
0.495403
0.496804
0.498116
0.499339
0.500473
0.501517
0.502470
0.503333
0.504106
0.504788
0.505379
0.505880
0.506290
0.506611
0.506841
0.506982
0.507033
0.506996
0.506871
0.506657
0.506358
0.505972
0.505501
0.504946
0.504307
0.503585
0.502783
0.501900
0.500939
0.499899
0.498783
0.497592
0.496327
0.494990
0.493581
0.492104
0.490560
0.488949
0.487275
0.485538
0.483742
0.481886
0.479975
0.478009
0.475991
0.473922
0.471805
0.469641
0.467434
0.465184
0.462895
0.460569
0.458209
0.455814
0.453391
0.450938
0.448461
0.445960
0.443438
0.440898
0.438341
0.435772
0.433191
0.430602
0.428008
0.425408
0.422809
0.420211
0.417616
0.415027
0.412448
0.409880
0.407326
0.404786
0.402265
0.399765
0.397288
0.394837
0.392412
0.390017
0.387655
0.385326
0.383034
0.380781
0.378568
0.376398
0.374273
0.372194
0.370163
0.368183
0.366255
0.364382
0.362565
0.360804
0.359102
0.357461
0.355882
0.354367
0.352917
0.351532
0.350215
0.348967
0.347789
0.346681
0.345647
0.344684
0.343795
0.342980
0.342241
0.341578
0.340991
0.340482
0.340050
0.339695
0.339420
0.339223
0.339104
0.339065
0.339105
0.339222
0.339419
0.339695
0.340049
0.340481
0.340990
0.341577
0.342239
0.342978
0.343792
0.344681
0.345644
0.346680
0.347787
0.348965
0.350213
0.351530
0.352914
0.354365
0.355880
0.357459
0.359100
0.360801
0.362562
0.364381
0.366255
0.368182
0.370162
0.372193
0.374271
0.376396
0.378567
0.380779
0.383033
0.385324
0.387652
0.390014
0.392409
0.394833
0.397285
0.399762
0.402262
0.404783
0.407323
0.409878
0.412445
0.415025
0.417614
0.420209
0.422808
0.425407
0.428006
0.430601
0.433190
0.435770
0.438339
0.440894
0.443434
0.445956
0.448457
0.450934
0.453387
0.455811
0.458206
0.460567
0.462893
0.465182
0.467431
0.469639
0.471803
0.473920
0.475989
0.478008
0.479975
0.481886
0.483742
0.485539
0.487275
0.488950
0.490560
0.492104
0.493580
0.494989
0.496325
0.497592
0.498783
0.499899
0.500939
0.501901
0.502784
0.503586
0.504307
0.504946
0.505502
0.505973
0.506358
0.506658
0.506871
0.506996
0.507033
0.506981
0.506841
0.506611
0.506291
0.505881
0.505380
0.504789
0.504107
0.503335
0.502473
0.501519
0.500475
0.499342
0.498119
0.496807
0.495405
0.493915
0.492338
0.490673
0.488921
0.487085
0.485162
0.483156
0.481068
0.478896
0.476644
0.474311
0.471899
0.469409
0.466843
0.464201
0.461485
0.458696
0.455836
0.452906
0.449908
0.446842
0.443711
0.440517
0.437261
0.433944
0.430567
0.427134
0.423645
0.420102
0.416507
0.412862
0.409169
0.405429
0.401645
0.397817
0.393948
0.390040
0.386094
0.382113
0.378099
0.374053
0.369977
0.365873
0.361743
0.357589
0.353412
0.349216
0.345000
0.340768
0.336521
0.332262
0.327991
0.323711
0.319423
0.315130
0.310832
0.306533
0.302233
0.297933
0.293636
0.289344
0.285058
0.280780
0.276511
0.272252
0.268006
0.263773
0.259556
0.255355
0.251172
0.247008
0.242865
0.238743
0.234645
0.230571
0.226523
0.222502
0.218508
0.214543
0.210608
0.206704
0.202832
0.198993
0.195188
0.191417
0.187681
0.183982
0.180319
0.176694
0.173108
0.169560
0.166052
0.162584
0.159157
0.155771
0.152426
0.149124
0.145864
0.142647
0.139472
0.136341
0.133254
0.130211
0.127212
0.124257
0.121346
0.118480
0.115658
0.112881
0.110149
0.107462
0.104819
0.102220
0.099667
0.097157
0.094692
0.092271
0.089893
0.087560
0.085270
0.083023
0.080820
0.078659
0.076541
0.074464
0.072430
0.070437
0.068486
0.066575
0.064704
0.062873
0.061083
0.059331
0.057618
0.055943
0.054306
0.052706
0.051143
0.049617
0.048126
0.046672
0.045251
0.043866
0.042514
0.041196
0.039911
0.038658
0.037436
0.036247
0.035088
0.033959
0.032860
0.031790
0.030749
0.029736
0.028751
0.027792
0.026861
0.025955
0.025075
0.024220
0.023389
0.022583
0.021799
0.021039
0.020301
0.019586
0.018891
0.018218
0.017565
0.016932
0.016319
0.015724
0.015149
0.014591
0.014051
0.013529
0.013023
0.012534
0.012060
0.011603
0.011160
0.010732
0.010319
0.009919
0.009533
0.009160
0.008800
0.008453
0.008117
0.007793
0.007481
0.007180
0.006889
0.006609
0.006339
0.006079
0.005829
0.005587
0.005355
0.005131
0.004916
0.004708
0.004509
0.004317
0.004132
0.003955
0.003784
0.003620
0.003463
0.003311
0.003166
0.003026
0.002892
0.002764
0.002640
0.002522
0.002408
0.002299
0.002195
0.002095
0.001999
0.001907
0.001819
0.001734
0.001654
0.001576
0.001502
0.001431
0.001364
0.001299
0.001237
0.001178
0.001121
0.001067
0.001015
0.000966
0.000919
0.000873
0.000830
0.000789
0.000750
0.000713
0.000677
0.000643
0.000611
0.000580
0.000550
0.000522
0.000496
0.000470
0.000446
0.000423
0.000401
0.000380
0.000360
0.000341
0.000323
0.000306
0.000290
0.000275
0.000260
0.000246
0.000233
0.000220
0.000208
0.000197
0.000186
0.000176
0.000166
0.000157
0.000148
0.000140
0.000132
0.000125
0.000118
0.000111
0.000105
0.000099
0.000094
0.000088
0.000083
0.000078
0.000074
0.000070
0.000066
0.000062
0.000058
0.000055
0.000052
0.000049
0.000046
0.000043
0.000040
0.000038
0.000036
0.000034
0.000032
0.000030
0.000028
0.000026
0.000025
0.000023
0.000022
0.000020
0.000019
0.000018
0.000017
0.000016
0.000015
0.000014
0.000013
0.000012
0.000011
0.000011
0.000010
0.000009
0.000009
0.000008
0.000008
0.000007
0.000007
0.000006
0.000006
0.000005
0.000005
0.000005
0.000004
0.000004
0.000004
0.000004
0.000003
0.000003
0.000003
0.000003
0.000003
0.000002
0.000002
0.000002
0.000002
0.000002
0.000002
0.000002
0.000001
0.000001
0.000001
0.000001
0.000001
0.000001
0.000001
0.000001
0.000001
0.000001
0.000001
0.000001
0.000001
0.000001
0.000001
0.000000
0.000000
0.000000
0.000000
0.000000
0.000000
0.000000
0.000000
0.000000
0.000000
0.000000
0.000000
0.000000
0.000000
0.000000
0.000000
0.000000
0.000000
0.000000
0.000000
0.000000
0.000000
0.000000
0.000000
0.000000
0.000000
0.000000
0.000000
0.000000
0.000000
0.000000
0.000000
0.000000
0.000000
0.000000
0.000000
0.000000
0.000000
0.000000
0.000000
0.000000
0.000000
0.000000
0.000000
0.000000
0.000000
0.000000
0.000000
0.000000
0.000000
0.000000
0.000000
0.000000
0.000000
0.000000
0.000000
0.000000
0.000000
0.000000
0.000000
0.000000
0.000000
0.000000
0.000000
0.000000
0.000000
0.000000
0.000000
0.000000
0.000000
0.000000
0.000000
0.000000
0.000000
0.000000
0.000000
0.000000
0.000000
0.000000
0.000000
0.000000
0.000000
0.000000
0.000000
0.000000
0.000000
0.000000
0.000000
0.000000
0.000000
0.000000
0.000000
0.000000
0.000000
0.000000
0.000000
0.000000
0.000000
0.000000
0.000000
0.000000
0.000000
0.000000
0.000000
0.000000
0.000000
0.000000
0.000000
0.000000
0.000000
0.000000
0.000000
0.000000
0.000000
0.000000
0.000000
0.000000
0.000000
0.000000
0.000000
0.000000
0.000000
0.000000
0.000000
0.000000
0.000000
0.000000
0.000000
0.000000
0.000000
0.000000
0.000000
0.000000
0.000000
0.000000
0.000000
0.000000
0.000000
0.000000
0.000000
0.000000
0.000000
0.000000
0.000000
0.000000
0.000000
0.000000
0.000000
0.000000
0.000000
0.000000
0.000000
0.000000
0.000000
0.000000
0.000000
0.000000
0.000000
0.000000
0.000000
0.000000
0.000000
0.000000
0.000000
0.000000
0.000000
0.000000
0.000000
0.000000
0.000000
0.000000
0.000000
0.000000
0.000000
0.000000
0.000000
0.000000
0.000000
0.000000
0.000000
0.000000
0.000000
0.000000
0.000000
0.000000
0.000000
0.000000
0.000000
0.000000
0.000000
0.000000
0.000000
0.000000
0.000000
0.000000
0.000000
0.000000
0.000000
0.000000
0.000000
0.000000
0.000000
0.000000
0.000000
0.000000
0.000000
0.000000
0.000000
0.000000
0.000000
0.000000
0.000000
0.000000
0.000000
0.000000
0.000000
0.000000
0.000000
0.000000
0.000000
0.000000
0.000000
0.000000
0.000000
