0.000856
0.001713
0.002570
0.003431
0.004295
0.005163
0.006035
0.006914
0.007797
0.008690
0.009588
0.010497
0.011414
0.012343
0.013282
0.014232
0.015197
0.016172
0.017165
0.018169
0.019193
0.020230
0.021287
0.022360
0.023452
0.024566
0.025696
0.026852
0.028024
0.029224
0.030444
0.031689
0.032961
0.034252
0.035577
0.036923
0.038299
0.039705
0.041134
0.042600
0.044091
0.045613
0.047172
0.048754
0.050378
0.052031
0.053715
0.055442
0.057196
0.058988
0.060822
0.062682
0.064587
0.066532
0.068505
0.070526
0.072587
0.074677
0.076817
0.078999
0.081210
0.083472
0.085778
0.088114
0.090499
0.092934
0.095398
0.097907
0.100472
0.103071
0.105704
0.108395
0.111132
0.113897
0.116709
0.119579
0.122487
0.125424
0.128412
0.131459
0.134540
0.137649
0.140807
0.144025
0.147283
0.150564
0.153883
0.157259
0.160689
0.164150
0.167633
0.171151
0.174721
0.178346
0.182012
0.185700
0.189408
0.193142
0.196918
0.200742
0.204616
0.208532
0.212482
0.216459
0.220459
0.224480
0.228524
0.232590
0.236678
0.240789
0.244921
0.249075
0.253249
0.257441
0.261650
0.265875
0.270114
0.274366
0.278630
0.282904
0.287186
0.291475
0.295769
0.300067
0.304367
0.308667
0.312965
0.317260
0.321550
0.325834
0.330109
0.334374
0.338627
0.342866
0.347089
0.351294
0.355480
0.359645
0.363786
0.367902
0.371991
0.376051
0.380081
0.384078
0.388040
0.391965
0.395852
0.399699
0.403504
0.407264
0.410979
0.414647
0.418264
0.421831
0.425345
0.428804
0.432207
0.435551
0.438836
0.442059
0.445218
0.448313
0.451342
0.454302
0.457194
0.460015
0.462763
0.465438
0.468039
0.470563
0.473009
0.475377
0.477666
0.479873
0.481998
0.484041
0.486000
0.487874
0.489663
0.491365
0.492980
0.494508
0.495947
0.497297
0.498558
0.499729
0.500810
0.501801
0.502702
0.503511
0.504230
0.504858
0.505395
0.505841
0.506197
0.506462
0.506637
0.506723
0.506719
0.506627
0.506446
0.506177
0.505822
0.505381
0.504854
0.504244
0.503550
0.502773
0.501917
0.500979
0.499963
0.498870
0.497699
0.496455
0.495136
0.493746
0.492285
0.490756
0.489159
0.487497
0.485771
0.483985
0.482137
0.480233
0.478272
0.476257
0.474191
0.472075
0.469910
0.467700
0.465447
0.463152
0.460818
0.458449
0.456044
0.453607
0.451141
0.448647
0.446129
0.443588
0.441027
0.438447
0.435853
0.433246
0.430629
0.428004
0.425374
0.422741
0.420107
0.417476
0.414848
0.412229
0.409618
0.407019
0.404436
0.401868
0.399318
0.396791
0.394288
0.391811
0.389361
0.386941
0.384555
0.382203
0.379889
0.377614
0.375380
0.373190
0.371046
0.368947
0.366898
0.364901
0.362957
0.361067
0.359234
0.357459
0.355742
0.354088
0.352496
0.350969
0.349507
0.348111
0.346784
0.345526
0.344338
0.343223
0.342180
0.341209
0.340314
0.339493
0.338748
0.338080
0.337490
0.336977
0.336541
0.336183
0.335906
0.335708
0.335588
0.335549
0.335588
0.335707
0.335906
0.336183
0.336540
0.336975
0.337487
0.338079
0.338746
0.339491
0.340311
0.341207
0.342177
0.343220
0.344337
0.345524
0.346781
0.348109
0.349504
0.350966
0.352494
0.354086
0.355740
0.357456
0.359232
0.361066
0.362956
0.364900
0.366898
0.368946
0.371044
0.373189
0.375379
0.377613
0.379888
0.382201
0.384552
0.386938
0.389357
0.391807
0.394284
0.396789
0.399316
0.401865
0.404432
0.407017
0.409615
0.412226
0.414847
0.417474
0.420105
0.422739
0.425372
0.428002
0.430627
0.433244
0.435850
0.438444
0.441023
0.443584
0.446125
0.448643
0.451137
0.453604
0.456041
0.458445
0.460816
0.463149
0.465444
0.467698
0.469909
0.472072
0.474189
0.476256
0.478272
0.480232
0.482138
0.483985
0.485772
0.487498
0.489159
0.490755
0.492284
0.493745
0.495135
0.496454
0.497699
0.498869
0.499964
0.500979
0.501917
0.502774
0.503550
0.504244
0.504855
0.505382
0.505822
0.506178
0.506446
0.506626
0.506719
0.506723
0.506637
0.506463
0.506198
0.505842
0.505396
0.504859
0.504231
0.503513
0.502704
0.501803
0.500813
0.499732
0.498561
0.497300
0.495950
0.494510
0.492983
0.491368
0.489665
0.487877
0.486003
0.484044
0.482002
0.479876
0.477669
0.475381
0.473013
0.470566
0.468041
0.465441
0.462766
0.460016
0.457196
0.454304
0.451343
0.448314
0.445218
0.442059
0.438836
0.435552
0.432207
0.428805
0.425345
0.421831
0.418265
0.414647
0.410979
0.407265
0.403504
0.399700
0.395853
0.391965
0.388040
0.384078
0.380081
0.376052
0.371992
0.367904
0.363787
0.359646
0.355482
0.351296
0.347091
0.342868
0.338629
0.334376
0.330112
0.325837
0.321554
0.317264
0.312969
0.308671
0.304371
0.300072
0.295774
0.291480
0.287191
0.282909
0.278636
0.274372
0.270120
0.265881
0.261656
0.257447
0.253255
0.249081
0.244928
0.240796
0.236686
0.232600
0.228540
0.224505
0.220497
0.216518
0.212568
0.208649
0.204761
0.200906
0.197084
0.193296
0.189542
0.185825
0.182144
0.178500
0.174894
0.171327
0.167799
0.164312
0.160864
0.157457
0.154092
0.150769
0.147487
0.144249
0.141053
0.137900
0.134791
0.131726
0.128705
0.125728
0.122795
0.119907
0.117063
0.114264
0.111509
0.108799
0.106134
0.103514
0.100937
0.098406
0.095918
0.093475
0.091076
0.088721
0.086409
0.084141
0.081916
0.079734
0.077594
0.075497
0.073442
0.071428
0.069456
0.067525
0.065634
0.063784
0.061973
0.060202
0.058469
0.056775
0.055119
0.053501
0.051920
0.050375
0.048867
0.047395
0.045957
0.044554
0.043186
0.041851
0.040549
0.039280
0.038043
0.036838
0.035663
0.034520
0.033406
0.032321
0.031266
0.030239
0.029240
0.028268
0.027323
0.026405
0.025512
0.024644
0.023802
0.022983
0.022188
0.021416
0.020667
0.019941
0.019236
0.018552
0.017889
0.017246
0.016623
0.016019
0.015434
0.014868
0.014319
0.013788
0.013274
0.012776
0.012295
0.011830
0.011379
0.010944
0.010524
0.010117
0.009724
0.009345
0.008979
0.008625
0.008283
0.007954
0.007636
0.007329
0.007033
0.006748
0.006473
0.006208
0.005953
0.005707
0.005470
0.005242
0.005022
0.004811
0.004608
0.004412
0.004224
0.004043
0.003869
0.003701
0.003541
0.003386
0.003238
0.003095
0.002959
0.002827
0.002701
0.002580
0.002464
0.002353
0.002246
0.002144
0.002046
0.001952
0.001862
0.001776
0.001694
0.001614
0.001539
0.001466
0.001397
0.001331
0.001267
0.001207
0.001149
0.001094
0.001041
0.000990
0.000942
0.000896
0.000852
0.000810
0.000770
0.000731
0.000695
0.000660
0.000627
0.000595
0.000565
0.000536
0.000509
0.000483
0.000458
0.000434
0.000412
0.000390
0.000370
0.000351
0.000332
0.000315
0.000298
0.000282
0.000267
0.000253
0.000239
0.000226
0.000214
0.000203
0.000192
0.000181
0.000171
0.000162
0.000153
0.000144
0.000136
0.000129
0.000121
0.000115
0.000108
0.000102
0.000096
0.000091
0.000086
0.000081
0.000076
0.000072
0.000068
0.000064
0.000060
0.000056
0.000053
0.000050
0.000047
0.000044
0.000042
0.000039
0.000037
0.000035
0.000033
0.000031
0.000029
0.000027
0.000025
0.000024
0.000022
0.000021
0.000020
0.000018
0.000017
0.000016
0.000015
0.000014
0.000013
0.000013
0.000012
0.000011
0.000010
0.000010
0.000009
0.000008
0.000008
0.000007
0.000007
0.000006
0.000006
0.000006
0.000005
0.000005
0.000005
0.000004
0.000004
0.000004
0.000004
0.000003
0.000003
0.000003
0.000003
0.000002
0.000002
0.000002
0.000002
0.000002
0.000002
0.000002
0.000002
0.000001
0.000001
0.000001
0.000001
0.000001
0.000001
0.000001
0.000001
0.000001
0.000001
0.000001
0.000001
0.000001
0.000001
0.000001
0.000000
0.000000
0.000000
0.000000
0.000000
0.000000
0.000000
0.000000
0.000000
0.000000
0.000000
0.000000
0.000000
0.000000
0.000000
0.000000
0.000000
0.000000
0.000000
0.000000
0.000000
0.000000
0.000000
0.000000
0.000000
0.000000
0.000000
0.000000
0.000000
0.000000
0.000000
0.000000
0.000000
0.000000
0.000000
0.000000
0.000000
0.000000
0.000000
0.000000
0.000000
0.000000
0.000000
0.000000
0.000000
0.000000
0.000000
0.000000
0.000000
0.000000
0.000000
0.000000
0.000000
0.000000
0.000000
0.000000
0.000000
0.000000
0.000000
0.000000
0.000000
0.000000
0.000000
0.000000
0.000000
0.000000
0.000000
0.000000
0.000000
0.000000
0.000000
0.000000
0.000000
0.000000
0.000000
0.000000
0.000000
0.000000
0.000000
0.000000
0.000000
0.000000
0.000000
0.000000
0.000000
0.000000
0.000000
0.000000
0.000000
0.000000
0.000000
0.000000
0.000000
0.000000
0.000000
0.000000
0.000000
0.000000
0.000000
0.000000
0.000000
0.000000
0.000000
0.000000
0.000000
0.000000
0.000000
0.000000
0.000000
0.000000
0.000000
0.000000
0.000000
0.000000
0.000000
0.000000
0.000000
0.000000
0.000000
0.000000
0.000000
0.000000
0.000000
0.000000
0.000000
0.000000
0.000000
0.000000
0.000000
0.000000
0.000000
0.000000
0.000000
0.000000
0.000000
0.000000
0.000000
0.000000
0.000000
0.000000
0.000000
0.000000
0.000000
0.000000
0.000000
0.000000
0.000000
0.000000
0.000000
0.000000
0.000000
0.000000
0.000000
0.000000
0.000000
0.000000
0.000000
0.000000
0.000000
0.000000
0.000000
0.000000
0.000000
0.000000
0.000000
0.000000
0.000000
0.000000
0.000000
0.000000
0.000000
0.000000
0.000000
0.000000
0.000000
0.000000
0.000000
0.000000
0.000000
0.000000
0.000000
0.000000
0.000000
0.000000
0.000000
0.000000
0.000000
0.000000
0.000000
0.000000
0.000000
0.000000
0.000000
0.000000
0.000000
0.000000
0.000000
0.000000
0.000000
0.000000
0.000000
0.000000
0.000000
0.000000
0.000000
0.000000
0.000000
0.000000
0.000000
0.000000
0.000000
0.000000
0.000000
0.000000
0.000000
0.000000
0.000000
0.000000
0.000000
0.000000
0.000000
0.000000
0.000000
