0.000870
0.001742
0.002614
0.003490
0.004368
0.005251
0.006138
0.007031
0.007930
0.008837
0.009751
0.010674
0.011608
0.012550
0.013506
0.014471
0.015451
0.016442
0.017451
0.018471
0.019510
0.020565
0.021636
0.022728
0.023834
0.024966
0.026112
0.027285
0.028476
0.029691
0.030931
0.032191
0.033482
0.034792
0.036133
0.037501
0.038891
0.040318
0.041766
0.043249
0.044763
0.046301
0.047881
0.049485
0.051124
0.052802
0.054504
0.056249
0.058029
0.059837
0.061692
0.063578
0.065499
0.067467
0.069465
0.071502
0.073588
0.075702
0.077859
0.080066
0.082302
0.084580
0.086911
0.089274
0.091676
0.094133
0.096627
0.099154
0.101738
0.104366
0.107023
0.109729
0.112492
0.115287
0.118116
0.121003
0.123940
0.126904
0.129908
0.132972
0.136083
0.139219
0.142394
0.145626
0.148909
0.152221
0.155560
0.158948
0.162395
0.165883
0.169395
0.172932
0.176513
0.180150
0.183836
0.187551
0.191284
0.195039
0.198826
0.202660
0.206542
0.210470
0.214435
0.218429
0.222446
0.226484
0.230543
0.234623
0.238724
0.242847
0.246990
0.251154
0.255336
0.259537
0.263754
0.267986
0.272231
0.276489
0.280758
0.285035
0.289321
0.293612
0.297908
0.302206
0.306506
0.310804
0.315101
0.319393
0.323679
0.327958
0.332228
0.336486
0.340731
0.344961
0.349175
0.353370
0.357544
0.361696
0.365824
0.369926
0.374000
0.378043
0.382056
0.386034
0.389976
0.393881
0.397747
0.401571
0.405352
0.409088
0.412778
0.416419
0.420009
0.423547
0.427032
0.430461
0.433832
0.437144
0.440396
0.443585
0.446709
0.449768
0.452760
0.455683
0.458536
0.461318
0.464026
0.466660
0.469218
0.471700
0.474103
0.476427
0.478670
0.480832
0.482911
0.484907
0.486819
0.488645
0.490385
0.492038
0.493604
0.495081
0.496469
0.497768
0.498977
0.500096
0.501125
0.502063
0.502910
0.503667
0.504332
0.504905
0.505388
0.505779
0.506081
0.506291
0.506411
0.506442
0.506383
0.506235
0.505999
0.505675
0.505265
0.504768
0.504187
0.503522
0.502772
0.501942
0.501030
0.500038
0.498968
0.497820
0.496597
0.495299
0.493928
0.492484
0.490971
0.489390
0.487742
0.486029
0.484252
0.482416
0.480519
0.478565
0.476556
0.474493
0.472379
0.470215
0.468004
0.465748
0.463449
0.461110
0.458732
0.456319
0.453871
0.451392
0.448884
0.446350
0.443792
0.441211
0.438611
0.435993
0.433361
0.430717
0.428064
0.425405
0.422740
0.420073
0.417405
0.414741
0.412082
0.409432
0.406791
0.404163
0.401550
0.398954
0.396377
0.393824
0.391295
0.388791
0.386316
0.383873
0.381464
0.379090
0.376754
0.374458
0.372204
0.369994
0.367830
0.365713
0.363647
0.361632
0.359672
0.357767
0.355918
0.354128
0.352399
0.350730
0.349126
0.347587
0.346114
0.344707
0.343370
0.342102
0.340906
0.339782
0.338731
0.337754
0.336851
0.336025
0.335275
0.334602
0.334007
0.333490
0.333051
0.332692
0.332412
0.332213
0.332092
0.332052
0.332092
0.332212
0.332412
0.332692
0.333050
0.333488
0.334004
0.334600
0.335273
0.336022
0.336849
0.337751
0.338728
0.339780
0.340904
0.342100
0.343367
0.344705
0.346111
0.347584
0.349124
0.350728
0.352396
0.354126
0.355916
0.357765
0.359671
0.361632
0.363646
0.365713
0.367828
0.369992
0.372202
0.374456
0.376752
0.379088
0.381461
0.383871
0.386314
0.388787
0.391290
0.393821
0.396375
0.398951
0.401547
0.404160
0.406788
0.409429
0.412081
0.414740
0.417403
0.420070
0.422738
0.425402
0.428062
0.430715
0.433358
0.435990
0.438607
0.441207
0.443787
0.446346
0.448881
0.451389
0.453868
0.456316
0.458729
0.461107
0.463447
0.465746
0.468002
0.470213
0.472377
0.474491
0.476555
0.478564
0.480519
0.482416
0.484254
0.486030
0.487742
0.489389
0.490970
0.492483
0.493926
0.495298
0.496597
0.497820
0.498968
0.500039
0.501030
0.501942
0.502773
0.503522
0.504188
0.504769
0.505265
0.505675
0.505999
0.506235
0.506383
0.506441
0.506411
0.506291
0.506081
0.505781
0.505389
0.504907
0.504333
0.503668
0.502913
0.502065
0.501128
0.500099
0.498980
0.497771
0.496472
0.495084
0.493606
0.492041
0.490388
0.488648
0.486822
0.484910
0.482915
0.480836
0.478674
0.476430
0.474106
0.471703
0.469221
0.466662
0.464028
0.461319
0.458538
0.455685
0.452761
0.449769
0.446709
0.443585
0.440396
0.437145
0.433833
0.430461
0.427033
0.423548
0.420009
0.416419
0.412778
0.409089
0.405353
0.401572
0.397747
0.393881
0.389976
0.386034
0.382056
0.378044
0.374001
0.369927
0.365826
0.361698
0.357546
0.353372
0.349177
0.344963
0.340733
0.336488
0.332230
0.327961
0.323682
0.319396
0.315104
0.310808
0.306510
0.302210
0.297912
0.293617
0.289325
0.285040
0.280763
0.276495
0.272237
0.267992
0.263760
0.259543
0.255343
0.251160
0.246997
0.242854
0.238733
0.234636
0.230563
0.226515
0.222494
0.218500
0.214536
0.210602
0.206698
0.202827
0.198988
0.195183
0.191412
0.187677
0.183977
0.180315
0.176690
0.173104
0.169557
0.166049
0.162581
0.159154
0.155768
0.152424
0.149122
0.145862
0.142644
0.139470
0.136339
0.133252
0.130209
0.127210
0.124255
0.121345
0.118478
0.115657
0.112880
0.110148
0.107461
0.104818
0.102220
0.099666
0.097156
0.094691
0.092270
0.089893
0.087559
0.085269
0.083023
0.080819
0.078658
0.076540
0.074464
0.072430
0.070437
0.068485
0.066574
0.064704
0.062873
0.061082
0.059330
0.057617
0.055942
0.054305
0.052706
0.051143
0.049617
0.048126
0.046671
0.045251
0.043866
0.042514
0.041196
0.039911
0.038658
0.037436
0.036247
0.035088
0.033959
0.032860
0.031790
0.030749
0.029736
0.028751
0.027792
0.026861
0.025955
0.025075
0.024220
0.023389
0.022583
0.021799
0.021039
0.020301
0.019586
0.018891
0.018218
0.017565
0.016932
0.016319
0.015724
0.015149
0.014591
0.014051
0.013529
0.013023
0.012534
0.012060
0.011603
0.011160
0.010732
0.010319
0.009919
0.009533
0.009160
0.008800
0.008453
0.008117
0.007793
0.007481
0.007180
0.006889
0.006609
0.006339
0.006079
0.005829
0.005587
0.005355
0.005131
0.004916
0.004708
0.004509
0.004317
0.004132
0.003955
0.003784
0.003620
0.003463
0.003311
0.003166
0.003026
0.002892
0.002764
0.002640
0.002522
0.002408
0.002299
0.002195
0.002095
0.001999
0.001907
0.001819
0.001734
0.001654
0.001576
0.001502
0.001431
0.001364
0.001299
0.001237
0.001178
0.001121
0.001067
0.001015
0.000966
0.000919
0.000873
0.000830
0.000789
0.000750
0.000713
0.000677
0.000643
0.000611
0.000580
0.000550
0.000522
0.000496
0.000470
0.000446
0.000423
0.000401
0.000380
0.000360
0.000341
0.000323
0.000306
0.000290
0.000275
0.000260
0.000246
0.000233
0.000220
0.000208
0.000197
0.000186
0.000176
0.000166
0.000157
0.000148
0.000140
0.000132
0.000125
0.000118
0.000111
0.000105
0.000099
0.000094
0.000088
0.000083
0.000078
0.000074
0.000070
0.000066
0.000062
0.000058
0.000055
0.000052
0.000049
0.000046
0.000043
0.000040
0.000038
0.000036
0.000034
0.000032
0.000030
0.000028
0.000026
0.000025
0.000023
0.000022
0.000020
0.000019
0.000018
0.000017
0.000016
0.000015
0.000014
0.000013
0.000012
0.000011
0.000011
0.000010
0.000009
0.000009
0.000008
0.000008
0.000007
0.000007
0.000006
0.000006
0.000005
0.000005
0.000005
0.000004
0.000004
0.000004
0.000004
0.000003
0.000003
0.000003
0.000003
0.000003
0.000002
0.000002
0.000002
0.000002
0.000002
0.000002
0.000002
0.000001
0.000001
0.000001
0.000001
0.000001
0.000001
0.000001
0.000001
0.000001
0.000001
0.000001
0.000001
0.000001
0.000001
0.000001
0.000000
0.000000
0.000000
0.000000
0.000000
0.000000
0.000000
0.000000
0.000000
0.000000
0.000000
0.000000
0.000000
0.000000
0.000000
0.000000
0.000000
0.000000
0.000000
0.000000
0.000000
0.000000
0.000000
0.000000
0.000000
0.000000
0.000000
0.000000
0.000000
0.000000
0.000000
0.000000
0.000000
0.000000
0.000000
0.000000
0.000000
0.000000
0.000000
0.000000
0.000000
0.000000
0.000000
0.000000
0.000000
0.000000
0.000000
0.000000
0.000000
0.000000
0.000000
0.000000
0.000000
0.000000
0.000000
0.000000
0.000000
0.000000
0.000000
0.000000
0.000000
0.000000
0.000000
0.000000
0.000000
0.000000
0.000000
0.000000
0.000000
0.000000
0.000000
0.000000
0.000000
0.000000
0.000000
0.000000
0.000000
0.000000
0.000000
0.000000
0.000000
0.000000
0.000000
0.000000
0.000000
0.000000
0.000000
0.000000
0.000000
0.000000
0.000000
0.000000
0.000000
0.000000
0.000000
0.000000
0.000000
0.000000
0.000000
0.000000
0.000000
0.000000
0.000000
0.000000
0.000000
0.000000
0.000000
0.000000
0.000000
0.000000
0.000000
0.000000
0.000000
0.000000
0.000000
0.000000
0.000000
0.000000
0.000000
0.000000
0.000000
0.000000
0.000000
0.000000
0.000000
0.000000
0.000000
0.000000
0.000000
0.000000
0.000000
0.000000
0.000000
0.000000
0.000000
0.000000
0.000000
0.000000
0.000000
0.000000
0.000000
0.000000
0.000000
0.000000
0.000000
0.000000
0.000000
0.000000
0.000000
0.000000
0.000000
0.000000
0.000000
0.000000
0.000000
0.000000
0.000000
0.000000
0.000000
0.000000
0.000000
0.000000
0.000000
0.000000
0.000000
0.000000
0.000000
0.000000
0.000000
0.000000
0.000000
0.000000
0.000000
0.000000
0.000000
0.000000
0.000000
0.000000
0.000000
0.000000
0.000000
0.000000
0.000000
0.000000
0.000000
0.000000
0.000000
0.000000
0.000000
0.000000
0.000000
0.000000
0.000000
0.000000
0.000000
0.000000
0.000000
0.000000
0.000000
0.000000
0.000000
0.000000
0.000000
0.000000
0.000000
0.000000
0.000000
0.000000
0.000000
0.000000
0.000000
0.000000
0.000000
0.000000
0.000000
0.000000
0.000000
0.000000
0.000000
0.000000
0.000000
0.000000
0.000000
