0.000013
0.000029
0.000037
0.000062
0.000061
0.000084
0.000112
0.000097
0.000106
0.000168
0.000238
0.000284
0.000312
0.000333
0.000353
0.000373
0.000394
0.000417
0.000440
0.000465
0.000491
0.000519
0.000548
0.000578
0.000610
0.000644
0.000679
0.000716
0.000756
0.000797
0.000840
0.000885
0.000933
0.000982
0.001035
0.001090
0.001147
0.001208
0.001271
0.001338
0.001407
0.001480
0.001557
0.001637
0.001721
0.001809
0.001901
0.001997
0.002098
0.002203
0.002313
0.002428
0.002549
0.002675
0.002806
0.002944
0.003087
0.003237
0.003394
0.003557
0.003728
0.003906
0.004092
0.004285
0.004487
0.004698
0.004917
0.005146
0.005384
0.005633
0.005891
0.006160
0.006440
0.006732
0.007036
0.007351
0.007680
0.008021
0.008376
0.008745
0.009128
0.009527
0.009941
0.010370
0.010817
0.011280
0.011761
0.012259
0.012777
0.013314
0.013870
0.014447
0.015045
0.015665
0.016307
0.016972
0.017661
0.018374
0.019112
0.019876
0.020666
0.021483
0.022329
0.023203
0.024107
0.025041
0.026006
0.027003
0.028032
0.029096
0.030193
0.031326
0.032495
0.033702
0.034946
0.036228
0.037551
0.038914
0.040319
0.041767
0.043258
0.044793
0.046374
0.048001
0.049675
0.051398
0.053170
0.054993
0.056867
0.058793
0.060773
0.062807
0.064896
0.067042
0.069245
0.071506
0.073827
0.076208
0.078651
0.081156
0.083724
0.086357
0.089055
0.091820
0.094652
0.097552
0.100521
0.103561
0.106671
0.109854
0.113109
0.116438
0.119841
0.123320
0.126875
0.130506
0.134216
0.138004
0.141871
0.145818
0.149845
0.153954
0.158144
0.162417
0.166772
0.171211
0.175733
0.180340
0.185031
0.189807
0.194669
0.199616
0.204648
0.209767
0.214971
0.220261
0.225638
0.231101
0.236649
0.242284
0.248004
0.253809
0.259700
0.265675
0.271735
0.277879
0.284106
0.290416
0.296807
0.303281
0.309835
0.316469
0.323181
0.329972
0.336839
0.343782
0.350800
0.357891
0.365054
0.372288
0.379590
0.386961
0.394397
0.401898
0.409461
0.417086
0.424769
0.432509
0.440304
0.448153
0.456052
0.463999
0.471993
0.480031
0.488111
0.496229
0.504384
0.512573
0.520793
0.529042
0.537316
0.545614
0.553931
0.562265
0.570613
0.578972
0.587338
0.595709
0.604081
0.612452
0.620817
0.629174
0.637519
0.645848
0.654158
0.662446
0.670708
0.678940
0.687139
0.695302
0.703423
0.711502
0.719532
0.727510
0.735434
0.743299
0.751101
0.758837
0.766503
0.774096
0.781611
0.789044
0.796394
0.803654
0.810823
0.817896
0.824869
0.831740
0.838504
0.845158
0.851699
0.858122
0.864426
0.870605
0.876659
0.882581
0.888371
0.894024
0.899537
0.904907
0.910132
0.915208
0.920134
0.924905
0.929519
0.933974
0.938268
0.942397
0.946359
0.950153
0.953776
0.957226
0.960501
0.963598
0.966518
0.969257
0.971814
0.974188
0.976377
0.978379
0.980195
0.981822
0.983261
0.984509
0.985566
0.986432
0.987106
0.987588
0.987877
0.987973
0.987877
0.987588
0.987106
0.986432
0.985566
0.984509
0.983261
0.981823
0.980196
0.978380
0.976377
0.974189
0.971815
0.969259
0.966520
0.963601
0.960503
0.957228
0.953779
0.950156
0.946362
0.942400
0.938271
0.933977
0.929523
0.924908
0.920137
0.915212
0.910136
0.904911
0.899540
0.894027
0.888375
0.882585
0.876663
0.870610
0.864430
0.858127
0.851703
0.845162
0.838508
0.831744
0.824874
0.817900
0.810828
0.803659
0.796399
0.789050
0.781616
0.774101
0.766509
0.758843
0.751107
0.743305
0.735440
0.727516
0.719538
0.711508
0.703430
0.695308
0.687145
0.678946
0.670714
0.662453
0.654165
0.645855
0.637526
0.629181
0.620825
0.612459
0.604089
0.595717
0.587346
0.578979
0.570620
0.562272
0.553939
0.545622
0.537325
0.529050
0.520802
0.512582
0.504393
0.496238
0.488120
0.480041
0.472003
0.464009
0.456061
0.448162
0.440314
0.432519
0.424778
0.417095
0.409471
0.401907
0.394406
0.386970
0.379600
0.372297
0.365063
0.357901
0.350810
0.343792
0.336849
0.329982
0.323191
0.316479
0.309845
0.303291
0.296817
0.290425
0.284116
0.277888
0.271745
0.265685
0.259709
0.253819
0.248013
0.242293
0.236659
0.231110
0.225647
0.220271
0.214980
0.209776
0.204657
0.199625
0.194678
0.189816
0.185040
0.180349
0.175742
0.171219
0.166781
0.162425
0.158153
0.153962
0.149853
0.145826
0.141879
0.138012
0.134223
0.130514
0.126882
0.123327
0.119848
0.116444
0.113116
0.109860
0.106678
0.103567
0.100528
0.097558
0.094658
0.091826
0.089061
0.086363
0.083730
0.081162
0.078656
0.076214
0.073832
0.071511
0.069250
0.067047
0.064901
0.062811
0.060777
0.058798
0.056871
0.054997
0.053175
0.051402
0.049680
0.048005
0.046378
0.044797
0.043261
0.041770
0.040323
0.038918
0.037555
0.036232
0.034949
0.033705
0.032499
0.031329
0.030196
0.029099
0.028035
0.027005
0.026008
0.025043
0.024109
0.023205
0.022331
0.021486
0.020668
0.019878
0.019114
0.018376
0.017663
0.016974
0.016309
0.015667
0.015047
0.014449
0.013872
0.013315
0.012778
0.012261
0.011762
0.011281
0.010818
0.010372
0.009942
0.009528
0.009130
0.008746
0.008377
0.008022
0.007681
0.007352
0.007037
0.006733
0.006441
0.006161
0.005892
0.005633
0.005385
0.005147
0.004918
0.004699
0.004488
0.004286
0.004092
0.003907
0.003729
0.003558
0.003394
0.003238
0.003088
0.002944
0.002807
0.002675
0.002549
0.002429
0.002314
0.002203
0.002098
0.001997
0.001901
0.001809
0.001721
0.001637
0.001557
0.001481
0.001408
0.001338
0.001272
0.001208
0.001148
0.001090
0.001035
0.000983
0.000933
0.000885
0.000840
0.000797
0.000756
0.000717
0.000679
0.000644
0.000610
0.000578
0.000548
0.000519
0.000491
0.000465
0.000440
0.000417
0.000394
0.000373
0.000353
0.000334
0.000315
0.000298
0.000282
0.000266
0.000252
0.000238
0.000224
0.000212
0.000200
0.000189
0.000178
0.000168
0.000159
0.000149
0.000141
0.000133
0.000125
0.000118
0.000111
0.000105
0.000099
0.000093
0.000087
0.000082
0.000077
0.000073
0.000069
0.000064
0.000061
0.000057
0.000054
0.000050
0.000047
0.000044
0.000042
0.000039
0.000037
0.000035
0.000032
0.000030
0.000029
0.000027
0.000025
0.000023
0.000022
0.000021
0.000019
0.000018
0.000017
0.000016
0.000015
0.000014
0.000013
0.000012
0.000011
0.000011
0.000010
0.000009
0.000009
0.000008
0.000008
0.000007
0.000007
0.000006
0.000006
0.000005
0.000005
0.000005
0.000004
0.000004
0.000004
0.000004
0.000003
0.000003
0.000003
0.000003
0.000003
0.000002
0.000002
0.000002
0.000002
0.000002
0.000002
0.000002
0.000001
0.000001
0.000001
0.000001
0.000001
0.000001
0.000001
0.000001
0.000001
0.000001
0.000001
0.000001
0.000001
0.000001
0.000000
0.000000
0.000000
0.000000
0.000000
0.000000
0.000000
0.000000
0.000000
0.000000
0.000000
0.000000
0.000000
0.000000
0.000000
0.000000
0.000000
0.000000
0.000000
0.000000
0.000000
0.000000
0.000000
0.000000
0.000000
0.000000
0.000000
0.000000
0.000000
0.000000
0.000000
0.000000
0.000000
0.000000
0.000000
0.000000
0.000000
0.000000
0.000000
0.000000
0.000000
0.000000
0.000000
0.000000
0.000000
0.000000
0.000000
0.000000
0.000000
0.000000
0.000000
0.000000
0.000000
0.000000
0.000000
0.000000
0.000000
0.000000
0.000000
0.000000
0.000000
0.000000
0.000000
0.000000
0.000000
0.000000
0.000000
0.000000
0.000000
0.000000
0.000000
0.000000
0.000000
0.000000
0.000000
0.000000
0.000000
0.000000
0.000000
0.000000
0.000000
0.000000
0.000000
0.000000
0.000000
0.000000
0.000000
0.000000
0.000000
0.000000
0.000000
0.000000
0.000000
0.000000
0.000000
0.000000
0.000000
0.000000
0.000000
0.000000
0.000000
0.000000
0.000000
0.000000
0.000000
0.000000
0.000000
0.000000
0.000000
0.000000
0.000000
0.000000
0.000000
0.000000
0.000000
0.000000
0.000000
0.000000
0.000000
0.000000
0.000000
0.000000
0.000000
0.000000
0.000000
0.000000
0.000000
0.000000
0.000000
0.000000
0.000000
0.000000
0.000000
0.000000
0.000000
0.000000
0.000000
0.000000
0.000000
0.000000
0.000000
0.000000
0.000000
0.000000
0.000000
0.000000
0.000000
0.000000
0.000000
0.000000
0.000000
0.000000
0.000000
0.000000
0.000000
0.000000
0.000000
0.000000
0.000000
0.000000
0.000000
0.000000
0.000000
0.000000
0.000000
0.000000
0.000000
0.000000
0.000000
0.000000
0.000000
0.000000
0.000000
0.000000
0.000000
0.000000
0.000000
0.000000
0.000000
0.000000
0.000000
0.000000
0.000000
0.000000
0.000000
0.000000
0.000000
0.000000
0.000000
0.000000
0.000000
0.000000
0.000000
0.000000
0.000000
0.000000
0.000000
0.000000
0.000000
0.000000
0.000000
0.000000
0.000000
0.000000
0.000000
0.000000
0.000000
0.000000
0.000000
0.000000
0.000000
0.000000
0.000000
0.000000
0.000000
0.000000
0.000000
0.000000
0.000000
0.000000
0.000000
0.000000
0.000000
0.000000
0.000000
0.000000
0.000000
0.000000
0.000000
0.000000
0.000000
0.000000
0.000000
0.000000
0.000000
0.000000
0.000000
0.000000
0.000000
0.000000
0.000000
0.000000
0.000000
0.000000
0.000000
0.000000
0.000000
0.000000
0.000000
0.000000
0.000000
0.000000
0.000000
0.000000
0.000000
0.000000
0.000000
0.000000
0.000000
0.000000
0.000000
0.000000
0.000000
0.000000
0.000000
0.000000
0.000000
0.000000
0.000000
0.000000
0.000000
0.000000
0.000000
0.000000
0.000000
0.000000
0.000000
0.000000
0.000000
0.000000
0.000000
0.000000
0.000000
0.000000
0.000000
0.000000
0.000000
0.000000
0.000000
0.000000
0.000000
0.000000
0.000000
0.000000
0.000000
0.000000
0.000000
0.000000
0.000000
0.000000
0.000000
0.000000
0.000000
0.000000
0.000000
0.000000
0.000000
0.000000
0.000000
0.000000
0.000000
0.000000
0.000000
0.000000
0.000000
