0.000885
0.001771
0.002659
0.003549
0.004443
0.005340
0.006243
0.007150
0.008065
0.008986
0.009917
0.010854
0.011803
0.012761
0.013732
0.014713
0.015709
0.016716
0.017739
0.018778
0.019831
0.020904
0.021990
0.023099
0.024222
0.025370
0.026535
0.027722
0.028934
0.030164
0.031423
0.032701
0.034008
0.035340
0.036695
0.038084
0.039493
0.040937
0.042408
0.043905
0.045441
0.046999
0.048595
0.050224
0.051879
0.053578
0.055304
0.057065
0.058869
0.060698
0.062570
0.064483
0.066422
0.068410
0.070435
0.072490
0.074596
0.076738
0.078912
0.081140
0.083405
0.085701
0.088052
0.090444
0.092866
0.095342
0.097864
0.100415
0.103014
0.105668
0.108354
0.111077
0.113859
0.116684
0.119538
0.122440
0.125400
0.128395
0.131420
0.134498
0.137632
0.140799
0.143994
0.147240
0.150543
0.153885
0.157249
0.160652
0.164111
0.167622
0.171162
0.174724
0.178319
0.181966
0.185667
0.189406
0.193166
0.196943
0.200747
0.204589
0.208480
0.212417
0.216395
0.220404
0.224438
0.228493
0.232567
0.236661
0.240775
0.244910
0.249064
0.253237
0.257429
0.261637
0.265861
0.270100
0.274352
0.278615
0.282888
0.287169
0.291457
0.295750
0.300047
0.304345
0.308644
0.312941
0.317235
0.321524
0.325806
0.330080
0.334343
0.338594
0.342832
0.347053
0.351256
0.355440
0.359603
0.363742
0.367856
0.371943
0.376000
0.380028
0.384021
0.387981
0.391903
0.395787
0.399631
0.403432
0.407189
0.410901
0.414564
0.418178
0.421741
0.425250
0.428705
0.432103
0.435443
0.438722
0.441940
0.445094
0.448183
0.451206
0.454161
0.457046
0.459860
0.462602
0.465270
0.467863
0.470379
0.472817
0.475177
0.477457
0.479655
0.481771
0.483804
0.485753
0.487617
0.489395
0.491086
0.492689
0.494205
0.495632
0.496969
0.498217
0.499374
0.500441
0.501418
0.502303
0.503096
0.503799
0.504411
0.504930
0.505358
0.505695
0.505942
0.506098
0.506163
0.506138
0.506024
0.505821
0.505530
0.505151
0.504685
0.504134
0.503498
0.502778
0.501974
0.501090
0.500123
0.499078
0.497954
0.496752
0.495476
0.494125
0.492701
0.491205
0.489640
0.488007
0.486309
0.484545
0.482718
0.480832
0.478886
0.476883
0.474826
0.472716
0.470554
0.468344
0.466086
0.463786
0.461441
0.459058
0.456637
0.454181
0.451690
0.449170
0.446621
0.444047
0.441449
0.438829
0.436190
0.433535
0.430867
0.428186
0.425498
0.422804
0.420105
0.417405
0.414705
0.412008
0.409319
0.406638
0.403967
0.401310
0.398668
0.396045
0.393442
0.390862
0.388307
0.385779
0.383280
0.380814
0.378382
0.375986
0.373629
0.371312
0.369038
0.366809
0.364626
0.362492
0.360408
0.358377
0.356401
0.354480
0.352617
0.350813
0.349070
0.347389
0.345773
0.344221
0.342737
0.341321
0.339973
0.338696
0.337492
0.336360
0.335300
0.334317
0.333408
0.332576
0.331821
0.331143
0.330544
0.330024
0.329581
0.329220
0.328939
0.328737
0.328617
0.328575
0.328616
0.328737
0.328939
0.329219
0.329580
0.330021
0.330541
0.331140
0.331819
0.332574
0.333406
0.334315
0.335299
0.336357
0.337489
0.338694
0.339971
0.341318
0.342735
0.344219
0.345770
0.347386
0.349067
0.350811
0.352614
0.354478
0.356399
0.358377
0.360408
0.362491
0.364625
0.366808
0.369036
0.371311
0.373627
0.375985
0.378380
0.380811
0.383277
0.385775
0.388303
0.390859
0.393439
0.396042
0.398665
0.401307
0.403964
0.406635
0.409317
0.412007
0.414702
0.417402
0.420103
0.422802
0.425496
0.428184
0.430864
0.433532
0.436187
0.438825
0.441444
0.444043
0.446618
0.449166
0.451687
0.454177
0.456634
0.459055
0.461439
0.463783
0.466084
0.468342
0.470552
0.472714
0.474825
0.476883
0.478886
0.480832
0.482720
0.484546
0.486309
0.488007
0.489640
0.491204
0.492700
0.494123
0.495475
0.496753
0.497954
0.499078
0.500123
0.501089
0.501975
0.502778
0.503499
0.504135
0.504687
0.505152
0.505530
0.505821
0.506024
0.506138
0.506163
0.506098
0.505942
0.505697
0.505359
0.504931
0.504411
0.503800
0.503098
0.502305
0.501420
0.500444
0.499377
0.498220
0.496972
0.495635
0.494208
0.492692
0.491089
0.489397
0.487620
0.485756
0.483807
0.481774
0.479658
0.477460
0.475180
0.472821
0.470382
0.467865
0.465272
0.462604
0.459862
0.457048
0.454162
0.451208
0.448184
0.445094
0.441940
0.438722
0.435443
0.432104
0.428706
0.425251
0.421741
0.418179
0.414565
0.410901
0.407190
0.403433
0.399632
0.395788
0.391903
0.387981
0.384022
0.380028
0.376001
0.371944
0.367857
0.363744
0.359605
0.355442
0.351258
0.347055
0.342834
0.338597
0.334345
0.330082
0.325809
0.321527
0.317239
0.312945
0.308648
0.304349
0.300051
0.295754
0.291461
0.287174
0.282892
0.278620
0.274357
0.270106
0.265867
0.261643
0.257435
0.253243
0.249071
0.244918
0.240786
0.236677
0.232592
0.228531
0.224497
0.220490
0.216511
0.212562
0.208643
0.204756
0.200900
0.197078
0.193291
0.189538
0.185820
0.182140
0.178496
0.174891
0.171324
0.167796
0.164309
0.160861
0.157455
0.154090
0.150766
0.147485
0.144247
0.141051
0.137899
0.134790
0.131724
0.128703
0.125726
0.122794
0.119905
0.117062
0.114263
0.111508
0.108798
0.106133
0.103513
0.100937
0.098405
0.095918
0.093475
0.091076
0.088720
0.086409
0.084140
0.081915
0.079733
0.077594
0.075497
0.073442
0.071428
0.069456
0.067525
0.065634
0.063783
0.061973
0.060201
0.058469
0.056775
0.055119
0.053501
0.051920
0.050375
0.048867
0.047394
0.045957
0.044554
0.043186
0.041851
0.040549
0.039280
0.038043
0.036838
0.035663
0.034520
0.033406
0.032321
0.031266
0.030239
0.029240
0.028268
0.027323
0.026405
0.025512
0.024644
0.023802
0.022983
0.022188
0.021416
0.020667
0.019941
0.019236
0.018552
0.017889
0.017246
0.016623
0.016019
0.015434
0.014868
0.014319
0.013788
0.013274
0.012776
0.012295
0.011830
0.011379
0.010944
0.010524
0.010117
0.009724
0.009345
0.008979
0.008625
0.008283
0.007954
0.007636
0.007329
0.007033
0.006748
0.006473
0.006208
0.005953
0.005707
0.005470
0.005242
0.005022
0.004811
0.004608
0.004412
0.004224
0.004043
0.003869
0.003701
0.003541
0.003386
0.003238
0.003095
0.002959
0.002827
0.002701
0.002580
0.002464
0.002353
0.002247
0.002144
0.002046
0.001952
0.001862
0.001776
0.001694
0.001614
0.001539
0.001466
0.001397
0.001331
0.001267
0.001207
0.001149
0.001094
0.001041
0.000990
0.000942
0.000896
0.000852
0.000810
0.000770
0.000731
0.000695
0.000660
0.000627
0.000595
0.000565
0.000536
0.000509
0.000483
0.000458
0.000434
0.000412
0.000390
0.000370
0.000351
0.000332
0.000315
0.000298
0.000282
0.000267
0.000253
0.000239
0.000226
0.000214
0.000203
0.000192
0.000181
0.000171
0.000162
0.000153
0.000144
0.000136
0.000129
0.000121
0.000115
0.000108
0.000102
0.000096
0.000091
0.000086
0.000081
0.000076
0.000072
0.000068
0.000064
0.000060
0.000056
0.000053
0.000050
0.000047
0.000044
0.000042
0.000039
0.000037
0.000035
0.000033
0.000031
0.000029
0.000027
0.000025
0.000024
0.000022
0.000021
0.000020
0.000018
0.000017
0.000016
0.000015
0.000014
0.000013
0.000013
0.000012
0.000011
0.000010
0.000010
0.000009
0.000008
0.000008
0.000007
0.000007
0.000006
0.000006
0.000006
0.000005
0.000005
0.000005
0.000004
0.000004
0.000004
0.000004
0.000003
0.000003
0.000003
0.000003
0.000002
0.000002
0.000002
0.000002
0.000002
0.000002
0.000002
0.000002
0.000001
0.000001
0.000001
0.000001
0.000001
0.000001
0.000001
0.000001
0.000001
0.000001
0.000001
0.000001
0.000001
0.000001
0.000001
0.000000
0.000000
0.000000
0.000000
0.000000
0.000000
0.000000
0.000000
0.000000
0.000000
0.000000
0.000000
0.000000
0.000000
0.000000
0.000000
0.000000
0.000000
0.000000
0.000000
0.000000
0.000000
0.000000
0.000000
0.000000
0.000000
0.000000
0.000000
0.000000
0.000000
0.000000
0.000000
0.000000
0.000000
0.000000
0.000000
0.000000
0.000000
0.000000
0.000000
0.000000
0.000000
0.000000
0.000000
0.000000
0.000000
0.000000
0.000000
0.000000
0.000000
0.000000
0.000000
0.000000
0.000000
0.000000
0.000000
0.000000
0.000000
0.000000
0.000000
0.000000
0.000000
0.000000
0.000000
0.000000
0.000000
0.000000
0.000000
0.000000
0.000000
0.000000
0.000000
0.000000
0.000000
0.000000
0.000000
0.000000
0.000000
0.000000
0.000000
0.000000
0.000000
0.000000
0.000000
0.000000
0.000000
0.000000
0.000000
0.000000
0.000000
0.000000
0.000000
0.000000
0.000000
0.000000
0.000000
0.000000
0.000000
0.000000
0.000000
0.000000
0.000000
0.000000
0.000000
0.000000
0.000000
0.000000
0.000000
0.000000
0.000000
0.000000
0.000000
0.000000
0.000000
0.000000
0.000000
0.000000
0.000000
0.000000
0.000000
0.000000
0.000000
0.000000
0.000000
0.000000
0.000000
0.000000
0.000000
0.000000
0.000000
0.000000
0.000000
0.000000
0.000000
0.000000
0.000000
0.000000
0.000000
0.000000
0.000000
0.000000
0.000000
0.000000
0.000000
0.000000
0.000000
0.000000
0.000000
0.000000
0.000000
0.000000
0.000000
0.000000
0.000000
0.000000
0.000000
0.000000
0.000000
0.000000
0.000000
0.000000
0.000000
0.000000
0.000000
0.000000
0.000000
0.000000
0.000000
0.000000
0.000000
0.000000
0.000000
0.000000
0.000000
0.000000
0.000000
0.000000
0.000000
0.000000
0.000000
0.000000
0.000000
0.000000
0.000000
0.000000
0.000000
0.000000
0.000000
0.000000
0.000000
0.000000
0.000000
0.000000
0.000000
0.000000
0.000000
0.000000
0.000000
0.000000
0.000000
0.000000
0.000000
0.000000
0.000000
0.000000
0.000000
0.000000
0.000000
0.000000
0.000000
0.000000
0.000000
0.000000
0.000000
0.000000
0.000000
0.000000
0.000000
0.000000
0.000000
0.000000
0.000000
