0.000900
0.001801
0.002704
0.003609
0.004518
0.005430
0.006348
0.007271
0.008201
0.009137
0.010083
0.011037
0.012001
0.012975
0.013961
0.014959
0.015969
0.016994
0.018032
0.019088
0.020157
0.021246
0.022349
0.023474
0.024617
0.025778
0.026964
0.028166
0.029396
0.030644
0.031919
0.033218
0.034540
0.035893
0.037265
0.038672
0.040103
0.041562
0.043055
0.044571
0.046125
0.047707
0.049318
0.050970
0.052646
0.054361
0.056113
0.057891
0.059715
0.061570
0.063458
0.065394
0.067358
0.069361
0.071412
0.073490
0.075613
0.077782
0.079980
0.082223
0.084515
0.086836
0.089203
0.091622
0.094070
0.096561
0.099108
0.101688
0.104305
0.106979
0.109695
0.112440
0.115238
0.118089
0.120972
0.123891
0.126868
0.129893
0.132944
0.136037
0.139189
0.142386
0.145608
0.148868
0.152187
0.155554
0.158948
0.162370
0.165840
0.169368
0.172935
0.176524
0.180138
0.183796
0.187508
0.191266
0.195052
0.198855
0.202677
0.206531
0.210429
0.214375
0.218363
0.222386
0.226435
0.230507
0.234597
0.238705
0.242832
0.246977
0.251142
0.255325
0.259525
0.263741
0.267973
0.272218
0.276475
0.280743
0.285019
0.289304
0.293594
0.297889
0.302186
0.306485
0.310782
0.315077
0.319368
0.323653
0.327931
0.332199
0.336456
0.340699
0.344928
0.349140
0.353333
0.357505
0.361656
0.365781
0.369881
0.373952
0.377994
0.382003
0.385979
0.389918
0.393820
0.397683
0.401505
0.405282
0.409015
0.412701
0.416338
0.419925
0.423459
0.426939
0.430364
0.433731
0.437038
0.440285
0.443469
0.446588
0.449641
0.452627
0.455544
0.458391
0.461166
0.463868
0.466495
0.469046
0.471520
0.473915
0.476231
0.478466
0.480619
0.482689
0.484675
0.486577
0.488393
0.490122
0.491764
0.493319
0.494785
0.496161
0.497446
0.498643
0.499748
0.500764
0.501687
0.502519
0.503260
0.503909
0.504466
0.504932
0.505306
0.505589
0.505781
0.505881
0.505892
0.505812
0.505643
0.505386
0.505039
0.504606
0.504085
0.503479
0.502789
0.502014
0.501156
0.500217
0.499197
0.498098
0.496920
0.495666
0.494337
0.492933
0.491457
0.489909
0.488293
0.486608
0.484859
0.483045
0.481169
0.479233
0.477239
0.475188
0.473083
0.470926
0.468717
0.466461
0.464158
0.461812
0.459424
0.456997
0.454533
0.452034
0.449502
0.446941
0.444352
0.441737
0.439100
0.436442
0.433766
0.431074
0.428369
0.425654
0.422931
0.420202
0.417469
0.414737
0.412005
0.409277
0.406557
0.403846
0.401146
0.398461
0.395791
0.393141
0.390512
0.387906
0.385326
0.382774
0.380252
0.377763
0.375309
0.372892
0.370514
0.368177
0.365883
0.363636
0.361434
0.359283
0.357183
0.355136
0.353144
0.351208
0.349330
0.347513
0.345757
0.344064
0.342435
0.340873
0.339377
0.337951
0.336594
0.335309
0.334095
0.332956
0.331889
0.330899
0.329984
0.329146
0.328386
0.327704
0.327101
0.326576
0.326132
0.325769
0.325485
0.325282
0.325161
0.325119
0.325160
0.325282
0.325485
0.325767
0.326131
0.326574
0.327098
0.327701
0.328384
0.329144
0.329982
0.330897
0.331887
0.332953
0.334093
0.335306
0.336592
0.337949
0.339375
0.340870
0.342432
0.344061
0.345754
0.347511
0.349328
0.351206
0.353142
0.355135
0.357182
0.359282
0.361433
0.363634
0.365882
0.368175
0.370512
0.372890
0.375307
0.377761
0.380249
0.382770
0.385323
0.387903
0.390509
0.393139
0.395789
0.398457
0.401144
0.403843
0.406555
0.409275
0.412002
0.414734
0.417467
0.420200
0.422928
0.425651
0.428366
0.431071
0.433762
0.436438
0.439096
0.441734
0.444348
0.446937
0.449499
0.452031
0.454530
0.456994
0.459422
0.461810
0.464156
0.466459
0.468715
0.470924
0.473081
0.475188
0.477238
0.479234
0.481170
0.483046
0.484859
0.486608
0.488292
0.489908
0.491455
0.492931
0.494335
0.495666
0.496920
0.498098
0.499197
0.500217
0.501157
0.502014
0.502789
0.503480
0.504086
0.504606
0.505040
0.505386
0.505643
0.505812
0.505892
0.505881
0.505781
0.505589
0.505307
0.504933
0.504467
0.503910
0.503261
0.502521
0.501689
0.500766
0.499751
0.498646
0.497450
0.496163
0.494787
0.493321
0.491768
0.490125
0.488396
0.486580
0.484678
0.482692
0.480622
0.478469
0.476234
0.473919
0.471523
0.469048
0.466497
0.463870
0.461168
0.458393
0.455546
0.452629
0.449642
0.446588
0.443468
0.440285
0.437039
0.433732
0.430365
0.426940
0.423460
0.419926
0.416339
0.412702
0.409016
0.405283
0.401505
0.397684
0.393821
0.389919
0.385979
0.382004
0.377994
0.373953
0.369882
0.365783
0.361658
0.357507
0.353335
0.349142
0.344930
0.340702
0.336458
0.332201
0.327934
0.323656
0.319372
0.315081
0.310786
0.306489
0.302190
0.297893
0.293599
0.289309
0.285024
0.280748
0.276480
0.272223
0.267979
0.263747
0.259531
0.255331
0.251149
0.246987
0.242845
0.238725
0.234627
0.230555
0.226507
0.222487
0.218494
0.214530
0.210596
0.206693
0.202821
0.198983
0.195178
0.191407
0.187672
0.183973
0.180311
0.176687
0.173101
0.169554
0.166046
0.162578
0.159152
0.155766
0.152422
0.149119
0.145860
0.142642
0.139468
0.136338
0.133251
0.130208
0.127209
0.124254
0.121343
0.118477
0.115656
0.112879
0.110147
0.107460
0.104817
0.102219
0.099665
0.097156
0.094690
0.092269
0.089892
0.087559
0.085269
0.083022
0.080819
0.078658
0.076540
0.074464
0.072429
0.070437
0.068485
0.066574
0.064704
0.062873
0.061082
0.059330
0.057617
0.055942
0.054305
0.052706
0.051143
0.049617
0.048126
0.046671
0.045251
0.043866
0.042514
0.041196
0.039910
0.038658
0.037436
0.036247
0.035088
0.033959
0.032860
0.031790
0.030749
0.029736
0.028751
0.027792
0.026861
0.025955
0.025075
0.024220
0.023389
0.022583
0.021799
0.021039
0.020301
0.019586
0.018891
0.018218
0.017565
0.016932
0.016319
0.015724
0.015149
0.014591
0.014051
0.013529
0.013023
0.012534
0.012060
0.011603
0.011160
0.010732
0.010319
0.009919
0.009533
0.009160
0.008800
0.008453
0.008117
0.007793
0.007481
0.007180
0.006889
0.006609
0.006339
0.006079
0.005829
0.005587
0.005355
0.005131
0.004916
0.004708
0.004509
0.004317
0.004132
0.003955
0.003784
0.003620
0.003463
0.003311
0.003166
0.003026
0.002892
0.002764
0.002640
0.002522
0.002408
0.002299
0.002195
0.002095
0.001999
0.001907
0.001819
0.001734
0.001654
0.001576
0.001502
0.001431
0.001364
0.001299
0.001237
0.001178
0.001121
0.001067
0.001015
0.000966
0.000919
0.000873
0.000830
0.000789
0.000750
0.000713
0.000677
0.000643
0.000611
0.000580
0.000550
0.000522
0.000496
0.000470
0.000446
0.000423
0.000401
0.000380
0.000360
0.000341
0.000323
0.000306
0.000290
0.000275
0.000260
0.000246
0.000233
0.000220
0.000208
0.000197
0.000186
0.000176
0.000166
0.000157
0.000149
0.000140
0.000132
0.000125
0.000118
0.000111
0.000105
0.000099
0.000094
0.000088
0.000083
0.000078
0.000074
0.000070
0.000066
0.000062
0.000058
0.000055
0.000052
0.000049
0.000046
0.000043
0.000040
0.000038
0.000036
0.000034
0.000032
0.000030
0.000028
0.000026
0.000025
0.000023
0.000022
0.000020
0.000019
0.000018
0.000017
0.000016
0.000015
0.000014
0.000013
0.000012
0.000011
0.000011
0.000010
0.000009
0.000009
0.000008
0.000008
0.000007
0.000007
0.000006
0.000006
0.000005
0.000005
0.000005
0.000004
0.000004
0.000004
0.000004
0.000003
0.000003
0.000003
0.000003
0.000003
0.000002
0.000002
0.000002
0.000002
0.000002
0.000002
0.000002
0.000001
0.000001
0.000001
0.000001
0.000001
0.000001
0.000001
0.000001
0.000001
0.000001
0.000001
0.000001
0.000001
0.000001
0.000001
0.000000
0.000000
0.000000
0.000000
0.000000
0.000000
0.000000
0.000000
0.000000
0.000000
0.000000
0.000000
0.000000
0.000000
0.000000
0.000000
0.000000
0.000000
0.000000
0.000000
0.000000
0.000000
0.000000
0.000000
0.000000
0.000000
0.000000
0.000000
0.000000
0.000000
0.000000
0.000000
0.000000
0.000000
0.000000
0.000000
0.000000
0.000000
0.000000
0.000000
0.000000
0.000000
0.000000
0.000000
0.000000
0.000000
0.000000
0.000000
0.000000
0.000000
0.000000
0.000000
0.000000
0.000000
0.000000
0.000000
0.000000
0.000000
0.000000
0.000000
0.000000
0.000000
0.000000
0.000000
0.000000
0.000000
0.000000
0.000000
0.000000
0.000000
0.000000
0.000000
0.000000
0.000000
0.000000
0.000000
0.000000
0.000000
0.000000
0.000000
0.000000
0.000000
0.000000
0.000000
0.000000
0.000000
0.000000
0.000000
0.000000
0.000000
0.000000
0.000000
0.000000
0.000000
0.000000
0.000000
0.000000
0.000000
0.000000
0.000000
0.000000
0.000000
0.000000
0.000000
0.000000
0.000000
0.000000
0.000000
0.000000
0.000000
0.000000
0.000000
0.000000
0.000000
0.000000
0.000000
0.000000
0.000000
0.000000
0.000000
0.000000
0.000000
0.000000
0.000000
0.000000
0.000000
0.000000
0.000000
0.000000
0.000000
0.000000
0.000000
0.000000
0.000000
0.000000
0.000000
0.000000
0.000000
0.000000
0.000000
0.000000
0.000000
0.000000
0.000000
0.000000
0.000000
0.000000
0.000000
0.000000
0.000000
0.000000
0.000000
0.000000
0.000000
0.000000
0.000000
0.000000
0.000000
0.000000
0.000000
0.000000
0.000000
0.000000
0.000000
0.000000
0.000000
0.000000
0.000000
0.000000
0.000000
0.000000
0.000000
0.000000
0.000000
0.000000
0.000000
0.000000
0.000000
0.000000
0.000000
0.000000
0.000000
0.000000
0.000000
0.000000
0.000000
0.000000
0.000000
0.000000
0.000000
0.000000
0.000000
0.000000
0.000000
0.000000
0.000000
0.000000
0.000000
0.000000
0.000000
0.000000
0.000000
0.000000
0.000000
0.000000
0.000000
0.000000
0.000000
0.000000
0.000000
0.000000
0.000000
0.000000
0.000000
0.000000
0.000000
0.000000
0.000000
0.000000
0.000000
0.000000
0.000000
