0.000916
0.001832
0.002750
0.003670
0.004595
0.005522
0.006455
0.007394
0.008339
0.009291
0.010252
0.011222
0.012201
0.013192
0.014192
0.015208
0.016233
0.017275
0.018329
0.019401
0.020487
0.021592
0.022714
0.023853
0.025015
0.026193
0.027396
0.028617
0.029863
0.031131
0.032421
0.033741
0.035080
0.036451
0.037845
0.039266
0.040720
0.042196
0.043709
0.045246
0.046816
0.048422
0.050051
0.051722
0.053422
0.055154
0.056928
0.058729
0.060569
0.062450
0.064358
0.066312
0.068304
0.070325
0.072396
0.074502
0.076641
0.078833
0.081058
0.083319
0.085633
0.087983
0.090367
0.092807
0.095285
0.097795
0.100361
0.102971
0.105610
0.108300
0.111043
0.113816
0.116630
0.119502
0.122415
0.125356
0.128348
0.131397
0.134479
0.137591
0.140758
0.143979
0.147231
0.150511
0.153842
0.157230
0.160654
0.164100
0.167584
0.171124
0.174713
0.178331
0.181968
0.185639
0.189360
0.193133
0.196942
0.200771
0.204615
0.208484
0.212390
0.216342
0.220339
0.224374
0.228438
0.232525
0.236630
0.240753
0.244893
0.249050
0.253225
0.257417
0.261625
0.265849
0.270087
0.274338
0.278601
0.282873
0.287153
0.291440
0.295732
0.300028
0.304326
0.308624
0.312920
0.317212
0.321500
0.325781
0.330053
0.334315
0.338565
0.342801
0.347020
0.351222
0.355404
0.359565
0.363702
0.367814
0.371899
0.375954
0.379979
0.383971
0.387927
0.391847
0.395728
0.399569
0.403367
0.407121
0.410829
0.414490
0.418100
0.421658
0.425164
0.428615
0.432009
0.435344
0.438619
0.441832
0.444981
0.448065
0.451082
0.454031
0.456911
0.459718
0.462454
0.465115
0.467701
0.470210
0.472641
0.474993
0.477265
0.479455
0.481562
0.483586
0.485525
0.487380
0.489148
0.490828
0.492421
0.493926
0.495341
0.496667
0.497901
0.499046
0.500100
0.501063
0.501934
0.502713
0.503400
0.503996
0.504499
0.504911
0.505230
0.505460
0.505597
0.505643
0.505599
0.505464
0.505240
0.504928
0.504527
0.504038
0.503463
0.502803
0.502058
0.501228
0.500318
0.499324
0.498251
0.497098
0.495867
0.494560
0.493179
0.491722
0.490194
0.488595
0.486928
0.485193
0.483394
0.481530
0.479605
0.477620
0.475578
0.473479
0.471327
0.469123
0.466868
0.464566
0.462219
0.459828
0.457397
0.454927
0.452421
0.449879
0.447307
0.444705
0.442076
0.439422
0.436746
0.434051
0.431338
0.428610
0.425869
0.423119
0.420362
0.417599
0.414834
0.412069
0.409306
0.406548
0.403798
0.401057
0.398330
0.395616
0.392919
0.390242
0.387588
0.384957
0.382352
0.379776
0.377232
0.374721
0.372245
0.369807
0.367409
0.365053
0.362740
0.360474
0.358255
0.356087
0.353971
0.351908
0.349901
0.347950
0.346059
0.344228
0.342459
0.340755
0.339114
0.337541
0.336035
0.334599
0.333233
0.331939
0.330718
0.329570
0.328496
0.327499
0.326579
0.325736
0.324971
0.324285
0.323677
0.323149
0.322702
0.322337
0.322051
0.321847
0.321725
0.321684
0.321724
0.321847
0.322051
0.322335
0.322701
0.323147
0.323674
0.324281
0.324968
0.325734
0.326577
0.327497
0.328495
0.329567
0.330714
0.331936
0.333231
0.334597
0.336033
0.337538
0.339111
0.340751
0.342457
0.344226
0.346057
0.347948
0.349899
0.351907
0.353970
0.356086
0.358255
0.360472
0.362739
0.365051
0.367407
0.369805
0.372244
0.374719
0.377229
0.379773
0.382349
0.384954
0.387585
0.390240
0.392917
0.395612
0.398327
0.401055
0.403795
0.406545
0.409303
0.412066
0.414832
0.417597
0.420359
0.423116
0.425866
0.428607
0.431334
0.434047
0.436742
0.439419
0.442072
0.444701
0.447303
0.449876
0.452417
0.454924
0.457394
0.459826
0.462216
0.464564
0.466867
0.469121
0.471325
0.473479
0.475577
0.477620
0.479606
0.481531
0.483394
0.485193
0.486927
0.488594
0.490193
0.491721
0.493177
0.494560
0.495867
0.497098
0.498251
0.499324
0.500318
0.501230
0.502058
0.502804
0.503465
0.504039
0.504527
0.504928
0.505240
0.505464
0.505599
0.505643
0.505597
0.505460
0.505232
0.504911
0.504500
0.503997
0.503401
0.502715
0.501936
0.501065
0.500103
0.499049
0.497904
0.496669
0.495344
0.493928
0.492424
0.490831
0.489151
0.487383
0.485528
0.483589
0.481565
0.479458
0.477268
0.474996
0.472644
0.470213
0.467703
0.465117
0.462456
0.459720
0.456912
0.454033
0.451083
0.448065
0.444981
0.441832
0.438619
0.435345
0.432009
0.428616
0.425165
0.421659
0.418100
0.414490
0.410830
0.407121
0.403368
0.399570
0.395729
0.391847
0.387927
0.383971
0.379979
0.375955
0.371900
0.367816
0.363704
0.359567
0.355406
0.351224
0.347022
0.342803
0.338567
0.334318
0.330056
0.325784
0.321503
0.317216
0.312923
0.308627
0.304330
0.300033
0.295737
0.291445
0.287158
0.282878
0.278606
0.274344
0.270093
0.265855
0.261632
0.257424
0.253233
0.249061
0.244909
0.240778
0.236669
0.232584
0.228524
0.224490
0.220484
0.216505
0.212556
0.208638
0.204750
0.200895
0.197074
0.193286
0.189533
0.185816
0.182136
0.178493
0.174887
0.171321
0.167793
0.164306
0.160859
0.157452
0.154087
0.150764
0.147483
0.144245
0.141049
0.137897
0.134788
0.131723
0.128702
0.125725
0.122792
0.119904
0.117061
0.114262
0.111507
0.108798
0.106132
0.103512
0.100936
0.098404
0.095917
0.093474
0.091075
0.088720
0.086408
0.084140
0.081915
0.079733
0.077594
0.075496
0.073441
0.071428
0.069456
0.067524
0.065634
0.063783
0.061973
0.060201
0.058469
0.056775
0.055119
0.053501
0.051920
0.050375
0.048867
0.047394
0.045957
0.044554
0.043186
0.041851
0.040549
0.039280
0.038043
0.036838
0.035663
0.034519
0.033406
0.032321
0.031266
0.030239
0.029240
0.028268
0.027323
0.026405
0.025512
0.024644
0.023802
0.022983
0.022188
0.021416
0.020667
0.019941
0.019236
0.018552
0.017889
0.017246
0.016623
0.016019
0.015434
0.014868
0.014319
0.013788
0.013274
0.012776
0.012295
0.011830
0.011379
0.010944
0.010524
0.010117
0.009724
0.009345
0.008979
0.008625
0.008283
0.007954
0.007636
0.007329
0.007033
0.006748
0.006473
0.006208
0.005953
0.005707
0.005470
0.005242
0.005022
0.004811
0.004608
0.004412
0.004224
0.004043
0.003869
0.003701
0.003541
0.003386
0.003238
0.003095
0.002959
0.002827
0.002701
0.002580
0.002464
0.002353
0.002247
0.002144
0.002046
0.001952
0.001862
0.001776
0.001694
0.001614
0.001539
0.001466
0.001397
0.001331
0.001267
0.001207
0.001149
0.001094
0.001041
0.000990
0.000942
0.000896
0.000852
0.000810
0.000770
0.000731
0.000695
0.000660
0.000627
0.000595
0.000565
0.000536
0.000509
0.000483
0.000458
0.000434
0.000412
0.000390
0.000370
0.000351
0.000332
0.000315
0.000298
0.000282
0.000267
0.000253
0.000239
0.000226
0.000214
0.000203
0.000192
0.000181
0.000171
0.000162
0.000153
0.000144
0.000136
0.000129
0.000121
0.000115
0.000108
0.000102
0.000096
0.000091
0.000086
0.000081
0.000076
0.000072
0.000068
0.000064
0.000060
0.000056
0.000053
0.000050
0.000047
0.000044
0.000042
0.000039
0.000037
0.000035
0.000033
0.000031
0.000029
0.000027
0.000025
0.000024
0.000022
0.000021
0.000020
0.000018
0.000017
0.000016
0.000015
0.000014
0.000013
0.000013
0.000012
0.000011
0.000010
0.000010
0.000009
0.000008
0.000008
0.000007
0.000007
0.000006
0.000006
0.000006
0.000005
0.000005
0.000005
0.000004
0.000004
0.000004
0.000004
0.000003
0.000003
0.000003
0.000003
0.000002
0.000002
0.000002
0.000002
0.000002
0.000002
0.000002
0.000002
0.000001
0.000001
0.000001
0.000001
0.000001
0.000001
0.000001
0.000001
0.000001
0.000001
0.000001
0.000001
0.000001
0.000001
0.000001
0.000000
0.000000
0.000000
0.000000
0.000000
0.000000
0.000000
0.000000
0.000000
0.000000
0.000000
0.000000
0.000000
0.000000
0.000000
0.000000
0.000000
0.000000
0.000000
0.000000
0.000000
0.000000
0.000000
0.000000
0.000000
0.000000
0.000000
0.000000
0.000000
0.000000
0.000000
0.000000
0.000000
0.000000
0.000000
0.000000
0.000000
0.000000
0.000000
0.000000
0.000000
0.000000
0.000000
0.000000
0.000000
0.000000
0.000000
0.000000
0.000000
0.000000
0.000000
0.000000
0.000000
0.000000
0.000000
0.000000
0.000000
0.000000
0.000000
0.000000
0.000000
0.000000
0.000000
0.000000
0.000000
0.000000
0.000000
0.000000
0.000000
0.000000
0.000000
0.000000
0.000000
0.000000
0.000000
0.000000
0.000000
0.000000
0.000000
0.000000
0.000000
0.000000
0.000000
0.000000
0.000000
0.000000
0.000000
0.000000
0.000000
0.000000
0.000000
0.000000
0.000000
0.000000
0.000000
0.000000
0.000000
0.000000
0.000000
0.000000
0.000000
0.000000
0.000000
0.000000
0.000000
0.000000
0.000000
0.000000
0.000000
0.000000
0.000000
0.000000
0.000000
0.000000
0.000000
0.000000
0.000000
0.000000
0.000000
0.000000
0.000000
0.000000
0.000000
0.000000
0.000000
0.000000
0.000000
0.000000
0.000000
0.000000
0.000000
0.000000
0.000000
0.000000
0.000000
0.000000
0.000000
0.000000
0.000000
0.000000
0.000000
0.000000
0.000000
0.000000
0.000000
0.000000
0.000000
0.000000
0.000000
0.000000
0.000000
0.000000
0.000000
0.000000
0.000000
0.000000
0.000000
0.000000
0.000000
0.000000
0.000000
0.000000
0.000000
0.000000
0.000000
0.000000
0.000000
0.000000
0.000000
0.000000
0.000000
0.000000
0.000000
0.000000
0.000000
0.000000
0.000000
0.000000
0.000000
0.000000
0.000000
0.000000
0.000000
0.000000
0.000000
0.000000
0.000000
0.000000
0.000000
0.000000
0.000000
0.000000
0.000000
0.000000
0.000000
0.000000
0.000000
0.000000
0.000000
0.000000
0.000000
0.000000
0.000000
0.000000
0.000000
0.000000
0.000000
0.000000
0.000000
0.000000
0.000000
0.000000
0.000000
0.000000
0.000000
0.000000
0.000000
0.000000
0.000000
0.000000
0.000000
