0.000931
0.001863
0.002796
0.003733
0.004672
0.005615
0.006563
0.007518
0.008478
0.009447
0.010423
0.011410
0.012404
0.013412
0.014428
0.015459
0.016501
0.017559
0.018631
0.019718
0.020823
0.021942
0.023083
0.024239
0.025418
0.026614
0.027833
0.029074
0.030335
0.031624
0.032931
0.034269
0.035628
0.037015
0.038431
0.039869
0.041342
0.042839
0.044368
0.045930
0.047516
0.049142
0.050794
0.052481
0.054206
0.055957
0.057750
0.059577
0.061434
0.063337
0.065270
0.067240
0.069257
0.071301
0.073389
0.075522
0.077683
0.079892
0.082146
0.084428
0.086760
0.089138
0.091545
0.094002
0.096508
0.099043
0.101624
0.104260
0.106927
0.109634
0.112399
0.115202
0.118036
0.120925
0.123865
0.126834
0.129843
0.132910
0.136021
0.139159
0.142340
0.145580
0.148861
0.152167
0.155512
0.158915
0.162365
0.165839
0.169341
0.172892
0.176499
0.180142
0.183806
0.187495
0.191226
0.195010
0.198838
0.202691
0.206559
0.210446
0.214363
0.218322
0.222325
0.226370
0.230447
0.234548
0.238669
0.242806
0.246958
0.251127
0.255312
0.259513
0.263730
0.267961
0.272205
0.276462
0.280729
0.285005
0.289289
0.293578
0.297872
0.302168
0.306466
0.310762
0.315056
0.319346
0.323630
0.327907
0.332173
0.336428
0.340671
0.344898
0.349108
0.353299
0.357470
0.361619
0.365742
0.369840
0.373909
0.377949
0.381956
0.385929
0.389866
0.393765
0.397626
0.401444
0.405219
0.408949
0.412632
0.416265
0.419848
0.423379
0.426856
0.430276
0.433639
0.436942
0.440184
0.443363
0.446477
0.449525
0.452506
0.455418
0.458259
0.461028
0.463723
0.466344
0.468888
0.471355
0.473743
0.476051
0.478278
0.480423
0.482484
0.484462
0.486354
0.488161
0.489880
0.491512
0.493056
0.494511
0.495876
0.497150
0.498334
0.499427
0.500429
0.501339
0.502158
0.502884
0.503518
0.504060
0.504509
0.504867
0.505133
0.505307
0.505390
0.505382
0.505283
0.505094
0.504815
0.504448
0.503992
0.503449
0.502820
0.502106
0.501306
0.500423
0.499458
0.498411
0.497285
0.496079
0.494795
0.493436
0.492002
0.490494
0.488914
0.487265
0.485546
0.483762
0.481912
0.479999
0.478026
0.475993
0.473902
0.471757
0.469558
0.467307
0.465007
0.462660
0.460269
0.457834
0.455360
0.452847
0.450299
0.447716
0.445104
0.442462
0.439794
0.437102
0.434388
0.431655
0.428906
0.426142
0.423367
0.420583
0.417791
0.414995
0.412199
0.409402
0.406608
0.403820
0.401041
0.398271
0.395516
0.392775
0.390052
0.387349
0.384670
0.382015
0.379386
0.376787
0.374220
0.371687
0.369191
0.366733
0.364315
0.361939
0.359609
0.357324
0.355088
0.352904
0.350772
0.348694
0.346672
0.344707
0.342802
0.340959
0.339178
0.337462
0.335810
0.334226
0.332710
0.331265
0.329890
0.328588
0.327358
0.326203
0.325123
0.324119
0.323193
0.322345
0.321576
0.320885
0.320274
0.319742
0.319293
0.318925
0.318638
0.318432
0.318309
0.318268
0.318309
0.318432
0.318637
0.318924
0.319291
0.319740
0.320270
0.320882
0.321572
0.322343
0.323192
0.324118
0.325121
0.326200
0.327355
0.328585
0.329887
0.331262
0.332708
0.334223
0.335807
0.337458
0.339176
0.340957
0.342800
0.344705
0.346670
0.348693
0.350771
0.352903
0.355088
0.357323
0.359607
0.361937
0.364313
0.366731
0.369190
0.371686
0.374218
0.376784
0.379383
0.382011
0.384667
0.387347
0.390049
0.392772
0.395513
0.398269
0.401038
0.403817
0.406606
0.409399
0.412196
0.414993
0.417788
0.420579
0.423364
0.426139
0.428902
0.431652
0.434384
0.437098
0.439790
0.442458
0.445100
0.447713
0.450296
0.452844
0.455357
0.457832
0.460266
0.462658
0.465006
0.467305
0.469556
0.471756
0.473902
0.475993
0.478026
0.480000
0.481912
0.483762
0.485546
0.487264
0.488913
0.490493
0.492000
0.493435
0.494795
0.496078
0.497285
0.498412
0.499458
0.500424
0.501307
0.502106
0.502821
0.503451
0.503993
0.504448
0.504815
0.505094
0.505283
0.505381
0.505390
0.505307
0.505133
0.504867
0.504510
0.504060
0.503519
0.502885
0.502160
0.501341
0.500431
0.499429
0.498337
0.497153
0.495878
0.494513
0.493059
0.491516
0.489883
0.488164
0.486358
0.484465
0.482487
0.480426
0.478281
0.476054
0.473746
0.471357
0.468890
0.466346
0.463725
0.461029
0.458260
0.455419
0.452507
0.449526
0.446477
0.443363
0.440184
0.436942
0.433639
0.430277
0.426856
0.423380
0.419849
0.416266
0.412632
0.408949
0.405219
0.401445
0.397626
0.393766
0.389867
0.385929
0.381956
0.377949
0.373911
0.369842
0.365744
0.361620
0.357472
0.353301
0.349110
0.344900
0.340673
0.336431
0.332176
0.327909
0.323633
0.319350
0.315060
0.310766
0.306470
0.302173
0.297876
0.293583
0.289293
0.285010
0.280734
0.276467
0.272211
0.267967
0.263736
0.259521
0.255322
0.251140
0.246978
0.242836
0.238717
0.234620
0.230548
0.226501
0.222480
0.218488
0.214524
0.210590
0.206687
0.202816
0.198978
0.195174
0.191403
0.187669
0.183970
0.180308
0.176684
0.173098
0.169551
0.166043
0.162576
0.159149
0.155764
0.152419
0.149117
0.145858
0.142641
0.139467
0.136336
0.133249
0.130206
0.127207
0.124253
0.121342
0.118476
0.115655
0.112878
0.110146
0.107459
0.104816
0.102218
0.099664
0.097155
0.094690
0.092269
0.089892
0.087558
0.085269
0.083022
0.080818
0.078658
0.076540
0.074463
0.072429
0.070436
0.068485
0.066574
0.064703
0.062873
0.061082
0.059330
0.057617
0.055942
0.054305
0.052706
0.051143
0.049617
0.048126
0.046671
0.045251
0.043866
0.042514
0.041196
0.039910
0.038657
0.037436
0.036247
0.035088
0.033959
0.032860
0.031790
0.030749
0.029736
0.028751
0.027792
0.026861
0.025955
0.025075
0.024220
0.023389
0.022583
0.021799
0.021039
0.020301
0.019586
0.018891
0.018218
0.017565
0.016932
0.016319
0.015724
0.015149
0.014591
0.014051
0.013529
0.013023
0.012534
0.012060
0.011603
0.011160
0.010732
0.010319
0.009919
0.009533
0.009160
0.008800
0.008453
0.008117
0.007793
0.007481
0.007180
0.006889
0.006609
0.006339
0.006079
0.005829
0.005587
0.005355
0.005131
0.004916
0.004708
0.004509
0.004317
0.004132
0.003955
0.003784
0.003620
0.003463
0.003311
0.003166
0.003026
0.002892
0.002764
0.002640
0.002522
0.002408
0.002299
0.002195
0.002095
0.001999
0.001907
0.001819
0.001734
0.001654
0.001576
0.001502
0.001431
0.001364
0.001299
0.001237
0.001178
0.001121
0.001067
0.001015
0.000966
0.000919
0.000873
0.000830
0.000789
0.000750
0.000713
0.000677
0.000643
0.000611
0.000580
0.000550
0.000522
0.000496
0.000470
0.000446
0.000423
0.000401
0.000380
0.000360
0.000341
0.000323
0.000306
0.000290
0.000275
0.000260
0.000246
0.000233
0.000220
0.000208
0.000197
0.000186
0.000176
0.000166
0.000157
0.000149
0.000140
0.000132
0.000125
0.000118
0.000111
0.000105
0.000099
0.000094
0.000088
0.000083
0.000078
0.000074
0.000070
0.000066
0.000062
0.000058
0.000055
0.000052
0.000049
0.000046
0.000043
0.000040
0.000038
0.000036
0.000034
0.000032
0.000030
0.000028
0.000026
0.000025
0.000023
0.000022
0.000020
0.000019
0.000018
0.000017
0.000016
0.000015
0.000014
0.000013
0.000012
0.000011
0.000011
0.000010
0.000009
0.000009
0.000008
0.000008
0.000007
0.000007
0.000006
0.000006
0.000005
0.000005
0.000005
0.000004
0.000004
0.000004
0.000004
0.000003
0.000003
0.000003
0.000003
0.000003
0.000002
0.000002
0.000002
0.000002
0.000002
0.000002
0.000002
0.000001
0.000001
0.000001
0.000001
0.000001
0.000001
0.000001
0.000001
0.000001
0.000001
0.000001
0.000001
0.000001
0.000001
0.000001
0.000000
0.000000
0.000000
0.000000
0.000000
0.000000
0.000000
0.000000
0.000000
0.000000
0.000000
0.000000
0.000000
0.000000
0.000000
0.000000
0.000000
0.000000
0.000000
0.000000
0.000000
0.000000
0.000000
0.000000
0.000000
0.000000
0.000000
0.000000
0.000000
0.000000
0.000000
0.000000
0.000000
0.000000
0.000000
0.000000
0.000000
0.000000
0.000000
0.000000
0.000000
0.000000
0.000000
0.000000
0.000000
0.000000
0.000000
0.000000
0.000000
0.000000
0.000000
0.000000
0.000000
0.000000
0.000000
0.000000
0.000000
0.000000
0.000000
0.000000
0.000000
0.000000
0.000000
0.000000
0.000000
0.000000
0.000000
0.000000
0.000000
0.000000
0.000000
0.000000
0.000000
0.000000
0.000000
0.000000
0.000000
0.000000
0.000000
0.000000
0.000000
0.000000
0.000000
0.000000
0.000000
0.000000
0.000000
0.000000
0.000000
0.000000
0.000000
0.000000
0.000000
0.000000
0.000000
0.000000
0.000000
0.000000
0.000000
0.000000
0.000000
0.000000
0.000000
0.000000
0.000000
0.000000
0.000000
0.000000
0.000000
0.000000
0.000000
0.000000
0.000000
0.000000
0.000000
0.000000
0.000000
0.000000
0.000000
0.000000
0.000000
0.000000
0.000000
0.000000
0.000000
0.000000
0.000000
0.000000
0.000000
0.000000
0.000000
0.000000
0.000000
0.000000
0.000000
0.000000
0.000000
0.000000
0.000000
0.000000
0.000000
0.000000
0.000000
0.000000
0.000000
0.000000
0.000000
0.000000
0.000000
0.000000
0.000000
0.000000
0.000000
0.000000
0.000000
0.000000
0.000000
0.000000
0.000000
0.000000
0.000000
0.000000
0.000000
0.000000
0.000000
0.000000
0.000000
0.000000
0.000000
0.000000
0.000000
0.000000
0.000000
0.000000
0.000000
0.000000
0.000000
0.000000
0.000000
0.000000
0.000000
0.000000
0.000000
0.000000
0.000000
0.000000
0.000000
0.000000
0.000000
0.000000
0.000000
0.000000
0.000000
0.000000
0.000000
0.000000
0.000000
0.000000
0.000000
0.000000
0.000000
0.000000
0.000000
0.000000
0.000000
0.000000
0.000000
0.000000
0.000000
0.000000
0.000000
0.000000
0.000000
0.000000
0.000000
0.000000
0.000000
0.000000
0.000000
0.000000
0.000000
