0.000947
0.001894
0.002843
0.003795
0.004750
0.005710
0.006673
0.007644
0.008620
0.009605
0.010597
0.011599
0.012610
0.013633
0.014667
0.015713
0.016774
0.017847
0.018937
0.020039
0.021162
0.022298
0.023456
0.024630
0.025825
0.027041
0.028275
0.029536
0.030814
0.032121
0.033448
0.034802
0.036183
0.037586
0.039022
0.040480
0.041971
0.043490
0.045036
0.046619
0.048226
0.049869
0.051546
0.053250
0.054997
0.056771
0.058580
0.060432
0.062310
0.064231
0.066191
0.068179
0.070217
0.072288
0.074393
0.076549
0.078737
0.080963
0.083240
0.085549
0.087898
0.090300
0.092735
0.095209
0.097738
0.100302
0.102901
0.105558
0.108255
0.110983
0.113764
0.116596
0.119457
0.122360
0.125322
0.128322
0.131352
0.134434
0.137570
0.140738
0.143937
0.147191
0.150497
0.153832
0.157196
0.160612
0.164083
0.167586
0.171111
0.174675
0.178293
0.181959
0.185651
0.189361
0.193104
0.196897
0.200739
0.204615
0.208508
0.212416
0.216346
0.220312
0.224321
0.228373
0.232461
0.236576
0.240711
0.244862
0.249028
0.253208
0.257404
0.261613
0.265838
0.270076
0.274326
0.278588
0.282860
0.287139
0.291426
0.295717
0.300012
0.304309
0.308605
0.312900
0.317192
0.321478
0.325758
0.330030
0.334290
0.338538
0.342773
0.346991
0.351191
0.355372
0.359531
0.363666
0.367776
0.371859
0.375912
0.379935
0.383924
0.387879
0.391796
0.395674
0.399513
0.403308
0.407059
0.410764
0.414422
0.418029
0.421584
0.425086
0.428533
0.431922
0.435254
0.438524
0.441733
0.444878
0.447957
0.450969
0.453913
0.456787
0.459589
0.462319
0.464974
0.467553
0.470056
0.472480
0.474824
0.477089
0.479271
0.481370
0.483386
0.485317
0.487162
0.488920
0.490591
0.492174
0.493669
0.495073
0.496387
0.497611
0.498744
0.499785
0.500735
0.501593
0.502358
0.503031
0.503612
0.504100
0.504496
0.504800
0.505012
0.505132
0.505160
0.505098
0.504944
0.504701
0.504368
0.503946
0.503436
0.502839
0.502156
0.501387
0.500533
0.499597
0.498579
0.497479
0.496300
0.495040
0.493705
0.492293
0.490807
0.489247
0.487617
0.485917
0.484148
0.482314
0.480415
0.478454
0.476431
0.474351
0.472213
0.470021
0.467776
0.465479
0.463135
0.460743
0.458308
0.455830
0.453314
0.450759
0.448169
0.445546
0.442893
0.440212
0.437506
0.434776
0.432024
0.429255
0.426470
0.423672
0.420862
0.418044
0.415220
0.412392
0.409563
0.406735
0.403912
0.401095
0.398286
0.395489
0.392706
0.389939
0.387190
0.384462
0.381758
0.379079
0.376427
0.373806
0.371217
0.368663
0.366146
0.363668
0.361231
0.358838
0.356489
0.354187
0.351935
0.349734
0.347587
0.345494
0.343457
0.341479
0.339561
0.337705
0.335913
0.334185
0.332523
0.330928
0.329403
0.327948
0.326565
0.325255
0.324017
0.322854
0.321768
0.320758
0.319827
0.318974
0.318200
0.317505
0.316890
0.316356
0.315904
0.315533
0.315245
0.315038
0.314914
0.314873
0.314915
0.315038
0.315244
0.315532
0.315902
0.316354
0.316887
0.317502
0.318196
0.318972
0.319826
0.320757
0.321766
0.322852
0.324014
0.325251
0.326562
0.327945
0.329400
0.330925
0.332519
0.334182
0.335910
0.337703
0.339560
0.341477
0.343456
0.345492
0.347585
0.349733
0.351934
0.354186
0.356487
0.358836
0.361229
0.363666
0.366145
0.368662
0.371215
0.373803
0.376424
0.379076
0.381754
0.384459
0.387187
0.389936
0.392703
0.395487
0.398283
0.401092
0.403909
0.406733
0.409560
0.412389
0.415217
0.418041
0.420859
0.423668
0.426467
0.429252
0.432021
0.434772
0.437502
0.440208
0.442890
0.445542
0.448166
0.450756
0.453311
0.455828
0.458306
0.460741
0.463133
0.465478
0.467774
0.470019
0.472213
0.474351
0.476432
0.478454
0.480415
0.482314
0.484148
0.485916
0.487616
0.489246
0.490805
0.492291
0.493704
0.495039
0.496299
0.497479
0.498579
0.499598
0.500534
0.501388
0.502157
0.502840
0.503437
0.503946
0.504368
0.504701
0.504944
0.505097
0.505160
0.505131
0.505012
0.504801
0.504497
0.504101
0.503613
0.503032
0.502360
0.501595
0.500737
0.499787
0.498746
0.497613
0.496390
0.495076
0.493671
0.492178
0.490594
0.488923
0.487165
0.485319
0.483389
0.481373
0.479274
0.477091
0.474827
0.472483
0.470058
0.467555
0.464976
0.462320
0.459590
0.456788
0.453914
0.450970
0.447957
0.444877
0.441733
0.438524
0.435254
0.431923
0.428534
0.425087
0.421585
0.418029
0.414421
0.410765
0.407060
0.403309
0.399514
0.395675
0.391796
0.387879
0.383925
0.379936
0.375914
0.371860
0.367778
0.363668
0.359533
0.355374
0.351193
0.346993
0.342775
0.338541
0.334293
0.330032
0.325761
0.321482
0.317196
0.312904
0.308609
0.304313
0.300016
0.295721
0.291430
0.287144
0.282864
0.278593
0.274332
0.270082
0.265845
0.261622
0.257414
0.253224
0.249052
0.244901
0.240770
0.236662
0.232577
0.228518
0.224484
0.220478
0.216500
0.212551
0.208633
0.204746
0.200891
0.197070
0.193282
0.189530
0.185813
0.182133
0.178490
0.174885
0.171318
0.167791
0.164304
0.160856
0.157450
0.154085
0.150762
0.147481
0.144243
0.141048
0.137895
0.134787
0.131722
0.128701
0.125724
0.122791
0.119903
0.117060
0.114261
0.111506
0.108797
0.106132
0.103511
0.100935
0.098404
0.095917
0.093474
0.091075
0.088719
0.086408
0.084140
0.081915
0.079733
0.077593
0.075496
0.073441
0.071428
0.069455
0.067524
0.065633
0.063783
0.061972
0.060201
0.058469
0.056775
0.055119
0.053501
0.051920
0.050375
0.048867
0.047394
0.045957
0.044554
0.043186
0.041851
0.040549
0.039280
0.038043
0.036838
0.035663
0.034519
0.033406
0.032321
0.031266
0.030239
0.029240
0.028268
0.027323
0.026405
0.025512
0.024644
0.023801
0.022983
0.022188
0.021416
0.020667
0.019941
0.019236
0.018552
0.017889
0.017246
0.016623
0.016019
0.015434
0.014868
0.014319
0.013788
0.013274
0.012776
0.012295
0.011830
0.011379
0.010944
0.010524
0.010117
0.009724
0.009345
0.008979
0.008625
0.008283
0.007954
0.007636
0.007329
0.007033
0.006748
0.006473
0.006208
0.005953
0.005707
0.005470
0.005242
0.005022
0.004811
0.004608
0.004412
0.004224
0.004043
0.003869
0.003701
0.003541
0.003386
0.003238
0.003095
0.002959
0.002827
0.002701
0.002580
0.002464
0.002353
0.002247
0.002144
0.002046
0.001952
0.001862
0.001776
0.001694
0.001614
0.001539
0.001466
0.001397
0.001331
0.001267
0.001207
0.001149
0.001094
0.001041
0.000990
0.000942
0.000896
0.000852
0.000810
0.000770
0.000731
0.000695
0.000660
0.000627
0.000595
0.000565
0.000536
0.000509
0.000483
0.000458
0.000434
0.000412
0.000390
0.000370
0.000351
0.000332
0.000315
0.000298
0.000282
0.000267
0.000253
0.000239
0.000226
0.000214
0.000203
0.000192
0.000181
0.000171
0.000162
0.000153
0.000144
0.000136
0.000129
0.000121
0.000115
0.000108
0.000102
0.000096
0.000091
0.000086
0.000081
0.000076
0.000072
0.000068
0.000064
0.000060
0.000056
0.000053
0.000050
0.000047
0.000044
0.000042
0.000039
0.000037
0.000035
0.000033
0.000031
0.000029
0.000027
0.000025
0.000024
0.000022
0.000021
0.000020
0.000018
0.000017
0.000016
0.000015
0.000014
0.000013
0.000013
0.000012
0.000011
0.000010
0.000010
0.000009
0.000008
0.000008
0.000007
0.000007
0.000006
0.000006
0.000006
0.000005
0.000005
0.000005
0.000004
0.000004
0.000004
0.000004
0.000003
0.000003
0.000003
0.000003
0.000002
0.000002
0.000002
0.000002
0.000002
0.000002
0.000002
0.000002
0.000001
0.000001
0.000001
0.000001
0.000001
0.000001
0.000001
0.000001
0.000001
0.000001
0.000001
0.000001
0.000001
0.000001
0.000001
0.000000
0.000000
0.000000
0.000000
0.000000
0.000000
0.000000
0.000000
0.000000
0.000000
0.000000
0.000000
0.000000
0.000000
0.000000
0.000000
0.000000
0.000000
0.000000
0.000000
0.000000
0.000000
0.000000
0.000000
0.000000
0.000000
0.000000
0.000000
0.000000
0.000000
0.000000
0.000000
0.000000
0.000000
0.000000
0.000000
0.000000
0.000000
0.000000
0.000000
0.000000
0.000000
0.000000
0.000000
0.000000
0.000000
0.000000
0.000000
0.000000
0.000000
0.000000
0.000000
0.000000
0.000000
0.000000
0.000000
0.000000
0.000000
0.000000
0.000000
0.000000
0.000000
0.000000
0.000000
0.000000
0.000000
0.000000
0.000000
0.000000
0.000000
0.000000
0.000000
0.000000
0.000000
0.000000
0.000000
0.000000
0.000000
0.000000
0.000000
0.000000
0.000000
0.000000
0.000000
0.000000
0.000000
0.000000
0.000000
0.000000
0.000000
0.000000
0.000000
0.000000
0.000000
0.000000
0.000000
0.000000
0.000000
0.000000
0.000000
0.000000
0.000000
0.000000
0.000000
0.000000
0.000000
0.000000
0.000000
0.000000
0.000000
0.000000
0.000000
0.000000
0.000000
0.000000
0.000000
0.000000
0.000000
0.000000
0.000000
0.000000
0.000000
0.000000
0.000000
0.000000
0.000000
0.000000
0.000000
0.000000
0.000000
0.000000
0.000000
0.000000
0.000000
0.000000
0.000000
0.000000
0.000000
0.000000
0.000000
0.000000
0.000000
0.000000
0.000000
0.000000
0.000000
0.000000
0.000000
0.000000
0.000000
0.000000
0.000000
0.000000
0.000000
0.000000
0.000000
0.000000
0.000000
0.000000
0.000000
0.000000
0.000000
0.000000
0.000000
0.000000
0.000000
0.000000
0.000000
0.000000
0.000000
0.000000
0.000000
0.000000
0.000000
0.000000
0.000000
0.000000
0.000000
0.000000
0.000000
0.000000
0.000000
0.000000
0.000000
0.000000
0.000000
0.000000
0.000000
0.000000
0.000000
0.000000
0.000000
0.000000
0.000000
0.000000
0.000000
0.000000
0.000000
0.000000
0.000000
0.000000
0.000000
0.000000
0.000000
0.000000
0.000000
0.000000
0.000000
0.000000
0.000000
0.000000
0.000000
0.000000
0.000000
0.000000
0.000000
0.000000
0.000000
0.000000
0.000000
