0.000963
0.001926
0.002891
0.003859
0.004830
0.005805
0.006785
0.007771
0.008764
0.009764
0.010773
0.011791
0.012820
0.013858
0.014909
0.015971
0.017049
0.018138
0.019245
0.020365
0.021505
0.022659
0.023833
0.025027
0.026237
0.027472
0.028724
0.030003
0.031300
0.032623
0.033972
0.035342
0.036743
0.038165
0.039619
0.041099
0.042606
0.044148
0.045713
0.047314
0.048945
0.050605
0.052305
0.054030
0.055794
0.057593
0.059421
0.061294
0.063197
0.065135
0.067119
0.069131
0.071185
0.073283
0.075410
0.077584
0.079800
0.082046
0.084343
0.086681
0.089050
0.091471
0.093935
0.096430
0.098977
0.101570
0.104193
0.106865
0.109590
0.112345
0.115142
0.117997
0.120888
0.123811
0.126789
0.129818
0.132874
0.135971
0.139127
0.142324
0.145547
0.148815
0.152140
0.155505
0.158893
0.162322
0.165808
0.169338
0.172890
0.176471
0.180100
0.183782
0.187500
0.191236
0.194995
0.198797
0.202649
0.206543
0.210461
0.214391
0.218338
0.222313
0.226328
0.230386
0.234482
0.238609
0.242757
0.246922
0.251101
0.255293
0.259498
0.263717
0.267949
0.272194
0.276450
0.280717
0.284992
0.289275
0.293564
0.297857
0.302152
0.306449
0.310744
0.315037
0.319326
0.323609
0.327884
0.332150
0.336404
0.340645
0.344870
0.349079
0.353269
0.357439
0.361585
0.365707
0.369803
0.373870
0.377908
0.381913
0.385884
0.389819
0.393716
0.397573
0.401389
0.405161
0.408888
0.412568
0.416199
0.419779
0.423306
0.426779
0.430195
0.433555
0.436853
0.440091
0.443266
0.446376
0.449419
0.452395
0.455302
0.458138
0.460901
0.463591
0.466205
0.468743
0.471203
0.473585
0.475886
0.478106
0.480243
0.482297
0.484266
0.486150
0.487948
0.489658
0.491280
0.492814
0.494259
0.495613
0.496876
0.498049
0.499131
0.500120
0.501018
0.501823
0.502536
0.503156
0.503684
0.504118
0.504460
0.504710
0.504868
0.504934
0.504908
0.504791
0.504583
0.504285
0.503898
0.503422
0.502858
0.502207
0.501470
0.500647
0.499740
0.498751
0.497678
0.496526
0.495294
0.493983
0.492595
0.491131
0.489593
0.487983
0.486302
0.484552
0.482734
0.480850
0.478902
0.476893
0.474823
0.472695
0.470511
0.468272
0.465981
0.463640
0.461250
0.458815
0.456336
0.453817
0.451258
0.448662
0.446031
0.443369
0.440676
0.437957
0.435212
0.432444
0.429657
0.426851
0.424031
0.421198
0.418355
0.415504
0.412647
0.409788
0.406928
0.404070
0.401217
0.398372
0.395535
0.392711
0.389900
0.387107
0.384333
0.381581
0.378852
0.376150
0.373475
0.370832
0.368222
0.365648
0.363111
0.360614
0.358158
0.355747
0.353381
0.351062
0.348794
0.346577
0.344415
0.342308
0.340257
0.338266
0.336336
0.334467
0.332664
0.330925
0.329253
0.327648
0.326113
0.324649
0.323258
0.321940
0.320695
0.319526
0.318433
0.317417
0.316480
0.315623
0.314844
0.314145
0.313526
0.312990
0.312535
0.312162
0.311872
0.311665
0.311540
0.311499
0.311541
0.311664
0.311871
0.312161
0.312533
0.312988
0.313524
0.314142
0.314841
0.315620
0.316479
0.317416
0.318431
0.319523
0.320692
0.321936
0.323255
0.324646
0.326110
0.327645
0.329249
0.330922
0.332661
0.334465
0.336334
0.338265
0.340256
0.342306
0.344413
0.346577
0.348793
0.351061
0.353379
0.355745
0.358156
0.360612
0.363110
0.365646
0.368221
0.370830
0.373473
0.376147
0.378849
0.381577
0.384330
0.387105
0.389897
0.392708
0.395532
0.398368
0.401214
0.404068
0.406925
0.409784
0.412644
0.415501
0.418352
0.421195
0.424028
0.426848
0.429654
0.432441
0.435208
0.437953
0.440672
0.443365
0.446028
0.448659
0.451254
0.453814
0.456334
0.458813
0.461248
0.463638
0.465980
0.468270
0.470510
0.472695
0.474822
0.476892
0.478903
0.480850
0.482734
0.484551
0.486301
0.487982
0.489592
0.491129
0.492593
0.493982
0.495293
0.496526
0.497679
0.498751
0.499741
0.500648
0.501471
0.502208
0.502859
0.503423
0.503899
0.504286
0.504583
0.504791
0.504908
0.504933
0.504868
0.504711
0.504460
0.504119
0.503684
0.503157
0.502537
0.501825
0.501020
0.500122
0.499133
0.498052
0.496879
0.495616
0.494261
0.492817
0.491283
0.489661
0.487951
0.486153
0.484269
0.482299
0.480246
0.478108
0.475889
0.473588
0.471206
0.468745
0.466207
0.463592
0.460902
0.458139
0.455303
0.452396
0.449420
0.446376
0.443266
0.440091
0.436854
0.433555
0.430197
0.426780
0.423307
0.419779
0.416199
0.412568
0.408888
0.405162
0.401390
0.397574
0.393716
0.389819
0.385884
0.381914
0.377909
0.373872
0.369805
0.365709
0.361587
0.357440
0.353271
0.349081
0.344873
0.340647
0.336406
0.332153
0.327887
0.323612
0.319330
0.315041
0.310748
0.306453
0.302157
0.297861
0.293568
0.289280
0.284997
0.280722
0.276455
0.272200
0.267956
0.263726
0.259511
0.255313
0.251132
0.246970
0.242829
0.238710
0.234613
0.230541
0.226495
0.222475
0.218483
0.214519
0.210586
0.206683
0.202812
0.198974
0.195170
0.191400
0.187665
0.183967
0.180305
0.176681
0.173095
0.169548
0.166041
0.162574
0.159147
0.155762
0.152418
0.149116
0.145856
0.142639
0.139465
0.136335
0.133248
0.130205
0.127206
0.124252
0.121341
0.118475
0.115654
0.112878
0.110146
0.107458
0.104816
0.102217
0.099664
0.097154
0.094689
0.092268
0.089891
0.087558
0.085268
0.083022
0.080818
0.078657
0.076539
0.074463
0.072429
0.070436
0.068485
0.066574
0.064703
0.062873
0.061082
0.059330
0.057617
0.055942
0.054305
0.052705
0.051143
0.049616
0.048126
0.046671
0.045251
0.043866
0.042514
0.041196
0.039910
0.038657
0.037436
0.036247
0.035088
0.033959
0.032860
0.031790
0.030749
0.029736
0.028751
0.027792
0.026861
0.025955
0.025075
0.024220
0.023389
0.022583
0.021799
0.021039
0.020301
0.019586
0.018891
0.018218
0.017565
0.016932
0.016319
0.015724
0.015149
0.014591
0.014051
0.013529
0.013023
0.012534
0.012060
0.011603
0.011160
0.010732
0.010319
0.009919
0.009533
0.009160
0.008800
0.008453
0.008117
0.007793
0.007481
0.007180
0.006889
0.006609
0.006339
0.006079
0.005829
0.005587
0.005355
0.005131
0.004916
0.004708
0.004509
0.004317
0.004132
0.003955
0.003784
0.003620
0.003463
0.003311
0.003166
0.003026
0.002892
0.002764
0.002640
0.002522
0.002408
0.002299
0.002195
0.002095
0.001999
0.001907
0.001819
0.001734
0.001654
0.001576
0.001502
0.001431
0.001364
0.001299
0.001237
0.001178
0.001121
0.001067
0.001015
0.000966
0.000919
0.000873
0.000830
0.000789
0.000750
0.000713
0.000677
0.000643
0.000611
0.000580
0.000551
0.000522
0.000496
0.000470
0.000446
0.000423
0.000401
0.000380
0.000360
0.000341
0.000323
0.000306
0.000290
0.000275
0.000260
0.000246
0.000233
0.000220
0.000208
0.000197
0.000186
0.000176
0.000166
0.000157
0.000149
0.000140
0.000132
0.000125
0.000118
0.000111
0.000105
0.000099
0.000094
0.000088
0.000083
0.000078
0.000074
0.000070
0.000066
0.000062
0.000058
0.000055
0.000052
0.000049
0.000046
0.000043
0.000040
0.000038
0.000036
0.000034
0.000032
0.000030
0.000028
0.000026
0.000025
0.000023
0.000022
0.000020
0.000019
0.000018
0.000017
0.000016
0.000015
0.000014
0.000013
0.000012
0.000011
0.000011
0.000010
0.000009
0.000009
0.000008
0.000008
0.000007
0.000007
0.000006
0.000006
0.000005
0.000005
0.000005
0.000004
0.000004
0.000004
0.000004
0.000003
0.000003
0.000003
0.000003
0.000003
0.000002
0.000002
0.000002
0.000002
0.000002
0.000002
0.000002
0.000001
0.000001
0.000001
0.000001
0.000001
0.000001
0.000001
0.000001
0.000001
0.000001
0.000001
0.000001
0.000001
0.000001
0.000001
0.000000
0.000000
0.000000
0.000000
0.000000
0.000000
0.000000
0.000000
0.000000
0.000000
0.000000
0.000000
0.000000
0.000000
0.000000
0.000000
0.000000
0.000000
0.000000
0.000000
0.000000
0.000000
0.000000
0.000000
0.000000
0.000000
0.000000
0.000000
0.000000
0.000000
0.000000
0.000000
0.000000
0.000000
0.000000
0.000000
0.000000
0.000000
0.000000
0.000000
0.000000
0.000000
0.000000
0.000000
0.000000
0.000000
0.000000
0.000000
0.000000
0.000000
0.000000
0.000000
0.000000
0.000000
0.000000
0.000000
0.000000
0.000000
0.000000
0.000000
0.000000
0.000000
0.000000
0.000000
0.000000
0.000000
0.000000
0.000000
0.000000
0.000000
0.000000
0.000000
0.000000
0.000000
0.000000
0.000000
0.000000
0.000000
0.000000
0.000000
0.000000
0.000000
0.000000
0.000000
0.000000
0.000000
0.000000
0.000000
0.000000
0.000000
0.000000
0.000000
0.000000
0.000000
0.000000
0.000000
0.000000
0.000000
0.000000
0.000000
0.000000
0.000000
0.000000
0.000000
0.000000
0.000000
0.000000
0.000000
0.000000
0.000000
0.000000
0.000000
0.000000
0.000000
0.000000
0.000000
0.000000
0.000000
0.000000
0.000000
0.000000
0.000000
0.000000
0.000000
0.000000
0.000000
0.000000
0.000000
0.000000
0.000000
0.000000
0.000000
0.000000
0.000000
0.000000
0.000000
0.000000
0.000000
0.000000
0.000000
0.000000
0.000000
0.000000
0.000000
0.000000
0.000000
0.000000
0.000000
0.000000
0.000000
0.000000
0.000000
0.000000
0.000000
0.000000
0.000000
0.000000
0.000000
0.000000
0.000000
0.000000
0.000000
0.000000
0.000000
0.000000
0.000000
0.000000
0.000000
0.000000
0.000000
0.000000
0.000000
0.000000
0.000000
0.000000
0.000000
0.000000
0.000000
0.000000
0.000000
0.000000
0.000000
0.000000
0.000000
0.000000
0.000000
0.000000
0.000000
0.000000
0.000000
0.000000
0.000000
0.000000
0.000000
0.000000
0.000000
0.000000
0.000000
0.000000
0.000000
0.000000
0.000000
0.000000
0.000000
0.000000
0.000000
0.000000
0.000000
0.000000
0.000000
0.000000
0.000000
0.000000
0.000000
0.000000
0.000000
0.000000
0.000000
0.000000
0.000000
