0.000979
0.001958
0.002939
0.003923
0.004910
0.005901
0.006898
0.007900
0.008910
0.009926
0.010952
0.011985
0.013031
0.014085
0.015154
0.016233
0.017327
0.018434
0.019557
0.020696
0.021851
0.023025
0.024215
0.025427
0.026655
0.027908
0.029179
0.030474
0.031793
0.033132
0.034501
0.035890
0.037309
0.038753
0.040223
0.041726
0.043250
0.044812
0.046399
0.048017
0.049672
0.051350
0.053070
0.054819
0.056600
0.058423
0.060273
0.062163
0.064092
0.066050
0.068054
0.070093
0.072165
0.074286
0.076439
0.078630
0.080871
0.083142
0.085456
0.087820
0.090214
0.092652
0.095143
0.097664
0.100227
0.102845
0.105497
0.108186
0.110933
0.113717
0.116534
0.119406
0.122327
0.125275
0.128269
0.131320
0.134407
0.137524
0.140694
0.143917
0.147169
0.150453
0.153794
0.157184
0.160601
0.164047
0.167545
0.171095
0.174677
0.178279
0.181919
0.185614
0.189354
0.193116
0.196897
0.200709
0.204569
0.208477
0.212416
0.216371
0.220337
0.224324
0.228346
0.232408
0.236511
0.240647
0.244808
0.248986
0.253177
0.257381
0.261597
0.265824
0.270064
0.274315
0.278576
0.282847
0.287127
0.291412
0.295703
0.299997
0.304293
0.308589
0.312883
0.317173
0.321459
0.325738
0.330008
0.334268
0.338515
0.342747
0.346964
0.351163
0.355342
0.359500
0.363634
0.367742
0.371823
0.375875
0.379895
0.383883
0.387834
0.391750
0.395626
0.399462
0.403255
0.407003
0.410706
0.414360
0.417964
0.421516
0.425014
0.428458
0.431844
0.435172
0.438438
0.441643
0.444783
0.447858
0.450865
0.453804
0.456673
0.459470
0.462194
0.464844
0.467418
0.469914
0.472331
0.474670
0.476927
0.479102
0.481194
0.483202
0.485125
0.486962
0.488711
0.490373
0.491947
0.493432
0.494826
0.496130
0.497343
0.498464
0.499495
0.500432
0.501278
0.502030
0.502690
0.503257
0.503731
0.504113
0.504401
0.504597
0.504701
0.504712
0.504633
0.504462
0.504200
0.503848
0.503406
0.502876
0.502258
0.501554
0.500763
0.499886
0.498926
0.497884
0.496758
0.495554
0.494268
0.492906
0.491466
0.489951
0.488362
0.486701
0.484970
0.483170
0.481303
0.479370
0.477374
0.475317
0.473199
0.471025
0.468795
0.466510
0.464174
0.461788
0.459355
0.456877
0.454355
0.451793
0.449192
0.446556
0.443885
0.441184
0.438452
0.435695
0.432912
0.430108
0.427284
0.424444
0.421589
0.418722
0.415847
0.412963
0.410074
0.407184
0.404293
0.401406
0.398525
0.395651
0.392787
0.389936
0.387099
0.384281
0.381482
0.378706
0.375953
0.373228
0.370532
0.367867
0.365237
0.362643
0.360086
0.357570
0.355096
0.352668
0.350284
0.347949
0.345666
0.343434
0.341257
0.339136
0.337072
0.335069
0.333126
0.331246
0.329431
0.327681
0.325999
0.324385
0.322841
0.321369
0.319969
0.318643
0.317391
0.316216
0.315117
0.314096
0.313153
0.312291
0.311508
0.310805
0.310184
0.309645
0.309187
0.308812
0.308521
0.308312
0.308187
0.308145
0.308187
0.308311
0.308519
0.308810
0.309185
0.309642
0.310181
0.310802
0.311505
0.312288
0.313152
0.314094
0.315115
0.316213
0.317389
0.318640
0.319966
0.321366
0.322838
0.324382
0.325996
0.327678
0.329428
0.331243
0.333124
0.335067
0.337071
0.339134
0.341255
0.343433
0.345664
0.347949
0.350282
0.352666
0.355094
0.357568
0.360084
0.362641
0.365236
0.367866
0.370530
0.373225
0.375950
0.378702
0.381479
0.384278
0.387096
0.389932
0.392783
0.395647
0.398521
0.401403
0.404290
0.407180
0.410071
0.412959
0.415843
0.418719
0.421586
0.424441
0.427282
0.430105
0.432909
0.435690
0.438448
0.441179
0.443881
0.446553
0.449189
0.451790
0.454353
0.456874
0.459352
0.461786
0.464172
0.466509
0.468793
0.471024
0.473199
0.475316
0.477374
0.479370
0.481303
0.483169
0.484970
0.486700
0.488361
0.489949
0.491464
0.492905
0.494268
0.495553
0.496759
0.497883
0.498927
0.499887
0.500763
0.501554
0.502259
0.502877
0.503407
0.503848
0.504200
0.504461
0.504632
0.504712
0.504700
0.504597
0.504401
0.504113
0.503732
0.503258
0.502691
0.502032
0.501279
0.500435
0.499496
0.498467
0.497346
0.496133
0.494829
0.493434
0.491950
0.490376
0.488714
0.486965
0.485127
0.483205
0.481197
0.479105
0.476930
0.474673
0.472334
0.469916
0.467419
0.464846
0.462196
0.459471
0.456674
0.453806
0.450866
0.447858
0.444783
0.441642
0.438439
0.435172
0.431845
0.428459
0.425015
0.421516
0.417964
0.414360
0.410706
0.407003
0.403256
0.399463
0.395627
0.391750
0.387835
0.383883
0.379896
0.375876
0.371824
0.367744
0.363636
0.359502
0.355344
0.351165
0.346967
0.342750
0.338517
0.334270
0.330011
0.325741
0.321463
0.317177
0.312887
0.308593
0.304297
0.300002
0.295707
0.291417
0.287131
0.282853
0.278582
0.274321
0.270072
0.265835
0.261613
0.257406
0.253216
0.249045
0.244893
0.240763
0.236655
0.232571
0.228512
0.224479
0.220473
0.216495
0.212546
0.208628
0.204742
0.200887
0.197066
0.193279
0.189527
0.185810
0.182130
0.178487
0.174882
0.171316
0.167789
0.164301
0.160854
0.157448
0.154084
0.150761
0.147480
0.144242
0.141046
0.137894
0.134785
0.131721
0.128700
0.125723
0.122791
0.119902
0.117059
0.114260
0.111506
0.108796
0.106131
0.103511
0.100935
0.098403
0.095916
0.093473
0.091074
0.088719
0.086407
0.084139
0.081914
0.079732
0.077593
0.075496
0.073441
0.071427
0.069455
0.067524
0.065633
0.063783
0.061972
0.060201
0.058468
0.056775
0.055119
0.053501
0.051919
0.050375
0.048867
0.047394
0.045957
0.044554
0.043186
0.041851
0.040549
0.039280
0.038043
0.036838
0.035663
0.034519
0.033406
0.032321
0.031266
0.030239
0.029240
0.028268
0.027323
0.026405
0.025512
0.024644
0.023801
0.022983
0.022188
0.021416
0.020667
0.019941
0.019236
0.018552
0.017889
0.017246
0.016623
0.016019
0.015434
0.014868
0.014319
0.013788
0.013274
0.012776
0.012295
0.011830
0.011380
0.010944
0.010524
0.010117
0.009724
0.009345
0.008979
0.008625
0.008283
0.007954
0.007636
0.007329
0.007033
0.006748
0.006473
0.006208
0.005953
0.005707
0.005470
0.005242
0.005022
0.004811
0.004608
0.004412
0.004224
0.004043
0.003869
0.003701
0.003541
0.003386
0.003238
0.003095
0.002959
0.002827
0.002701
0.002580
0.002464
0.002353
0.002247
0.002144
0.002046
0.001952
0.001862
0.001776
0.001694
0.001614
0.001539
0.001466
0.001397
0.001331
0.001268
0.001207
0.001149
0.001094
0.001041
0.000990
0.000942
0.000896
0.000852
0.000810
0.000770
0.000731
0.000695
0.000660
0.000627
0.000595
0.000565
0.000536
0.000509
0.000483
0.000458
0.000434
0.000412
0.000390
0.000370
0.000351
0.000332
0.000315
0.000298
0.000282
0.000267
0.000253
0.000239
0.000226
0.000214
0.000203
0.000192
0.000181
0.000171
0.000162
0.000153
0.000144
0.000136
0.000129
0.000121
0.000115
0.000108
0.000102
0.000096
0.000091
0.000086
0.000081
0.000076
0.000072
0.000068
0.000064
0.000060
0.000056
0.000053
0.000050
0.000047
0.000044
0.000042
0.000039
0.000037
0.000035
0.000033
0.000031
0.000029
0.000027
0.000025
0.000024
0.000022
0.000021
0.000020
0.000018
0.000017
0.000016
0.000015
0.000014
0.000013
0.000013
0.000012
0.000011
0.000010
0.000010
0.000009
0.000008
0.000008
0.000007
0.000007
0.000006
0.000006
0.000006
0.000005
0.000005
0.000005
0.000004
0.000004
0.000004
0.000004
0.000003
0.000003
0.000003
0.000003
0.000002
0.000002
0.000002
0.000002
0.000002
0.000002
0.000002
0.000002
0.000001
0.000001
0.000001
0.000001
0.000001
0.000001
0.000001
0.000001
0.000001
0.000001
0.000001
0.000001
0.000001
0.000001
0.000001
0.000000
0.000000
0.000000
0.000000
0.000000
0.000000
0.000000
0.000000
0.000000
0.000000
0.000000
0.000000
0.000000
0.000000
0.000000
0.000000
0.000000
0.000000
0.000000
0.000000
0.000000
0.000000
0.000000
0.000000
0.000000
0.000000
0.000000
0.000000
0.000000
0.000000
0.000000
0.000000
0.000000
0.000000
0.000000
0.000000
0.000000
0.000000
0.000000
0.000000
0.000000
0.000000
0.000000
0.000000
0.000000
0.000000
0.000000
0.000000
0.000000
0.000000
0.000000
0.000000
0.000000
0.000000
0.000000
0.000000
0.000000
0.000000
0.000000
0.000000
0.000000
0.000000
0.000000
0.000000
0.000000
0.000000
0.000000
0.000000
0.000000
0.000000
0.000000
0.000000
0.000000
0.000000
0.000000
0.000000
0.000000
0.000000
0.000000
0.000000
0.000000
0.000000
0.000000
0.000000
0.000000
0.000000
0.000000
0.000000
0.000000
0.000000
0.000000
0.000000
0.000000
0.000000
0.000000
0.000000
0.000000
0.000000
0.000000
0.000000
0.000000
0.000000
0.000000
0.000000
0.000000
0.000000
0.000000
0.000000
0.000000
0.000000
0.000000
0.000000
0.000000
0.000000
0.000000
0.000000
0.000000
0.000000
0.000000
0.000000
0.000000
0.000000
0.000000
0.000000
0.000000
0.000000
0.000000
0.000000
0.000000
0.000000
0.000000
0.000000
0.000000
0.000000
0.000000
0.000000
0.000000
0.000000
0.000000
0.000000
0.000000
0.000000
0.000000
0.000000
0.000000
0.000000
0.000000
0.000000
0.000000
0.000000
0.000000
0.000000
0.000000
0.000000
0.000000
0.000000
0.000000
0.000000
0.000000
0.000000
0.000000
0.000000
0.000000
0.000000
0.000000
0.000000
0.000000
0.000000
0.000000
0.000000
0.000000
0.000000
0.000000
0.000000
0.000000
0.000000
0.000000
0.000000
0.000000
0.000000
0.000000
0.000000
0.000000
0.000000
0.000000
0.000000
0.000000
0.000000
0.000000
0.000000
0.000000
0.000000
0.000000
0.000000
0.000000
0.000000
0.000000
0.000000
0.000000
0.000000
0.000000
0.000000
0.000000
0.000000
0.000000
0.000000
0.000000
0.000000
0.000000
0.000000
0.000000
0.000000
0.000000
0.000000
0.000000
0.000000
0.000000
0.000000
0.000000
