0.000995
0.001991
0.002988
0.003988
0.004992
0.005999
0.007013
0.008031
0.009057
0.010090
0.011132
0.012183
0.013245
0.014317
0.015401
0.016499
0.017609
0.018735
0.019873
0.021031
0.022202
0.023395
0.024602
0.025832
0.027080
0.028348
0.029641
0.030951
0.032291
0.033648
0.035035
0.036445
0.037881
0.039347
0.040834
0.042357
0.043904
0.045482
0.047093
0.048729
0.050404
0.052106
0.053842
0.055616
0.057417
0.059259
0.061135
0.063042
0.064995
0.066976
0.068998
0.071063
0.073156
0.075296
0.077477
0.079688
0.081949
0.084249
0.086581
0.088967
0.091390
0.093847
0.096358
0.098908
0.101491
0.104129
0.106810
0.109521
0.112285
0.115098
0.117940
0.120828
0.123773
0.126750
0.129762
0.132831
0.135947
0.139089
0.142274
0.145518
0.148799
0.152106
0.155459
0.158869
0.162315
0.165784
0.169294
0.172861
0.176468
0.180097
0.183753
0.187457
0.191213
0.195001
0.198806
0.202633
0.206502
0.210419
0.214376
0.218353
0.222341
0.226344
0.230374
0.234441
0.238548
0.242692
0.246862
0.251053
0.255257
0.259472
0.263698
0.267934
0.272181
0.276438
0.280705
0.284980
0.289263
0.293551
0.297843
0.302138
0.306434
0.310728
0.315020
0.319308
0.323590
0.327864
0.332129
0.336382
0.340622
0.344846
0.349053
0.353242
0.357410
0.361555
0.365676
0.369770
0.373835
0.377871
0.381874
0.385843
0.389776
0.393671
0.397526
0.401340
0.405109
0.408833
0.412511
0.416139
0.419715
0.423240
0.426709
0.430123
0.433478
0.436773
0.440007
0.443178
0.446283
0.449323
0.452294
0.455196
0.458027
0.460785
0.463469
0.466079
0.468611
0.471065
0.473440
0.475735
0.477948
0.480078
0.482124
0.484086
0.485962
0.487752
0.489453
0.491067
0.492591
0.494027
0.495371
0.496624
0.497786
0.498857
0.499835
0.500721
0.501514
0.502214
0.502821
0.503336
0.503756
0.504084
0.504319
0.504462
0.504511
0.504469
0.504335
0.504110
0.503794
0.503388
0.502892
0.502308
0.501636
0.500879
0.500034
0.499104
0.498092
0.496996
0.495818
0.494561
0.493224
0.491810
0.490319
0.488752
0.487113
0.485401
0.483621
0.481771
0.479856
0.477874
0.475831
0.473725
0.471562
0.469341
0.467065
0.464735
0.462354
0.459924
0.457448
0.454927
0.452363
0.449760
0.447118
0.444441
0.441732
0.438991
0.436221
0.433426
0.430607
0.427767
0.424908
0.422033
0.419144
0.416244
0.413336
0.410420
0.407501
0.404580
0.401659
0.398744
0.395834
0.392932
0.390042
0.387164
0.384302
0.381459
0.378636
0.375836
0.373060
0.370313
0.367596
0.364911
0.362260
0.359647
0.357071
0.354537
0.352046
0.349599
0.347200
0.344850
0.342551
0.340305
0.338114
0.335979
0.333902
0.331886
0.329931
0.328040
0.326214
0.324454
0.322762
0.321139
0.319587
0.318106
0.316699
0.315365
0.314107
0.312925
0.311820
0.310794
0.309847
0.308979
0.308192
0.307485
0.306861
0.306320
0.305859
0.305483
0.305189
0.304980
0.304855
0.304812
0.304854
0.304979
0.305188
0.305481
0.305857
0.306317
0.306859
0.307483
0.308190
0.308976
0.309844
0.310792
0.311818
0.312923
0.314105
0.315362
0.316695
0.318103
0.319583
0.321136
0.322759
0.324452
0.326211
0.328038
0.329929
0.331885
0.333900
0.335977
0.338111
0.340303
0.342549
0.344849
0.347198
0.349598
0.352044
0.354535
0.357069
0.359645
0.362259
0.364909
0.367594
0.370311
0.373058
0.375832
0.378633
0.381456
0.384299
0.387160
0.390038
0.392929
0.395830
0.398740
0.401656
0.404576
0.407497
0.410417
0.413332
0.416241
0.419141
0.422030
0.424905
0.427764
0.430603
0.433422
0.436217
0.438987
0.441728
0.444438
0.447115
0.449757
0.452361
0.454924
0.457445
0.459923
0.462353
0.464734
0.467063
0.469340
0.471561
0.473725
0.475830
0.477874
0.479855
0.481771
0.483621
0.485400
0.487111
0.488751
0.490316
0.491808
0.493223
0.494560
0.495819
0.496996
0.498092
0.499106
0.500035
0.500879
0.501638
0.502309
0.502893
0.503388
0.503794
0.504109
0.504334
0.504468
0.504511
0.504461
0.504319
0.504085
0.503757
0.503337
0.502822
0.502216
0.501516
0.500723
0.499837
0.498859
0.497789
0.496627
0.495374
0.494029
0.492595
0.491070
0.489456
0.487755
0.485965
0.484088
0.482127
0.480080
0.477950
0.475737
0.473443
0.471067
0.468612
0.466080
0.463471
0.460786
0.458028
0.455197
0.452295
0.449323
0.446284
0.443178
0.440007
0.436774
0.433479
0.430124
0.426710
0.423240
0.419716
0.416139
0.412511
0.408834
0.405110
0.401340
0.397527
0.393672
0.389777
0.385844
0.381875
0.377872
0.373837
0.369771
0.365678
0.361557
0.357412
0.353244
0.349056
0.344849
0.340624
0.336384
0.332132
0.327867
0.323593
0.319312
0.315024
0.310732
0.306438
0.302142
0.297847
0.293555
0.289267
0.284985
0.280711
0.276445
0.272190
0.267947
0.263718
0.259503
0.255305
0.251124
0.246963
0.242822
0.238703
0.234607
0.230536
0.226489
0.222470
0.218478
0.214515
0.210581
0.206679
0.202808
0.198971
0.195167
0.191397
0.187663
0.183964
0.180303
0.176679
0.173093
0.169546
0.166039
0.162572
0.159145
0.155760
0.152416
0.149114
0.145855
0.142638
0.139464
0.136334
0.133247
0.130204
0.127205
0.124251
0.121341
0.118475
0.115653
0.112877
0.110145
0.107458
0.104815
0.102217
0.099663
0.097154
0.094689
0.092268
0.089891
0.087558
0.085268
0.083021
0.080818
0.078657
0.076539
0.074463
0.072429
0.070436
0.068484
0.066573
0.064703
0.062872
0.061082
0.059330
0.057617
0.055942
0.054305
0.052705
0.051143
0.049616
0.048126
0.046671
0.045251
0.043866
0.042514
0.041196
0.039910
0.038657
0.037436
0.036247
0.035088
0.033959
0.032860
0.031790
0.030749
0.029736
0.028751
0.027792
0.026861
0.025955
0.025075
0.024220
0.023389
0.022583
0.021799
0.021039
0.020301
0.019586
0.018891
0.018218
0.017565
0.016932
0.016319
0.015724
0.015149
0.014591
0.014051
0.013529
0.013023
0.012534
0.012060
0.011603
0.011160
0.010732
0.010319
0.009919
0.009533
0.009160
0.008800
0.008453
0.008117
0.007793
0.007481
0.007180
0.006889
0.006609
0.006339
0.006079
0.005829
0.005587
0.005355
0.005131
0.004916
0.004708
0.004509
0.004317
0.004132
0.003955
0.003784
0.003620
0.003463
0.003311
0.003166
0.003026
0.002892
0.002764
0.002640
0.002522
0.002408
0.002299
0.002195
0.002095
0.001999
0.001907
0.001819
0.001734
0.001654
0.001576
0.001502
0.001431
0.001364
0.001299
0.001237
0.001178
0.001121
0.001067
0.001015
0.000966
0.000919
0.000873
0.000830
0.000789
0.000750
0.000713
0.000677
0.000643
0.000611
0.000580
0.000551
0.000522
0.000496
0.000470
0.000446
0.000423
0.000401
0.000380
0.000360
0.000341
0.000323
0.000306
0.000290
0.000275
0.000260
0.000246
0.000233
0.000220
0.000208
0.000197
0.000186
0.000176
0.000166
0.000157
0.000149
0.000140
0.000132
0.000125
0.000118
0.000111
0.000105
0.000099
0.000094
0.000088
0.000083
0.000078
0.000074
0.000070
0.000066
0.000062
0.000058
0.000055
0.000052
0.000049
0.000046
0.000043
0.000040
0.000038
0.000036
0.000034
0.000032
0.000030
0.000028
0.000026
0.000025
0.000023
0.000022
0.000020
0.000019
0.000018
0.000017
0.000016
0.000015
0.000014
0.000013
0.000012
0.000011
0.000011
0.000010
0.000009
0.000009
0.000008
0.000008
0.000007
0.000007
0.000006
0.000006
0.000005
0.000005
0.000005
0.000004
0.000004
0.000004
0.000004
0.000003
0.000003
0.000003
0.000003
0.000003
0.000002
0.000002
0.000002
0.000002
0.000002
0.000002
0.000002
0.000001
0.000001
0.000001
0.000001
0.000001
0.000001
0.000001
0.000001
0.000001
0.000001
0.000001
0.000001
0.000001
0.000001
0.000001
0.000000
0.000000
0.000000
0.000000
0.000000
0.000000
0.000000
0.000000
0.000000
0.000000
0.000000
0.000000
0.000000
0.000000
0.000000
0.000000
0.000000
0.000000
0.000000
0.000000
0.000000
0.000000
0.000000
0.000000
0.000000
0.000000
0.000000
0.000000
0.000000
0.000000
0.000000
0.000000
0.000000
0.000000
0.000000
0.000000
0.000000
0.000000
0.000000
0.000000
0.000000
0.000000
0.000000
0.000000
0.000000
0.000000
0.000000
0.000000
0.000000
0.000000
0.000000
0.000000
0.000000
0.000000
0.000000
0.000000
0.000000
0.000000
0.000000
0.000000
0.000000
0.000000
0.000000
0.000000
0.000000
0.000000
0.000000
0.000000
0.000000
0.000000
0.000000
0.000000
0.000000
0.000000
0.000000
0.000000
0.000000
0.000000
0.000000
0.000000
0.000000
0.000000
0.000000
0.000000
0.000000
0.000000
0.000000
0.000000
0.000000
0.000000
0.000000
0.000000
0.000000
0.000000
0.000000
0.000000
0.000000
0.000000
0.000000
0.000000
0.000000
0.000000
0.000000
0.000000
0.000000
0.000000
0.000000
0.000000
0.000000
0.000000
0.000000
0.000000
0.000000
0.000000
0.000000
0.000000
0.000000
0.000000
0.000000
0.000000
0.000000
0.000000
0.000000
0.000000
0.000000
0.000000
0.000000
0.000000
0.000000
0.000000
0.000000
0.000000
0.000000
0.000000
0.000000
0.000000
0.000000
0.000000
0.000000
0.000000
0.000000
0.000000
0.000000
0.000000
0.000000
0.000000
0.000000
0.000000
0.000000
0.000000
0.000000
0.000000
0.000000
0.000000
0.000000
0.000000
0.000000
0.000000
0.000000
0.000000
0.000000
0.000000
0.000000
0.000000
0.000000
0.000000
0.000000
0.000000
0.000000
0.000000
0.000000
0.000000
0.000000
0.000000
0.000000
0.000000
0.000000
0.000000
0.000000
0.000000
0.000000
0.000000
0.000000
0.000000
0.000000
0.000000
0.000000
0.000000
0.000000
0.000000
0.000000
0.000000
0.000000
0.000000
0.000000
0.000000
0.000000
0.000000
0.000000
0.000000
0.000000
0.000000
0.000000
0.000000
0.000000
0.000000
0.000000
0.000000
0.000000
0.000000
0.000000
0.000000
0.000000
0.000000
0.000000
0.000000
0.000000
0.000000
0.000000
