0.001011
0.002024
0.003038
0.004054
0.005075
0.006099
0.007128
0.008164
0.009206
0.010256
0.011315
0.012383
0.013461
0.014552
0.015652
0.016768
0.017894
0.019038
0.020194
0.021369
0.022559
0.023768
0.024995
0.026241
0.027509
0.028795
0.030107
0.031436
0.032793
0.034172
0.035575
0.037007
0.038460
0.039946
0.041455
0.042995
0.044565
0.046160
0.047793
0.049450
0.051143
0.052870
0.054624
0.056420
0.058244
0.060104
0.062005
0.063933
0.065905
0.067913
0.069953
0.072040
0.074160
0.076317
0.078523
0.080758
0.083037
0.085364
0.087720
0.090123
0.092574
0.095055
0.097583
0.100161
0.102769
0.105423
0.108131
0.110869
0.113649
0.116486
0.119358
0.122264
0.125227
0.128235
0.131270
0.134354
0.137493
0.140665
0.143869
0.147127
0.150435
0.153770
0.157139
0.160564
0.164036
0.167532
0.171058
0.174636
0.178265
0.181921
0.185598
0.189313
0.193081
0.196891
0.200721
0.204568
0.208446
0.212371
0.216340
0.220338
0.224349
0.228370
0.232411
0.236483
0.240594
0.244743
0.248922
0.253123
0.257339
0.261566
0.265802
0.270047
0.274301
0.278564
0.282836
0.287115
0.291400
0.295690
0.299984
0.304279
0.308574
0.312867
0.317157
0.321442
0.325719
0.329989
0.334247
0.338493
0.342725
0.346940
0.351138
0.355316
0.359472
0.363604
0.367711
0.371790
0.375840
0.379859
0.383845
0.387795
0.391708
0.395582
0.399416
0.403206
0.406952
0.410652
0.414304
0.417905
0.421454
0.424950
0.428390
0.431773
0.435097
0.438360
0.441560
0.444697
0.447767
0.450771
0.453705
0.456570
0.459362
0.462081
0.464726
0.467294
0.469785
0.472196
0.474528
0.476779
0.478948
0.481033
0.483033
0.484949
0.486778
0.488520
0.490173
0.491738
0.493214
0.494599
0.495893
0.497096
0.498207
0.499226
0.500153
0.500987
0.501728
0.502375
0.502929
0.503390
0.503758
0.504032
0.504214
0.504303
0.504298
0.504202
0.504014
0.503735
0.503365
0.502905
0.502356
0.501719
0.500993
0.500182
0.499284
0.498302
0.497236
0.496087
0.494858
0.493548
0.492160
0.490695
0.489152
0.487535
0.485845
0.484085
0.482254
0.480356
0.478392
0.476363
0.474272
0.472120
0.469910
0.467643
0.465322
0.462947
0.460522
0.458049
0.455530
0.452966
0.450362
0.447717
0.445035
0.442318
0.439570
0.436791
0.433985
0.431152
0.428297
0.425421
0.422527
0.419618
0.416696
0.413764
0.410823
0.407877
0.404927
0.401976
0.399027
0.396082
0.393145
0.390216
0.387300
0.384396
0.381510
0.378642
0.375796
0.372973
0.370175
0.367406
0.364668
0.361963
0.359293
0.356660
0.354067
0.351514
0.349006
0.346543
0.344128
0.341763
0.339449
0.337189
0.334984
0.332836
0.330747
0.328719
0.326753
0.324851
0.323014
0.321244
0.319543
0.317912
0.316351
0.314862
0.313447
0.312106
0.310842
0.309654
0.308543
0.307512
0.306560
0.305687
0.304896
0.304186
0.303560
0.303015
0.302553
0.302174
0.301879
0.301669
0.301543
0.301500
0.301542
0.301668
0.301878
0.302172
0.302550
0.303012
0.303557
0.304184
0.304894
0.305685
0.306557
0.307509
0.308541
0.309652
0.310839
0.312104
0.313444
0.314858
0.316347
0.317908
0.319540
0.321242
0.323011
0.324849
0.326751
0.328717
0.330745
0.332834
0.334982
0.337187
0.339448
0.341761
0.344127
0.346541
0.349005
0.351513
0.354064
0.356658
0.359292
0.361962
0.364667
0.367404
0.370172
0.372969
0.375793
0.378639
0.381507
0.384392
0.387296
0.390213
0.393141
0.396079
0.399023
0.401972
0.404923
0.407873
0.410820
0.413761
0.416693
0.419616
0.422524
0.425418
0.428293
0.431148
0.433980
0.436787
0.439566
0.442315
0.445032
0.447714
0.450359
0.452964
0.455527
0.458047
0.460521
0.462946
0.465320
0.467641
0.469909
0.472119
0.474271
0.476363
0.478392
0.480356
0.482254
0.484084
0.485844
0.487534
0.489150
0.490692
0.492159
0.493548
0.494858
0.496088
0.497236
0.498303
0.499285
0.500182
0.500994
0.501720
0.502357
0.502906
0.503365
0.503735
0.504014
0.504201
0.504298
0.504301
0.504214
0.504033
0.503759
0.503391
0.502930
0.502376
0.501729
0.500989
0.500155
0.499229
0.498210
0.497099
0.495896
0.494602
0.493216
0.491741
0.490176
0.488523
0.486781
0.484951
0.483036
0.481035
0.478950
0.476782
0.474531
0.472199
0.469786
0.467295
0.464727
0.462082
0.459363
0.456571
0.453707
0.450772
0.447768
0.444697
0.441561
0.438360
0.435098
0.431774
0.428391
0.424950
0.421455
0.417905
0.414304
0.410652
0.406953
0.403207
0.399416
0.395583
0.391709
0.387795
0.383845
0.379860
0.375842
0.371792
0.367713
0.363606
0.359474
0.355318
0.351140
0.346943
0.342727
0.338495
0.334249
0.329992
0.325723
0.321445
0.317161
0.312871
0.308578
0.304283
0.299988
0.295695
0.291405
0.287120
0.282842
0.278572
0.274311
0.270063
0.265827
0.261604
0.257398
0.253209
0.249038
0.244887
0.240757
0.236650
0.232566
0.228507
0.224474
0.220468
0.216490
0.212542
0.208624
0.204738
0.200884
0.197063
0.193276
0.189524
0.185807
0.182128
0.178485
0.174880
0.171314
0.167787
0.164300
0.160853
0.157447
0.154082
0.150759
0.147479
0.144240
0.141045
0.137893
0.134784
0.131720
0.128699
0.125722
0.122790
0.119902
0.117058
0.114259
0.111505
0.108795
0.106131
0.103510
0.100934
0.098403
0.095916
0.093473
0.091074
0.088719
0.086407
0.084139
0.081914
0.079732
0.077593
0.075496
0.073441
0.071427
0.069455
0.067524
0.065633
0.063783
0.061972
0.060201
0.058468
0.056774
0.055119
0.053500
0.051919
0.050375
0.048867
0.047394
0.045957
0.044554
0.043185
0.041851
0.040549
0.039280
0.038043
0.036837
0.035663
0.034519
0.033406
0.032321
0.031266
0.030239
0.029240
0.028268
0.027323
0.026405
0.025512
0.024644
0.023801
0.022983
0.022188
0.021416
0.020667
0.019941
0.019236
0.018552
0.017889
0.017246
0.016623
0.016019
0.015434
0.014868
0.014319
0.013788
0.013274
0.012776
0.012295
0.011830
0.011380
0.010944
0.010524
0.010117
0.009724
0.009345
0.008979
0.008625
0.008283
0.007954
0.007636
0.007329
0.007033
0.006748
0.006473
0.006208
0.005953
0.005707
0.005470
0.005242
0.005022
0.004811
0.004608
0.004412
0.004224
0.004043
0.003869
0.003701
0.003541
0.003386
0.003238
0.003095
0.002959
0.002827
0.002701
0.002580
0.002464
0.002353
0.002247
0.002144
0.002046
0.001952
0.001862
0.001776
0.001694
0.001614
0.001539
0.001466
0.001397
0.001331
0.001268
0.001207
0.001149
0.001094
0.001041
0.000990
0.000942
0.000896
0.000852
0.000810
0.000770
0.000731
0.000695
0.000660
0.000627
0.000595
0.000565
0.000536
0.000509
0.000483
0.000458
0.000434
0.000412
0.000390
0.000370
0.000351
0.000332
0.000315
0.000298
0.000282
0.000267
0.000253
0.000239
0.000226
0.000214
0.000203
0.000192
0.000181
0.000171
0.000162
0.000153
0.000144
0.000136
0.000129
0.000121
0.000115
0.000108
0.000102
0.000096
0.000091
0.000086
0.000081
0.000076
0.000072
0.000068
0.000064
0.000060
0.000056
0.000053
0.000050
0.000047
0.000044
0.000042
0.000039
0.000037
0.000035
0.000033
0.000031
0.000029
0.000027
0.000025
0.000024
0.000022
0.000021
0.000020
0.000018
0.000017
0.000016
0.000015
0.000014
0.000013
0.000013
0.000012
0.000011
0.000010
0.000010
0.000009
0.000008
0.000008
0.000007
0.000007
0.000006
0.000006
0.000006
0.000005
0.000005
0.000005
0.000004
0.000004
0.000004
0.000004
0.000003
0.000003
0.000003
0.000003
0.000002
0.000002
0.000002
0.000002
0.000002
0.000002
0.000002
0.000002
0.000001
0.000001
0.000001
0.000001
0.000001
0.000001
0.000001
0.000001
0.000001
0.000001
0.000001
0.000001
0.000001
0.000001
0.000001
0.000000
0.000000
0.000000
0.000000
0.000000
0.000000
0.000000
0.000000
0.000000
0.000000
0.000000
0.000000
0.000000
0.000000
0.000000
0.000000
0.000000
0.000000
0.000000
0.000000
0.000000
0.000000
0.000000
0.000000
0.000000
0.000000
0.000000
0.000000
0.000000
0.000000
0.000000
0.000000
0.000000
0.000000
0.000000
0.000000
0.000000
0.000000
0.000000
0.000000
0.000000
0.000000
0.000000
0.000000
0.000000
0.000000
0.000000
0.000000
0.000000
0.000000
0.000000
0.000000
0.000000
0.000000
0.000000
0.000000
0.000000
0.000000
0.000000
0.000000
0.000000
0.000000
0.000000
0.000000
0.000000
0.000000
0.000000
0.000000
0.000000
0.000000
0.000000
0.000000
0.000000
0.000000
0.000000
0.000000
0.000000
0.000000
0.000000
0.000000
0.000000
0.000000
0.000000
0.000000
0.000000
0.000000
0.000000
0.000000
0.000000
0.000000
0.000000
0.000000
0.000000
0.000000
0.000000
0.000000
0.000000
0.000000
0.000000
0.000000
0.000000
0.000000
0.000000
0.000000
0.000000
0.000000
0.000000
0.000000
0.000000
0.000000
0.000000
0.000000
0.000000
0.000000
0.000000
0.000000
0.000000
0.000000
0.000000
0.000000
0.000000
0.000000
0.000000
0.000000
0.000000
0.000000
0.000000
0.000000
0.000000
0.000000
0.000000
0.000000
0.000000
0.000000
0.000000
0.000000
0.000000
0.000000
0.000000
0.000000
0.000000
0.000000
0.000000
0.000000
0.000000
0.000000
0.000000
0.000000
0.000000
0.000000
0.000000
0.000000
0.000000
0.000000
0.000000
0.000000
0.000000
0.000000
0.000000
0.000000
0.000000
0.000000
0.000000
0.000000
0.000000
0.000000
0.000000
0.000000
0.000000
0.000000
0.000000
0.000000
0.000000
0.000000
0.000000
0.000000
0.000000
0.000000
0.000000
0.000000
0.000000
0.000000
0.000000
0.000000
0.000000
0.000000
0.000000
0.000000
0.000000
0.000000
0.000000
0.000000
0.000000
0.000000
0.000000
0.000000
0.000000
0.000000
0.000000
0.000000
0.000000
0.000000
0.000000
0.000000
0.000000
0.000000
0.000000
0.000000
0.000000
0.000000
0.000000
0.000000
0.000000
0.000000
0.000000
0.000000
0.000000
0.000000
