0.001028
0.002057
0.003088
0.004121
0.005158
0.006199
0.007245
0.008298
0.009357
0.010425
0.011500
0.012586
0.013681
0.014789
0.015906
0.017039
0.018184
0.019344
0.020520
0.021711
0.022921
0.024146
0.025393
0.026656
0.027943
0.029247
0.030577
0.031927
0.033301
0.034701
0.036122
0.037574
0.039048
0.040551
0.042083
0.043640
0.045232
0.046848
0.048499
0.050181
0.051891
0.053641
0.055417
0.057231
0.059080
0.060959
0.062882
0.064834
0.066824
0.068858
0.070920
0.073026
0.075173
0.077350
0.079576
0.081840
0.084137
0.086486
0.088870
0.091291
0.093765
0.096274
0.098820
0.101421
0.104059
0.106731
0.109459
0.112228
0.115028
0.117883
0.120784
0.123714
0.126693
0.129726
0.132790
0.135891
0.139048
0.142250
0.145477
0.148749
0.152078
0.155443
0.158833
0.162270
0.165762
0.169287
0.172835
0.176424
0.180069
0.183751
0.187453
0.191182
0.194959
0.198785
0.202640
0.206511
0.210402
0.214334
0.218312
0.222327
0.226360
0.230402
0.234456
0.238536
0.242650
0.246802
0.250987
0.255198
0.259424
0.263662
0.267908
0.272162
0.276423
0.280692
0.284969
0.289251
0.293539
0.297831
0.302125
0.306420
0.310714
0.315005
0.319292
0.323573
0.327846
0.332110
0.336362
0.340601
0.344824
0.349030
0.353217
0.357384
0.361528
0.365647
0.369740
0.373804
0.377838
0.381839
0.385806
0.389737
0.393630
0.397483
0.401295
0.405062
0.408784
0.412458
0.416084
0.419658
0.423179
0.426646
0.430056
0.433408
0.436700
0.439930
0.443098
0.446199
0.449234
0.452202
0.455099
0.457926
0.460679
0.463359
0.465963
0.468489
0.470938
0.473307
0.475596
0.477803
0.479927
0.481966
0.483921
0.485790
0.487572
0.489266
0.490871
0.492387
0.493813
0.495149
0.496392
0.497544
0.498605
0.499573
0.500448
0.501229
0.501918
0.502513
0.503014
0.503422
0.503736
0.503957
0.504085
0.504120
0.504062
0.503913
0.503671
0.503338
0.502914
0.502401
0.501798
0.501107
0.500329
0.499464
0.498513
0.497478
0.496360
0.495159
0.493878
0.492516
0.491077
0.489560
0.487967
0.486300
0.484560
0.482750
0.480871
0.478924
0.476912
0.474836
0.472698
0.470500
0.468244
0.465932
0.463565
0.461146
0.458678
0.456162
0.453601
0.450995
0.448350
0.445665
0.442943
0.440188
0.437401
0.434584
0.431741
0.428872
0.425981
0.423070
0.420143
0.417201
0.414246
0.411282
0.408309
0.405332
0.402353
0.399372
0.396395
0.393423
0.390458
0.387503
0.384561
0.381633
0.378722
0.375830
0.372962
0.370115
0.367297
0.364507
0.361748
0.359024
0.356335
0.353683
0.351072
0.348503
0.345978
0.343499
0.341069
0.338689
0.336361
0.334087
0.331868
0.329708
0.327607
0.325568
0.323591
0.321678
0.319831
0.318052
0.316341
0.314702
0.313133
0.311636
0.310214
0.308866
0.307595
0.306402
0.305286
0.304249
0.303293
0.302416
0.301621
0.300908
0.300279
0.299731
0.299267
0.298887
0.298590
0.298379
0.298253
0.298210
0.298251
0.298378
0.298589
0.298884
0.299264
0.299729
0.300276
0.300907
0.301619
0.302414
0.303289
0.304246
0.305284
0.306400
0.307593
0.308864
0.310210
0.311632
0.313129
0.314698
0.316339
0.318049
0.319829
0.321676
0.323589
0.325565
0.327605
0.329706
0.331866
0.334084
0.336359
0.338687
0.341067
0.343497
0.345977
0.348501
0.351070
0.353682
0.356333
0.359023
0.361747
0.364505
0.367294
0.370113
0.372958
0.375827
0.378719
0.381629
0.384557
0.387500
0.390454
0.393419
0.396391
0.399369
0.402348
0.405328
0.408306
0.411278
0.414243
0.417198
0.420140
0.423068
0.425978
0.428868
0.431737
0.434581
0.437397
0.440184
0.442940
0.445662
0.448347
0.450993
0.453599
0.456160
0.458677
0.461145
0.463563
0.465929
0.468242
0.470499
0.472696
0.474836
0.476912
0.478925
0.480870
0.482750
0.484559
0.486298
0.487965
0.489558
0.491075
0.492515
0.493877
0.495160
0.496360
0.497479
0.498514
0.499464
0.500329
0.501108
0.501799
0.502401
0.502914
0.503337
0.503670
0.503911
0.504062
0.504119
0.504085
0.503957
0.503737
0.503423
0.503015
0.502513
0.501919
0.501231
0.500450
0.499575
0.498607
0.497547
0.496395
0.495151
0.493816
0.492390
0.490874
0.489268
0.487574
0.485792
0.483923
0.481969
0.479929
0.477805
0.475599
0.473310
0.470940
0.468491
0.465964
0.463360
0.460680
0.457927
0.455100
0.452203
0.449235
0.446200
0.443098
0.439931
0.436701
0.433409
0.430057
0.426647
0.423180
0.419658
0.416084
0.412459
0.408784
0.405062
0.401295
0.397484
0.393631
0.389738
0.385807
0.381840
0.377839
0.373805
0.369741
0.365649
0.361530
0.357386
0.353220
0.349033
0.344826
0.340603
0.336364
0.332113
0.327850
0.323577
0.319296
0.315009
0.310718
0.306424
0.302129
0.297835
0.293544
0.289256
0.284975
0.280701
0.276436
0.272181
0.267939
0.263710
0.259496
0.255298
0.251118
0.246957
0.242816
0.238698
0.234602
0.230531
0.226484
0.222465
0.218474
0.214511
0.210578
0.206675
0.202805
0.198968
0.195164
0.191394
0.187660
0.183962
0.180300
0.176676
0.173091
0.169544
0.166037
0.162570
0.159144
0.155758
0.152415
0.149113
0.145854
0.142637
0.139463
0.136333
0.133246
0.130203
0.127205
0.124250
0.121340
0.118474
0.115653
0.112876
0.110144
0.107457
0.104815
0.102216
0.099663
0.097154
0.094689
0.092268
0.089891
0.087557
0.085268
0.083021
0.080818
0.078657
0.076539
0.074463
0.072429
0.070436
0.068484
0.066573
0.064703
0.062872
0.061081
0.059330
0.057617
0.055942
0.054305
0.052705
0.051143
0.049616
0.048126
0.046671
0.045251
0.043866
0.042514
0.041196
0.039910
0.038657
0.037436
0.036246
0.035088
0.033959
0.032860
0.031790
0.030749
0.029736
0.028751
0.027792
0.026861
0.025955
0.025075
0.024220
0.023389
0.022583
0.021799
0.021039
0.020301
0.019586
0.018891
0.018218
0.017565
0.016932
0.016319
0.015724
0.015149
0.014591
0.014051
0.013529
0.013023
0.012534
0.012060
0.011603
0.011160
0.010732
0.010319
0.009919
0.009533
0.009160
0.008800
0.008453
0.008117
0.007793
0.007481
0.007180
0.006889
0.006609
0.006339
0.006079
0.005829
0.005587
0.005355
0.005131
0.004916
0.004708
0.004509
0.004317
0.004132
0.003955
0.003784
0.003620
0.003463
0.003311
0.003166
0.003026
0.002892
0.002764
0.002640
0.002522
0.002408
0.002299
0.002195
0.002095
0.001999
0.001907
0.001819
0.001734
0.001654
0.001576
0.001502
0.001431
0.001364
0.001299
0.001237
0.001178
0.001121
0.001067
0.001015
0.000966
0.000919
0.000873
0.000830
0.000789
0.000750
0.000713
0.000677
0.000643
0.000611
0.000580
0.000551
0.000522
0.000496
0.000470
0.000446
0.000423
0.000401
0.000380
0.000360
0.000341
0.000323
0.000306
0.000290
0.000275
0.000260
0.000246
0.000233
0.000220
0.000208
0.000197
0.000186
0.000176
0.000166
0.000157
0.000149
0.000140
0.000132
0.000125
0.000118
0.000111
0.000105
0.000099
0.000094
0.000088
0.000083
0.000078
0.000074
0.000070
0.000066
0.000062
0.000058
0.000055
0.000052
0.000049
0.000046
0.000043
0.000040
0.000038
0.000036
0.000034
0.000032
0.000030
0.000028
0.000026
0.000025
0.000023
0.000022
0.000020
0.000019
0.000018
0.000017
0.000016
0.000015
0.000014
0.000013
0.000012
0.000011
0.000011
0.000010
0.000009
0.000009
0.000008
0.000008
0.000007
0.000007
0.000006
0.000006
0.000005
0.000005
0.000005
0.000004
0.000004
0.000004
0.000004
0.000003
0.000003
0.000003
0.000003
0.000003
0.000002
0.000002
0.000002
0.000002
0.000002
0.000002
0.000002
0.000001
0.000001
0.000001
0.000001
0.000001
0.000001
0.000001
0.000001
0.000001
0.000001
0.000001
0.000001
0.000001
0.000001
0.000001
0.000000
0.000000
0.000000
0.000000
0.000000
0.000000
0.000000
0.000000
0.000000
0.000000
0.000000
0.000000
0.000000
0.000000
0.000000
0.000000
0.000000
0.000000
0.000000
0.000000
0.000000
0.000000
0.000000
0.000000
0.000000
0.000000
0.000000
0.000000
0.000000
0.000000
0.000000
0.000000
0.000000
0.000000
0.000000
0.000000
0.000000
0.000000
0.000000
0.000000
0.000000
0.000000
0.000000
0.000000
0.000000
0.000000
0.000000
0.000000
0.000000
0.000000
0.000000
0.000000
0.000000
0.000000
0.000000
0.000000
0.000000
0.000000
0.000000
0.000000
0.000000
0.000000
0.000000
0.000000
0.000000
0.000000
0.000000
0.000000
0.000000
0.000000
0.000000
0.000000
0.000000
0.000000
0.000000
0.000000
0.000000
0.000000
0.000000
0.000000
0.000000
0.000000
0.000000
0.000000
0.000000
0.000000
0.000000
0.000000
0.000000
0.000000
0.000000
0.000000
0.000000
0.000000
0.000000
0.000000
0.000000
0.000000
0.000000
0.000000
0.000000
0.000000
0.000000
0.000000
0.000000
0.000000
0.000000
0.000000
0.000000
0.000000
0.000000
0.000000
0.000000
0.000000
0.000000
0.000000
0.000000
0.000000
0.000000
0.000000
0.000000
0.000000
0.000000
0.000000
0.000000
0.000000
0.000000
0.000000
0.000000
0.000000
0.000000
0.000000
0.000000
0.000000
0.000000
0.000000
0.000000
0.000000
0.000000
0.000000
0.000000
0.000000
0.000000
0.000000
0.000000
0.000000
0.000000
0.000000
0.000000
0.000000
0.000000
0.000000
0.000000
0.000000
0.000000
0.000000
0.000000
0.000000
0.000000
0.000000
0.000000
0.000000
0.000000
0.000000
0.000000
0.000000
0.000000
0.000000
0.000000
0.000000
0.000000
0.000000
0.000000
0.000000
0.000000
0.000000
0.000000
0.000000
0.000000
0.000000
0.000000
0.000000
0.000000
0.000000
0.000000
0.000000
0.000000
0.000000
0.000000
0.000000
0.000000
0.000000
0.000000
0.000000
0.000000
0.000000
0.000000
0.000000
0.000000
0.000000
0.000000
0.000000
0.000000
0.000000
0.000000
0.000000
0.000000
0.000000
0.000000
0.000000
0.000000
0.000000
0.000000
0.000000
0.000000
0.000000
0.000000
0.000000
