0.000013
0.000031
0.000038
0.000061
0.000071
0.000077
0.000114
0.000116
0.000104
0.000145
0.000218
0.000277
0.000313
0.000337
0.000358
0.000379
0.000400
0.000423
0.000447
0.000472
0.000498
0.000526
0.000556
0.000586
0.000619
0.000653
0.000689
0.000726
0.000766
0.000807
0.000851
0.000897
0.000945
0.000995
0.001048
0.001104
0.001162
0.001223
0.001288
0.001355
0.001425
0.001499
0.001576
0.001657
0.001742
0.001831
0.001924
0.002021
0.002122
0.002229
0.002340
0.002456
0.002578
0.002705
0.002838
0.002977
0.003121
0.003273
0.003431
0.003596
0.003768
0.003947
0.004135
0.004330
0.004534
0.004746
0.004967
0.005198
0.005438
0.005688
0.005949
0.006220
0.006502
0.006796
0.007102
0.007420
0.007751
0.008095
0.008452
0.008824
0.009210
0.009611
0.010028
0.010460
0.010909
0.011376
0.011859
0.012361
0.012882
0.013422
0.013982
0.014563
0.015164
0.015787
0.016433
0.017102
0.017794
0.018511
0.019253
0.020021
0.020816
0.021638
0.022487
0.023366
0.024274
0.025213
0.026182
0.027184
0.028218
0.029286
0.030389
0.031527
0.032701
0.033912
0.035162
0.036450
0.037778
0.039146
0.040556
0.042009
0.043506
0.045047
0.046633
0.048266
0.049946
0.051674
0.053452
0.055281
0.057160
0.059092
0.061078
0.063118
0.065213
0.067364
0.069573
0.071840
0.074167
0.076554
0.079003
0.081514
0.084088
0.086727
0.089430
0.092201
0.095038
0.097944
0.100918
0.103963
0.107079
0.110267
0.113527
0.116861
0.120269
0.123753
0.127312
0.130949
0.134663
0.138455
0.142326
0.146277
0.150308
0.154421
0.158615
0.162890
0.167249
0.171690
0.176216
0.180825
0.185518
0.190296
0.195160
0.200108
0.205142
0.210261
0.215466
0.220757
0.226134
0.231596
0.237144
0.242778
0.248497
0.254301
0.260190
0.266163
0.272221
0.278362
0.284586
0.290892
0.297280
0.303749
0.310299
0.316927
0.323635
0.330420
0.337281
0.344218
0.351228
0.358312
0.365467
0.372693
0.379987
0.387348
0.394775
0.402267
0.409820
0.417433
0.425106
0.432835
0.440618
0.448454
0.456341
0.464276
0.472256
0.480280
0.488346
0.496450
0.504590
0.512763
0.520968
0.529200
0.537458
0.545739
0.554039
0.562356
0.570686
0.579027
0.587375
0.595728
0.604081
0.612433
0.620778
0.629116
0.637440
0.645750
0.654040
0.662307
0.670548
0.678759
0.686938
0.695079
0.703180
0.711237
0.719245
0.727202
0.735105
0.742948
0.750729
0.758443
0.766088
0.773659
0.781152
0.788564
0.795892
0.803132
0.810279
0.817331
0.824284
0.831133
0.837877
0.844511
0.851031
0.857435
0.863719
0.869880
0.875914
0.881818
0.887589
0.893224
0.898719
0.904072
0.909281
0.914340
0.919250
0.924005
0.928604
0.933045
0.937324
0.941440
0.945389
0.949170
0.952781
0.956219
0.959483
0.962570
0.965480
0.968210
0.970758
0.973124
0.975305
0.977301
0.979111
0.980732
0.982166
0.983410
0.984464
0.985327
0.985998
0.986478
0.986767
0.986863
0.986767
0.986479
0.985998
0.985327
0.984464
0.983410
0.982166
0.980733
0.979112
0.977302
0.975306
0.973125
0.970760
0.968212
0.965482
0.962573
0.959485
0.956221
0.952783
0.949173
0.945392
0.941443
0.937327
0.933048
0.928608
0.924009
0.919253
0.914344
0.909284
0.904076
0.898723
0.893228
0.887593
0.881822
0.875918
0.869884
0.863723
0.857440
0.851036
0.844515
0.837882
0.831138
0.824288
0.817336
0.810284
0.803137
0.795897
0.788570
0.781157
0.773664
0.766093
0.758449
0.750735
0.742954
0.735111
0.727208
0.719251
0.711243
0.703187
0.695085
0.686944
0.678766
0.670555
0.662314
0.654046
0.645756
0.637448
0.629123
0.620786
0.612440
0.604089
0.595735
0.587383
0.579034
0.570694
0.562364
0.554047
0.545747
0.537467
0.529209
0.520976
0.512772
0.504599
0.496459
0.488355
0.480290
0.472265
0.464285
0.456350
0.448464
0.440628
0.432844
0.425115
0.417443
0.409829
0.402276
0.394785
0.387358
0.379996
0.372702
0.365477
0.358321
0.351238
0.344227
0.337291
0.330429
0.323644
0.316937
0.310309
0.303759
0.297290
0.290902
0.284595
0.278371
0.272230
0.266173
0.260199
0.254311
0.248506
0.242787
0.237154
0.231606
0.226143
0.220766
0.215475
0.210270
0.205151
0.200117
0.195168
0.190305
0.185527
0.180834
0.176224
0.171699
0.167257
0.162899
0.158623
0.154429
0.150316
0.146285
0.142334
0.138463
0.134670
0.130956
0.127320
0.123760
0.120276
0.116868
0.113534
0.110273
0.107086
0.103970
0.100925
0.097950
0.095044
0.092207
0.089436
0.086732
0.084094
0.081519
0.079008
0.076560
0.074172
0.071846
0.069578
0.067369
0.065218
0.063122
0.061083
0.059097
0.057165
0.055285
0.053457
0.051679
0.049950
0.048270
0.046637
0.045050
0.043509
0.042013
0.040560
0.039150
0.037781
0.036453
0.035165
0.033915
0.032704
0.031530
0.030392
0.029289
0.028221
0.027187
0.026185
0.025215
0.024277
0.023368
0.022490
0.021640
0.020818
0.020024
0.019256
0.018513
0.017796
0.017104
0.016435
0.015789
0.015166
0.014564
0.013984
0.013424
0.012884
0.012363
0.011861
0.011377
0.010911
0.010461
0.010029
0.009612
0.009211
0.008825
0.008453
0.008096
0.007752
0.007421
0.007103
0.006797
0.006503
0.006221
0.005950
0.005689
0.005439
0.005198
0.004968
0.004747
0.004534
0.004331
0.004135
0.003948
0.003768
0.003596
0.003431
0.003273
0.003122
0.002977
0.002838
0.002706
0.002578
0.002457
0.002340
0.002229
0.002123
0.002021
0.001924
0.001831
0.001742
0.001657
0.001576
0.001499
0.001425
0.001355
0.001288
0.001224
0.001163
0.001104
0.001049
0.000996
0.000945
0.000897
0.000851
0.000808
0.000766
0.000726
0.000689
0.000653
0.000619
0.000586
0.000556
0.000526
0.000498
0.000472
0.000447
0.000423
0.000400
0.000379
0.000358
0.000339
0.000320
0.000303
0.000286
0.000270
0.000256
0.000241
0.000228
0.000215
0.000203
0.000192
0.000181
0.000171
0.000161
0.000152
0.000143
0.000135
0.000127
0.000120
0.000113
0.000107
0.000100
0.000094
0.000089
0.000084
0.000079
0.000074
0.000070
0.000066
0.000062
0.000058
0.000055
0.000051
0.000048
0.000045
0.000042
0.000040
0.000037
0.000035
0.000033
0.000031
0.000029
0.000027
0.000026
0.000024
0.000022
0.000021
0.000020
0.000018
0.000017
0.000016
0.000015
0.000014
0.000013
0.000012
0.000012
0.000011
0.000010
0.000010
0.000009
0.000008
0.000008
0.000007
0.000007
0.000006
0.000006
0.000006
0.000005
0.000005
0.000004
0.000004
0.000004
0.000004
0.000003
0.000003
0.000003
0.000003
0.000003
0.000002
0.000002
0.000002
0.000002
0.000002
0.000002
0.000002
0.000001
0.000001
0.000001
0.000001
0.000001
0.000001
0.000001
0.000001
0.000001
0.000001
0.000001
0.000001
0.000001
0.000001
0.000001
0.000000
0.000000
0.000000
0.000000
0.000000
0.000000
0.000000
0.000000
0.000000
0.000000
0.000000
0.000000
0.000000
0.000000
0.000000
0.000000
0.000000
0.000000
0.000000
0.000000
0.000000
0.000000
0.000000
0.000000
0.000000
0.000000
0.000000
0.000000
0.000000
0.000000
0.000000
0.000000
0.000000
0.000000
0.000000
0.000000
0.000000
0.000000
0.000000
0.000000
0.000000
0.000000
0.000000
0.000000
0.000000
0.000000
0.000000
0.000000
0.000000
0.000000
0.000000
0.000000
0.000000
0.000000
0.000000
0.000000
0.000000
0.000000
0.000000
0.000000
0.000000
0.000000
0.000000
0.000000
0.000000
0.000000
0.000000
0.000000
0.000000
0.000000
0.000000
0.000000
0.000000
0.000000
0.000000
0.000000
0.000000
0.000000
0.000000
0.000000
0.000000
0.000000
0.000000
0.000000
0.000000
0.000000
0.000000
0.000000
0.000000
0.000000
0.000000
0.000000
0.000000
0.000000
0.000000
0.000000
0.000000
0.000000
0.000000
0.000000
0.000000
0.000000
0.000000
0.000000
0.000000
0.000000
0.000000
0.000000
0.000000
0.000000
0.000000
0.000000
0.000000
0.000000
0.000000
0.000000
0.000000
0.000000
0.000000
0.000000
0.000000
0.000000
0.000000
0.000000
0.000000
0.000000
0.000000
0.000000
0.000000
0.000000
0.000000
0.000000
0.000000
0.000000
0.000000
0.000000
0.000000
0.000000
0.000000
0.000000
0.000000
0.000000
0.000000
0.000000
0.000000
0.000000
0.000000
0.000000
0.000000
0.000000
0.000000
0.000000
0.000000
0.000000
0.000000
0.000000
0.000000
0.000000
0.000000
0.000000
0.000000
0.000000
0.000000
0.000000
0.000000
0.000000
0.000000
0.000000
0.000000
0.000000
0.000000
0.000000
0.000000
0.000000
0.000000
0.000000
0.000000
0.000000
0.000000
0.000000
0.000000
0.000000
0.000000
0.000000
0.000000
0.000000
0.000000
0.000000
0.000000
0.000000
0.000000
0.000000
0.000000
0.000000
0.000000
0.000000
0.000000
0.000000
0.000000
0.000000
0.000000
0.000000
0.000000
0.000000
0.000000
0.000000
0.000000
0.000000
0.000000
0.000000
0.000000
0.000000
0.000000
0.000000
0.000000
0.000000
0.000000
0.000000
0.000000
0.000000
0.000000
0.000000
0.000000
0.000000
0.000000
0.000000
0.000000
0.000000
0.000000
0.000000
0.000000
0.000000
0.000000
0.000000
0.000000
0.000000
0.000000
0.000000
0.000000
0.000000
0.000000
0.000000
0.000000
0.000000
0.000000
0.000000
0.000000
0.000000
0.000000
0.000000
0.000000
0.000000
0.000000
0.000000
0.000000
0.000000
0.000000
0.000000
0.000000
0.000000
0.000000
0.000000
0.000000
0.000000
0.000000
0.000000
0.000000
0.000000
0.000000
0.000000
0.000000
0.000000
0.000000
0.000000
0.000000
0.000000
0.000000
0.000000
0.000000
0.000000
0.000000
0.000000
0.000000
0.000000
0.000000
0.000000
0.000000
0.000000
0.000000
0.000000
0.000000
0.000000
0.000000
0.000000
0.000000
0.000000
0.000000
0.000000
0.000000
0.000000
0.000000
0.000000
0.000000
0.000000
0.000000
0.000000
0.000000
0.000000
0.000000
0.000000
0.000000
0.000000
0.000000
0.000000
