0.001045
0.002091
0.003139
0.004189
0.005243
0.006301
0.007364
0.008434
0.009510
0.010595
0.011688
0.012791
0.013903
0.015028
0.016164
0.017314
0.018477
0.019654
0.020849
0.022057
0.023286
0.024529
0.025795
0.027077
0.028381
0.029707
0.031052
0.032425
0.033815
0.035236
0.036677
0.038146
0.039643
0.041163
0.042718
0.044294
0.045905
0.047545
0.049213
0.050919
0.052649
0.054418
0.056219
0.058050
0.059924
0.061825
0.063766
0.065745
0.067754
0.069809
0.071897
0.074021
0.076193
0.078395
0.080639
0.082930
0.085250
0.087617
0.090030
0.092473
0.094965
0.097503
0.100072
0.102691
0.105357
0.108053
0.110798
0.113594
0.116420
0.119291
0.122218
0.125176
0.128172
0.131225
0.134319
0.137442
0.140614
0.143840
0.147097
0.150386
0.153730
0.157122
0.160538
0.163990
0.167497
0.171048
0.174622
0.178226
0.181882
0.185586
0.189315
0.193063
0.196849
0.200686
0.204563
0.208458
0.212368
0.216308
0.220293
0.224320
0.228373
0.232436
0.236508
0.240596
0.244715
0.248869
0.253059
0.257276
0.261512
0.265760
0.270016
0.274279
0.278547
0.282822
0.287103
0.291389
0.295679
0.299972
0.304266
0.308561
0.312853
0.317142
0.321426
0.325703
0.329971
0.334229
0.338473
0.342704
0.346919
0.351115
0.355292
0.359447
0.363578
0.367683
0.371761
0.375809
0.379827
0.383810
0.387759
0.391670
0.395542
0.399374
0.403162
0.406906
0.410603
0.414252
0.417851
0.421398
0.424891
0.428328
0.431708
0.435029
0.438288
0.441485
0.444619
0.447685
0.450684
0.453615
0.456475
0.459263
0.461978
0.464617
0.467180
0.469666
0.472072
0.474399
0.476644
0.478806
0.480885
0.482879
0.484787
0.486609
0.488343
0.489990
0.491546
0.493013
0.494390
0.495675
0.496868
0.497970
0.498979
0.499896
0.500719
0.501448
0.502085
0.502627
0.503075
0.503430
0.503691
0.503859
0.503934
0.503914
0.503803
0.503600
0.503304
0.502918
0.502440
0.501874
0.501218
0.500474
0.499642
0.498724
0.497721
0.496634
0.495463
0.494211
0.492878
0.491464
0.489974
0.488406
0.486763
0.485047
0.483258
0.481399
0.479470
0.477476
0.475416
0.473293
0.471109
0.468865
0.466563
0.464207
0.461796
0.459333
0.456822
0.454264
0.451661
0.449015
0.446329
0.443604
0.440843
0.438050
0.435224
0.432371
0.429491
0.426586
0.423661
0.420716
0.417755
0.414780
0.411793
0.408797
0.405794
0.402787
0.399778
0.396770
0.393765
0.390765
0.387774
0.384794
0.381826
0.378874
0.375939
0.373025
0.370133
0.367265
0.364426
0.361615
0.358837
0.356094
0.353386
0.350717
0.348088
0.345503
0.342961
0.340467
0.338022
0.335628
0.333286
0.330999
0.328767
0.326595
0.324483
0.322432
0.320445
0.318521
0.316665
0.314876
0.313157
0.311509
0.309933
0.308429
0.306999
0.305645
0.304368
0.303169
0.302049
0.301007
0.300046
0.299165
0.298366
0.297651
0.297018
0.296468
0.296002
0.295620
0.295323
0.295111
0.294983
0.294940
0.294982
0.295109
0.295321
0.295618
0.295999
0.296466
0.297016
0.297649
0.298364
0.299163
0.300043
0.301004
0.302046
0.303167
0.304366
0.305643
0.306996
0.308425
0.309929
0.311506
0.313155
0.314874
0.316663
0.318519
0.320442
0.322429
0.324481
0.326593
0.328765
0.330996
0.333284
0.335626
0.338020
0.340466
0.342960
0.345500
0.348087
0.350715
0.353384
0.356092
0.358836
0.361614
0.364423
0.367263
0.370129
0.373021
0.375935
0.378871
0.381822
0.384790
0.387770
0.390761
0.393760
0.396766
0.399774
0.402783
0.405791
0.408794
0.411790
0.414777
0.417752
0.420713
0.423658
0.426583
0.429487
0.432367
0.435221
0.438046
0.440840
0.443600
0.446325
0.449012
0.451659
0.454262
0.456821
0.459332
0.461794
0.464204
0.466562
0.468864
0.471107
0.473293
0.475416
0.477476
0.479470
0.481398
0.483256
0.485045
0.486762
0.488404
0.489973
0.491464
0.492877
0.494211
0.495463
0.496634
0.497722
0.498725
0.499643
0.500474
0.501218
0.501874
0.502441
0.502918
0.503304
0.503599
0.503802
0.503914
0.503933
0.503859
0.503691
0.503430
0.503076
0.502627
0.502085
0.501450
0.500721
0.499898
0.498982
0.497973
0.496872
0.495678
0.494393
0.493016
0.491549
0.489992
0.488346
0.486611
0.484789
0.482881
0.480887
0.478808
0.476646
0.474401
0.472075
0.469667
0.467182
0.464618
0.461979
0.459264
0.456476
0.453617
0.450686
0.447686
0.444619
0.441486
0.438289
0.435029
0.431709
0.428329
0.424891
0.421398
0.417852
0.414253
0.410604
0.406906
0.403163
0.399375
0.395543
0.391671
0.387759
0.383811
0.379827
0.375811
0.371763
0.367685
0.363580
0.359449
0.355294
0.351117
0.346921
0.342707
0.338476
0.334231
0.329974
0.325706
0.321430
0.317146
0.312857
0.308565
0.304271
0.299976
0.295684
0.291394
0.287110
0.282832
0.278563
0.274303
0.270055
0.265819
0.261597
0.257391
0.253202
0.249032
0.244881
0.240752
0.236644
0.232561
0.228502
0.224469
0.220464
0.216487
0.212539
0.208621
0.204735
0.200881
0.197060
0.193273
0.189521
0.185805
0.182125
0.178483
0.174878
0.171312
0.167785
0.164298
0.160851
0.157445
0.154081
0.150758
0.147477
0.144239
0.141044
0.137892
0.134784
0.131719
0.128698
0.125721
0.122789
0.119901
0.117057
0.114259
0.111504
0.108795
0.106130
0.103510
0.100934
0.098402
0.095915
0.093472
0.091073
0.088718
0.086407
0.084139
0.081914
0.079732
0.077593
0.075495
0.073440
0.071427
0.069455
0.067524
0.065633
0.063783
0.061972
0.060201
0.058468
0.056774
0.055119
0.053500
0.051919
0.050375
0.048867
0.047394
0.045957
0.044554
0.043185
0.041851
0.040549
0.039280
0.038043
0.036837
0.035663
0.034519
0.033406
0.032321
0.031266
0.030239
0.029240
0.028268
0.027323
0.026405
0.025512
0.024644
0.023801
0.022983
0.022188
0.021416
0.020667
0.019941
0.019236
0.018552
0.017889
0.017246
0.016623
0.016019
0.015434
0.014868
0.014319
0.013788
0.013274
0.012776
0.012295
0.011830
0.011380
0.010944
0.010524
0.010117
0.009724
0.009345
0.008979
0.008625
0.008283
0.007954
0.007636
0.007329
0.007033
0.006748
0.006473
0.006208
0.005953
0.005707
0.005470
0.005242
0.005022
0.004811
0.004608
0.004412
0.004224
0.004043
0.003869
0.003701
0.003541
0.003386
0.003238
0.003095
0.002959
0.002827
0.002701
0.002580
0.002464
0.002353
0.002247
0.002144
0.002046
0.001952
0.001862
0.001776
0.001694
0.001614
0.001539
0.001466
0.001397
0.001331
0.001268
0.001207
0.001149
0.001094
0.001041
0.000990
0.000942
0.000896
0.000852
0.000810
0.000770
0.000731
0.000695
0.000660
0.000627
0.000595
0.000565
0.000536
0.000509
0.000483
0.000458
0.000434
0.000412
0.000390
0.000370
0.000351
0.000332
0.000315
0.000298
0.000282
0.000267
0.000253
0.000239
0.000226
0.000214
0.000203
0.000192
0.000181
0.000171
0.000162
0.000153
0.000144
0.000136
0.000129
0.000121
0.000115
0.000108
0.000102
0.000096
0.000091
0.000086
0.000081
0.000076
0.000072
0.000068
0.000064
0.000060
0.000056
0.000053
0.000050
0.000047
0.000044
0.000042
0.000039
0.000037
0.000035
0.000033
0.000031
0.000029
0.000027
0.000025
0.000024
0.000022
0.000021
0.000020
0.000018
0.000017
0.000016
0.000015
0.000014
0.000013
0.000013
0.000012
0.000011
0.000010
0.000010
0.000009
0.000008
0.000008
0.000007
0.000007
0.000006
0.000006
0.000006
0.000005
0.000005
0.000005
0.000004
0.000004
0.000004
0.000004
0.000003
0.000003
0.000003
0.000003
0.000002
0.000002
0.000002
0.000002
0.000002
0.000002
0.000002
0.000002
0.000001
0.000001
0.000001
0.000001
0.000001
0.000001
0.000001
0.000001
0.000001
0.000001
0.000001
0.000001
0.000001
0.000001
0.000001
0.000000
0.000000
0.000000
0.000000
0.000000
0.000000
0.000000
0.000000
0.000000
0.000000
0.000000
0.000000
0.000000
0.000000
0.000000
0.000000
0.000000
0.000000
0.000000
0.000000
0.000000
0.000000
0.000000
0.000000
0.000000
0.000000
0.000000
0.000000
0.000000
0.000000
0.000000
0.000000
0.000000
0.000000
0.000000
0.000000
0.000000
0.000000
0.000000
0.000000
0.000000
0.000000
0.000000
0.000000
0.000000
0.000000
0.000000
0.000000
0.000000
0.000000
0.000000
0.000000
0.000000
0.000000
0.000000
0.000000
0.000000
0.000000
0.000000
0.000000
0.000000
0.000000
0.000000
0.000000
0.000000
0.000000
0.000000
0.000000
0.000000
0.000000
0.000000
0.000000
0.000000
0.000000
0.000000
0.000000
0.000000
0.000000
0.000000
0.000000
0.000000
0.000000
0.000000
0.000000
0.000000
0.000000
0.000000
0.000000
0.000000
0.000000
0.000000
0.000000
0.000000
0.000000
0.000000
0.000000
0.000000
0.000000
0.000000
0.000000
0.000000
0.000000
0.000000
0.000000
0.000000
0.000000
0.000000
0.000000
0.000000
0.000000
0.000000
0.000000
0.000000
0.000000
0.000000
0.000000
0.000000
0.000000
0.000000
0.000000
0.000000
0.000000
0.000000
0.000000
0.000000
0.000000
0.000000
0.000000
0.000000
0.000000
0.000000
0.000000
0.000000
0.000000
0.000000
0.000000
0.000000
0.000000
0.000000
0.000000
0.000000
0.000000
0.000000
0.000000
0.000000
0.000000
0.000000
0.000000
0.000000
0.000000
0.000000
0.000000
0.000000
0.000000
0.000000
0.000000
0.000000
0.000000
0.000000
0.000000
0.000000
0.000000
0.000000
0.000000
0.000000
0.000000
0.000000
0.000000
0.000000
0.000000
0.000000
0.000000
0.000000
0.000000
0.000000
0.000000
0.000000
0.000000
0.000000
0.000000
0.000000
0.000000
0.000000
0.000000
0.000000
0.000000
0.000000
0.000000
0.000000
0.000000
0.000000
0.000000
0.000000
0.000000
0.000000
0.000000
0.000000
0.000000
0.000000
0.000000
0.000000
0.000000
0.000000
0.000000
0.000000
0.000000
0.000000
0.000000
0.000000
0.000000
0.000000
0.000000
0.000000
0.000000
0.000000
0.000000
0.000000
