0.001062
0.002125
0.003190
0.004258
0.005329
0.006404
0.007485
0.008572
0.009666
0.010768
0.011878
0.012998
0.014129
0.015270
0.016426
0.017592
0.018775
0.019969
0.021182
0.022409
0.023655
0.024918
0.026200
0.027504
0.028825
0.030171
0.031535
0.032926
0.034337
0.035775
0.037239
0.038725
0.040244
0.041784
0.043358
0.044957
0.046586
0.048249
0.049936
0.051662
0.053416
0.055203
0.057029
0.058880
0.060774
0.062701
0.064660
0.066663
0.068696
0.070769
0.072884
0.075029
0.077221
0.079450
0.081713
0.084027
0.086374
0.088759
0.091197
0.093667
0.096177
0.098740
0.101336
0.103972
0.106662
0.109387
0.112149
0.114968
0.117824
0.120714
0.123659
0.126648
0.129666
0.132734
0.135855
0.139005
0.142193
0.145439
0.148724
0.152036
0.155394
0.158807
0.162253
0.165724
0.169243
0.172815
0.176417
0.180041
0.183707
0.187427
0.191181
0.194954
0.198753
0.202598
0.206491
0.210410
0.214342
0.218294
0.222284
0.226319
0.230388
0.234472
0.238563
0.242665
0.246789
0.250945
0.255137
0.259359
0.263603
0.267860
0.272126
0.276397
0.280673
0.284954
0.289238
0.293527
0.297819
0.302113
0.306408
0.310701
0.314992
0.319278
0.323558
0.327830
0.332093
0.336344
0.340582
0.344804
0.349009
0.353195
0.357361
0.361503
0.365621
0.369712
0.373775
0.377807
0.381807
0.385773
0.389702
0.393593
0.397444
0.401254
0.405019
0.408739
0.412411
0.416034
0.419606
0.423124
0.426588
0.429996
0.433345
0.436634
0.439861
0.443025
0.446123
0.449154
0.452117
0.455011
0.457833
0.460582
0.463257
0.465857
0.468379
0.470822
0.473186
0.475469
0.477671
0.479788
0.481821
0.483770
0.485632
0.487407
0.489093
0.490691
0.492199
0.493617
0.494944
0.496179
0.497322
0.498372
0.499331
0.500195
0.500967
0.501644
0.502228
0.502718
0.503113
0.503415
0.503623
0.503737
0.503758
0.503686
0.503522
0.503264
0.502915
0.502475
0.501944
0.501324
0.500615
0.499818
0.498934
0.497963
0.496908
0.495769
0.494546
0.493242
0.491857
0.490394
0.488852
0.487234
0.485541
0.483775
0.481938
0.480030
0.478054
0.476011
0.473904
0.471735
0.469505
0.467216
0.464869
0.462468
0.460013
0.457508
0.454955
0.452354
0.449710
0.447024
0.444297
0.441534
0.438734
0.435903
0.433040
0.430151
0.427235
0.424296
0.421335
0.418357
0.415363
0.412356
0.409338
0.406311
0.403278
0.400242
0.397204
0.394168
0.391136
0.388110
0.385092
0.382087
0.379094
0.376119
0.373162
0.370225
0.367310
0.364422
0.361562
0.358732
0.355934
0.353173
0.350447
0.347760
0.345115
0.342513
0.339956
0.337447
0.334988
0.332580
0.330225
0.327924
0.325681
0.323497
0.321373
0.319312
0.317314
0.315381
0.313516
0.311718
0.309991
0.308334
0.306751
0.305240
0.303804
0.302444
0.301161
0.299956
0.298831
0.297785
0.296819
0.295934
0.295132
0.294414
0.293778
0.293226
0.292758
0.292375
0.292076
0.291863
0.291734
0.291692
0.291734
0.291861
0.292074
0.292373
0.292756
0.293224
0.293776
0.294412
0.295131
0.295932
0.296816
0.297781
0.298828
0.299954
0.301158
0.302441
0.303801
0.305236
0.306747
0.308331
0.309988
0.311716
0.313514
0.315379
0.317312
0.319309
0.321371
0.323495
0.325679
0.327922
0.330222
0.332578
0.334986
0.337446
0.339955
0.342511
0.345114
0.347759
0.350445
0.353171
0.355933
0.358731
0.361560
0.364420
0.367307
0.370221
0.373157
0.376116
0.379091
0.382083
0.385088
0.388105
0.391131
0.394164
0.397200
0.400238
0.403274
0.406308
0.409335
0.412353
0.415360
0.418354
0.421333
0.424292
0.427232
0.430147
0.433037
0.435900
0.438731
0.441530
0.444294
0.447021
0.449708
0.452352
0.454953
0.457506
0.460012
0.462466
0.464867
0.467214
0.469504
0.471734
0.473905
0.476011
0.478054
0.480029
0.481937
0.483774
0.485540
0.487232
0.488850
0.490392
0.491857
0.493242
0.494546
0.495769
0.496909
0.497964
0.498935
0.499819
0.500616
0.501325
0.501945
0.502475
0.502915
0.503263
0.503520
0.503685
0.503757
0.503737
0.503623
0.503415
0.503114
0.502718
0.502228
0.501645
0.500968
0.500198
0.499333
0.498375
0.497325
0.496182
0.494947
0.493620
0.492202
0.490693
0.489096
0.487409
0.485634
0.483772
0.481824
0.479790
0.477672
0.475472
0.473189
0.470824
0.468380
0.465858
0.463259
0.460583
0.457834
0.455012
0.452119
0.449155
0.446123
0.443025
0.439861
0.436634
0.433346
0.429997
0.426589
0.423125
0.419606
0.416034
0.412411
0.408739
0.405020
0.401255
0.397445
0.393594
0.389703
0.385774
0.381808
0.377808
0.373776
0.369714
0.365623
0.361506
0.357363
0.353198
0.349011
0.344807
0.340584
0.336347
0.332096
0.327834
0.323561
0.319282
0.314995
0.310705
0.306412
0.302118
0.297824
0.293533
0.289246
0.284966
0.280692
0.276427
0.272173
0.267931
0.263703
0.259489
0.255291
0.251112
0.246951
0.242811
0.238693
0.234597
0.230526
0.226480
0.222461
0.218470
0.214507
0.210574
0.206672
0.202802
0.198965
0.195161
0.191392
0.187658
0.183960
0.180298
0.176675
0.173089
0.169543
0.166036
0.162569
0.159142
0.155757
0.152413
0.149112
0.145853
0.142636
0.139462
0.136332
0.133245
0.130203
0.127204
0.124249
0.121339
0.118473
0.115652
0.112876
0.110144
0.107457
0.104814
0.102216
0.099662
0.097153
0.094688
0.092267
0.089890
0.087557
0.085267
0.083021
0.080817
0.078657
0.076539
0.074463
0.072428
0.070436
0.068484
0.066573
0.064703
0.062872
0.061081
0.059330
0.057617
0.055942
0.054305
0.052705
0.051143
0.049616
0.048126
0.046671
0.045251
0.043865
0.042514
0.041196
0.039910
0.038657
0.037436
0.036246
0.035087
0.033959
0.032860
0.031790
0.030749
0.029736
0.028751
0.027792
0.026861
0.025955
0.025075
0.024220
0.023389
0.022583
0.021799
0.021039
0.020301
0.019586
0.018891
0.018218
0.017565
0.016932
0.016319
0.015724
0.015149
0.014591
0.014051
0.013529
0.013023
0.012534
0.012060
0.011603
0.011160
0.010732
0.010319
0.009919
0.009533
0.009160
0.008800
0.008453
0.008117
0.007793
0.007481
0.007180
0.006889
0.006609
0.006339
0.006079
0.005829
0.005587
0.005355
0.005131
0.004916
0.004708
0.004509
0.004317
0.004132
0.003955
0.003784
0.003620
0.003463
0.003311
0.003166
0.003026
0.002892
0.002764
0.002640
0.002522
0.002408
0.002299
0.002195
0.002095
0.001999
0.001907
0.001819
0.001734
0.001654
0.001576
0.001502
0.001431
0.001364
0.001299
0.001237
0.001178
0.001121
0.001067
0.001015
0.000966
0.000919
0.000873
0.000830
0.000789
0.000750
0.000713
0.000677
0.000643
0.000611
0.000580
0.000551
0.000522
0.000496
0.000470
0.000446
0.000423
0.000401
0.000380
0.000360
0.000341
0.000323
0.000306
0.000290
0.000275
0.000260
0.000246
0.000233
0.000220
0.000208
0.000197
0.000186
0.000176
0.000166
0.000157
0.000149
0.000140
0.000132
0.000125
0.000118
0.000111
0.000105
0.000099
0.000094
0.000088
0.000083
0.000078
0.000074
0.000070
0.000066
0.000062
0.000058
0.000055
0.000052
0.000049
0.000046
0.000043
0.000040
0.000038
0.000036
0.000034
0.000032
0.000030
0.000028
0.000026
0.000025
0.000023
0.000022
0.000020
0.000019
0.000018
0.000017
0.000016
0.000015
0.000014
0.000013
0.000012
0.000011
0.000011
0.000010
0.000009
0.000009
0.000008
0.000008
0.000007
0.000007
0.000006
0.000006
0.000005
0.000005
0.000005
0.000004
0.000004
0.000004
0.000004
0.000003
0.000003
0.000003
0.000003
0.000003
0.000002
0.000002
0.000002
0.000002
0.000002
0.000002
0.000002
0.000001
0.000001
0.000001
0.000001
0.000001
0.000001
0.000001
0.000001
0.000001
0.000001
0.000001
0.000001
0.000001
0.000001
0.000001
0.000000
0.000000
0.000000
0.000000
0.000000
0.000000
0.000000
0.000000
0.000000
0.000000
0.000000
0.000000
0.000000
0.000000
0.000000
0.000000
0.000000
0.000000
0.000000
0.000000
0.000000
0.000000
0.000000
0.000000
0.000000
0.000000
0.000000
0.000000
0.000000
0.000000
0.000000
0.000000
0.000000
0.000000
0.000000
0.000000
0.000000
0.000000
0.000000
0.000000
0.000000
0.000000
0.000000
0.000000
0.000000
0.000000
0.000000
0.000000
0.000000
0.000000
0.000000
0.000000
0.000000
0.000000
0.000000
0.000000
0.000000
0.000000
0.000000
0.000000
0.000000
0.000000
0.000000
0.000000
0.000000
0.000000
0.000000
0.000000
0.000000
0.000000
0.000000
0.000000
0.000000
0.000000
0.000000
0.000000
0.000000
0.000000
0.000000
0.000000
0.000000
0.000000
0.000000
0.000000
0.000000
0.000000
0.000000
0.000000
0.000000
0.000000
0.000000
0.000000
0.000000
0.000000
0.000000
0.000000
0.000000
0.000000
0.000000
0.000000
0.000000
0.000000
0.000000
0.000000
0.000000
0.000000
0.000000
0.000000
0.000000
0.000000
0.000000
0.000000
0.000000
0.000000
0.000000
0.000000
0.000000
0.000000
0.000000
0.000000
0.000000
0.000000
0.000000
0.000000
0.000000
0.000000
0.000000
0.000000
0.000000
0.000000
0.000000
0.000000
0.000000
0.000000
0.000000
0.000000
0.000000
0.000000
0.000000
0.000000
0.000000
0.000000
0.000000
0.000000
0.000000
0.000000
0.000000
0.000000
0.000000
0.000000
0.000000
0.000000
0.000000
0.000000
0.000000
0.000000
0.000000
0.000000
0.000000
0.000000
0.000000
0.000000
0.000000
0.000000
0.000000
0.000000
0.000000
0.000000
0.000000
0.000000
0.000000
0.000000
0.000000
0.000000
0.000000
0.000000
0.000000
0.000000
0.000000
0.000000
0.000000
0.000000
0.000000
0.000000
0.000000
0.000000
0.000000
0.000000
0.000000
0.000000
0.000000
0.000000
0.000000
0.000000
0.000000
0.000000
0.000000
0.000000
0.000000
0.000000
0.000000
0.000000
0.000000
0.000000
0.000000
0.000000
0.000000
0.000000
0.000000
0.000000
0.000000
0.000000
0.000000
0.000000
0.000000
0.000000
0.000000
