0.001080
0.002160
0.003242
0.004327
0.005416
0.006509
0.007607
0.008711
0.009823
0.010942
0.012071
0.013208
0.014358
0.015516
0.016690
0.017874
0.019075
0.020288
0.021518
0.022765
0.024028
0.025312
0.026611
0.027935
0.029274
0.030639
0.032024
0.033433
0.034866
0.036321
0.037807
0.039313
0.040851
0.042413
0.044004
0.045627
0.047274
0.048959
0.050669
0.052413
0.054192
0.055998
0.057845
0.059721
0.061633
0.063585
0.065565
0.067589
0.069648
0.071739
0.073878
0.076048
0.078258
0.080514
0.082800
0.085132
0.087508
0.089915
0.092372
0.094871
0.097401
0.099984
0.102610
0.105266
0.107976
0.110730
0.113515
0.116351
0.119236
0.122150
0.125111
0.128126
0.131172
0.134257
0.137398
0.140578
0.143787
0.147047
0.150358
0.153698
0.157071
0.160501
0.163973
0.167470
0.171002
0.174589
0.178217
0.181866
0.185546
0.189277
0.193052
0.196851
0.200668
0.204521
0.208425
0.212365
0.216321
0.220289
0.224287
0.228327
0.232407
0.236510
0.240622
0.244739
0.248871
0.253030
0.257223
0.261448
0.265697
0.269962
0.274237
0.278517
0.282800
0.287086
0.291375
0.295666
0.299960
0.304255
0.308549
0.312841
0.317129
0.321412
0.325688
0.329955
0.334212
0.338456
0.342686
0.346899
0.351095
0.355270
0.359424
0.363554
0.367658
0.371734
0.375781
0.379797
0.383779
0.387726
0.391636
0.395506
0.399336
0.403123
0.406864
0.410559
0.414206
0.417803
0.421347
0.424837
0.428272
0.431649
0.434967
0.438224
0.441417
0.444547
0.447610
0.450606
0.453533
0.456389
0.459173
0.461883
0.464518
0.467077
0.469557
0.471959
0.474280
0.476520
0.478677
0.480749
0.482737
0.484639
0.486455
0.488182
0.489821
0.491370
0.492830
0.494198
0.495475
0.496660
0.497752
0.498752
0.499659
0.500472
0.501191
0.501816
0.502348
0.502785
0.503127
0.503376
0.503531
0.503593
0.503560
0.503434
0.503217
0.502905
0.502503
0.502010
0.501426
0.500753
0.499991
0.499141
0.498204
0.497181
0.496074
0.494882
0.493608
0.492253
0.490817
0.489303
0.487711
0.486043
0.484301
0.482486
0.480600
0.478644
0.476620
0.474530
0.472377
0.470162
0.467887
0.465553
0.463162
0.460716
0.458218
0.455671
0.453075
0.450434
0.447749
0.445023
0.442257
0.439455
0.436618
0.433749
0.430850
0.427925
0.424973
0.422000
0.419006
0.415995
0.412968
0.409930
0.406881
0.403823
0.400761
0.397696
0.394630
0.391567
0.388509
0.385457
0.382414
0.379384
0.376367
0.373369
0.370389
0.367430
0.364494
0.361586
0.358706
0.355857
0.353041
0.350260
0.347518
0.344814
0.342153
0.339535
0.336963
0.334440
0.331967
0.329545
0.327178
0.324864
0.322610
0.320414
0.318279
0.316208
0.314200
0.312258
0.310383
0.308577
0.306842
0.305178
0.303587
0.302070
0.300627
0.299261
0.297973
0.296763
0.295633
0.294583
0.293612
0.292725
0.291920
0.291198
0.290559
0.290005
0.289535
0.289151
0.288851
0.288637
0.288507
0.288464
0.288507
0.288634
0.288849
0.289149
0.289533
0.290003
0.290557
0.291196
0.291918
0.292722
0.293610
0.294579
0.295630
0.296761
0.297971
0.299258
0.300624
0.302066
0.303584
0.305175
0.306839
0.308575
0.310381
0.312256
0.314197
0.316205
0.318277
0.320412
0.322607
0.324862
0.327174
0.329543
0.331965
0.334439
0.336962
0.339534
0.342151
0.344813
0.347516
0.350259
0.353039
0.355855
0.358704
0.361584
0.364492
0.367426
0.370385
0.373365
0.376364
0.379379
0.382410
0.385452
0.388504
0.391562
0.394626
0.397692
0.400757
0.403820
0.406877
0.409926
0.412965
0.415992
0.419003
0.421997
0.424970
0.427921
0.430847
0.433746
0.436614
0.439451
0.442254
0.445020
0.447747
0.450432
0.453073
0.455669
0.458217
0.460714
0.463159
0.465550
0.467885
0.470161
0.472377
0.474530
0.476620
0.478643
0.480599
0.482485
0.484299
0.486042
0.487709
0.489302
0.490817
0.492252
0.493609
0.494883
0.496074
0.497182
0.498205
0.499141
0.499992
0.500753
0.501426
0.502010
0.502503
0.502905
0.503215
0.503434
0.503559
0.503592
0.503531
0.503376
0.503128
0.502785
0.502348
0.501818
0.501193
0.500474
0.499661
0.498755
0.497755
0.496663
0.495478
0.494201
0.492832
0.491372
0.489823
0.488185
0.486457
0.484641
0.482739
0.480751
0.478678
0.476522
0.474282
0.471961
0.469559
0.467079
0.464520
0.461884
0.459174
0.456390
0.453535
0.450607
0.447611
0.444547
0.441418
0.438224
0.434968
0.431650
0.428272
0.424838
0.421347
0.417803
0.414207
0.410560
0.406865
0.403124
0.399337
0.395507
0.391637
0.387727
0.383780
0.379798
0.375783
0.371736
0.367660
0.363556
0.359426
0.355272
0.351097
0.346902
0.342689
0.338459
0.334215
0.329959
0.325691
0.321416
0.317133
0.312844
0.308553
0.304259
0.299965
0.295673
0.291385
0.287101
0.282824
0.278554
0.274295
0.270047
0.265812
0.261591
0.257385
0.253196
0.249026
0.244876
0.240747
0.236640
0.232556
0.228498
0.224465
0.220460
0.216483
0.212535
0.208618
0.204732
0.200878
0.197058
0.193271
0.189519
0.185803
0.182123
0.178481
0.174876
0.171310
0.167783
0.164297
0.160850
0.157444
0.154079
0.150757
0.147476
0.144238
0.141043
0.137891
0.134783
0.131718
0.128697
0.125721
0.122788
0.119900
0.117057
0.114258
0.111504
0.108795
0.106130
0.103509
0.100933
0.098402
0.095915
0.093472
0.091073
0.088718
0.086407
0.084139
0.081914
0.079732
0.077592
0.075495
0.073440
0.071427
0.069455
0.067523
0.065633
0.063782
0.061972
0.060201
0.058468
0.056774
0.055119
0.053500
0.051919
0.050375
0.048867
0.047394
0.045957
0.044554
0.043185
0.041851
0.040549
0.039280
0.038043
0.036837
0.035663
0.034519
0.033406
0.032321
0.031266
0.030239
0.029240
0.028268
0.027323
0.026405
0.025512
0.024644
0.023801
0.022983
0.022188
0.021416
0.020667
0.019941
0.019236
0.018552
0.017889
0.017246
0.016623
0.016019
0.015434
0.014868
0.014319
0.013788
0.013274
0.012776
0.012295
0.011830
0.011380
0.010944
0.010524
0.010117
0.009724
0.009345
0.008979
0.008625
0.008283
0.007954
0.007636
0.007329
0.007033
0.006748
0.006473
0.006208
0.005953
0.005707
0.005470
0.005242
0.005022
0.004811
0.004608
0.004412
0.004224
0.004043
0.003869
0.003701
0.003541
0.003386
0.003238
0.003096
0.002959
0.002827
0.002701
0.002580
0.002464
0.002353
0.002247
0.002144
0.002046
0.001952
0.001862
0.001776
0.001694
0.001615
0.001539
0.001466
0.001397
0.001331
0.001268
0.001207
0.001149
0.001094
0.001041
0.000990
0.000942
0.000896
0.000852
0.000810
0.000770
0.000731
0.000695
0.000660
0.000627
0.000595
0.000565
0.000536
0.000509
0.000483
0.000458
0.000434
0.000412
0.000390
0.000370
0.000351
0.000332
0.000315
0.000298
0.000282
0.000267
0.000253
0.000239
0.000226
0.000214
0.000203
0.000192
0.000181
0.000171
0.000162
0.000153
0.000144
0.000136
0.000129
0.000122
0.000115
0.000108
0.000102
0.000096
0.000091
0.000086
0.000081
0.000076
0.000072
0.000068
0.000064
0.000060
0.000056
0.000053
0.000050
0.000047
0.000044
0.000042
0.000039
0.000037
0.000035
0.000033
0.000031
0.000029
0.000027
0.000025
0.000024
0.000022
0.000021
0.000020
0.000018
0.000017
0.000016
0.000015
0.000014
0.000013
0.000013
0.000012
0.000011
0.000010
0.000010
0.000009
0.000008
0.000008
0.000007
0.000007
0.000006
0.000006
0.000006
0.000005
0.000005
0.000005
0.000004
0.000004
0.000004
0.000004
0.000003
0.000003
0.000003
0.000003
0.000002
0.000002
0.000002
0.000002
0.000002
0.000002
0.000002
0.000002
0.000001
0.000001
0.000001
0.000001
0.000001
0.000001
0.000001
0.000001
0.000001
0.000001
0.000001
0.000001
0.000001
0.000001
0.000001
0.000000
0.000000
0.000000
0.000000
0.000000
0.000000
0.000000
0.000000
0.000000
0.000000
0.000000
0.000000
0.000000
0.000000
0.000000
0.000000
0.000000
0.000000
0.000000
0.000000
0.000000
0.000000
0.000000
0.000000
0.000000
0.000000
0.000000
0.000000
0.000000
0.000000
0.000000
0.000000
0.000000
0.000000
0.000000
0.000000
0.000000
0.000000
0.000000
0.000000
0.000000
0.000000
0.000000
0.000000
0.000000
0.000000
0.000000
0.000000
0.000000
0.000000
0.000000
0.000000
0.000000
0.000000
0.000000
0.000000
0.000000
0.000000
0.000000
0.000000
0.000000
0.000000
0.000000
0.000000
0.000000
0.000000
0.000000
0.000000
0.000000
0.000000
0.000000
0.000000
0.000000
0.000000
0.000000
0.000000
0.000000
0.000000
0.000000
0.000000
0.000000
0.000000
0.000000
0.000000
0.000000
0.000000
0.000000
0.000000
0.000000
0.000000
0.000000
0.000000
0.000000
0.000000
0.000000
0.000000
0.000000
0.000000
0.000000
0.000000
0.000000
0.000000
0.000000
0.000000
0.000000
0.000000
0.000000
0.000000
0.000000
0.000000
0.000000
0.000000
0.000000
0.000000
0.000000
0.000000
0.000000
0.000000
0.000000
0.000000
0.000000
0.000000
0.000000
0.000000
0.000000
0.000000
0.000000
0.000000
0.000000
0.000000
0.000000
0.000000
0.000000
0.000000
0.000000
0.000000
0.000000
0.000000
0.000000
0.000000
0.000000
0.000000
0.000000
0.000000
0.000000
0.000000
0.000000
0.000000
0.000000
0.000000
0.000000
0.000000
0.000000
0.000000
0.000000
0.000000
0.000000
0.000000
0.000000
0.000000
0.000000
0.000000
0.000000
0.000000
0.000000
0.000000
0.000000
0.000000
0.000000
0.000000
0.000000
0.000000
0.000000
0.000000
0.000000
0.000000
0.000000
0.000000
0.000000
0.000000
0.000000
0.000000
0.000000
0.000000
0.000000
0.000000
0.000000
0.000000
0.000000
0.000000
0.000000
0.000000
0.000000
0.000000
0.000000
0.000000
0.000000
0.000000
0.000000
0.000000
0.000000
0.000000
0.000000
0.000000
0.000000
0.000000
0.000000
0.000000
0.000000
0.000000
0.000000
0.000000
0.000000
0.000000
0.000000
0.000000
