0.001097
0.002195
0.003295
0.004398
0.005504
0.006614
0.007731
0.008852
0.009982
0.011119
0.012266
0.013421
0.014588
0.015766
0.016957
0.018160
0.019378
0.020611
0.021859
0.023126
0.024407
0.025710
0.027028
0.028370
0.029730
0.031113
0.032519
0.033945
0.035400
0.036875
0.038380
0.039908
0.041463
0.043049
0.044658
0.046303
0.047972
0.049675
0.051410
0.053172
0.054975
0.056803
0.058669
0.060571
0.062501
0.064476
0.066481
0.068523
0.070608
0.072721
0.074880
0.077078
0.079307
0.081586
0.083899
0.086249
0.088650
0.091083
0.093557
0.096083
0.098639
0.101240
0.103892
0.106574
0.109302
0.112082
0.114893
0.117747
0.120655
0.123598
0.126577
0.129613
0.132688
0.135793
0.138951
0.142158
0.145393
0.148668
0.152000
0.155368
0.158763
0.162205
0.165700
0.169224
0.172775
0.176373
0.180023
0.183699
0.187397
0.191138
0.194929
0.198752
0.202592
0.206457
0.210368
0.214323
0.218302
0.222292
0.226300
0.230345
0.234432
0.238551
0.242682
0.246816
0.250960
0.255123
0.259317
0.263542
0.267795
0.272067
0.276349
0.280637
0.284928
0.289219
0.293512
0.297806
0.302101
0.306396
0.310689
0.314979
0.319265
0.323544
0.327816
0.332078
0.336328
0.340565
0.344786
0.348990
0.353175
0.357340
0.361481
0.365598
0.369688
0.373749
0.377780
0.381779
0.385743
0.389670
0.393560
0.397409
0.401217
0.404980
0.408698
0.412368
0.415989
0.419558
0.423074
0.426536
0.429941
0.433287
0.436574
0.439798
0.442958
0.446053
0.449081
0.452041
0.454931
0.457749
0.460494
0.463165
0.465760
0.468278
0.470716
0.473075
0.475353
0.477549
0.479662
0.481689
0.483631
0.485487
0.487255
0.488935
0.490526
0.492027
0.493437
0.494757
0.495983
0.497117
0.498159
0.499108
0.499963
0.500725
0.501392
0.501965
0.502444
0.502828
0.503118
0.503314
0.503416
0.503424
0.503338
0.503160
0.502888
0.502524
0.502068
0.501522
0.500885
0.500159
0.499345
0.498443
0.497453
0.496378
0.495219
0.493976
0.492651
0.491244
0.489758
0.488194
0.486551
0.484833
0.483042
0.481179
0.479245
0.477241
0.475170
0.473034
0.470835
0.468573
0.466254
0.463875
0.461440
0.458951
0.456411
0.453821
0.451185
0.448502
0.445777
0.443012
0.440207
0.437367
0.434493
0.431588
0.428653
0.425692
0.422706
0.419698
0.416672
0.413628
0.410570
0.407501
0.404421
0.401334
0.398243
0.395150
0.392057
0.388968
0.385883
0.382806
0.379739
0.376684
0.373645
0.370623
0.367622
0.364641
0.361685
0.358757
0.355858
0.352990
0.350156
0.347358
0.344598
0.341879
0.339201
0.336568
0.333982
0.331445
0.328958
0.326524
0.324144
0.321819
0.319553
0.317346
0.315201
0.313120
0.311103
0.309152
0.307269
0.305454
0.303712
0.302040
0.300442
0.298918
0.297470
0.296098
0.294805
0.293590
0.292455
0.291401
0.290426
0.289535
0.288728
0.288002
0.287361
0.286805
0.286333
0.285948
0.285647
0.285431
0.285302
0.285258
0.285301
0.285430
0.285645
0.285946
0.286332
0.286803
0.287360
0.288000
0.288725
0.289533
0.290424
0.291398
0.292452
0.293587
0.294802
0.296095
0.297467
0.298915
0.300439
0.302037
0.303708
0.305452
0.307266
0.309150
0.311100
0.313117
0.315199
0.317344
0.319551
0.321817
0.324141
0.326521
0.328956
0.331444
0.333981
0.336567
0.339200
0.341877
0.344597
0.347356
0.350154
0.352989
0.355856
0.358754
0.361683
0.364637
0.367618
0.370619
0.373641
0.376680
0.379734
0.382801
0.385878
0.388962
0.392053
0.395146
0.398239
0.401331
0.404418
0.407497
0.410567
0.413625
0.416669
0.419696
0.422703
0.425688
0.428649
0.431584
0.434489
0.437364
0.440204
0.443009
0.445775
0.448501
0.451182
0.453819
0.456409
0.458950
0.461437
0.463872
0.466252
0.468573
0.470834
0.473034
0.475170
0.477240
0.479244
0.481178
0.483041
0.484832
0.486549
0.488192
0.489757
0.491243
0.492651
0.493976
0.495219
0.496379
0.497454
0.498443
0.499345
0.500160
0.500886
0.501522
0.502068
0.502523
0.502887
0.503159
0.503337
0.503423
0.503415
0.503314
0.503118
0.502829
0.502444
0.501966
0.501393
0.500727
0.499966
0.499110
0.498162
0.497120
0.495986
0.494759
0.493439
0.492029
0.490528
0.488938
0.487258
0.485489
0.483633
0.481691
0.479663
0.477551
0.475356
0.473078
0.470718
0.468279
0.465761
0.463166
0.460495
0.457750
0.454932
0.452043
0.449082
0.446054
0.442958
0.439798
0.436574
0.433288
0.429942
0.426537
0.423075
0.419559
0.415989
0.412369
0.408698
0.404981
0.401218
0.397410
0.393561
0.389671
0.385743
0.381780
0.377781
0.373751
0.369690
0.365600
0.361483
0.357342
0.353178
0.348993
0.344789
0.340567
0.336331
0.332081
0.327819
0.323548
0.319269
0.314983
0.310693
0.306401
0.302107
0.297814
0.293524
0.289238
0.284957
0.280684
0.276420
0.272166
0.267925
0.263696
0.259483
0.255286
0.251106
0.246946
0.242806
0.238688
0.234593
0.230522
0.226477
0.222458
0.218467
0.214504
0.210571
0.206670
0.202800
0.198963
0.195159
0.191390
0.187656
0.183958
0.180296
0.176673
0.173088
0.169541
0.166034
0.162568
0.159141
0.155756
0.152412
0.149111
0.145852
0.142635
0.139461
0.136331
0.133245
0.130202
0.127203
0.124249
0.121339
0.118473
0.115652
0.112875
0.110144
0.107456
0.104814
0.102216
0.099662
0.097153
0.094688
0.092267
0.089890
0.087557
0.085267
0.083021
0.080817
0.078657
0.076538
0.074462
0.072428
0.070436
0.068484
0.066573
0.064703
0.062872
0.061081
0.059329
0.057616
0.055942
0.054305
0.052705
0.051142
0.049616
0.048126
0.046671
0.045251
0.043865
0.042514
0.041196
0.039910
0.038657
0.037436
0.036246
0.035087
0.033959
0.032860
0.031790
0.030749
0.029736
0.028751
0.027792
0.026861
0.025955
0.025075
0.024220
0.023389
0.022583
0.021799
0.021039
0.020301
0.019586
0.018891
0.018218
0.017565
0.016932
0.016319
0.015724
0.015149
0.014591
0.014051
0.013529
0.013023
0.012534
0.012060
0.011603
0.011160
0.010732
0.010319
0.009919
0.009533
0.009160
0.008800
0.008453
0.008117
0.007793
0.007481
0.007180
0.006889
0.006609
0.006339
0.006079
0.005829
0.005587
0.005355
0.005131
0.004916
0.004708
0.004509
0.004317
0.004132
0.003955
0.003784
0.003620
0.003463
0.003311
0.003166
0.003026
0.002892
0.002764
0.002640
0.002522
0.002408
0.002299
0.002195
0.002095
0.001999
0.001907
0.001819
0.001734
0.001654
0.001576
0.001502
0.001431
0.001364
0.001299
0.001237
0.001178
0.001121
0.001067
0.001015
0.000966
0.000919
0.000873
0.000830
0.000789
0.000750
0.000713
0.000677
0.000643
0.000611
0.000580
0.000551
0.000522
0.000496
0.000470
0.000446
0.000423
0.000401
0.000380
0.000360
0.000341
0.000323
0.000306
0.000290
0.000275
0.000260
0.000246
0.000233
0.000220
0.000208
0.000197
0.000186
0.000176
0.000166
0.000157
0.000149
0.000140
0.000132
0.000125
0.000118
0.000111
0.000105
0.000099
0.000094
0.000088
0.000083
0.000078
0.000074
0.000070
0.000066
0.000062
0.000058
0.000055
0.000052
0.000049
0.000046
0.000043
0.000040
0.000038
0.000036
0.000034
0.000032
0.000030
0.000028
0.000026
0.000025
0.000023
0.000022
0.000020
0.000019
0.000018
0.000017
0.000016
0.000015
0.000014
0.000013
0.000012
0.000011
0.000011
0.000010
0.000009
0.000009
0.000008
0.000008
0.000007
0.000007
0.000006
0.000006
0.000005
0.000005
0.000005
0.000004
0.000004
0.000004
0.000004
0.000003
0.000003
0.000003
0.000003
0.000003
0.000002
0.000002
0.000002
0.000002
0.000002
0.000002
0.000002
0.000001
0.000001
0.000001
0.000001
0.000001
0.000001
0.000001
0.000001
0.000001
0.000001
0.000001
0.000001
0.000001
0.000001
0.000001
0.000000
0.000000
0.000000
0.000000
0.000000
0.000000
0.000000
0.000000
0.000000
0.000000
0.000000
0.000000
0.000000
0.000000
0.000000
0.000000
0.000000
0.000000
0.000000
0.000000
0.000000
0.000000
0.000000
0.000000
0.000000
0.000000
0.000000
0.000000
0.000000
0.000000
0.000000
0.000000
0.000000
0.000000
0.000000
0.000000
0.000000
0.000000
0.000000
0.000000
0.000000
0.000000
0.000000
0.000000
0.000000
0.000000
0.000000
0.000000
0.000000
0.000000
0.000000
0.000000
0.000000
0.000000
0.000000
0.000000
0.000000
0.000000
0.000000
0.000000
0.000000
0.000000
0.000000
0.000000
0.000000
0.000000
0.000000
0.000000
0.000000
0.000000
0.000000
0.000000
0.000000
0.000000
0.000000
0.000000
0.000000
0.000000
0.000000
0.000000
0.000000
0.000000
0.000000
0.000000
0.000000
0.000000
0.000000
0.000000
0.000000
0.000000
0.000000
0.000000
0.000000
0.000000
0.000000
0.000000
0.000000
0.000000
0.000000
0.000000
0.000000
0.000000
0.000000
0.000000
0.000000
0.000000
0.000000
0.000000
0.000000
0.000000
0.000000
0.000000
0.000000
0.000000
0.000000
0.000000
0.000000
0.000000
0.000000
0.000000
0.000000
0.000000
0.000000
0.000000
0.000000
0.000000
0.000000
0.000000
0.000000
0.000000
0.000000
0.000000
0.000000
0.000000
0.000000
0.000000
0.000000
0.000000
0.000000
0.000000
0.000000
0.000000
0.000000
0.000000
0.000000
0.000000
0.000000
0.000000
0.000000
0.000000
0.000000
0.000000
0.000000
0.000000
0.000000
0.000000
0.000000
0.000000
0.000000
0.000000
0.000000
0.000000
0.000000
0.000000
0.000000
0.000000
0.000000
0.000000
0.000000
0.000000
0.000000
0.000000
0.000000
0.000000
0.000000
0.000000
0.000000
0.000000
0.000000
0.000000
0.000000
0.000000
0.000000
0.000000
0.000000
0.000000
0.000000
0.000000
0.000000
0.000000
0.000000
0.000000
0.000000
0.000000
0.000000
0.000000
0.000000
0.000000
0.000000
0.000000
0.000000
0.000000
0.000000
0.000000
0.000000
0.000000
0.000000
0.000000
0.000000
0.000000
0.000000
0.000000
0.000000
0.000000
0.000000
0.000000
