0.001115
0.002231
0.003349
0.004469
0.005593
0.006722
0.007856
0.008996
0.010143
0.011298
0.012463
0.013637
0.014822
0.016019
0.017227
0.018450
0.019685
0.020938
0.022204
0.023490
0.024790
0.026111
0.027451
0.028810
0.030192
0.031592
0.033019
0.034465
0.035940
0.037436
0.038958
0.040510
0.042083
0.043691
0.045322
0.046986
0.048679
0.050400
0.052158
0.053942
0.055764
0.057617
0.059501
0.061427
0.063381
0.065375
0.067406
0.069467
0.071575
0.073715
0.075891
0.078115
0.080368
0.082665
0.085007
0.087378
0.089799
0.092261
0.094756
0.097303
0.099888
0.102508
0.105181
0.107894
0.110640
0.113441
0.116282
0.119156
0.122083
0.125055
0.128057
0.131109
0.134212
0.137343
0.140516
0.143746
0.147010
0.150304
0.153650
0.157045
0.160466
0.163923
0.167434
0.170986
0.174559
0.178170
0.181835
0.185537
0.189259
0.193012
0.196814
0.200658
0.204522
0.208404
0.212322
0.216288
0.220287
0.224299
0.228323
0.232374
0.236465
0.240594
0.244742
0.248896
0.253054
0.257224
0.261419
0.265644
0.269898
0.274174
0.278463
0.282758
0.287055
0.291353
0.295650
0.299946
0.304242
0.308537
0.312829
0.317117
0.321399
0.325675
0.329941
0.334197
0.338440
0.342669
0.346882
0.351076
0.355251
0.359403
0.363532
0.367635
0.371711
0.375756
0.379771
0.383751
0.387697
0.391605
0.395474
0.399302
0.403087
0.406826
0.410520
0.414164
0.417759
0.421301
0.424788
0.428221
0.431595
0.434911
0.438165
0.441356
0.444482
0.447542
0.450535
0.453458
0.456311
0.459091
0.461797
0.464428
0.466982
0.469459
0.471856
0.474172
0.476406
0.478558
0.480625
0.482607
0.484504
0.486313
0.488034
0.489666
0.491209
0.492661
0.494022
0.495291
0.496468
0.497552
0.498543
0.499441
0.500244
0.500954
0.501569
0.502090
0.502517
0.502848
0.503085
0.503228
0.503277
0.503232
0.503093
0.502862
0.502536
0.502120
0.501611
0.501011
0.500322
0.499543
0.498677
0.497722
0.496680
0.495554
0.494343
0.493048
0.491672
0.490215
0.488679
0.487064
0.485372
0.483606
0.481766
0.479854
0.477872
0.475821
0.473704
0.471522
0.469277
0.466970
0.464606
0.462183
0.459705
0.457173
0.454591
0.451960
0.449282
0.446560
0.443796
0.440991
0.438149
0.435271
0.432361
0.429419
0.426449
0.423452
0.420433
0.417392
0.414334
0.411258
0.408170
0.405069
0.401960
0.398844
0.395725
0.392604
0.389485
0.386369
0.383259
0.380157
0.377066
0.373988
0.370927
0.367883
0.364860
0.361858
0.358883
0.355935
0.353017
0.350131
0.347280
0.344465
0.341689
0.338954
0.336261
0.333613
0.331014
0.328463
0.325963
0.323516
0.321124
0.318788
0.316511
0.314294
0.312139
0.310048
0.308022
0.306062
0.304171
0.302349
0.300599
0.298921
0.297315
0.295786
0.294332
0.292955
0.291656
0.290437
0.289297
0.288239
0.287261
0.286367
0.285556
0.284828
0.284185
0.283626
0.283153
0.282766
0.282464
0.282248
0.282118
0.282074
0.282117
0.282247
0.282462
0.282764
0.283152
0.283625
0.284183
0.284826
0.285554
0.286365
0.287259
0.288236
0.289294
0.290433
0.291653
0.292952
0.294329
0.295783
0.297313
0.298917
0.300595
0.302347
0.304169
0.306060
0.308019
0.310046
0.312137
0.314292
0.316509
0.318786
0.321121
0.323513
0.325961
0.328461
0.331012
0.333613
0.336260
0.338952
0.341687
0.344463
0.347278
0.350130
0.353016
0.355933
0.358880
0.361855
0.364856
0.367878
0.370923
0.373984
0.377061
0.380152
0.383254
0.386364
0.389480
0.392600
0.395721
0.398841
0.401956
0.405066
0.408166
0.411255
0.414331
0.417390
0.420430
0.423450
0.426445
0.429415
0.432357
0.435268
0.438146
0.440989
0.443793
0.446558
0.449280
0.451958
0.454589
0.457172
0.459702
0.462180
0.464604
0.466969
0.469275
0.471521
0.473703
0.475821
0.477872
0.479854
0.481765
0.483605
0.485371
0.487062
0.488677
0.490214
0.491672
0.493049
0.494343
0.495554
0.496681
0.497722
0.498677
0.499544
0.500322
0.501012
0.501611
0.502119
0.502536
0.502860
0.503093
0.503231
0.503276
0.503228
0.503085
0.502849
0.502517
0.502091
0.501571
0.500956
0.500247
0.499443
0.498546
0.497554
0.496471
0.495294
0.494024
0.492663
0.491211
0.489668
0.488036
0.486315
0.484505
0.482609
0.480627
0.478560
0.476408
0.474174
0.471857
0.469460
0.466984
0.464429
0.461798
0.459092
0.456312
0.453460
0.450536
0.447543
0.444482
0.441356
0.438165
0.434911
0.431596
0.428222
0.424789
0.421301
0.417759
0.414165
0.410520
0.406827
0.403088
0.399303
0.395475
0.391606
0.387698
0.383752
0.379772
0.375758
0.371712
0.367638
0.363534
0.359406
0.355253
0.351079
0.346885
0.342672
0.338443
0.334200
0.329945
0.325678
0.321403
0.317121
0.312833
0.308542
0.304249
0.299956
0.295664
0.291376
0.287093
0.282816
0.278547
0.274288
0.270041
0.265806
0.261585
0.257380
0.253191
0.249021
0.244871
0.240742
0.236636
0.232552
0.228494
0.224462
0.220457
0.216480
0.212533
0.208615
0.204729
0.200876
0.197055
0.193269
0.189517
0.185801
0.182122
0.178479
0.174875
0.171309
0.167782
0.164295
0.160849
0.157443
0.154078
0.150756
0.147475
0.144237
0.141042
0.137890
0.134782
0.131717
0.128697
0.125720
0.122788
0.119900
0.117056
0.114258
0.111504
0.108794
0.106129
0.103509
0.100933
0.098402
0.095915
0.093472
0.091073
0.088718
0.086406
0.084138
0.081913
0.079732
0.077592
0.075495
0.073440
0.071427
0.069455
0.067523
0.065633
0.063782
0.061972
0.060200
0.058468
0.056774
0.055118
0.053500
0.051919
0.050375
0.048867
0.047394
0.045957
0.044554
0.043185
0.041851
0.040549
0.039280
0.038043
0.036837
0.035663
0.034519
0.033406
0.032321
0.031266
0.030239
0.029240
0.028268
0.027323
0.026405
0.025512
0.024644
0.023802
0.022983
0.022188
0.021416
0.020667
0.019941
0.019236
0.018552
0.017889
0.017246
0.016623
0.016019
0.015434
0.014868
0.014319
0.013788
0.013274
0.012776
0.012295
0.011830
0.011380
0.010944
0.010524
0.010117
0.009724
0.009345
0.008979
0.008625
0.008283
0.007954
0.007636
0.007329
0.007033
0.006748
0.006473
0.006208
0.005953
0.005707
0.005470
0.005242
0.005022
0.004811
0.004608
0.004412
0.004224
0.004043
0.003869
0.003701
0.003541
0.003386
0.003238
0.003096
0.002959
0.002827
0.002701
0.002580
0.002464
0.002353
0.002247
0.002144
0.002046
0.001952
0.001862
0.001776
0.001694
0.001615
0.001539
0.001466
0.001397
0.001331
0.001268
0.001207
0.001149
0.001094
0.001041
0.000990
0.000942
0.000896
0.000852
0.000810
0.000770
0.000731
0.000695
0.000660
0.000627
0.000595
0.000565
0.000536
0.000509
0.000483
0.000458
0.000434
0.000412
0.000390
0.000370
0.000351
0.000332
0.000315
0.000298
0.000282
0.000267
0.000253
0.000239
0.000226
0.000214
0.000203
0.000192
0.000181
0.000171
0.000162
0.000153
0.000144
0.000136
0.000129
0.000122
0.000115
0.000108
0.000102
0.000096
0.000091
0.000086
0.000081
0.000076
0.000072
0.000068
0.000064
0.000060
0.000056
0.000053
0.000050
0.000047
0.000044
0.000042
0.000039
0.000037
0.000035
0.000033
0.000031
0.000029
0.000027
0.000025
0.000024
0.000022
0.000021
0.000020
0.000018
0.000017
0.000016
0.000015
0.000014
0.000013
0.000013
0.000012
0.000011
0.000010
0.000010
0.000009
0.000008
0.000008
0.000007
0.000007
0.000006
0.000006
0.000006
0.000005
0.000005
0.000005
0.000004
0.000004
0.000004
0.000004
0.000003
0.000003
0.000003
0.000003
0.000002
0.000002
0.000002
0.000002
0.000002
0.000002
0.000002
0.000002
0.000001
0.000001
0.000001
0.000001
0.000001
0.000001
0.000001
0.000001
0.000001
0.000001
0.000001
0.000001
0.000001
0.000001
0.000001
0.000000
0.000000
0.000000
0.000000
0.000000
0.000000
0.000000
0.000000
0.000000
0.000000
0.000000
0.000000
0.000000
0.000000
0.000000
0.000000
0.000000
0.000000
0.000000
0.000000
0.000000
0.000000
0.000000
0.000000
0.000000
0.000000
0.000000
0.000000
0.000000
0.000000
0.000000
0.000000
0.000000
0.000000
0.000000
0.000000
0.000000
0.000000
0.000000
0.000000
0.000000
0.000000
0.000000
0.000000
0.000000
0.000000
0.000000
0.000000
0.000000
0.000000
0.000000
0.000000
0.000000
0.000000
0.000000
0.000000
0.000000
0.000000
0.000000
0.000000
0.000000
0.000000
0.000000
0.000000
0.000000
0.000000
0.000000
0.000000
0.000000
0.000000
0.000000
0.000000
0.000000
0.000000
0.000000
0.000000
0.000000
0.000000
0.000000
0.000000
0.000000
0.000000
0.000000
0.000000
0.000000
0.000000
0.000000
0.000000
0.000000
0.000000
0.000000
0.000000
0.000000
0.000000
0.000000
0.000000
0.000000
0.000000
0.000000
0.000000
0.000000
0.000000
0.000000
0.000000
0.000000
0.000000
0.000000
0.000000
0.000000
0.000000
0.000000
0.000000
0.000000
0.000000
0.000000
0.000000
0.000000
0.000000
0.000000
0.000000
0.000000
0.000000
0.000000
0.000000
0.000000
0.000000
0.000000
0.000000
0.000000
0.000000
0.000000
0.000000
0.000000
0.000000
0.000000
0.000000
0.000000
0.000000
0.000000
0.000000
0.000000
0.000000
0.000000
0.000000
0.000000
0.000000
0.000000
0.000000
0.000000
0.000000
0.000000
0.000000
0.000000
0.000000
0.000000
0.000000
0.000000
0.000000
0.000000
0.000000
0.000000
0.000000
0.000000
0.000000
0.000000
0.000000
0.000000
0.000000
0.000000
0.000000
0.000000
0.000000
0.000000
0.000000
0.000000
0.000000
0.000000
0.000000
0.000000
0.000000
0.000000
0.000000
0.000000
0.000000
0.000000
0.000000
0.000000
0.000000
0.000000
0.000000
0.000000
0.000000
0.000000
0.000000
0.000000
0.000000
0.000000
0.000000
0.000000
0.000000
0.000000
0.000000
0.000000
0.000000
0.000000
0.000000
0.000000
0.000000
0.000000
0.000000
0.000000
0.000000
0.000000
0.000000
0.000000
