0.001133
0.002267
0.003403
0.004541
0.005683
0.006830
0.007982
0.009141
0.010306
0.011480
0.012662
0.013856
0.015058
0.016274
0.017501
0.018743
0.019997
0.021268
0.022554
0.023858
0.025179
0.026518
0.027878
0.029255
0.030658
0.032078
0.033524
0.034992
0.036484
0.038004
0.039544
0.041117
0.042712
0.044339
0.045993
0.047675
0.049392
0.051134
0.052913
0.054721
0.056560
0.058439
0.060344
0.062291
0.064271
0.066283
0.068339
0.070424
0.072550
0.074717
0.076914
0.079160
0.081440
0.083756
0.086122
0.088520
0.090959
0.093448
0.095967
0.098532
0.101145
0.103789
0.106481
0.109221
0.111992
0.114810
0.117679
0.120578
0.123522
0.126520
0.129549
0.132618
0.135742
0.138903
0.142096
0.145341
0.148634
0.151952
0.155313
0.158728
0.162178
0.165654
0.169178
0.172752
0.176354
0.179981
0.183657
0.187381
0.191129
0.194898
0.198709
0.202569
0.206457
0.210360
0.214289
0.218261
0.222275
0.226309
0.230352
0.234412
0.238507
0.242642
0.246804
0.250977
0.255151
0.259331
0.263528
0.267753
0.272006
0.276284
0.280578
0.284880
0.289183
0.293486
0.297787
0.302086
0.306383
0.310677
0.314968
0.319253
0.323532
0.327803
0.332064
0.336314
0.340549
0.344770
0.348973
0.353157
0.357321
0.361461
0.365577
0.369666
0.373726
0.377756
0.381753
0.385715
0.389642
0.393530
0.397377
0.401183
0.404945
0.408661
0.412329
0.415948
0.419515
0.423029
0.426489
0.429891
0.433235
0.436519
0.439740
0.442897
0.445990
0.449015
0.451971
0.454858
0.457672
0.460414
0.463081
0.465672
0.468185
0.470620
0.472974
0.475247
0.477439
0.479546
0.481568
0.483505
0.485355
0.487117
0.488791
0.490375
0.491869
0.493272
0.494584
0.495803
0.496930
0.497963
0.498904
0.499750
0.500502
0.501160
0.501723
0.502192
0.502566
0.502845
0.503029
0.503119
0.503115
0.503017
0.502825
0.502540
0.502162
0.501692
0.501131
0.500479
0.499737
0.498906
0.497986
0.496979
0.495886
0.494709
0.493446
0.492101
0.490674
0.489166
0.487580
0.485915
0.484174
0.482359
0.480471
0.478511
0.476482
0.474385
0.472221
0.469994
0.467703
0.465353
0.462944
0.460478
0.457957
0.455383
0.452759
0.450087
0.447369
0.444608
0.441805
0.438961
0.436081
0.433167
0.430220
0.427243
0.424239
0.421207
0.418155
0.415082
0.411991
0.408885
0.405766
0.402636
0.399497
0.396354
0.393206
0.390059
0.386913
0.383772
0.380637
0.377512
0.374397
0.371296
0.368213
0.365148
0.362103
0.359082
0.356088
0.353121
0.350185
0.347281
0.344413
0.341582
0.338789
0.336039
0.333332
0.330670
0.328057
0.325493
0.322981
0.320522
0.318118
0.315772
0.313484
0.311257
0.309093
0.306992
0.304957
0.302990
0.301091
0.299262
0.297504
0.295819
0.294207
0.292672
0.291213
0.289831
0.288528
0.287303
0.286160
0.285097
0.284117
0.283219
0.282405
0.281675
0.281029
0.280469
0.279995
0.279606
0.279303
0.279086
0.278956
0.278912
0.278955
0.279085
0.279301
0.279604
0.279993
0.280468
0.281028
0.281673
0.282403
0.283217
0.284114
0.285095
0.286156
0.287300
0.288524
0.289828
0.291210
0.292670
0.294205
0.295816
0.297501
0.299259
0.301088
0.302987
0.304955
0.306990
0.309090
0.311255
0.313482
0.315769
0.318116
0.320519
0.322979
0.325491
0.328056
0.330670
0.333331
0.336038
0.338788
0.341580
0.344411
0.347280
0.350183
0.353119
0.356085
0.359079
0.362100
0.365143
0.368208
0.371292
0.374392
0.377506
0.380632
0.383767
0.386909
0.390055
0.393203
0.396350
0.399494
0.402632
0.405762
0.408882
0.411988
0.415079
0.418152
0.421205
0.424235
0.427239
0.430217
0.433163
0.436078
0.438958
0.441802
0.444605
0.447367
0.450085
0.452757
0.455381
0.457954
0.460475
0.462941
0.465351
0.467702
0.469993
0.472220
0.474385
0.476482
0.478512
0.480471
0.482358
0.484174
0.485914
0.487578
0.489165
0.490673
0.492101
0.493446
0.494709
0.495887
0.496980
0.497986
0.498906
0.499737
0.500479
0.501131
0.501692
0.502162
0.502539
0.502824
0.503016
0.503114
0.503119
0.503029
0.502845
0.502566
0.502192
0.501724
0.501162
0.500504
0.499752
0.498906
0.497966
0.496932
0.495806
0.494586
0.493274
0.491871
0.490377
0.488793
0.487119
0.485356
0.483506
0.481570
0.479547
0.477440
0.475250
0.472977
0.470621
0.468187
0.465673
0.463082
0.460415
0.457674
0.454860
0.451973
0.449015
0.445990
0.442898
0.439740
0.436519
0.433236
0.429892
0.426489
0.423030
0.419516
0.415949
0.412330
0.408661
0.404946
0.401184
0.397379
0.393531
0.389643
0.385716
0.381754
0.377757
0.373728
0.369668
0.365579
0.361464
0.357323
0.353160
0.348976
0.344773
0.340552
0.336316
0.332067
0.327806
0.323536
0.319257
0.314972
0.310683
0.306391
0.302098
0.297806
0.293516
0.289230
0.284950
0.280677
0.276413
0.272160
0.267919
0.263691
0.259478
0.255281
0.251101
0.246942
0.242802
0.238684
0.234589
0.230519
0.226473
0.222455
0.218464
0.214501
0.210569
0.206667
0.202797
0.198960
0.195157
0.191388
0.187654
0.183956
0.180295
0.176671
0.173086
0.169540
0.166033
0.162566
0.159140
0.155755
0.152411
0.149110
0.145851
0.142634
0.139461
0.136330
0.133244
0.130201
0.127203
0.124248
0.121338
0.118472
0.115651
0.112875
0.110143
0.107456
0.104813
0.102215
0.099662
0.097153
0.094688
0.092267
0.089890
0.087557
0.085267
0.083020
0.080817
0.078656
0.076538
0.074462
0.072428
0.070435
0.068484
0.066573
0.064703
0.062872
0.061081
0.059329
0.057616
0.055942
0.054305
0.052705
0.051142
0.049616
0.048126
0.046671
0.045251
0.043865
0.042514
0.041196
0.039910
0.038657
0.037436
0.036246
0.035087
0.033959
0.032860
0.031790
0.030749
0.029736
0.028751
0.027792
0.026861
0.025955
0.025075
0.024220
0.023389
0.022583
0.021799
0.021039
0.020301
0.019586
0.018891
0.018218
0.017565
0.016932
0.016319
0.015724
0.015149
0.014591
0.014051
0.013529
0.013023
0.012534
0.012061
0.011603
0.011160
0.010732
0.010319
0.009919
0.009533
0.009160
0.008800
0.008453
0.008117
0.007793
0.007481
0.007180
0.006889
0.006609
0.006339
0.006079
0.005829
0.005587
0.005355
0.005131
0.004916
0.004708
0.004509
0.004317
0.004132
0.003955
0.003784
0.003620
0.003463
0.003311
0.003166
0.003026
0.002892
0.002764
0.002640
0.002522
0.002408
0.002299
0.002195
0.002095
0.001999
0.001907
0.001819
0.001734
0.001654
0.001576
0.001502
0.001431
0.001364
0.001299
0.001237
0.001178
0.001121
0.001067
0.001015
0.000966
0.000919
0.000873
0.000830
0.000789
0.000750
0.000713
0.000677
0.000643
0.000611
0.000580
0.000551
0.000522
0.000496
0.000470
0.000446
0.000423
0.000401
0.000380
0.000360
0.000341
0.000323
0.000306
0.000290
0.000275
0.000260
0.000246
0.000233
0.000220
0.000208
0.000197
0.000186
0.000176
0.000166
0.000157
0.000149
0.000140
0.000132
0.000125
0.000118
0.000111
0.000105
0.000099
0.000094
0.000088
0.000083
0.000078
0.000074
0.000070
0.000066
0.000062
0.000058
0.000055
0.000052
0.000049
0.000046
0.000043
0.000040
0.000038
0.000036
0.000034
0.000032
0.000030
0.000028
0.000026
0.000025
0.000023
0.000022
0.000020
0.000019
0.000018
0.000017
0.000016
0.000015
0.000014
0.000013
0.000012
0.000011
0.000011
0.000010
0.000009
0.000009
0.000008
0.000008
0.000007
0.000007
0.000006
0.000006
0.000005
0.000005
0.000005
0.000004
0.000004
0.000004
0.000004
0.000003
0.000003
0.000003
0.000003
0.000003
0.000002
0.000002
0.000002
0.000002
0.000002
0.000002
0.000002
0.000001
0.000001
0.000001
0.000001
0.000001
0.000001
0.000001
0.000001
0.000001
0.000001
0.000001
0.000001
0.000001
0.000001
0.000001
0.000000
0.000000
0.000000
0.000000
0.000000
0.000000
0.000000
0.000000
0.000000
0.000000
0.000000
0.000000
0.000000
0.000000
0.000000
0.000000
0.000000
0.000000
0.000000
0.000000
0.000000
0.000000
0.000000
0.000000
0.000000
0.000000
0.000000
0.000000
0.000000
0.000000
0.000000
0.000000
0.000000
0.000000
0.000000
0.000000
0.000000
0.000000
0.000000
0.000000
0.000000
0.000000
0.000000
0.000000
0.000000
0.000000
0.000000
0.000000
0.000000
0.000000
0.000000
0.000000
0.000000
0.000000
0.000000
0.000000
0.000000
0.000000
0.000000
0.000000
0.000000
0.000000
0.000000
0.000000
0.000000
0.000000
0.000000
0.000000
0.000000
0.000000
0.000000
0.000000
0.000000
0.000000
0.000000
0.000000
0.000000
0.000000
0.000000
0.000000
0.000000
0.000000
0.000000
0.000000
0.000000
0.000000
0.000000
0.000000
0.000000
0.000000
0.000000
0.000000
0.000000
0.000000
0.000000
0.000000
0.000000
0.000000
0.000000
0.000000
0.000000
0.000000
0.000000
0.000000
0.000000
0.000000
0.000000
0.000000
0.000000
0.000000
0.000000
0.000000
0.000000
0.000000
0.000000
0.000000
0.000000
0.000000
0.000000
0.000000
0.000000
0.000000
0.000000
0.000000
0.000000
0.000000
0.000000
0.000000
0.000000
0.000000
0.000000
0.000000
0.000000
0.000000
0.000000
0.000000
0.000000
0.000000
0.000000
0.000000
0.000000
0.000000
0.000000
0.000000
0.000000
0.000000
0.000000
0.000000
0.000000
0.000000
0.000000
0.000000
0.000000
0.000000
0.000000
0.000000
0.000000
0.000000
0.000000
0.000000
0.000000
0.000000
0.000000
0.000000
0.000000
0.000000
0.000000
0.000000
0.000000
0.000000
0.000000
0.000000
0.000000
0.000000
0.000000
0.000000
0.000000
0.000000
0.000000
0.000000
0.000000
0.000000
0.000000
0.000000
0.000000
0.000000
0.000000
0.000000
0.000000
0.000000
0.000000
0.000000
0.000000
0.000000
0.000000
0.000000
0.000000
0.000000
0.000000
0.000000
0.000000
0.000000
0.000000
0.000000
0.000000
0.000000
0.000000
0.000000
0.000000
0.000000
0.000000
0.000000
0.000000
0.000000
0.000000
