0.001151
0.002304
0.003458
0.004615
0.005775
0.006940
0.008110
0.009288
0.010471
0.011664
0.012864
0.014076
0.015298
0.016532
0.017778
0.019038
0.020313
0.021602
0.022909
0.024230
0.025572
0.026929
0.028310
0.029708
0.031129
0.032571
0.034035
0.035525
0.037036
0.038577
0.040138
0.041730
0.043349
0.044994
0.046672
0.048374
0.050112
0.051877
0.053674
0.055508
0.057367
0.059268
0.061198
0.063163
0.065168
0.067202
0.069279
0.071390
0.073536
0.075728
0.077950
0.080213
0.082521
0.084860
0.087246
0.089672
0.092131
0.094642
0.097190
0.099774
0.102410
0.105083
0.107792
0.110556
0.113356
0.116192
0.119083
0.122012
0.124975
0.127993
0.131051
0.134141
0.137282
0.140471
0.143688
0.146949
0.150264
0.153611
0.156989
0.160420
0.163897
0.167397
0.170934
0.174526
0.178154
0.181804
0.185491
0.189230
0.193004
0.196795
0.200616
0.204486
0.208396
0.212323
0.216266
0.220244
0.224268
0.228321
0.232386
0.236460
0.240559
0.244697
0.248869
0.253058
0.257250
0.261442
0.265644
0.269869
0.274121
0.278399
0.282696
0.287002
0.291311
0.295619
0.299924
0.304226
0.308523
0.312817
0.317105
0.321387
0.325663
0.329929
0.334184
0.338426
0.342655
0.346866
0.351060
0.355233
0.359385
0.363513
0.367615
0.371689
0.375734
0.379747
0.383726
0.387670
0.391577
0.395444
0.399271
0.403054
0.406792
0.410484
0.414127
0.417719
0.421259
0.424744
0.428175
0.431547
0.434860
0.438111
0.441299
0.444423
0.447481
0.450470
0.453390
0.456239
0.459016
0.461719
0.464346
0.466896
0.469368
0.471761
0.474073
0.476303
0.478450
0.480512
0.482489
0.484380
0.486184
0.487899
0.489525
0.491061
0.492506
0.493861
0.495123
0.496292
0.497368
0.498351
0.499241
0.500036
0.500736
0.501342
0.501853
0.502270
0.502591
0.502817
0.502949
0.502987
0.502930
0.502778
0.502534
0.502196
0.501765
0.501242
0.500628
0.499923
0.499129
0.498246
0.497274
0.496215
0.495072
0.493842
0.492528
0.491133
0.489655
0.488098
0.486462
0.484748
0.482958
0.481095
0.479159
0.477152
0.475075
0.472932
0.470723
0.468450
0.466115
0.463721
0.461267
0.458758
0.456195
0.453580
0.450915
0.448203
0.445445
0.442645
0.439803
0.436922
0.434005
0.431055
0.428072
0.425060
0.422021
0.418957
0.415872
0.412767
0.409645
0.406508
0.403359
0.400200
0.397033
0.393862
0.390687
0.387514
0.384343
0.381176
0.378018
0.374869
0.371732
0.368609
0.365504
0.362418
0.359353
0.356312
0.353299
0.350314
0.347360
0.344440
0.341556
0.338708
0.335901
0.333136
0.330415
0.327740
0.325113
0.322537
0.320013
0.317542
0.315127
0.312770
0.310473
0.308236
0.306063
0.303953
0.301910
0.299935
0.298028
0.296192
0.294427
0.292736
0.291119
0.289577
0.288113
0.286727
0.285419
0.284190
0.283042
0.281976
0.280993
0.280093
0.279275
0.278543
0.277895
0.277333
0.276857
0.276467
0.276163
0.275946
0.275815
0.275771
0.275814
0.275945
0.276162
0.276465
0.276856
0.277332
0.277893
0.278541
0.279273
0.280091
0.280990
0.281973
0.283039
0.284187
0.285415
0.286724
0.288111
0.289575
0.291116
0.292733
0.294425
0.296189
0.298025
0.299932
0.301908
0.303950
0.306060
0.308233
0.310470
0.312768
0.315125
0.317539
0.320010
0.322534
0.325112
0.327738
0.330413
0.333134
0.335899
0.338707
0.341554
0.344439
0.347359
0.350312
0.353296
0.356310
0.359349
0.362413
0.365498
0.368604
0.371727
0.374863
0.378013
0.381172
0.384338
0.387510
0.390684
0.393858
0.397029
0.400196
0.403356
0.406505
0.409642
0.412764
0.415870
0.418955
0.422018
0.425057
0.428069
0.431051
0.434002
0.436919
0.439800
0.442641
0.445443
0.448200
0.450913
0.453577
0.456193
0.458756
0.461265
0.463718
0.466113
0.468448
0.470721
0.472932
0.475075
0.477152
0.479159
0.481094
0.482958
0.484746
0.486460
0.488097
0.489654
0.491133
0.492529
0.493842
0.495071
0.496216
0.497274
0.498246
0.499129
0.499923
0.500628
0.501242
0.501765
0.502195
0.502532
0.502777
0.502928
0.502986
0.502949
0.502817
0.502592
0.502270
0.501854
0.501343
0.500738
0.500038
0.499243
0.498354
0.497370
0.496294
0.495125
0.493862
0.492509
0.491063
0.489526
0.487901
0.486185
0.484381
0.482491
0.480513
0.478451
0.476305
0.474075
0.471763
0.469370
0.466898
0.464347
0.461720
0.459017
0.456241
0.453392
0.450471
0.447481
0.444423
0.441299
0.438111
0.434861
0.431548
0.428175
0.424746
0.421260
0.417720
0.414127
0.410484
0.406793
0.403055
0.399272
0.395445
0.391578
0.387671
0.383727
0.379748
0.375735
0.371691
0.367617
0.363515
0.359388
0.355236
0.351062
0.346869
0.342657
0.338429
0.334187
0.329932
0.325666
0.321392
0.317110
0.312823
0.308532
0.304240
0.299947
0.295656
0.291368
0.287085
0.282809
0.278541
0.274282
0.270035
0.265800
0.261580
0.257375
0.253187
0.249017
0.244867
0.240738
0.236632
0.232549
0.228491
0.224459
0.220454
0.216478
0.212530
0.208613
0.204727
0.200874
0.197053
0.193267
0.189515
0.185799
0.182120
0.178478
0.174873
0.171307
0.167781
0.164294
0.160848
0.157442
0.154078
0.150755
0.147475
0.144237
0.141042
0.137890
0.134781
0.131717
0.128696
0.125720
0.122787
0.119899
0.117056
0.114257
0.111503
0.108794
0.106129
0.103509
0.100933
0.098402
0.095915
0.093472
0.091073
0.088718
0.086406
0.084138
0.081913
0.079731
0.077592
0.075495
0.073440
0.071427
0.069454
0.067523
0.065633
0.063782
0.061972
0.060200
0.058468
0.056774
0.055118
0.053500
0.051919
0.050375
0.048867
0.047394
0.045957
0.044554
0.043185
0.041851
0.040549
0.039280
0.038043
0.036837
0.035663
0.034519
0.033406
0.032321
0.031266
0.030239
0.029240
0.028268
0.027323
0.026405
0.025512
0.024644
0.023802
0.022983
0.022188
0.021416
0.020667
0.019941
0.019236
0.018552
0.017889
0.017246
0.016623
0.016019
0.015434
0.014868
0.014319
0.013788
0.013274
0.012776
0.012295
0.011830
0.011380
0.010944
0.010524
0.010117
0.009724
0.009345
0.008979
0.008625
0.008283
0.007954
0.007636
0.007329
0.007033
0.006748
0.006473
0.006208
0.005953
0.005707
0.005470
0.005242
0.005022
0.004811
0.004608
0.004412
0.004224
0.004043
0.003869
0.003701
0.003541
0.003386
0.003238
0.003096
0.002959
0.002827
0.002701
0.002580
0.002464
0.002353
0.002247
0.002144
0.002046
0.001952
0.001862
0.001776
0.001694
0.001615
0.001539
0.001466
0.001397
0.001331
0.001268
0.001207
0.001149
0.001094
0.001041
0.000990
0.000942
0.000896
0.000852
0.000810
0.000770
0.000731
0.000695
0.000660
0.000627
0.000595
0.000565
0.000536
0.000509
0.000483
0.000458
0.000434
0.000412
0.000390
0.000370
0.000351
0.000332
0.000315
0.000298
0.000282
0.000267
0.000253
0.000239
0.000226
0.000214
0.000203
0.000192
0.000181
0.000171
0.000162
0.000153
0.000144
0.000136
0.000129
0.000122
0.000115
0.000108
0.000102
0.000096
0.000091
0.000086
0.000081
0.000076
0.000072
0.000068
0.000064
0.000060
0.000056
0.000053
0.000050
0.000047
0.000044
0.000042
0.000039
0.000037
0.000035
0.000033
0.000031
0.000029
0.000027
0.000025
0.000024
0.000022
0.000021
0.000020
0.000018
0.000017
0.000016
0.000015
0.000014
0.000013
0.000013
0.000012
0.000011
0.000010
0.000010
0.000009
0.000008
0.000008
0.000007
0.000007
0.000006
0.000006
0.000006
0.000005
0.000005
0.000005
0.000004
0.000004
0.000004
0.000004
0.000003
0.000003
0.000003
0.000003
0.000002
0.000002
0.000002
0.000002
0.000002
0.000002
0.000002
0.000002
0.000001
0.000001
0.000001
0.000001
0.000001
0.000001
0.000001
0.000001
0.000001
0.000001
0.000001
0.000001
0.000001
0.000001
0.000001
0.000000
0.000000
0.000000
0.000000
0.000000
0.000000
0.000000
0.000000
0.000000
0.000000
0.000000
0.000000
0.000000
0.000000
0.000000
0.000000
0.000000
0.000000
0.000000
0.000000
0.000000
0.000000
0.000000
0.000000
0.000000
0.000000
0.000000
0.000000
0.000000
0.000000
0.000000
0.000000
0.000000
0.000000
0.000000
0.000000
0.000000
0.000000
0.000000
0.000000
0.000000
0.000000
0.000000
0.000000
0.000000
0.000000
0.000000
0.000000
0.000000
0.000000
0.000000
0.000000
0.000000
0.000000
0.000000
0.000000
0.000000
0.000000
0.000000
0.000000
0.000000
0.000000
0.000000
0.000000
0.000000
0.000000
0.000000
0.000000
0.000000
0.000000
0.000000
0.000000
0.000000
0.000000
0.000000
0.000000
0.000000
0.000000
0.000000
0.000000
0.000000
0.000000
0.000000
0.000000
0.000000
0.000000
0.000000
0.000000
0.000000
0.000000
0.000000
0.000000
0.000000
0.000000
0.000000
0.000000
0.000000
0.000000
0.000000
0.000000
0.000000
0.000000
0.000000
0.000000
0.000000
0.000000
0.000000
0.000000
0.000000
0.000000
0.000000
0.000000
0.000000
0.000000
0.000000
0.000000
0.000000
0.000000
0.000000
0.000000
0.000000
0.000000
0.000000
0.000000
0.000000
0.000000
0.000000
0.000000
0.000000
0.000000
0.000000
0.000000
0.000000
0.000000
0.000000
0.000000
0.000000
0.000000
0.000000
0.000000
0.000000
0.000000
0.000000
0.000000
0.000000
0.000000
0.000000
0.000000
0.000000
0.000000
0.000000
0.000000
0.000000
0.000000
0.000000
0.000000
0.000000
0.000000
0.000000
0.000000
0.000000
0.000000
0.000000
0.000000
0.000000
0.000000
0.000000
0.000000
0.000000
0.000000
0.000000
0.000000
0.000000
0.000000
0.000000
0.000000
0.000000
0.000000
0.000000
0.000000
0.000000
0.000000
0.000000
0.000000
0.000000
0.000000
0.000000
0.000000
0.000000
0.000000
0.000000
0.000000
0.000000
0.000000
0.000000
0.000000
0.000000
0.000000
0.000000
0.000000
0.000000
0.000000
0.000000
0.000000
0.000000
0.000000
0.000000
0.000000
0.000000
0.000000
0.000000
0.000000
0.000000
0.000000
