0.001170
0.002341
0.003513
0.004689
0.005867
0.007051
0.008240
0.009436
0.010638
0.011850
0.013070
0.014300
0.015541
0.016793
0.018060
0.019338
0.020633
0.021940
0.023267
0.024608
0.025969
0.027347
0.028746
0.030165
0.031604
0.033069
0.034552
0.036063
0.037595
0.039155
0.040740
0.042350
0.043992
0.045657
0.047356
0.049081
0.050838
0.052628
0.054445
0.056301
0.058184
0.060104
0.062060
0.064045
0.066073
0.068132
0.070227
0.072366
0.074533
0.076745
0.078995
0.081278
0.083610
0.085975
0.088379
0.090833
0.093316
0.095846
0.098422
0.101029
0.103684
0.106386
0.109118
0.111900
0.114729
0.117588
0.120497
0.123454
0.126441
0.129475
0.132561
0.135677
0.138834
0.142046
0.145292
0.148570
0.151902
0.155278
0.158679
0.162123
0.165621
0.169150
0.172705
0.176308
0.179960
0.183636
0.187338
0.191088
0.194883
0.198699
0.202536
0.206414
0.210339
0.214290
0.218252
0.222239
0.226268
0.230336
0.234422
0.238513
0.242621
0.246761
0.250938
0.255140
0.259348
0.263556
0.267766
0.271992
0.276242
0.280518
0.284815
0.289124
0.293438
0.297751
0.302060
0.306364
0.310662
0.314955
0.319241
0.323520
0.327791
0.332052
0.336301
0.340536
0.344756
0.348958
0.353141
0.357304
0.361443
0.365558
0.369646
0.373705
0.377733
0.381730
0.385691
0.389616
0.393502
0.397349
0.401153
0.404913
0.408628
0.412294
0.415911
0.419477
0.422988
0.426446
0.429846
0.433188
0.436469
0.439688
0.442843
0.445932
0.448954
0.451908
0.454791
0.457603
0.460341
0.463004
0.465591
0.468101
0.470531
0.472882
0.475151
0.477337
0.479440
0.481457
0.483388
0.485234
0.486990
0.488658
0.490236
0.491724
0.493121
0.494426
0.495638
0.496757
0.497783
0.498716
0.499554
0.500298
0.500947
0.501500
0.501960
0.502324
0.502592
0.502766
0.502846
0.502830
0.502720
0.502516
0.502219
0.501828
0.501344
0.500769
0.500103
0.499346
0.498499
0.497564
0.496540
0.495430
0.494235
0.492954
0.491590
0.490144
0.488616
0.487010
0.485324
0.483561
0.481724
0.479812
0.477829
0.475774
0.473652
0.471463
0.469208
0.466891
0.464511
0.462073
0.459577
0.457025
0.454420
0.451765
0.449059
0.446307
0.443510
0.440671
0.437792
0.434874
0.431921
0.428935
0.425917
0.422871
0.419798
0.416702
0.413584
0.410448
0.407295
0.404129
0.400950
0.397762
0.394568
0.391369
0.388169
0.384970
0.381773
0.378583
0.375401
0.372229
0.369069
0.365926
0.362799
0.359693
0.356608
0.353550
0.350518
0.347515
0.344545
0.341608
0.338707
0.335845
0.333023
0.330243
0.327508
0.324821
0.322182
0.319593
0.317057
0.314575
0.312150
0.309783
0.307477
0.305231
0.303048
0.300930
0.298879
0.296896
0.294983
0.293140
0.291369
0.289671
0.288049
0.286502
0.285033
0.283642
0.282330
0.281097
0.279945
0.278876
0.277890
0.276987
0.276167
0.275432
0.274782
0.274219
0.273742
0.273350
0.273045
0.272827
0.272696
0.272652
0.272695
0.272826
0.273044
0.273349
0.273740
0.274218
0.274781
0.275430
0.276164
0.276984
0.277887
0.278873
0.279943
0.281094
0.282325
0.283639
0.285031
0.286500
0.288046
0.289669
0.291367
0.293137
0.294980
0.296894
0.298877
0.300928
0.303046
0.305228
0.307473
0.309781
0.312148
0.314573
0.317054
0.319591
0.322180
0.324819
0.327507
0.330242
0.333021
0.335843
0.338705
0.341606
0.344543
0.347513
0.350515
0.353547
0.356605
0.359688
0.362794
0.365921
0.369065
0.372223
0.375395
0.378578
0.381769
0.384965
0.388165
0.391365
0.394564
0.397758
0.400947
0.404125
0.407292
0.410445
0.413582
0.416699
0.419795
0.422867
0.425914
0.428931
0.431918
0.434871
0.437789
0.440668
0.443507
0.446304
0.449057
0.451761
0.454419
0.457024
0.459575
0.462071
0.464510
0.466889
0.469207
0.471462
0.473652
0.475774
0.477829
0.479812
0.481723
0.483560
0.485322
0.487008
0.488616
0.490143
0.491590
0.492954
0.494235
0.495431
0.496541
0.497564
0.498499
0.499346
0.500102
0.500769
0.501344
0.501827
0.502217
0.502515
0.502719
0.502829
0.502845
0.502766
0.502593
0.502324
0.501961
0.501502
0.500948
0.500300
0.499556
0.498718
0.497785
0.496759
0.495641
0.494428
0.493123
0.491726
0.490238
0.488660
0.486992
0.485235
0.483390
0.481459
0.479441
0.477339
0.475153
0.472884
0.470533
0.468103
0.465593
0.463006
0.460342
0.457604
0.454793
0.451909
0.448955
0.445932
0.442843
0.439688
0.436470
0.433189
0.429847
0.426447
0.422990
0.419477
0.415912
0.412295
0.408628
0.404914
0.401154
0.397350
0.393503
0.389617
0.385692
0.381731
0.377735
0.373706
0.369648
0.365560
0.361446
0.357306
0.353144
0.348961
0.344758
0.340539
0.336303
0.332055
0.327795
0.323525
0.319247
0.314962
0.310674
0.306382
0.302090
0.297798
0.293508
0.289223
0.284943
0.280671
0.276407
0.272155
0.267913
0.263686
0.259473
0.255276
0.251097
0.246938
0.242798
0.238681
0.234586
0.230516
0.226470
0.222452
0.218461
0.214499
0.210567
0.206665
0.202795
0.198958
0.195155
0.191386
0.187652
0.183954
0.180293
0.176670
0.173085
0.169539
0.166032
0.162565
0.159139
0.155754
0.152411
0.149109
0.145850
0.142634
0.139460
0.136330
0.133243
0.130201
0.127202
0.124248
0.121338
0.118472
0.115651
0.112875
0.110143
0.107456
0.104813
0.102215
0.099662
0.097152
0.094687
0.092267
0.089890
0.087556
0.085267
0.083020
0.080817
0.078656
0.076538
0.074462
0.072428
0.070435
0.068484
0.066573
0.064702
0.062872
0.061081
0.059329
0.057616
0.055942
0.054305
0.052705
0.051142
0.049616
0.048126
0.046671
0.045251
0.043865
0.042514
0.041196
0.039910
0.038657
0.037436
0.036246
0.035087
0.033959
0.032860
0.031790
0.030749
0.029736
0.028751
0.027792
0.026861
0.025955
0.025075
0.024220
0.023389
0.022583
0.021799
0.021039
0.020301
0.019586
0.018891
0.018218
0.017565
0.016932
0.016319
0.015724
0.015149
0.014591
0.014051
0.013529
0.013023
0.012534
0.012061
0.011603
0.011160
0.010732
0.010319
0.009919
0.009533
0.009160
0.008800
0.008453
0.008117
0.007793
0.007481
0.007180
0.006889
0.006609
0.006340
0.006079
0.005829
0.005587
0.005355
0.005131
0.004916
0.004708
0.004509
0.004317
0.004132
0.003955
0.003784
0.003620
0.003463
0.003311
0.003166
0.003026
0.002892
0.002764
0.002640
0.002522
0.002408
0.002299
0.002195
0.002095
0.001999
0.001907
0.001819
0.001734
0.001654
0.001576
0.001502
0.001431
0.001364
0.001299
0.001237
0.001178
0.001121
0.001067
0.001015
0.000966
0.000919
0.000873
0.000830
0.000789
0.000750
0.000713
0.000677
0.000643
0.000611
0.000580
0.000551
0.000522
0.000496
0.000470
0.000446
0.000423
0.000401
0.000380
0.000360
0.000341
0.000323
0.000306
0.000290
0.000275
0.000260
0.000246
0.000233
0.000220
0.000208
0.000197
0.000186
0.000176
0.000166
0.000157
0.000149
0.000140
0.000132
0.000125
0.000118
0.000111
0.000105
0.000099
0.000094
0.000088
0.000083
0.000078
0.000074
0.000070
0.000066
0.000062
0.000058
0.000055
0.000052
0.000049
0.000046
0.000043
0.000040
0.000038
0.000036
0.000034
0.000032
0.000030
0.000028
0.000026
0.000025
0.000023
0.000022
0.000020
0.000019
0.000018
0.000017
0.000016
0.000015
0.000014
0.000013
0.000012
0.000011
0.000011
0.000010
0.000009
0.000009
0.000008
0.000008
0.000007
0.000007
0.000006
0.000006
0.000005
0.000005
0.000005
0.000004
0.000004
0.000004
0.000004
0.000003
0.000003
0.000003
0.000003
0.000003
0.000002
0.000002
0.000002
0.000002
0.000002
0.000002
0.000002
0.000001
0.000001
0.000001
0.000001
0.000001
0.000001
0.000001
0.000001
0.000001
0.000001
0.000001
0.000001
0.000001
0.000001
0.000001
0.000000
0.000000
0.000000
0.000000
0.000000
0.000000
0.000000
0.000000
0.000000
0.000000
0.000000
0.000000
0.000000
0.000000
0.000000
0.000000
0.000000
0.000000
0.000000
0.000000
0.000000
0.000000
0.000000
0.000000
0.000000
0.000000
0.000000
0.000000
0.000000
0.000000
0.000000
0.000000
0.000000
0.000000
0.000000
0.000000
0.000000
0.000000
0.000000
0.000000
0.000000
0.000000
0.000000
0.000000
0.000000
0.000000
0.000000
0.000000
0.000000
0.000000
0.000000
0.000000
0.000000
0.000000
0.000000
0.000000
0.000000
0.000000
0.000000
0.000000
0.000000
0.000000
0.000000
0.000000
0.000000
0.000000
0.000000
0.000000
0.000000
0.000000
0.000000
0.000000
0.000000
0.000000
0.000000
0.000000
0.000000
0.000000
0.000000
0.000000
0.000000
0.000000
0.000000
0.000000
0.000000
0.000000
0.000000
0.000000
0.000000
0.000000
0.000000
0.000000
0.000000
0.000000
0.000000
0.000000
0.000000
0.000000
0.000000
0.000000
0.000000
0.000000
0.000000
0.000000
0.000000
0.000000
0.000000
0.000000
0.000000
0.000000
0.000000
0.000000
0.000000
0.000000
0.000000
0.000000
0.000000
0.000000
0.000000
0.000000
0.000000
0.000000
0.000000
0.000000
0.000000
0.000000
0.000000
0.000000
0.000000
0.000000
0.000000
0.000000
0.000000
0.000000
0.000000
0.000000
0.000000
0.000000
0.000000
0.000000
0.000000
0.000000
0.000000
0.000000
0.000000
0.000000
0.000000
0.000000
0.000000
0.000000
0.000000
0.000000
0.000000
0.000000
0.000000
0.000000
0.000000
0.000000
0.000000
0.000000
0.000000
0.000000
0.000000
0.000000
0.000000
0.000000
0.000000
0.000000
0.000000
0.000000
0.000000
0.000000
0.000000
0.000000
0.000000
0.000000
0.000000
0.000000
0.000000
0.000000
0.000000
0.000000
0.000000
0.000000
0.000000
0.000000
0.000000
0.000000
0.000000
0.000000
0.000000
0.000000
0.000000
0.000000
0.000000
0.000000
0.000000
0.000000
0.000000
0.000000
0.000000
0.000000
0.000000
0.000000
0.000000
0.000000
0.000000
0.000000
0.000000
0.000000
0.000000
0.000000
0.000000
0.000000
