0.001189
0.002378
0.003569
0.004763
0.005961
0.007164
0.008372
0.009586
0.010808
0.012037
0.013277
0.014526
0.015787
0.017058
0.018344
0.019641
0.020956
0.022283
0.023629
0.024990
0.026370
0.027770
0.029187
0.030628
0.032087
0.033572
0.035076
0.036606
0.038161
0.039739
0.041348
0.042978
0.044641
0.046329
0.048047
0.049797
0.051573
0.053386
0.055225
0.057101
0.059010
0.060949
0.062929
0.064938
0.066985
0.069071
0.071187
0.073348
0.075541
0.077772
0.080049
0.082355
0.084707
0.087100
0.089525
0.092000
0.094513
0.097061
0.099661
0.102296
0.104969
0.107696
0.110456
0.113256
0.116110
0.118996
0.121923
0.124904
0.127919
0.130971
0.134078
0.137223
0.140400
0.143630
0.146904
0.150205
0.153551
0.156951
0.160379
0.163840
0.167354
0.170909
0.174487
0.178103
0.181772
0.185474
0.189196
0.192957
0.196767
0.200609
0.204466
0.208353
0.212288
0.216259
0.220244
0.224244
0.228278
0.232355
0.236459
0.240571
0.244691
0.248834
0.253013
0.257223
0.261447
0.265670
0.269892
0.274121
0.278369
0.282642
0.286938
0.291248
0.295566
0.299883
0.304195
0.308501
0.312800
0.317091
0.321375
0.325651
0.329917
0.334172
0.338414
0.342641
0.346852
0.351045
0.355218
0.359369
0.363495
0.367596
0.371669
0.375713
0.379725
0.383704
0.387646
0.391552
0.395418
0.399243
0.403025
0.406761
0.410451
0.414093
0.417683
0.421221
0.424705
0.428133
0.431503
0.434813
0.438062
0.441248
0.444370
0.447425
0.450411
0.453328
0.456175
0.458948
0.461647
0.464271
0.466818
0.469286
0.471675
0.473982
0.476208
0.478351
0.480408
0.482381
0.484266
0.486065
0.487775
0.489395
0.490925
0.492365
0.493713
0.494968
0.496130
0.497199
0.498175
0.499057
0.499844
0.500536
0.501133
0.501635
0.502042
0.502354
0.502570
0.502692
0.502719
0.502650
0.502487
0.502231
0.501881
0.501437
0.500901
0.500273
0.499555
0.498745
0.497847
0.496860
0.495785
0.494624
0.493378
0.492046
0.490632
0.489135
0.487558
0.485902
0.484167
0.482356
0.480470
0.478512
0.476481
0.474380
0.472212
0.469977
0.467678
0.465316
0.462894
0.460412
0.457873
0.455279
0.452633
0.449937
0.447192
0.444400
0.441565
0.438688
0.435771
0.432817
0.429828
0.426806
0.423754
0.420675
0.417569
0.414441
0.411291
0.408125
0.404942
0.401746
0.398539
0.395323
0.392101
0.388876
0.385651
0.382426
0.379206
0.375991
0.372786
0.369592
0.366411
0.363247
0.360100
0.356974
0.353870
0.350793
0.347744
0.344725
0.341737
0.338785
0.335868
0.332992
0.330155
0.327361
0.324614
0.321914
0.319263
0.316663
0.314116
0.311623
0.309189
0.306811
0.304496
0.302241
0.300050
0.297925
0.295866
0.293876
0.291956
0.290106
0.288329
0.286626
0.284998
0.283446
0.281972
0.280577
0.279260
0.278024
0.276869
0.275797
0.274807
0.273902
0.273079
0.272343
0.271691
0.271126
0.270647
0.270254
0.269948
0.269730
0.269598
0.269555
0.269598
0.269729
0.269948
0.270254
0.270645
0.271125
0.271690
0.272340
0.273077
0.273899
0.274805
0.275794
0.276866
0.278021
0.279257
0.280573
0.281970
0.283444
0.284996
0.286624
0.288327
0.290103
0.291952
0.293873
0.295863
0.297922
0.300047
0.302238
0.304492
0.306809
0.309186
0.311621
0.314113
0.316661
0.319261
0.321913
0.324613
0.327360
0.330154
0.332990
0.335867
0.338782
0.341735
0.344722
0.347742
0.350791
0.353867
0.356969
0.360095
0.363241
0.366407
0.369587
0.372781
0.375987
0.379201
0.382422
0.385646
0.388872
0.392098
0.395319
0.398535
0.401743
0.404939
0.408121
0.411289
0.414438
0.417566
0.420672
0.423751
0.426803
0.429825
0.432814
0.435767
0.438684
0.441561
0.444397
0.447189
0.449934
0.452631
0.455278
0.457871
0.460409
0.462891
0.465314
0.467677
0.469976
0.472212
0.474380
0.476481
0.478511
0.480470
0.482355
0.484166
0.485900
0.487557
0.489134
0.490631
0.492046
0.493377
0.494624
0.495785
0.496860
0.497847
0.498746
0.499554
0.500274
0.500901
0.501436
0.501879
0.502230
0.502486
0.502649
0.502718
0.502692
0.502570
0.502355
0.502043
0.501636
0.501134
0.500538
0.499846
0.499059
0.498177
0.497201
0.496133
0.494970
0.493715
0.492367
0.490927
0.489397
0.487777
0.486066
0.484268
0.482382
0.480410
0.478352
0.476210
0.473985
0.471677
0.469288
0.466820
0.464273
0.461649
0.458949
0.456176
0.453330
0.450412
0.447425
0.444370
0.441249
0.438063
0.434814
0.431504
0.428134
0.424706
0.421222
0.417684
0.414093
0.410452
0.406762
0.403026
0.399244
0.395419
0.391553
0.387648
0.383705
0.379726
0.375715
0.371672
0.367599
0.363498
0.359371
0.355220
0.351048
0.346855
0.342644
0.338417
0.334175
0.329920
0.325655
0.321381
0.317100
0.312814
0.308524
0.304232
0.299940
0.295649
0.291361
0.287079
0.282803
0.278535
0.274277
0.270030
0.265795
0.261575
0.257370
0.253182
0.249013
0.244863
0.240735
0.236629
0.232546
0.228488
0.224456
0.220452
0.216475
0.212528
0.208611
0.204725
0.200872
0.197052
0.193265
0.189514
0.185798
0.182119
0.178476
0.174872
0.171306
0.167780
0.164293
0.160847
0.157441
0.154077
0.150754
0.147474
0.144236
0.141041
0.137889
0.134781
0.131716
0.128696
0.125719
0.122787
0.119899
0.117056
0.114257
0.111503
0.108793
0.106129
0.103508
0.100933
0.098401
0.095914
0.093471
0.091073
0.088717
0.086406
0.084138
0.081913
0.079731
0.077592
0.075495
0.073440
0.071426
0.069454
0.067523
0.065633
0.063782
0.061972
0.060200
0.058468
0.056774
0.055118
0.053500
0.051919
0.050375
0.048866
0.047394
0.045957
0.044554
0.043185
0.041851
0.040549
0.039280
0.038043
0.036837
0.035663
0.034519
0.033406
0.032321
0.031266
0.030239
0.029240
0.028268
0.027323
0.026405
0.025512
0.024644
0.023802
0.022983
0.022188
0.021416
0.020667
0.019941
0.019236
0.018552
0.017889
0.017246
0.016623
0.016019
0.015434
0.014868
0.014319
0.013788
0.013274
0.012776
0.012295
0.011830
0.011380
0.010944
0.010524
0.010117
0.009724
0.009345
0.008979
0.008625
0.008283
0.007954
0.007636
0.007329
0.007033
0.006748
0.006473
0.006208
0.005953
0.005707
0.005470
0.005242
0.005022
0.004811
0.004608
0.004412
0.004224
0.004043
0.003869
0.003701
0.003541
0.003386
0.003238
0.003096
0.002959
0.002827
0.002701
0.002580
0.002464
0.002353
0.002247
0.002144
0.002046
0.001952
0.001862
0.001776
0.001694
0.001615
0.001539
0.001466
0.001397
0.001331
0.001268
0.001207
0.001149
0.001094
0.001041
0.000990
0.000942
0.000896
0.000852
0.000810
0.000770
0.000731
0.000695
0.000660
0.000627
0.000595
0.000565
0.000536
0.000509
0.000483
0.000458
0.000434
0.000412
0.000390
0.000370
0.000351
0.000332
0.000315
0.000298
0.000282
0.000267
0.000253
0.000239
0.000226
0.000214
0.000203
0.000192
0.000181
0.000171
0.000162
0.000153
0.000144
0.000136
0.000129
0.000122
0.000115
0.000108
0.000102
0.000096
0.000091
0.000086
0.000081
0.000076
0.000072
0.000068
0.000064
0.000060
0.000056
0.000053
0.000050
0.000047
0.000044
0.000042
0.000039
0.000037
0.000035
0.000033
0.000031
0.000029
0.000027
0.000025
0.000024
0.000022
0.000021
0.000020
0.000018
0.000017
0.000016
0.000015
0.000014
0.000013
0.000013
0.000012
0.000011
0.000010
0.000010
0.000009
0.000008
0.000008
0.000007
0.000007
0.000006
0.000006
0.000006
0.000005
0.000005
0.000005
0.000004
0.000004
0.000004
0.000004
0.000003
0.000003
0.000003
0.000003
0.000002
0.000002
0.000002
0.000002
0.000002
0.000002
0.000002
0.000002
0.000001
0.000001
0.000001
0.000001
0.000001
0.000001
0.000001
0.000001
0.000001
0.000001
0.000001
0.000001
0.000001
0.000001
0.000001
0.000000
0.000000
0.000000
0.000000
0.000000
0.000000
0.000000
0.000000
0.000000
0.000000
0.000000
0.000000
0.000000
0.000000
0.000000
0.000000
0.000000
0.000000
0.000000
0.000000
0.000000
0.000000
0.000000
0.000000
0.000000
0.000000
0.000000
0.000000
0.000000
0.000000
0.000000
0.000000
0.000000
0.000000
0.000000
0.000000
0.000000
0.000000
0.000000
0.000000
0.000000
0.000000
0.000000
0.000000
0.000000
0.000000
0.000000
0.000000
0.000000
0.000000
0.000000
0.000000
0.000000
0.000000
0.000000
0.000000
0.000000
0.000000
0.000000
0.000000
0.000000
0.000000
0.000000
0.000000
0.000000
0.000000
0.000000
0.000000
0.000000
0.000000
0.000000
0.000000
0.000000
0.000000
0.000000
0.000000
0.000000
0.000000
0.000000
0.000000
0.000000
0.000000
0.000000
0.000000
0.000000
0.000000
0.000000
0.000000
0.000000
0.000000
0.000000
0.000000
0.000000
0.000000
0.000000
0.000000
0.000000
0.000000
0.000000
0.000000
0.000000
0.000000
0.000000
0.000000
0.000000
0.000000
0.000000
0.000000
0.000000
0.000000
0.000000
0.000000
0.000000
0.000000
0.000000
0.000000
0.000000
0.000000
0.000000
0.000000
0.000000
0.000000
0.000000
0.000000
0.000000
0.000000
0.000000
0.000000
0.000000
0.000000
0.000000
0.000000
0.000000
0.000000
0.000000
0.000000
0.000000
0.000000
0.000000
0.000000
0.000000
0.000000
0.000000
0.000000
0.000000
0.000000
0.000000
0.000000
0.000000
0.000000
0.000000
0.000000
0.000000
0.000000
0.000000
0.000000
0.000000
0.000000
0.000000
0.000000
0.000000
0.000000
0.000000
0.000000
0.000000
0.000000
0.000000
0.000000
0.000000
0.000000
0.000000
0.000000
0.000000
0.000000
0.000000
0.000000
0.000000
0.000000
0.000000
0.000000
0.000000
0.000000
0.000000
0.000000
0.000000
0.000000
0.000000
0.000000
0.000000
0.000000
0.000000
0.000000
0.000000
0.000000
0.000000
0.000000
0.000000
0.000000
0.000000
0.000000
0.000000
0.000000
0.000000
0.000000
0.000000
0.000000
0.000000
0.000000
0.000000
0.000000
0.000000
0.000000
0.000000
