0.001208
0.002416
0.003626
0.004839
0.006056
0.007277
0.008505
0.009738
0.010979
0.012228
0.013487
0.014755
0.016035
0.017326
0.018631
0.019949
0.021282
0.022631
0.023994
0.025378
0.026776
0.028197
0.029634
0.031095
0.032575
0.034079
0.035607
0.037155
0.038733
0.040331
0.041961
0.043614
0.045296
0.047008
0.048745
0.050519
0.052317
0.054151
0.056015
0.057910
0.059844
0.061805
0.063806
0.065840
0.067907
0.070018
0.072157
0.074338
0.076559
0.078811
0.081110
0.083443
0.085814
0.088233
0.090683
0.093178
0.095718
0.098289
0.100909
0.103573
0.106268
0.109015
0.111804
0.114625
0.117498
0.120414
0.123362
0.126362
0.129406
0.132480
0.135605
0.138778
0.141979
0.145224
0.148522
0.151851
0.155214
0.158631
0.162088
0.165570
0.169096
0.172674
0.176279
0.179911
0.183592
0.187318
0.191065
0.194838
0.198659
0.202522
0.206403
0.210305
0.214247
0.218232
0.222240
0.226258
0.230299
0.234381
0.238499
0.242631
0.246766
0.250916
0.255096
0.259310
0.263545
0.267784
0.272019
0.276255
0.280503
0.284772
0.289064
0.293374
0.297693
0.302013
0.306328
0.310636
0.314936
0.319226
0.323507
0.327779
0.332040
0.336289
0.340523
0.344743
0.348944
0.353127
0.357289
0.361427
0.365541
0.369628
0.373686
0.377714
0.381709
0.385669
0.389593
0.393478
0.397323
0.401126
0.404885
0.408597
0.412262
0.415878
0.419441
0.422952
0.426407
0.429805
0.433145
0.436424
0.439640
0.442793
0.445880
0.448900
0.451850
0.454731
0.457539
0.460275
0.462935
0.465518
0.468024
0.470451
0.472798
0.475062
0.477245
0.479343
0.481356
0.483283
0.485123
0.486874
0.488537
0.490110
0.491592
0.492982
0.494281
0.495487
0.496599
0.497618
0.498544
0.499374
0.500110
0.500751
0.501296
0.501746
0.502101
0.502361
0.502524
0.502594
0.502568
0.502447
0.502231
0.501922
0.501519
0.501023
0.500435
0.499755
0.498984
0.498123
0.497173
0.496134
0.495008
0.493796
0.492498
0.491117
0.489653
0.488106
0.486480
0.484775
0.482991
0.481132
0.479199
0.477193
0.475116
0.472969
0.470755
0.468475
0.466132
0.463726
0.461261
0.458736
0.456155
0.453520
0.450833
0.448097
0.445313
0.442482
0.439609
0.436694
0.433741
0.430752
0.427727
0.424671
0.421585
0.418472
0.415334
0.412174
0.408994
0.405797
0.402585
0.399360
0.396125
0.392882
0.389634
0.386383
0.383133
0.379884
0.376639
0.373402
0.370174
0.366958
0.363757
0.360573
0.357406
0.354260
0.351139
0.348044
0.344977
0.341942
0.338939
0.335970
0.333040
0.330148
0.327299
0.324492
0.321732
0.319020
0.316357
0.313746
0.311187
0.308685
0.306241
0.303855
0.301530
0.299268
0.297068
0.294936
0.292870
0.290873
0.288946
0.287090
0.285308
0.283599
0.281966
0.280410
0.278931
0.277532
0.276211
0.274972
0.273813
0.272738
0.271746
0.270837
0.270013
0.269275
0.268622
0.268055
0.267574
0.267180
0.266874
0.266655
0.266523
0.266479
0.266523
0.266654
0.266874
0.267180
0.267573
0.268053
0.268620
0.269273
0.270011
0.270835
0.271743
0.272735
0.273810
0.274968
0.276208
0.277528
0.278929
0.280407
0.281964
0.283597
0.285305
0.287087
0.288942
0.290870
0.292867
0.294933
0.297066
0.299264
0.301527
0.303852
0.306238
0.308683
0.311185
0.313743
0.316354
0.319018
0.321730
0.324491
0.327297
0.330147
0.333038
0.335968
0.338936
0.341939
0.344976
0.348041
0.351135
0.354256
0.357401
0.360567
0.363752
0.366954
0.370170
0.373397
0.376635
0.379879
0.383128
0.386379
0.389630
0.392878
0.396122
0.399357
0.402582
0.405794
0.408992
0.412172
0.415332
0.418469
0.421582
0.424668
0.427724
0.430748
0.433737
0.436691
0.439605
0.442479
0.445309
0.448094
0.450831
0.453518
0.456153
0.458733
0.461258
0.463724
0.466130
0.468474
0.470755
0.472969
0.475116
0.477193
0.479198
0.481131
0.482990
0.484773
0.486479
0.488105
0.489652
0.491117
0.492498
0.493795
0.495008
0.496134
0.497172
0.498123
0.498984
0.499755
0.500435
0.501023
0.501518
0.501921
0.502230
0.502445
0.502567
0.502593
0.502524
0.502361
0.502102
0.501747
0.501297
0.500752
0.500112
0.499376
0.498545
0.497620
0.496601
0.495489
0.494283
0.492984
0.491593
0.490111
0.488539
0.486876
0.485124
0.483284
0.481357
0.479345
0.477247
0.475065
0.472800
0.470453
0.468027
0.465520
0.462936
0.460276
0.457541
0.454732
0.451852
0.448900
0.445880
0.442793
0.439641
0.436424
0.433146
0.429807
0.426408
0.422953
0.419442
0.415879
0.412263
0.408598
0.404886
0.401127
0.397324
0.393479
0.389594
0.385670
0.381710
0.377715
0.373688
0.369630
0.365543
0.361430
0.357291
0.353129
0.348947
0.344745
0.340526
0.336292
0.332044
0.327784
0.323515
0.319237
0.314953
0.310665
0.306374
0.302082
0.297791
0.293501
0.289216
0.284937
0.280665
0.276402
0.272149
0.267908
0.263681
0.259469
0.255272
0.251094
0.246934
0.242795
0.238678
0.234583
0.230513
0.226468
0.222449
0.218459
0.214497
0.210565
0.206663
0.202794
0.198957
0.195153
0.191384
0.187651
0.183953
0.180292
0.176669
0.173084
0.169538
0.166031
0.162565
0.159138
0.155753
0.152410
0.149108
0.145849
0.142633
0.139459
0.136329
0.133243
0.130200
0.127202
0.124247
0.121337
0.118472
0.115651
0.112874
0.110142
0.107455
0.104813
0.102215
0.099661
0.097152
0.094687
0.092266
0.089889
0.087556
0.085267
0.083020
0.080817
0.078656
0.076538
0.074462
0.072428
0.070435
0.068484
0.066573
0.064702
0.062872
0.061081
0.059329
0.057616
0.055942
0.054305
0.052705
0.051142
0.049616
0.048126
0.046671
0.045251
0.043865
0.042514
0.041196
0.039910
0.038657
0.037436
0.036246
0.035087
0.033959
0.032860
0.031790
0.030749
0.029736
0.028751
0.027792
0.026861
0.025955
0.025075
0.024220
0.023389
0.022583
0.021799
0.021039
0.020301
0.019586
0.018891
0.018218
0.017565
0.016932
0.016319
0.015724
0.015149
0.014591
0.014051
0.013529
0.013023
0.012534
0.012061
0.011603
0.011160
0.010732
0.010319
0.009919
0.009533
0.009160
0.008800
0.008453
0.008117
0.007793
0.007481
0.007180
0.006889
0.006609
0.006340
0.006079
0.005829
0.005587
0.005355
0.005131
0.004916
0.004708
0.004509
0.004317
0.004132
0.003955
0.003784
0.003620
0.003463
0.003311
0.003166
0.003026
0.002892
0.002764
0.002640
0.002522
0.002408
0.002299
0.002195
0.002095
0.001999
0.001907
0.001819
0.001734
0.001654
0.001576
0.001502
0.001431
0.001364
0.001299
0.001237
0.001178
0.001121
0.001067
0.001015
0.000966
0.000919
0.000873
0.000830
0.000789
0.000750
0.000713
0.000677
0.000643
0.000611
0.000580
0.000551
0.000522
0.000496
0.000470
0.000446
0.000423
0.000401
0.000380
0.000360
0.000341
0.000323
0.000306
0.000290
0.000275
0.000260
0.000246
0.000233
0.000220
0.000208
0.000197
0.000186
0.000176
0.000166
0.000157
0.000149
0.000140
0.000132
0.000125
0.000118
0.000111
0.000105
0.000099
0.000094
0.000088
0.000083
0.000078
0.000074
0.000070
0.000066
0.000062
0.000058
0.000055
0.000052
0.000049
0.000046
0.000043
0.000040
0.000038
0.000036
0.000034
0.000032
0.000030
0.000028
0.000026
0.000025
0.000023
0.000022
0.000020
0.000019
0.000018
0.000017
0.000016
0.000015
0.000014
0.000013
0.000012
0.000011
0.000011
0.000010
0.000009
0.000009
0.000008
0.000008
0.000007
0.000007
0.000006
0.000006
0.000005
0.000005
0.000005
0.000004
0.000004
0.000004
0.000004
0.000003
0.000003
0.000003
0.000003
0.000003
0.000002
0.000002
0.000002
0.000002
0.000002
0.000002
0.000002
0.000001
0.000001
0.000001
0.000001
0.000001
0.000001
0.000001
0.000001
0.000001
0.000001
0.000001
0.000001
0.000001
0.000001
0.000001
0.000000
0.000000
0.000000
0.000000
0.000000
0.000000
0.000000
0.000000
0.000000
0.000000
0.000000
0.000000
0.000000
0.000000
0.000000
0.000000
0.000000
0.000000
0.000000
0.000000
0.000000
0.000000
0.000000
0.000000
0.000000
0.000000
0.000000
0.000000
0.000000
0.000000
0.000000
0.000000
0.000000
0.000000
0.000000
0.000000
0.000000
0.000000
0.000000
0.000000
0.000000
0.000000
0.000000
0.000000
0.000000
0.000000
0.000000
0.000000
0.000000
0.000000
0.000000
0.000000
0.000000
0.000000
0.000000
0.000000
0.000000
0.000000
0.000000
0.000000
0.000000
0.000000
0.000000
0.000000
0.000000
0.000000
0.000000
0.000000
0.000000
0.000000
0.000000
0.000000
0.000000
0.000000
0.000000
0.000000
0.000000
0.000000
0.000000
0.000000
0.000000
0.000000
0.000000
0.000000
0.000000
0.000000
0.000000
0.000000
0.000000
0.000000
0.000000
0.000000
0.000000
0.000000
0.000000
0.000000
0.000000
0.000000
0.000000
0.000000
0.000000
0.000000
0.000000
0.000000
0.000000
0.000000
0.000000
0.000000
0.000000
0.000000
0.000000
0.000000
0.000000
0.000000
0.000000
0.000000
0.000000
0.000000
0.000000
0.000000
0.000000
0.000000
0.000000
0.000000
0.000000
0.000000
0.000000
0.000000
0.000000
0.000000
0.000000
0.000000
0.000000
0.000000
0.000000
0.000000
0.000000
0.000000
0.000000
0.000000
0.000000
0.000000
0.000000
0.000000
0.000000
0.000000
0.000000
0.000000
0.000000
0.000000
0.000000
0.000000
0.000000
0.000000
0.000000
0.000000
0.000000
0.000000
0.000000
0.000000
0.000000
0.000000
0.000000
0.000000
0.000000
0.000000
0.000000
0.000000
0.000000
0.000000
0.000000
0.000000
0.000000
0.000000
0.000000
0.000000
0.000000
0.000000
0.000000
0.000000
0.000000
0.000000
0.000000
0.000000
0.000000
0.000000
0.000000
0.000000
0.000000
0.000000
0.000000
0.000000
0.000000
0.000000
0.000000
0.000000
0.000000
0.000000
0.000000
0.000000
0.000000
0.000000
0.000000
0.000000
0.000000
0.000000
0.000000
0.000000
0.000000
0.000000
0.000000
0.000000
0.000000
