0.000013
0.000030
0.000042
0.000056
0.000079
0.000078
0.000108
0.000131
0.000116
0.000130
0.000194
0.000264
0.000311
0.000341
0.000363
0.000384
0.000406
0.000429
0.000454
0.000479
0.000506
0.000534
0.000564
0.000595
0.000628
0.000662
0.000699
0.000737
0.000777
0.000819
0.000863
0.000909
0.000958
0.001009
0.001063
0.001119
0.001178
0.001240
0.001305
0.001372
0.001444
0.001518
0.001596
0.001678
0.001764
0.001854
0.001947
0.002046
0.002148
0.002256
0.002368
0.002486
0.002608
0.002737
0.002871
0.003011
0.003157
0.003310
0.003469
0.003636
0.003809
0.003991
0.004180
0.004377
0.004582
0.004796
0.005019
0.005252
0.005494
0.005746
0.006009
0.006282
0.006567
0.006863
0.007171
0.007492
0.007825
0.008171
0.008532
0.008906
0.009295
0.009699
0.010118
0.010554
0.011006
0.011476
0.011963
0.012468
0.012992
0.013536
0.014099
0.014683
0.015288
0.015916
0.016565
0.017238
0.017934
0.018656
0.019402
0.020174
0.020973
0.021799
0.022653
0.023536
0.024449
0.025392
0.026367
0.027373
0.028413
0.029486
0.030594
0.031737
0.032916
0.034133
0.035387
0.036681
0.038014
0.039388
0.040804
0.042263
0.043765
0.045312
0.046904
0.048542
0.050228
0.051963
0.053747
0.055581
0.057467
0.059405
0.061397
0.063442
0.065544
0.067701
0.069916
0.072190
0.074523
0.076916
0.079370
0.081887
0.084468
0.087112
0.089822
0.092598
0.095441
0.098353
0.101333
0.104384
0.107505
0.110698
0.113964
0.117303
0.120716
0.124205
0.127769
0.131411
0.135129
0.138926
0.142801
0.146757
0.150792
0.154908
0.159105
0.163385
0.167746
0.172191
0.176719
0.181330
0.186026
0.190807
0.195671
0.200621
0.205657
0.210777
0.215983
0.221274
0.226651
0.232113
0.237661
0.243294
0.249012
0.254814
0.260701
0.266672
0.272727
0.278865
0.285086
0.291389
0.297773
0.304238
0.310782
0.317406
0.324108
0.330886
0.337741
0.344671
0.351675
0.358751
0.365898
0.373115
0.380400
0.387753
0.395170
0.402651
0.410193
0.417796
0.425457
0.433174
0.440945
0.448769
0.456642
0.464563
0.472530
0.480540
0.488590
0.496679
0.504803
0.512961
0.521149
0.529365
0.537606
0.545869
0.554152
0.562450
0.570762
0.579084
0.587413
0.595747
0.604080
0.612412
0.620737
0.629055
0.637358
0.645647
0.653916
0.662162
0.670381
0.678571
0.686727
0.694847
0.702925
0.710960
0.718946
0.726881
0.734761
0.742581
0.750340
0.758032
0.765654
0.773202
0.780673
0.788063
0.795368
0.802586
0.809711
0.816741
0.823672
0.830501
0.837223
0.843836
0.850335
0.856718
0.862982
0.869122
0.875136
0.881021
0.886773
0.892389
0.897866
0.903201
0.908392
0.913435
0.918327
0.923067
0.927650
0.932075
0.936340
0.940441
0.944376
0.948144
0.951743
0.955169
0.958421
0.961498
0.964397
0.967117
0.969657
0.972014
0.974188
0.976177
0.977980
0.979595
0.981023
0.982263
0.983313
0.984173
0.984843
0.985321
0.985608
0.985704
0.985608
0.985321
0.984843
0.984174
0.983314
0.982264
0.981025
0.979596
0.977980
0.976178
0.974189
0.972015
0.969658
0.967119
0.964399
0.961500
0.958424
0.955171
0.951745
0.948147
0.944379
0.940444
0.936343
0.932079
0.927654
0.923070
0.918331
0.913438
0.908396
0.903205
0.897870
0.892393
0.886777
0.881025
0.875140
0.869127
0.862986
0.856723
0.850339
0.843840
0.837227
0.830505
0.823677
0.816746
0.809716
0.802591
0.795374
0.788068
0.780679
0.773207
0.765659
0.758037
0.750346
0.742587
0.734767
0.726887
0.718952
0.710966
0.702932
0.694853
0.686734
0.678577
0.670388
0.662168
0.653922
0.645653
0.637366
0.629062
0.620745
0.612419
0.604088
0.595754
0.587421
0.579092
0.570770
0.562458
0.554160
0.545877
0.537614
0.529374
0.521158
0.512970
0.504812
0.496688
0.488599
0.480549
0.472539
0.464572
0.456651
0.448778
0.440955
0.433184
0.425466
0.417806
0.410203
0.402660
0.395179
0.387762
0.380410
0.373124
0.365907
0.358760
0.351684
0.344681
0.337751
0.330896
0.324117
0.317416
0.310792
0.304247
0.297783
0.291399
0.285096
0.278875
0.272737
0.266682
0.260711
0.254824
0.249021
0.243303
0.237670
0.232123
0.226660
0.221283
0.215992
0.210786
0.205666
0.200630
0.195680
0.190815
0.186035
0.181339
0.176728
0.172199
0.167755
0.163393
0.159114
0.154916
0.150800
0.146764
0.142809
0.138933
0.135137
0.131418
0.127777
0.124212
0.120723
0.117310
0.113970
0.110705
0.107511
0.104390
0.101340
0.098359
0.095447
0.092604
0.089828
0.087118
0.084473
0.081893
0.079376
0.076921
0.074528
0.072195
0.069921
0.067706
0.065549
0.063447
0.061401
0.059410
0.057471
0.055586
0.053751
0.051967
0.050233
0.048546
0.046908
0.045315
0.043769
0.042266
0.040808
0.039392
0.038018
0.036684
0.035390
0.034136
0.032919
0.031740
0.030597
0.029489
0.028416
0.027376
0.026369
0.025395
0.024452
0.023539
0.022656
0.021801
0.020975
0.020176
0.019404
0.018658
0.017936
0.017240
0.016567
0.015917
0.015290
0.014685
0.014101
0.013537
0.012994
0.012470
0.011964
0.011477
0.011008
0.010555
0.010120
0.009700
0.009296
0.008907
0.008533
0.008173
0.007826
0.007493
0.007172
0.006864
0.006568
0.006283
0.006010
0.005747
0.005495
0.005253
0.005020
0.004797
0.004583
0.004377
0.004180
0.003991
0.003810
0.003636
0.003470
0.003310
0.003158
0.003011
0.002871
0.002737
0.002609
0.002486
0.002369
0.002256
0.002149
0.002046
0.001948
0.001854
0.001764
0.001678
0.001597
0.001519
0.001444
0.001373
0.001305
0.001240
0.001178
0.001119
0.001063
0.001009
0.000958
0.000910
0.000863
0.000819
0.000777
0.000737
0.000699
0.000662
0.000628
0.000595
0.000564
0.000534
0.000506
0.000479
0.000454
0.000429
0.000406
0.000385
0.000364
0.000344
0.000325
0.000308
0.000291
0.000275
0.000260
0.000245
0.000232
0.000219
0.000207
0.000195
0.000184
0.000174
0.000164
0.000155
0.000146
0.000137
0.000130
0.000122
0.000115
0.000108
0.000102
0.000096
0.000091
0.000085
0.000080
0.000076
0.000071
0.000067
0.000063
0.000059
0.000056
0.000052
0.000049
0.000046
0.000043
0.000041
0.000038
0.000036
0.000034
0.000032
0.000030
0.000028
0.000026
0.000024
0.000023
0.000021
0.000020
0.000019
0.000018
0.000017
0.000016
0.000015
0.000014
0.000013
0.000012
0.000011
0.000010
0.000010
0.000009
0.000009
0.000008
0.000007
0.000007
0.000006
0.000006
0.000006
0.000005
0.000005
0.000005
0.000004
0.000004
0.000004
0.000003
0.000003
0.000003
0.000003
0.000003
0.000002
0.000002
0.000002
0.000002
0.000002
0.000002
0.000002
0.000001
0.000001
0.000001
0.000001
0.000001
0.000001
0.000001
0.000001
0.000001
0.000001
0.000001
0.000001
0.000001
0.000001
0.000001
0.000000
0.000000
0.000000
0.000000
0.000000
0.000000
0.000000
0.000000
0.000000
0.000000
0.000000
0.000000
0.000000
0.000000
0.000000
0.000000
0.000000
0.000000
0.000000
0.000000
0.000000
0.000000
0.000000
0.000000
0.000000
0.000000
0.000000
0.000000
0.000000
0.000000
0.000000
0.000000
0.000000
0.000000
0.000000
0.000000
0.000000
0.000000
0.000000
0.000000
0.000000
0.000000
0.000000
0.000000
0.000000
0.000000
0.000000
0.000000
0.000000
0.000000
0.000000
0.000000
0.000000
0.000000
0.000000
0.000000
0.000000
0.000000
0.000000
0.000000
0.000000
0.000000
0.000000
0.000000
0.000000
0.000000
0.000000
0.000000
0.000000
0.000000
0.000000
0.000000
0.000000
0.000000
0.000000
0.000000
0.000000
0.000000
0.000000
0.000000
0.000000
0.000000
0.000000
0.000000
0.000000
0.000000
0.000000
0.000000
0.000000
0.000000
0.000000
0.000000
0.000000
0.000000
0.000000
0.000000
0.000000
0.000000
0.000000
0.000000
0.000000
0.000000
0.000000
0.000000
0.000000
0.000000
0.000000
0.000000
0.000000
0.000000
0.000000
0.000000
0.000000
0.000000
0.000000
0.000000
0.000000
0.000000
0.000000
0.000000
0.000000
0.000000
0.000000
0.000000
0.000000
0.000000
0.000000
0.000000
0.000000
0.000000
0.000000
0.000000
0.000000
0.000000
0.000000
0.000000
0.000000
0.000000
0.000000
0.000000
0.000000
0.000000
0.000000
0.000000
0.000000
0.000000
0.000000
0.000000
0.000000
0.000000
0.000000
0.000000
0.000000
0.000000
0.000000
0.000000
0.000000
0.000000
0.000000
0.000000
0.000000
0.000000
0.000000
0.000000
0.000000
0.000000
0.000000
0.000000
0.000000
0.000000
0.000000
0.000000
0.000000
0.000000
0.000000
0.000000
0.000000
0.000000
0.000000
0.000000
0.000000
0.000000
0.000000
0.000000
0.000000
0.000000
0.000000
0.000000
0.000000
0.000000
0.000000
0.000000
0.000000
0.000000
0.000000
0.000000
0.000000
0.000000
0.000000
0.000000
0.000000
0.000000
0.000000
0.000000
0.000000
0.000000
0.000000
0.000000
0.000000
0.000000
0.000000
0.000000
0.000000
0.000000
0.000000
0.000000
0.000000
0.000000
0.000000
0.000000
0.000000
0.000000
0.000000
0.000000
0.000000
0.000000
0.000000
0.000000
0.000000
0.000000
0.000000
0.000000
0.000000
0.000000
0.000000
0.000000
0.000000
0.000000
0.000000
0.000000
0.000000
0.000000
0.000000
0.000000
0.000000
0.000000
0.000000
0.000000
0.000000
0.000000
0.000000
0.000000
0.000000
0.000000
0.000000
0.000000
0.000000
0.000000
0.000000
0.000000
0.000000
0.000000
0.000000
0.000000
0.000000
0.000000
0.000000
0.000000
0.000000
0.000000
0.000000
0.000000
0.000000
0.000000
0.000000
0.000000
0.000000
0.000000
0.000000
0.000000
0.000000
0.000000
0.000000
0.000000
0.000000
0.000000
0.000000
0.000000
0.000000
0.000000
0.000000
0.000000
0.000000
0.000000
0.000000
0.000000
0.000000
0.000000
0.000000
0.000000
0.000000
0.000000
0.000000
0.000000
0.000000
0.000000
0.000000
0.000000
0.000000
0.000000
0.000000
0.000000
0.000000
0.000000
