0.001227
0.002454
0.003684
0.004916
0.006152
0.007393
0.008639
0.009892
0.011153
0.012421
0.013699
0.014987
0.016286
0.017598
0.018921
0.020261
0.021612
0.022982
0.024365
0.025769
0.027188
0.028628
0.030087
0.031567
0.033070
0.034593
0.036143
0.037712
0.039310
0.040931
0.042580
0.044257
0.045958
0.047694
0.049453
0.051247
0.053070
0.054923
0.056812
0.058728
0.060684
0.062670
0.064690
0.066751
0.068840
0.070972
0.073138
0.075338
0.077585
0.079861
0.082180
0.084541
0.086933
0.089374
0.091853
0.094366
0.096931
0.099530
0.102168
0.104858
0.107579
0.110344
0.113160
0.116007
0.118898
0.121841
0.124814
0.127831
0.130901
0.134003
0.137144
0.140339
0.143569
0.146831
0.150148
0.153505
0.156890
0.160321
0.163803
0.167311
0.170852
0.174446
0.178077
0.181731
0.185423
0.189167
0.192940
0.196732
0.200562
0.204440
0.208346
0.212266
0.216216
0.220211
0.224238
0.228277
0.232330
0.236416
0.240542
0.244691
0.248845
0.253005
0.257187
0.261402
0.265644
0.269897
0.274147
0.278392
0.282642
0.286908
0.291195
0.295502
0.299820
0.304142
0.308460
0.312769
0.317069
0.321358
0.325637
0.329905
0.334160
0.338402
0.342629
0.346840
0.351032
0.355204
0.359354
0.363480
0.367580
0.371652
0.375695
0.379706
0.383683
0.387625
0.391529
0.395394
0.399218
0.402998
0.406733
0.410422
0.414061
0.417650
0.421187
0.424669
0.428095
0.431463
0.434771
0.438018
0.441202
0.444321
0.447373
0.450357
0.453272
0.456116
0.458886
0.461582
0.464203
0.466746
0.469211
0.471596
0.473900
0.476122
0.478261
0.480314
0.482282
0.484163
0.485957
0.487661
0.489277
0.490802
0.492235
0.493577
0.494826
0.495982
0.497045
0.498014
0.498888
0.499668
0.500352
0.500942
0.501435
0.501833
0.502136
0.502343
0.502455
0.502472
0.502393
0.502219
0.501952
0.501590
0.501134
0.500586
0.499945
0.499213
0.498391
0.497478
0.496476
0.495386
0.494209
0.492947
0.491598
0.490167
0.488653
0.487057
0.485382
0.483627
0.481796
0.479890
0.477909
0.475857
0.473733
0.471541
0.469282
0.466958
0.464571
0.462121
0.459613
0.457046
0.454424
0.451747
0.449021
0.446245
0.443422
0.440554
0.437643
0.434691
0.431702
0.428677
0.425618
0.422528
0.419409
0.416263
0.413094
0.409903
0.406693
0.403466
0.400226
0.396972
0.393710
0.390440
0.387166
0.383890
0.380615
0.377342
0.374075
0.370815
0.367566
0.364329
0.361107
0.357902
0.354717
0.351552
0.348414
0.345301
0.342218
0.339167
0.336149
0.333165
0.330221
0.327315
0.324452
0.321634
0.318861
0.316137
0.313464
0.310842
0.308273
0.305762
0.303308
0.300913
0.298580
0.296310
0.294103
0.291963
0.289890
0.287887
0.285954
0.284093
0.282305
0.280591
0.278953
0.277393
0.275910
0.274506
0.273183
0.271939
0.270778
0.269700
0.268705
0.267794
0.266969
0.266228
0.265574
0.265005
0.264523
0.264128
0.263821
0.263601
0.263470
0.263426
0.263470
0.263602
0.263821
0.264128
0.264522
0.265003
0.265572
0.266226
0.266967
0.267792
0.268702
0.269698
0.270775
0.271936
0.273180
0.274503
0.275907
0.277390
0.278951
0.280589
0.282302
0.284090
0.285951
0.287884
0.289887
0.291960
0.294100
0.296306
0.298577
0.300910
0.303305
0.305759
0.308272
0.310839
0.313461
0.316135
0.318860
0.321632
0.324451
0.327314
0.330219
0.333163
0.336146
0.339165
0.342217
0.345299
0.348411
0.351548
0.354712
0.357897
0.361102
0.364324
0.367561
0.370810
0.374070
0.377338
0.380610
0.383886
0.387162
0.390436
0.393706
0.396969
0.400222
0.403463
0.406690
0.409900
0.413092
0.416261
0.419406
0.422525
0.425615
0.428673
0.431698
0.434688
0.437639
0.440550
0.443419
0.446242
0.449018
0.451746
0.454421
0.457043
0.459610
0.462119
0.464569
0.466956
0.469281
0.471541
0.473733
0.475857
0.477909
0.479889
0.481795
0.483626
0.485380
0.487056
0.488651
0.490166
0.491598
0.492946
0.494209
0.495386
0.496476
0.497478
0.498391
0.499213
0.499945
0.500585
0.501134
0.501589
0.501951
0.502218
0.502392
0.502471
0.502455
0.502343
0.502136
0.501834
0.501436
0.500942
0.500354
0.499669
0.498890
0.498015
0.497047
0.495985
0.494828
0.493579
0.492237
0.490803
0.489278
0.487663
0.485958
0.484164
0.482283
0.480316
0.478262
0.476124
0.473903
0.471599
0.469213
0.466748
0.464205
0.461583
0.458887
0.456117
0.453274
0.450359
0.447374
0.444321
0.441202
0.438019
0.434773
0.431464
0.428096
0.424670
0.421188
0.417651
0.414062
0.410422
0.406734
0.402999
0.399219
0.395395
0.391530
0.387626
0.383684
0.379707
0.375696
0.371654
0.367582
0.363482
0.359356
0.355206
0.351034
0.346842
0.342632
0.338405
0.334164
0.329910
0.325646
0.321372
0.317092
0.312806
0.308516
0.304225
0.299933
0.295642
0.291355
0.287073
0.282797
0.278530
0.274272
0.270025
0.265791
0.261571
0.257366
0.253179
0.249010
0.244860
0.240732
0.236626
0.232544
0.228486
0.224454
0.220450
0.216473
0.212526
0.208609
0.204723
0.200870
0.197050
0.193264
0.189513
0.185797
0.182117
0.178475
0.174871
0.171305
0.167779
0.164292
0.160846
0.157440
0.154076
0.150754
0.147473
0.144235
0.141040
0.137889
0.134780
0.131716
0.128695
0.125719
0.122786
0.119899
0.117055
0.114257
0.111503
0.108793
0.106128
0.103508
0.100932
0.098401
0.095914
0.093471
0.091072
0.088717
0.086406
0.084138
0.081913
0.079731
0.077592
0.075495
0.073440
0.071426
0.069454
0.067523
0.065633
0.063782
0.061972
0.060200
0.058468
0.056774
0.055118
0.053500
0.051919
0.050375
0.048866
0.047394
0.045957
0.044554
0.043185
0.041851
0.040549
0.039280
0.038043
0.036837
0.035663
0.034519
0.033406
0.032321
0.031266
0.030239
0.029240
0.028268
0.027323
0.026405
0.025512
0.024644
0.023802
0.022983
0.022188
0.021416
0.020668
0.019941
0.019236
0.018552
0.017889
0.017246
0.016623
0.016019
0.015434
0.014868
0.014319
0.013788
0.013274
0.012776
0.012295
0.011830
0.011380
0.010944
0.010524
0.010117
0.009724
0.009345
0.008979
0.008625
0.008283
0.007954
0.007636
0.007329
0.007033
0.006748
0.006473
0.006208
0.005953
0.005707
0.005470
0.005242
0.005022
0.004811
0.004608
0.004412
0.004224
0.004043
0.003869
0.003701
0.003541
0.003386
0.003238
0.003096
0.002959
0.002827
0.002701
0.002580
0.002464
0.002353
0.002247
0.002144
0.002046
0.001952
0.001862
0.001776
0.001694
0.001615
0.001539
0.001466
0.001397
0.001331
0.001268
0.001207
0.001149
0.001094
0.001041
0.000990
0.000942
0.000896
0.000852
0.000810
0.000770
0.000731
0.000695
0.000660
0.000627
0.000595
0.000565
0.000536
0.000509
0.000483
0.000458
0.000434
0.000412
0.000390
0.000370
0.000351
0.000332
0.000315
0.000298
0.000282
0.000267
0.000253
0.000239
0.000226
0.000214
0.000203
0.000192
0.000181
0.000171
0.000162
0.000153
0.000144
0.000136
0.000129
0.000122
0.000115
0.000108
0.000102
0.000096
0.000091
0.000086
0.000081
0.000076
0.000072
0.000068
0.000064
0.000060
0.000056
0.000053
0.000050
0.000047
0.000044
0.000042
0.000039
0.000037
0.000035
0.000033
0.000031
0.000029
0.000027
0.000025
0.000024
0.000022
0.000021
0.000020
0.000018
0.000017
0.000016
0.000015
0.000014
0.000013
0.000013
0.000012
0.000011
0.000010
0.000010
0.000009
0.000008
0.000008
0.000007
0.000007
0.000006
0.000006
0.000006
0.000005
0.000005
0.000005
0.000004
0.000004
0.000004
0.000004
0.000003
0.000003
0.000003
0.000003
0.000002
0.000002
0.000002
0.000002
0.000002
0.000002
0.000002
0.000002
0.000001
0.000001
0.000001
0.000001
0.000001
0.000001
0.000001
0.000001
0.000001
0.000001
0.000001
0.000001
0.000001
0.000001
0.000001
0.000000
0.000000
0.000000
0.000000
0.000000
0.000000
0.000000
0.000000
0.000000
0.000000
0.000000
0.000000
0.000000
0.000000
0.000000
0.000000
0.000000
0.000000
0.000000
0.000000
0.000000
0.000000
0.000000
0.000000
0.000000
0.000000
0.000000
0.000000
0.000000
0.000000
0.000000
0.000000
0.000000
0.000000
0.000000
0.000000
0.000000
0.000000
0.000000
0.000000
0.000000
0.000000
0.000000
0.000000
0.000000
0.000000
0.000000
0.000000
0.000000
0.000000
0.000000
0.000000
0.000000
0.000000
0.000000
0.000000
0.000000
0.000000
0.000000
0.000000
0.000000
0.000000
0.000000
0.000000
0.000000
0.000000
0.000000
0.000000
0.000000
0.000000
0.000000
0.000000
0.000000
0.000000
0.000000
0.000000
0.000000
0.000000
0.000000
0.000000
0.000000
0.000000
0.000000
0.000000
0.000000
0.000000
0.000000
0.000000
0.000000
0.000000
0.000000
0.000000
0.000000
0.000000
0.000000
0.000000
0.000000
0.000000
0.000000
0.000000
0.000000
0.000000
0.000000
0.000000
0.000000
0.000000
0.000000
0.000000
0.000000
0.000000
0.000000
0.000000
0.000000
0.000000
0.000000
0.000000
0.000000
0.000000
0.000000
0.000000
0.000000
0.000000
0.000000
0.000000
0.000000
0.000000
0.000000
0.000000
0.000000
0.000000
0.000000
0.000000
0.000000
0.000000
0.000000
0.000000
0.000000
0.000000
0.000000
0.000000
0.000000
0.000000
0.000000
0.000000
0.000000
0.000000
0.000000
0.000000
0.000000
0.000000
0.000000
0.000000
0.000000
0.000000
0.000000
0.000000
0.000000
0.000000
0.000000
0.000000
0.000000
0.000000
0.000000
0.000000
0.000000
0.000000
0.000000
0.000000
0.000000
0.000000
0.000000
0.000000
0.000000
0.000000
0.000000
0.000000
0.000000
0.000000
0.000000
0.000000
0.000000
0.000000
0.000000
0.000000
0.000000
0.000000
0.000000
0.000000
0.000000
0.000000
0.000000
0.000000
0.000000
0.000000
0.000000
0.000000
0.000000
0.000000
0.000000
0.000000
0.000000
0.000000
0.000000
0.000000
0.000000
0.000000
0.000000
0.000000
0.000000
0.000000
0.000000
0.000000
