0.001246
0.002493
0.003742
0.004994
0.006249
0.007510
0.008775
0.010048
0.011328
0.012617
0.013913
0.015222
0.016540
0.017873
0.019216
0.020575
0.021947
0.023336
0.024741
0.026163
0.027605
0.029064
0.030546
0.032045
0.033570
0.035113
0.036683
0.038275
0.039893
0.041538
0.043206
0.044906
0.046629
0.048386
0.050169
0.051982
0.053830
0.055704
0.057616
0.059557
0.061532
0.063544
0.065585
0.067669
0.069783
0.071935
0.074128
0.076350
0.078618
0.080922
0.083260
0.085647
0.088065
0.090525
0.093031
0.095568
0.098152
0.100780
0.103440
0.106150
0.108901
0.111686
0.114524
0.117400
0.120310
0.123275
0.126278
0.129314
0.132404
0.135535
0.138696
0.141909
0.145167
0.148452
0.151784
0.155167
0.158577
0.162024
0.165524
0.169060
0.172620
0.176227
0.179882
0.183561
0.187267
0.191023
0.194820
0.198635
0.202477
0.206365
0.210292
0.214235
0.218196
0.222198
0.226240
0.230301
0.234370
0.238461
0.242591
0.246753
0.250926
0.255100
0.259287
0.263501
0.267746
0.272009
0.276273
0.280530
0.284785
0.289049
0.293331
0.297632
0.301948
0.306270
0.310589
0.314900
0.319200
0.323488
0.327764
0.332027
0.336277
0.340512
0.344731
0.348932
0.353114
0.357275
0.361413
0.365526
0.369612
0.373669
0.377696
0.381690
0.385649
0.389571
0.393456
0.397300
0.401101
0.404859
0.408570
0.412234
0.415848
0.419410
0.422918
0.426372
0.429768
0.433106
0.436383
0.439597
0.442748
0.445833
0.448850
0.451798
0.454676
0.457482
0.460214
0.462871
0.465452
0.467955
0.470378
0.472721
0.474982
0.477161
0.479255
0.481263
0.483186
0.485021
0.486769
0.488426
0.489994
0.491471
0.492856
0.494149
0.495348
0.496454
0.497467
0.498386
0.499209
0.499938
0.500571
0.501108
0.501551
0.501897
0.502147
0.502302
0.502362
0.502326
0.502195
0.501969
0.501649
0.501234
0.500726
0.500126
0.499433
0.498650
0.497775
0.496811
0.495758
0.494617
0.493389
0.492076
0.490678
0.489197
0.487633
0.485988
0.484264
0.482461
0.480583
0.478628
0.476602
0.474502
0.472333
0.470096
0.467792
0.465424
0.462993
0.460502
0.457951
0.455342
0.452679
0.449963
0.447196
0.444381
0.441520
0.438615
0.435666
0.432679
0.429654
0.426594
0.423501
0.420377
0.417226
0.414048
0.410848
0.407627
0.404388
0.401132
0.397863
0.394582
0.391292
0.387997
0.384697
0.381397
0.378098
0.374802
0.371512
0.368231
0.364960
0.361703
0.358462
0.355237
0.352033
0.348851
0.345696
0.342566
0.339468
0.336401
0.333368
0.330370
0.327412
0.324493
0.321617
0.318787
0.316003
0.313267
0.310584
0.307951
0.305373
0.302853
0.300390
0.297987
0.295646
0.293368
0.291154
0.289008
0.286929
0.284919
0.282980
0.281113
0.279320
0.277603
0.275960
0.274395
0.272909
0.271501
0.270174
0.268928
0.267764
0.266683
0.265685
0.264772
0.263945
0.263203
0.262547
0.261977
0.261494
0.261098
0.260790
0.260570
0.260438
0.260395
0.260439
0.260571
0.260790
0.261098
0.261493
0.261975
0.262545
0.263201
0.263943
0.264770
0.265683
0.266681
0.267761
0.268925
0.270171
0.271498
0.272905
0.274393
0.275958
0.277600
0.279318
0.281111
0.282977
0.284915
0.286925
0.289004
0.291151
0.293364
0.295643
0.297984
0.300387
0.302850
0.305372
0.307949
0.310581
0.313265
0.316001
0.318785
0.321616
0.324492
0.327410
0.330368
0.333365
0.336398
0.339465
0.342564
0.345692
0.348848
0.352029
0.355232
0.358456
0.361698
0.364956
0.368226
0.371508
0.374798
0.378093
0.381393
0.384694
0.387993
0.391289
0.394578
0.397859
0.401129
0.404384
0.407624
0.410846
0.414046
0.417223
0.420374
0.423498
0.426590
0.429650
0.432675
0.435663
0.438610
0.441517
0.444379
0.447194
0.449960
0.452676
0.455340
0.457947
0.460499
0.462991
0.465423
0.467791
0.470096
0.472333
0.474503
0.476601
0.478628
0.480582
0.482460
0.484262
0.485987
0.487631
0.489195
0.490677
0.492075
0.493389
0.494617
0.495758
0.496811
0.497775
0.498649
0.499433
0.500125
0.500726
0.501233
0.501647
0.501968
0.502193
0.502325
0.502361
0.502302
0.502147
0.501897
0.501551
0.501109
0.500572
0.499939
0.499211
0.498387
0.497469
0.496457
0.495350
0.494150
0.492857
0.491472
0.489995
0.488428
0.486770
0.485022
0.483188
0.481265
0.479257
0.477163
0.474985
0.472724
0.470380
0.467957
0.465454
0.462873
0.460215
0.457483
0.454678
0.451800
0.448851
0.445833
0.442748
0.439598
0.436384
0.433107
0.429770
0.426373
0.422919
0.419411
0.415848
0.412234
0.408571
0.404860
0.401103
0.397301
0.393457
0.389573
0.385650
0.381691
0.377697
0.373671
0.369614
0.365528
0.361415
0.357277
0.353117
0.348935
0.344734
0.340515
0.336281
0.332034
0.327775
0.323506
0.319229
0.314946
0.310658
0.306367
0.302076
0.297784
0.293495
0.289211
0.284932
0.280660
0.276397
0.272145
0.267904
0.263677
0.259465
0.255269
0.251090
0.246931
0.242792
0.238675
0.234581
0.230510
0.226466
0.222447
0.218457
0.214495
0.210563
0.206661
0.202792
0.198955
0.195152
0.191383
0.187650
0.183952
0.180291
0.176668
0.173083
0.169537
0.166030
0.162564
0.159138
0.155753
0.152409
0.149108
0.145849
0.142632
0.139459
0.136329
0.133242
0.130200
0.127201
0.124247
0.121337
0.118471
0.115650
0.112874
0.110142
0.107455
0.104813
0.102215
0.099661
0.097152
0.094687
0.092266
0.089889
0.087556
0.085266
0.083020
0.080817
0.078656
0.076538
0.074462
0.072428
0.070435
0.068484
0.066573
0.064702
0.062872
0.061081
0.059329
0.057616
0.055942
0.054305
0.052705
0.051142
0.049616
0.048126
0.046671
0.045251
0.043865
0.042514
0.041196
0.039910
0.038657
0.037436
0.036246
0.035087
0.033959
0.032860
0.031790
0.030749
0.029736
0.028751
0.027792
0.026861
0.025955
0.025075
0.024220
0.023389
0.022583
0.021799
0.021039
0.020301
0.019586
0.018891
0.018218
0.017565
0.016932
0.016319
0.015724
0.015149
0.014591
0.014051
0.013529
0.013023
0.012534
0.012061
0.011603
0.011160
0.010732
0.010319
0.009919
0.009533
0.009160
0.008800
0.008453
0.008117
0.007793
0.007481
0.007180
0.006889
0.006609
0.006340
0.006079
0.005829
0.005587
0.005355
0.005131
0.004916
0.004708
0.004509
0.004317
0.004132
0.003955
0.003784
0.003620
0.003463
0.003311
0.003166
0.003026
0.002892
0.002764
0.002640
0.002522
0.002408
0.002299
0.002195
0.002095
0.001999
0.001907
0.001819
0.001734
0.001654
0.001576
0.001502
0.001431
0.001364
0.001299
0.001237
0.001178
0.001121
0.001067
0.001015
0.000966
0.000919
0.000873
0.000830
0.000789
0.000750
0.000713
0.000677
0.000643
0.000611
0.000580
0.000551
0.000522
0.000496
0.000470
0.000446
0.000423
0.000401
0.000380
0.000360
0.000341
0.000323
0.000306
0.000290
0.000275
0.000260
0.000246
0.000233
0.000220
0.000208
0.000197
0.000186
0.000176
0.000166
0.000157
0.000149
0.000140
0.000132
0.000125
0.000118
0.000111
0.000105
0.000099
0.000094
0.000088
0.000083
0.000078
0.000074
0.000070
0.000066
0.000062
0.000058
0.000055
0.000052
0.000049
0.000046
0.000043
0.000040
0.000038
0.000036
0.000034
0.000032
0.000030
0.000028
0.000026
0.000025
0.000023
0.000022
0.000020
0.000019
0.000018
0.000017
0.000016
0.000015
0.000014
0.000013
0.000012
0.000011
0.000011
0.000010
0.000009
0.000009
0.000008
0.000008
0.000007
0.000007
0.000006
0.000006
0.000005
0.000005
0.000005
0.000004
0.000004
0.000004
0.000004
0.000003
0.000003
0.000003
0.000003
0.000003
0.000002
0.000002
0.000002
0.000002
0.000002
0.000002
0.000002
0.000001
0.000001
0.000001
0.000001
0.000001
0.000001
0.000001
0.000001
0.000001
0.000001
0.000001
0.000001
0.000001
0.000001
0.000001
0.000000
0.000000
0.000000
0.000000
0.000000
0.000000
0.000000
0.000000
0.000000
0.000000
0.000000
0.000000
0.000000
0.000000
0.000000
0.000000
0.000000
0.000000
0.000000
0.000000
0.000000
0.000000
0.000000
0.000000
0.000000
0.000000
0.000000
0.000000
0.000000
0.000000
0.000000
0.000000
0.000000
0.000000
0.000000
0.000000
0.000000
0.000000
0.000000
0.000000
0.000000
0.000000
0.000000
0.000000
0.000000
0.000000
0.000000
0.000000
0.000000
0.000000
0.000000
0.000000
0.000000
0.000000
0.000000
0.000000
0.000000
0.000000
0.000000
0.000000
0.000000
0.000000
0.000000
0.000000
0.000000
0.000000
0.000000
0.000000
0.000000
0.000000
0.000000
0.000000
0.000000
0.000000
0.000000
0.000000
0.000000
0.000000
0.000000
0.000000
0.000000
0.000000
0.000000
0.000000
0.000000
0.000000
0.000000
0.000000
0.000000
0.000000
0.000000
0.000000
0.000000
0.000000
0.000000
0.000000
0.000000
0.000000
0.000000
0.000000
0.000000
0.000000
0.000000
0.000000
0.000000
0.000000
0.000000
0.000000
0.000000
0.000000
0.000000
0.000000
0.000000
0.000000
0.000000
0.000000
0.000000
0.000000
0.000000
0.000000
0.000000
0.000000
0.000000
0.000000
0.000000
0.000000
0.000000
0.000000
0.000000
0.000000
0.000000
0.000000
0.000000
0.000000
0.000000
0.000000
0.000000
0.000000
0.000000
0.000000
0.000000
0.000000
0.000000
0.000000
0.000000
0.000000
0.000000
0.000000
0.000000
0.000000
0.000000
0.000000
0.000000
0.000000
0.000000
0.000000
0.000000
0.000000
0.000000
0.000000
0.000000
0.000000
0.000000
0.000000
0.000000
0.000000
0.000000
0.000000
0.000000
0.000000
0.000000
0.000000
0.000000
0.000000
0.000000
0.000000
0.000000
0.000000
0.000000
0.000000
0.000000
0.000000
0.000000
0.000000
0.000000
0.000000
0.000000
0.000000
0.000000
0.000000
0.000000
0.000000
0.000000
0.000000
0.000000
0.000000
0.000000
0.000000
0.000000
0.000000
0.000000
0.000000
0.000000
0.000000
0.000000
0.000000
0.000000
0.000000
0.000000
0.000000
0.000000
0.000000
