0.001266
0.002533
0.003801
0.005073
0.006348
0.007628
0.008913
0.010206
0.011505
0.012814
0.014131
0.015460
0.016798
0.018150
0.019514
0.020893
0.022286
0.023694
0.025121
0.026563
0.028026
0.029505
0.031008
0.032529
0.034074
0.035640
0.037229
0.038845
0.040483
0.042151
0.043840
0.045562
0.047309
0.049084
0.050893
0.052726
0.054597
0.056495
0.058427
0.060394
0.062389
0.064426
0.066491
0.068594
0.070736
0.072908
0.075125
0.077373
0.079660
0.081991
0.084353
0.086760
0.089207
0.091687
0.094217
0.096781
0.099385
0.102038
0.104724
0.107453
0.110232
0.113041
0.115897
0.118801
0.121736
0.124718
0.127749
0.130810
0.133917
0.137074
0.140261
0.143490
0.146772
0.150085
0.153433
0.156835
0.160274
0.163740
0.167255
0.170815
0.174400
0.178020
0.181692
0.185398
0.189124
0.192890
0.196704
0.200545
0.204403
0.208300
0.212242
0.216208
0.220187
0.224195
0.228246
0.232326
0.236414
0.240515
0.244648
0.248817
0.253007
0.257198
0.261393
0.265608
0.269853
0.274122
0.278398
0.282668
0.286930
0.291194
0.295471
0.299767
0.304078
0.308397
0.312716
0.317028
0.321328
0.325615
0.329888
0.334146
0.338390
0.342617
0.346828
0.351019
0.355191
0.359340
0.363466
0.367565
0.371636
0.375678
0.379688
0.383665
0.387605
0.391509
0.395372
0.399195
0.402974
0.406708
0.410395
0.414033
0.417621
0.421156
0.424636
0.428061
0.431427
0.434734
0.437979
0.441160
0.444277
0.447327
0.450309
0.453221
0.456062
0.458830
0.461524
0.464141
0.466682
0.469143
0.471525
0.473825
0.476044
0.478178
0.480228
0.482191
0.484069
0.485858
0.487558
0.489168
0.490688
0.492117
0.493453
0.494697
0.495847
0.496903
0.497866
0.498734
0.499507
0.500184
0.500765
0.501251
0.501642
0.501936
0.502134
0.502237
0.502244
0.502156
0.501972
0.501694
0.501322
0.500855
0.500295
0.499643
0.498898
0.498063
0.497137
0.496122
0.495017
0.493826
0.492548
0.491184
0.489736
0.488205
0.486592
0.484899
0.483127
0.481276
0.479350
0.477349
0.475276
0.473131
0.470916
0.468635
0.466287
0.463875
0.461401
0.458868
0.456274
0.453625
0.450921
0.448166
0.445359
0.442506
0.439607
0.436665
0.433680
0.430657
0.427597
0.424503
0.421377
0.418220
0.415036
0.411828
0.408597
0.405346
0.402078
0.398794
0.395497
0.392189
0.388874
0.385553
0.382229
0.378905
0.375582
0.372264
0.368952
0.365649
0.362358
0.359081
0.355820
0.352577
0.349355
0.346157
0.342984
0.339839
0.336725
0.333643
0.330595
0.327585
0.324613
0.321681
0.318794
0.315952
0.313157
0.310410
0.307716
0.305074
0.302488
0.299958
0.297487
0.295077
0.292727
0.290442
0.288222
0.286069
0.283984
0.281969
0.280024
0.278152
0.276355
0.274633
0.272986
0.271417
0.269927
0.268515
0.267185
0.265937
0.264771
0.263687
0.262687
0.261772
0.260943
0.260199
0.259542
0.258970
0.258486
0.258090
0.257781
0.257561
0.257429
0.257385
0.257429
0.257562
0.257782
0.258090
0.258486
0.258969
0.259540
0.260198
0.260941
0.261770
0.262684
0.263684
0.264767
0.265934
0.267183
0.268513
0.269923
0.271414
0.272984
0.274630
0.276352
0.278150
0.280022
0.281965
0.283981
0.286066
0.288219
0.290439
0.292725
0.295073
0.297484
0.299956
0.302486
0.305072
0.307714
0.310408
0.313155
0.315950
0.318793
0.321680
0.324610
0.327582
0.330593
0.333640
0.336722
0.339836
0.342981
0.346153
0.349351
0.352572
0.355814
0.359076
0.362354
0.365645
0.368947
0.372259
0.375577
0.378900
0.382225
0.385549
0.388870
0.392186
0.395494
0.398791
0.402075
0.405343
0.408595
0.411826
0.415034
0.418217
0.421373
0.424499
0.427593
0.430652
0.433676
0.436660
0.439604
0.442503
0.445357
0.448162
0.450918
0.453622
0.456271
0.458865
0.461399
0.463874
0.466286
0.468634
0.470917
0.473131
0.475276
0.477349
0.479349
0.481275
0.483125
0.484898
0.486591
0.488204
0.489735
0.491183
0.492547
0.493825
0.495017
0.496121
0.497137
0.498062
0.498898
0.499642
0.500295
0.500854
0.501320
0.501693
0.501971
0.502155
0.502244
0.502236
0.502134
0.501936
0.501642
0.501252
0.500766
0.500185
0.499508
0.498735
0.497867
0.496905
0.495849
0.494698
0.493455
0.492118
0.490689
0.489170
0.487559
0.485859
0.484070
0.482193
0.480230
0.478180
0.476046
0.473828
0.471527
0.469145
0.466683
0.464143
0.461525
0.458831
0.456064
0.453223
0.450310
0.447328
0.444277
0.441161
0.437980
0.434735
0.431428
0.428062
0.424637
0.421157
0.417622
0.414034
0.410396
0.406709
0.402976
0.399197
0.395374
0.391510
0.387607
0.383666
0.379690
0.375680
0.371639
0.367568
0.363468
0.359343
0.355193
0.351022
0.346831
0.342621
0.338395
0.334154
0.329901
0.325637
0.321364
0.317084
0.312799
0.308509
0.304218
0.299927
0.295637
0.291350
0.287068
0.282792
0.278525
0.274268
0.270021
0.265787
0.261567
0.257363
0.253176
0.249007
0.244858
0.240729
0.236624
0.232541
0.228484
0.224452
0.220447
0.216471
0.212524
0.208607
0.204722
0.200869
0.197049
0.193263
0.189511
0.185796
0.182116
0.178474
0.174870
0.171305
0.167778
0.164292
0.160845
0.157440
0.154075
0.150753
0.147473
0.144235
0.141040
0.137888
0.134780
0.131715
0.128695
0.125718
0.122786
0.119898
0.117055
0.114256
0.111502
0.108793
0.106128
0.103508
0.100932
0.098401
0.095914
0.093471
0.091072
0.088717
0.086406
0.084138
0.081913
0.079731
0.077592
0.075495
0.073440
0.071426
0.069454
0.067523
0.065633
0.063782
0.061972
0.060200
0.058468
0.056774
0.055118
0.053500
0.051919
0.050375
0.048866
0.047394
0.045957
0.044554
0.043185
0.041851
0.040549
0.039280
0.038043
0.036837
0.035663
0.034519
0.033406
0.032321
0.031266
0.030239
0.029240
0.028268
0.027323
0.026405
0.025512
0.024644
0.023802
0.022983
0.022188
0.021416
0.020668
0.019941
0.019236
0.018552
0.017889
0.017246
0.016623
0.016019
0.015434
0.014868
0.014319
0.013788
0.013274
0.012777
0.012295
0.011830
0.011380
0.010944
0.010524
0.010117
0.009724
0.009345
0.008979
0.008625
0.008283
0.007954
0.007636
0.007329
0.007033
0.006748
0.006473
0.006208
0.005953
0.005707
0.005470
0.005242
0.005022
0.004811
0.004608
0.004412
0.004224
0.004043
0.003869
0.003702
0.003541
0.003386
0.003238
0.003096
0.002959
0.002827
0.002701
0.002580
0.002464
0.002353
0.002247
0.002144
0.002046
0.001952
0.001862
0.001776
0.001694
0.001615
0.001539
0.001466
0.001397
0.001331
0.001268
0.001207
0.001149
0.001094
0.001041
0.000990
0.000942
0.000896
0.000852
0.000810
0.000770
0.000731
0.000695
0.000660
0.000627
0.000595
0.000565
0.000536
0.000509
0.000483
0.000458
0.000434
0.000412
0.000390
0.000370
0.000351
0.000332
0.000315
0.000298
0.000282
0.000267
0.000253
0.000239
0.000226
0.000214
0.000203
0.000192
0.000181
0.000171
0.000162
0.000153
0.000144
0.000136
0.000129
0.000122
0.000115
0.000108
0.000102
0.000096
0.000091
0.000086
0.000081
0.000076
0.000072
0.000068
0.000064
0.000060
0.000056
0.000053
0.000050
0.000047
0.000044
0.000042
0.000039
0.000037
0.000035
0.000033
0.000031
0.000029
0.000027
0.000025
0.000024
0.000022
0.000021
0.000020
0.000018
0.000017
0.000016
0.000015
0.000014
0.000013
0.000013
0.000012
0.000011
0.000010
0.000010
0.000009
0.000008
0.000008
0.000007
0.000007
0.000006
0.000006
0.000006
0.000005
0.000005
0.000005
0.000004
0.000004
0.000004
0.000004
0.000003
0.000003
0.000003
0.000003
0.000002
0.000002
0.000002
0.000002
0.000002
0.000002
0.000002
0.000002
0.000001
0.000001
0.000001
0.000001
0.000001
0.000001
0.000001
0.000001
0.000001
0.000001
0.000001
0.000001
0.000001
0.000001
0.000001
0.000000
0.000000
0.000000
0.000000
0.000000
0.000000
0.000000
0.000000
0.000000
0.000000
0.000000
0.000000
0.000000
0.000000
0.000000
0.000000
0.000000
0.000000
0.000000
0.000000
0.000000
0.000000
0.000000
0.000000
0.000000
0.000000
0.000000
0.000000
0.000000
0.000000
0.000000
0.000000
0.000000
0.000000
0.000000
0.000000
0.000000
0.000000
0.000000
0.000000
0.000000
0.000000
0.000000
0.000000
0.000000
0.000000
0.000000
0.000000
0.000000
0.000000
0.000000
0.000000
0.000000
0.000000
0.000000
0.000000
0.000000
0.000000
0.000000
0.000000
0.000000
0.000000
0.000000
0.000000
0.000000
0.000000
0.000000
0.000000
0.000000
0.000000
0.000000
0.000000
0.000000
0.000000
0.000000
0.000000
0.000000
0.000000
0.000000
0.000000
0.000000
0.000000
0.000000
0.000000
0.000000
0.000000
0.000000
0.000000
0.000000
0.000000
0.000000
0.000000
0.000000
0.000000
0.000000
0.000000
0.000000
0.000000
0.000000
0.000000
0.000000
0.000000
0.000000
0.000000
0.000000
0.000000
0.000000
0.000000
0.000000
0.000000
0.000000
0.000000
0.000000
0.000000
0.000000
0.000000
0.000000
0.000000
0.000000
0.000000
0.000000
0.000000
0.000000
0.000000
0.000000
0.000000
0.000000
0.000000
0.000000
0.000000
0.000000
0.000000
0.000000
0.000000
0.000000
0.000000
0.000000
0.000000
0.000000
0.000000
0.000000
0.000000
0.000000
0.000000
0.000000
0.000000
0.000000
0.000000
0.000000
0.000000
0.000000
0.000000
0.000000
0.000000
0.000000
0.000000
0.000000
0.000000
0.000000
0.000000
0.000000
0.000000
0.000000
0.000000
0.000000
0.000000
0.000000
0.000000
0.000000
0.000000
0.000000
0.000000
0.000000
0.000000
0.000000
0.000000
0.000000
0.000000
0.000000
0.000000
0.000000
0.000000
0.000000
0.000000
0.000000
0.000000
0.000000
0.000000
0.000000
0.000000
0.000000
0.000000
0.000000
0.000000
0.000000
0.000000
0.000000
0.000000
0.000000
0.000000
0.000000
0.000000
0.000000
0.000000
0.000000
0.000000
0.000000
0.000000
0.000000
0.000000
0.000000
