0.001286
0.002572
0.003861
0.005152
0.006447
0.007748
0.009053
0.010365
0.011685
0.013014
0.014351
0.015699
0.017059
0.018430
0.019816
0.021214
0.022629
0.024057
0.025505
0.026968
0.028452
0.029953
0.031475
0.033019
0.034583
0.036173
0.037782
0.039421
0.041080
0.042769
0.044482
0.046223
0.047995
0.049791
0.051623
0.053480
0.055371
0.057294
0.059246
0.061238
0.063256
0.065314
0.067406
0.069529
0.071696
0.073892
0.076129
0.078406
0.080714
0.083068
0.085457
0.087883
0.090357
0.092861
0.095411
0.098004
0.100629
0.103305
0.106020
0.108769
0.111570
0.114408
0.117283
0.120211
0.123174
0.126174
0.129228
0.132317
0.135442
0.138621
0.141837
0.145084
0.148385
0.151726
0.155095
0.158513
0.161978
0.165468
0.168996
0.172577
0.176189
0.179826
0.183511
0.187239
0.190990
0.194768
0.198595
0.202459
0.206339
0.210246
0.214198
0.218185
0.222185
0.226202
0.230259
0.234353
0.238462
0.242578
0.246714
0.250887
0.255088
0.259297
0.263505
0.267722
0.271965
0.276236
0.280521
0.284803
0.289076
0.293343
0.297616
0.301905
0.306209
0.310525
0.314841
0.319153
0.323452
0.327738
0.332008
0.336262
0.340499
0.344719
0.348920
0.353102
0.357263
0.361400
0.365512
0.369597
0.373654
0.377680
0.381673
0.385631
0.389552
0.393436
0.397279
0.401080
0.404836
0.408546
0.412208
0.415820
0.419381
0.422888
0.426340
0.429735
0.433071
0.436346
0.439559
0.442707
0.445790
0.448805
0.451751
0.454626
0.457430
0.460159
0.462814
0.465392
0.467891
0.470312
0.472651
0.474909
0.477084
0.479175
0.481179
0.483098
0.484929
0.486672
0.488325
0.489888
0.491360
0.492740
0.494028
0.495222
0.496322
0.497329
0.498241
0.499058
0.499780
0.500406
0.500936
0.501370
0.501709
0.501951
0.502097
0.502148
0.502103
0.501963
0.501727
0.501396
0.500972
0.500453
0.499842
0.499137
0.498341
0.497454
0.496477
0.495410
0.494255
0.493013
0.491685
0.490271
0.488774
0.487194
0.485532
0.483791
0.481970
0.480072
0.478099
0.476052
0.473932
0.471742
0.469483
0.467157
0.464765
0.462311
0.459794
0.457218
0.454583
0.451894
0.449150
0.446356
0.443511
0.440619
0.437683
0.434704
0.431684
0.428626
0.425532
0.422404
0.419245
0.416056
0.412840
0.409602
0.406341
0.403061
0.399764
0.396453
0.393128
0.389795
0.386454
0.383108
0.379760
0.376413
0.373067
0.369727
0.366394
0.363070
0.359759
0.356463
0.353183
0.349922
0.346683
0.343469
0.340279
0.337119
0.333990
0.330894
0.327832
0.324809
0.321824
0.318881
0.315981
0.313129
0.310323
0.307566
0.304862
0.302211
0.299616
0.297078
0.294599
0.292181
0.289825
0.287533
0.285307
0.283148
0.281057
0.279036
0.277087
0.275210
0.273408
0.271681
0.270032
0.268459
0.266965
0.265550
0.264217
0.262966
0.261798
0.260712
0.259710
0.258793
0.257962
0.257217
0.256558
0.255986
0.255501
0.255104
0.254794
0.254574
0.254441
0.254398
0.254442
0.254575
0.254795
0.255103
0.255500
0.255985
0.256556
0.257215
0.257960
0.258791
0.259707
0.260709
0.261795
0.262964
0.264215
0.265548
0.266962
0.268456
0.270029
0.271679
0.273406
0.275208
0.277084
0.279032
0.281053
0.283144
0.285303
0.287530
0.289822
0.292178
0.294596
0.297076
0.299614
0.302209
0.304860
0.307564
0.310321
0.313127
0.315980
0.318879
0.321822
0.324806
0.327830
0.330891
0.333987
0.337116
0.340276
0.343465
0.346679
0.349918
0.353178
0.356458
0.359755
0.363066
0.366389
0.369722
0.373062
0.376408
0.379756
0.383104
0.386450
0.389791
0.393125
0.396449
0.399761
0.403059
0.406339
0.409600
0.412839
0.416053
0.419241
0.422400
0.425528
0.428621
0.431680
0.434700
0.437680
0.440616
0.443508
0.446352
0.449147
0.451891
0.454581
0.457215
0.459792
0.462309
0.464764
0.467156
0.469483
0.471742
0.473933
0.476052
0.478099
0.480071
0.481968
0.483788
0.485530
0.487192
0.488773
0.490270
0.491684
0.493012
0.494255
0.495410
0.496476
0.497453
0.498340
0.499136
0.499841
0.500452
0.500970
0.501395
0.501726
0.501961
0.502102
0.502147
0.502097
0.501951
0.501709
0.501371
0.500936
0.500406
0.499781
0.499059
0.498242
0.497330
0.496324
0.495223
0.494029
0.492741
0.491361
0.489889
0.488327
0.486673
0.484930
0.483099
0.481181
0.479176
0.477087
0.474912
0.472654
0.470314
0.467893
0.465393
0.462815
0.460160
0.457431
0.454628
0.451752
0.448806
0.445790
0.442708
0.439559
0.436347
0.433072
0.429736
0.426341
0.422889
0.419382
0.415821
0.412209
0.408547
0.404837
0.401081
0.397280
0.393437
0.389554
0.385632
0.381674
0.377681
0.373656
0.369600
0.365515
0.361402
0.357265
0.353105
0.348924
0.344723
0.340505
0.336272
0.332025
0.327767
0.323498
0.319221
0.314939
0.310651
0.306361
0.302070
0.297779
0.293490
0.289206
0.284927
0.280655
0.276393
0.272141
0.267900
0.263674
0.259462
0.255266
0.251087
0.246928
0.242790
0.238672
0.234578
0.230508
0.226463
0.222445
0.218455
0.214493
0.210561
0.206660
0.202791
0.198954
0.195151
0.191382
0.187649
0.183951
0.180290
0.176667
0.173082
0.169536
0.166030
0.162563
0.159137
0.155752
0.152409
0.149107
0.145848
0.142632
0.139458
0.136328
0.133242
0.130199
0.127201
0.124247
0.121337
0.118471
0.115650
0.112874
0.110142
0.107455
0.104812
0.102214
0.099661
0.097152
0.094687
0.092266
0.089889
0.087556
0.085266
0.083020
0.080817
0.078656
0.076538
0.074462
0.072428
0.070435
0.068484
0.066573
0.064702
0.062872
0.061081
0.059329
0.057616
0.055941
0.054305
0.052705
0.051142
0.049616
0.048126
0.046671
0.045251
0.043865
0.042514
0.041196
0.039910
0.038657
0.037436
0.036246
0.035087
0.033959
0.032860
0.031790
0.030749
0.029736
0.028751
0.027792
0.026861
0.025955
0.025075
0.024220
0.023389
0.022583
0.021799
0.021039
0.020301
0.019586
0.018891
0.018218
0.017565
0.016932
0.016319
0.015724
0.015149
0.014591
0.014051
0.013529
0.013023
0.012534
0.012061
0.011603
0.011160
0.010732
0.010319
0.009919
0.009533
0.009160
0.008800
0.008453
0.008117
0.007793
0.007481
0.007180
0.006889
0.006609
0.006340
0.006079
0.005829
0.005587
0.005355
0.005131
0.004916
0.004708
0.004509
0.004317
0.004132
0.003955
0.003784
0.003620
0.003463
0.003311
0.003166
0.003026
0.002892
0.002764
0.002640
0.002522
0.002408
0.002299
0.002195
0.002095
0.001999
0.001907
0.001819
0.001734
0.001654
0.001576
0.001502
0.001431
0.001364
0.001299
0.001237
0.001178
0.001121
0.001067
0.001015
0.000966
0.000919
0.000873
0.000830
0.000789
0.000750
0.000713
0.000677
0.000643
0.000611
0.000580
0.000551
0.000522
0.000496
0.000470
0.000446
0.000423
0.000401
0.000380
0.000360
0.000341
0.000323
0.000306
0.000290
0.000275
0.000260
0.000246
0.000233
0.000220
0.000208
0.000197
0.000186
0.000176
0.000166
0.000157
0.000149
0.000140
0.000132
0.000125
0.000118
0.000111
0.000105
0.000099
0.000094
0.000088
0.000083
0.000078
0.000074
0.000070
0.000066
0.000062
0.000058
0.000055
0.000052
0.000049
0.000046
0.000043
0.000040
0.000038
0.000036
0.000034
0.000032
0.000030
0.000028
0.000026
0.000025
0.000023
0.000022
0.000020
0.000019
0.000018
0.000017
0.000016
0.000015
0.000014
0.000013
0.000012
0.000011
0.000011
0.000010
0.000009
0.000009
0.000008
0.000008
0.000007
0.000007
0.000006
0.000006
0.000005
0.000005
0.000005
0.000004
0.000004
0.000004
0.000004
0.000003
0.000003
0.000003
0.000003
0.000003
0.000002
0.000002
0.000002
0.000002
0.000002
0.000002
0.000002
0.000001
0.000001
0.000001
0.000001
0.000001
0.000001
0.000001
0.000001
0.000001
0.000001
0.000001
0.000001
0.000001
0.000001
0.000001
0.000000
0.000000
0.000000
0.000000
0.000000
0.000000
0.000000
0.000000
0.000000
0.000000
0.000000
0.000000
0.000000
0.000000
0.000000
0.000000
0.000000
0.000000
0.000000
0.000000
0.000000
0.000000
0.000000
0.000000
0.000000
0.000000
0.000000
0.000000
0.000000
0.000000
0.000000
0.000000
0.000000
0.000000
0.000000
0.000000
0.000000
0.000000
0.000000
0.000000
0.000000
0.000000
0.000000
0.000000
0.000000
0.000000
0.000000
0.000000
0.000000
0.000000
0.000000
0.000000
0.000000
0.000000
0.000000
0.000000
0.000000
0.000000
0.000000
0.000000
0.000000
0.000000
0.000000
0.000000
0.000000
0.000000
0.000000
0.000000
0.000000
0.000000
0.000000
0.000000
0.000000
0.000000
0.000000
0.000000
0.000000
0.000000
0.000000
0.000000
0.000000
0.000000
0.000000
0.000000
0.000000
0.000000
0.000000
0.000000
0.000000
0.000000
0.000000
0.000000
0.000000
0.000000
0.000000
0.000000
0.000000
0.000000
0.000000
0.000000
0.000000
0.000000
0.000000
0.000000
0.000000
0.000000
0.000000
0.000000
0.000000
0.000000
0.000000
0.000000
0.000000
0.000000
0.000000
0.000000
0.000000
0.000000
0.000000
0.000000
0.000000
0.000000
0.000000
0.000000
0.000000
0.000000
0.000000
0.000000
0.000000
0.000000
0.000000
0.000000
0.000000
0.000000
0.000000
0.000000
0.000000
0.000000
0.000000
0.000000
0.000000
0.000000
0.000000
0.000000
0.000000
0.000000
0.000000
0.000000
0.000000
0.000000
0.000000
0.000000
0.000000
0.000000
0.000000
0.000000
0.000000
0.000000
0.000000
0.000000
0.000000
0.000000
0.000000
0.000000
0.000000
0.000000
0.000000
0.000000
0.000000
0.000000
0.000000
0.000000
0.000000
0.000000
0.000000
0.000000
0.000000
0.000000
0.000000
0.000000
0.000000
0.000000
0.000000
0.000000
0.000000
0.000000
0.000000
0.000000
0.000000
0.000000
0.000000
0.000000
0.000000
0.000000
0.000000
0.000000
0.000000
0.000000
0.000000
0.000000
0.000000
0.000000
0.000000
0.000000
0.000000
0.000000
0.000000
0.000000
0.000000
0.000000
0.000000
