0.001306
0.002613
0.003921
0.005233
0.006548
0.007868
0.009194
0.010527
0.011867
0.013215
0.014574
0.015942
0.017323
0.018714
0.020121
0.021540
0.022975
0.024425
0.025893
0.027378
0.028881
0.030406
0.031948
0.033514
0.035099
0.036711
0.038342
0.040001
0.041685
0.043393
0.045131
0.046892
0.048688
0.050507
0.052359
0.054242
0.056153
0.058101
0.060076
0.062089
0.064134
0.066211
0.068329
0.070475
0.072664
0.074887
0.077144
0.079446
0.081779
0.084154
0.086570
0.089018
0.091515
0.094047
0.096616
0.099236
0.101887
0.104581
0.107323
0.110097
0.112917
0.115784
0.118682
0.121629
0.124621
0.127643
0.130716
0.133834
0.136981
0.140177
0.143421
0.146692
0.150008
0.153375
0.156770
0.160202
0.163688
0.167206
0.170751
0.174346
0.177984
0.181644
0.185340
0.189087
0.192863
0.196659
0.200495
0.204377
0.208282
0.212203
0.216163
0.220165
0.224187
0.228220
0.232282
0.236384
0.240512
0.244645
0.248789
0.252964
0.257172
0.261396
0.265619
0.269843
0.274084
0.278354
0.282643
0.286937
0.291220
0.295493
0.299765
0.304047
0.308344
0.312652
0.316965
0.321275
0.325573
0.329857
0.334124
0.338373
0.342604
0.346816
0.351008
0.355179
0.359328
0.363453
0.367552
0.371622
0.375664
0.379673
0.383648
0.387588
0.391490
0.395353
0.399174
0.402953
0.406686
0.410371
0.414008
0.417594
0.421128
0.424607
0.428029
0.431395
0.434700
0.437943
0.441123
0.444237
0.447285
0.450265
0.453175
0.456014
0.458779
0.461470
0.464085
0.466623
0.469081
0.471460
0.473757
0.475972
0.478103
0.480150
0.482109
0.483982
0.485767
0.487464
0.489069
0.490585
0.492009
0.493340
0.494579
0.495723
0.496774
0.497730
0.498592
0.499358
0.500029
0.500604
0.501083
0.501466
0.501752
0.501943
0.502037
0.502035
0.501938
0.501745
0.501457
0.501075
0.500598
0.500027
0.499364
0.498608
0.497761
0.496822
0.495794
0.494676
0.493471
0.492179
0.490801
0.489337
0.487791
0.486162
0.484452
0.482662
0.480793
0.478849
0.476829
0.474736
0.472571
0.470336
0.468032
0.465662
0.463228
0.460730
0.458172
0.455554
0.452879
0.450149
0.447367
0.444533
0.441650
0.438722
0.435748
0.432733
0.429678
0.426586
0.423458
0.420297
0.417105
0.413885
0.410639
0.407371
0.404080
0.400772
0.397447
0.394109
0.390757
0.387398
0.384032
0.380662
0.377292
0.373921
0.370553
0.367192
0.363838
0.360495
0.357164
0.353849
0.350551
0.347273
0.344017
0.340787
0.337582
0.334407
0.331263
0.328153
0.325078
0.322042
0.319045
0.316091
0.313181
0.310317
0.307501
0.304736
0.302021
0.299362
0.296759
0.294213
0.291727
0.289301
0.286938
0.284640
0.282408
0.280243
0.278147
0.276121
0.274167
0.272286
0.270480
0.268750
0.267096
0.265520
0.264023
0.262606
0.261269
0.260017
0.258845
0.257757
0.256754
0.255836
0.255003
0.254257
0.253596
0.253023
0.252537
0.252139
0.251830
0.251609
0.251476
0.251432
0.251477
0.251609
0.251830
0.252139
0.252537
0.253023
0.253595
0.254255
0.255001
0.255833
0.256752
0.257754
0.258843
0.260014
0.261267
0.262603
0.264020
0.265517
0.267093
0.268747
0.270478
0.272284
0.274164
0.276118
0.278143
0.280239
0.282404
0.284637
0.286935
0.289298
0.291724
0.294211
0.296756
0.299361
0.302019
0.304733
0.307499
0.310315
0.313179
0.316089
0.319043
0.322040
0.325076
0.328150
0.331260
0.334404
0.337579
0.340783
0.344013
0.347269
0.350546
0.353844
0.357160
0.360490
0.363833
0.367187
0.370549
0.373916
0.377287
0.380658
0.384029
0.387394
0.390754
0.394105
0.397444
0.400769
0.404078
0.407369
0.410637
0.413883
0.417102
0.420293
0.423454
0.426582
0.429674
0.432730
0.435745
0.438718
0.441647
0.444529
0.447363
0.450146
0.452877
0.455551
0.458169
0.460728
0.463226
0.465661
0.468032
0.470336
0.472571
0.474736
0.476829
0.478848
0.480792
0.482660
0.484450
0.486160
0.487789
0.489336
0.490800
0.492178
0.493471
0.494676
0.495793
0.496822
0.497760
0.498607
0.499363
0.500027
0.500597
0.501074
0.501456
0.501744
0.501937
0.502035
0.502036
0.501942
0.501752
0.501465
0.501083
0.500604
0.500030
0.499359
0.498593
0.497731
0.496775
0.495725
0.494580
0.493341
0.492009
0.490586
0.489071
0.487465
0.485769
0.483984
0.482111
0.480152
0.478106
0.475975
0.473760
0.471462
0.469083
0.466624
0.464087
0.461471
0.458780
0.456015
0.453176
0.450266
0.447286
0.444238
0.441123
0.437944
0.434701
0.431396
0.428031
0.424608
0.421129
0.417596
0.414009
0.410372
0.406687
0.402954
0.399176
0.395354
0.391492
0.387589
0.383650
0.379674
0.375665
0.371625
0.367554
0.363456
0.359331
0.355182
0.351012
0.346821
0.342612
0.338386
0.334146
0.329893
0.325630
0.321357
0.317077
0.312792
0.308503
0.304212
0.299921
0.295631
0.291345
0.287063
0.282788
0.278521
0.274264
0.270017
0.265784
0.261564
0.257360
0.253173
0.249004
0.244855
0.240727
0.236621
0.232539
0.228482
0.224450
0.220446
0.216470
0.212523
0.208606
0.204721
0.200868
0.197048
0.193262
0.189510
0.185795
0.182115
0.178473
0.174869
0.171304
0.167778
0.164291
0.160845
0.157439
0.154075
0.150752
0.147472
0.144234
0.141040
0.137888
0.134780
0.131715
0.128694
0.125718
0.122786
0.119898
0.117055
0.114256
0.111502
0.108793
0.106128
0.103508
0.100932
0.098401
0.095914
0.093471
0.091072
0.088717
0.086406
0.084138
0.081913
0.079731
0.077592
0.075495
0.073440
0.071426
0.069454
0.067523
0.065632
0.063782
0.061972
0.060200
0.058468
0.056774
0.055118
0.053500
0.051919
0.050375
0.048866
0.047394
0.045957
0.044554
0.043185
0.041851
0.040549
0.039280
0.038043
0.036837
0.035663
0.034519
0.033406
0.032321
0.031266
0.030239
0.029240
0.028268
0.027323
0.026405
0.025512
0.024644
0.023802
0.022983
0.022188
0.021416
0.020668
0.019941
0.019236
0.018552
0.017889
0.017246
0.016623
0.016019
0.015434
0.014868
0.014319
0.013788
0.013274
0.012777
0.012295
0.011830
0.011380
0.010944
0.010524
0.010117
0.009724
0.009345
0.008979
0.008625
0.008283
0.007954
0.007636
0.007329
0.007033
0.006748
0.006473
0.006208
0.005953
0.005707
0.005470
0.005242
0.005022
0.004811
0.004608
0.004412
0.004224
0.004043
0.003869
0.003702
0.003541
0.003386
0.003238
0.003096
0.002959
0.002827
0.002701
0.002581
0.002465
0.002353
0.002247
0.002144
0.002046
0.001952
0.001862
0.001776
0.001694
0.001615
0.001539
0.001466
0.001397
0.001331
0.001268
0.001207
0.001149
0.001094
0.001041
0.000990
0.000942
0.000896
0.000852
0.000810
0.000770
0.000731
0.000695
0.000660
0.000627
0.000595
0.000565
0.000536
0.000509
0.000483
0.000458
0.000434
0.000412
0.000390
0.000370
0.000351
0.000332
0.000315
0.000298
0.000282
0.000267
0.000253
0.000239
0.000226
0.000214
0.000203
0.000192
0.000181
0.000171
0.000162
0.000153
0.000144
0.000136
0.000129
0.000122
0.000115
0.000108
0.000102
0.000096
0.000091
0.000086
0.000081
0.000076
0.000072
0.000068
0.000064
0.000060
0.000056
0.000053
0.000050
0.000047
0.000044
0.000042
0.000039
0.000037
0.000035
0.000033
0.000031
0.000029
0.000027
0.000025
0.000024
0.000022
0.000021
0.000020
0.000018
0.000017
0.000016
0.000015
0.000014
0.000013
0.000013
0.000012
0.000011
0.000010
0.000010
0.000009
0.000008
0.000008
0.000007
0.000007
0.000006
0.000006
0.000006
0.000005
0.000005
0.000005
0.000004
0.000004
0.000004
0.000004
0.000003
0.000003
0.000003
0.000003
0.000002
0.000002
0.000002
0.000002
0.000002
0.000002
0.000002
0.000002
0.000001
0.000001
0.000001
0.000001
0.000001
0.000001
0.000001
0.000001
0.000001
0.000001
0.000001
0.000001
0.000001
0.000001
0.000001
0.000000
0.000000
0.000000
0.000000
0.000000
0.000000
0.000000
0.000000
0.000000
0.000000
0.000000
0.000000
0.000000
0.000000
0.000000
0.000000
0.000000
0.000000
0.000000
0.000000
0.000000
0.000000
0.000000
0.000000
0.000000
0.000000
0.000000
0.000000
0.000000
0.000000
0.000000
0.000000
0.000000
0.000000
0.000000
0.000000
0.000000
0.000000
0.000000
0.000000
0.000000
0.000000
0.000000
0.000000
0.000000
0.000000
0.000000
0.000000
0.000000
0.000000
0.000000
0.000000
0.000000
0.000000
0.000000
0.000000
0.000000
0.000000
0.000000
0.000000
0.000000
0.000000
0.000000
0.000000
0.000000
0.000000
0.000000
0.000000
0.000000
0.000000
0.000000
0.000000
0.000000
0.000000
0.000000
0.000000
0.000000
0.000000
0.000000
0.000000
0.000000
0.000000
0.000000
0.000000
0.000000
0.000000
0.000000
0.000000
0.000000
0.000000
0.000000
0.000000
0.000000
0.000000
0.000000
0.000000
0.000000
0.000000
0.000000
0.000000
0.000000
0.000000
0.000000
0.000000
0.000000
0.000000
0.000000
0.000000
0.000000
0.000000
0.000000
0.000000
0.000000
0.000000
0.000000
0.000000
0.000000
0.000000
0.000000
0.000000
0.000000
0.000000
0.000000
0.000000
0.000000
0.000000
0.000000
0.000000
0.000000
0.000000
0.000000
0.000000
0.000000
0.000000
0.000000
0.000000
0.000000
0.000000
0.000000
0.000000
0.000000
0.000000
0.000000
0.000000
0.000000
0.000000
0.000000
0.000000
0.000000
0.000000
0.000000
0.000000
0.000000
0.000000
0.000000
0.000000
0.000000
0.000000
0.000000
0.000000
0.000000
0.000000
0.000000
0.000000
0.000000
0.000000
0.000000
0.000000
0.000000
0.000000
0.000000
0.000000
0.000000
0.000000
0.000000
0.000000
0.000000
0.000000
0.000000
0.000000
0.000000
0.000000
0.000000
0.000000
0.000000
0.000000
0.000000
0.000000
0.000000
0.000000
0.000000
0.000000
0.000000
0.000000
0.000000
0.000000
0.000000
0.000000
0.000000
0.000000
0.000000
0.000000
0.000000
0.000000
0.000000
0.000000
0.000000
0.000000
0.000000
0.000000
