0.001326
0.002653
0.003983
0.005314
0.006650
0.007991
0.009337
0.010690
0.012051
0.013420
0.014800
0.016188
0.017590
0.019002
0.020429
0.021870
0.023325
0.024797
0.026285
0.027793
0.029316
0.030863
0.032426
0.034014
0.035622
0.037254
0.038909
0.040588
0.042296
0.044025
0.045786
0.047570
0.049386
0.051231
0.053103
0.055011
0.056944
0.058914
0.060915
0.062948
0.065019
0.067118
0.069259
0.071432
0.073640
0.075890
0.078170
0.080494
0.082854
0.085249
0.087692
0.090165
0.092681
0.095242
0.097834
0.100475
0.103155
0.105869
0.108635
0.111437
0.114276
0.117168
0.120093
0.123058
0.126075
0.129125
0.132215
0.135358
0.138532
0.141745
0.145011
0.148311
0.151644
0.155030
0.158454
0.161905
0.165406
0.168950
0.172519
0.176127
0.179785
0.183471
0.187183
0.190941
0.194741
0.198560
0.202407
0.206301
0.210228
0.214170
0.218138
0.222150
0.226192
0.230244
0.234314
0.238422
0.242563
0.246716
0.250872
0.255049
0.259259
0.263494
0.267733
0.271968
0.276211
0.280476
0.284767
0.289068
0.293362
0.297643
0.301916
0.306193
0.310481
0.314781
0.319089
0.323394
0.327691
0.331972
0.336235
0.340480
0.344704
0.348907
0.353090
0.357251
0.361388
0.365500
0.369584
0.373640
0.377665
0.381658
0.385615
0.389536
0.393418
0.397260
0.401059
0.404815
0.408524
0.412185
0.415796
0.419355
0.422861
0.426311
0.429705
0.433039
0.436313
0.439524
0.442670
0.445751
0.448764
0.451708
0.454581
0.457383
0.460109
0.462762
0.465337
0.467834
0.470251
0.472588
0.474843
0.477014
0.479102
0.481103
0.483017
0.484845
0.486584
0.488233
0.489791
0.491259
0.492634
0.493917
0.495106
0.496201
0.497202
0.498108
0.498920
0.499635
0.500255
0.500778
0.501206
0.501537
0.501771
0.501910
0.501952
0.501899
0.501749
0.501504
0.501164
0.500730
0.500201
0.499579
0.498863
0.498056
0.497157
0.496168
0.495089
0.493921
0.492665
0.491323
0.489895
0.488383
0.486787
0.485110
0.483352
0.481514
0.479598
0.477608
0.475541
0.473403
0.471192
0.468913
0.466565
0.464152
0.461675
0.459135
0.456535
0.453876
0.451161
0.448391
0.445570
0.442698
0.439778
0.436813
0.433803
0.430753
0.427664
0.424537
0.421376
0.418182
0.414959
0.411708
0.408432
0.405134
0.401815
0.398479
0.395126
0.391761
0.388385
0.385000
0.381610
0.378217
0.374823
0.371430
0.368041
0.364659
0.361285
0.357922
0.354573
0.351239
0.347923
0.344629
0.341357
0.338111
0.334892
0.331703
0.328545
0.325422
0.322334
0.319286
0.316278
0.313312
0.310392
0.307517
0.304692
0.301917
0.299194
0.296527
0.293916
0.291363
0.288869
0.286437
0.284068
0.281764
0.279526
0.277356
0.275255
0.273225
0.271266
0.269381
0.267571
0.265837
0.264180
0.262601
0.261101
0.259681
0.258343
0.257087
0.255914
0.254824
0.253819
0.252900
0.252065
0.251318
0.250656
0.250082
0.249596
0.249197
0.248887
0.248666
0.248533
0.248489
0.248534
0.248666
0.248888
0.249197
0.249595
0.250082
0.250655
0.251315
0.252063
0.252897
0.253817
0.254821
0.255912
0.257085
0.258340
0.259679
0.261099
0.262598
0.264177
0.265834
0.267569
0.269379
0.271263
0.273222
0.275251
0.277352
0.279522
0.281761
0.284065
0.286434
0.288867
0.291360
0.293913
0.296525
0.299193
0.301915
0.304690
0.307515
0.310389
0.313310
0.316276
0.319284
0.322332
0.325418
0.328542
0.331699
0.334889
0.338108
0.341354
0.344625
0.347920
0.351234
0.354568
0.357918
0.361280
0.364654
0.368036
0.371426
0.374818
0.378213
0.381606
0.384997
0.388381
0.391758
0.395123
0.398476
0.401813
0.405132
0.408430
0.411705
0.414955
0.418178
0.421372
0.424533
0.427659
0.430749
0.433800
0.436809
0.439775
0.442695
0.445566
0.448388
0.451159
0.453873
0.456532
0.459133
0.461673
0.464151
0.466564
0.468913
0.471192
0.473403
0.475541
0.477606
0.479598
0.481512
0.483349
0.485108
0.486785
0.488381
0.489894
0.491322
0.492665
0.493920
0.495088
0.496167
0.497157
0.498055
0.498863
0.499578
0.500200
0.500729
0.501163
0.501503
0.501747
0.501898
0.501951
0.501909
0.501771
0.501536
0.501205
0.500778
0.500255
0.499636
0.498920
0.498109
0.497203
0.496203
0.495107
0.493918
0.492635
0.491260
0.489793
0.488234
0.486585
0.484846
0.483019
0.481105
0.479103
0.477017
0.474845
0.472590
0.470253
0.467836
0.465338
0.462763
0.460111
0.457384
0.454583
0.451710
0.448765
0.445751
0.442671
0.439524
0.436314
0.433040
0.429706
0.426313
0.422862
0.419356
0.415797
0.412185
0.408525
0.404816
0.401061
0.397261
0.393419
0.389537
0.385616
0.381659
0.377667
0.373642
0.369587
0.365502
0.361391
0.357254
0.353094
0.348914
0.344714
0.340497
0.336264
0.332017
0.327759
0.323491
0.319215
0.314932
0.310645
0.306355
0.302064
0.297774
0.293485
0.289201
0.284923
0.280651
0.276389
0.272137
0.267897
0.263671
0.259459
0.255263
0.251085
0.246926
0.242787
0.238670
0.234576
0.230506
0.226462
0.222444
0.218453
0.214492
0.210560
0.206659
0.202789
0.198953
0.195150
0.191381
0.187648
0.183950
0.180289
0.176666
0.173081
0.169535
0.166029
0.162562
0.159136
0.155751
0.152408
0.149107
0.145848
0.142631
0.139458
0.136328
0.133242
0.130199
0.127201
0.124246
0.121336
0.118471
0.115650
0.112874
0.110142
0.107455
0.104812
0.102214
0.099661
0.097152
0.094687
0.092266
0.089889
0.087556
0.085266
0.083020
0.080817
0.078656
0.076538
0.074462
0.072428
0.070435
0.068484
0.066573
0.064702
0.062872
0.061081
0.059329
0.057616
0.055941
0.054305
0.052705
0.051142
0.049616
0.048126
0.046671
0.045251
0.043865
0.042514
0.041196
0.039910
0.038657
0.037436
0.036246
0.035087
0.033959
0.032860
0.031790
0.030749
0.029736
0.028751
0.027792
0.026861
0.025955
0.025075
0.024220
0.023389
0.022583
0.021799
0.021039
0.020301
0.019586
0.018891
0.018218
0.017565
0.016932
0.016319
0.015724
0.015149
0.014591
0.014051
0.013529
0.013023
0.012534
0.012061
0.011603
0.011160
0.010732
0.010319
0.009919
0.009533
0.009160
0.008800
0.008453
0.008117
0.007793
0.007481
0.007180
0.006890
0.006609
0.006340
0.006079
0.005829
0.005587
0.005355
0.005131
0.004916
0.004708
0.004509
0.004317
0.004132
0.003955
0.003784
0.003620
0.003463
0.003311
0.003166
0.003026
0.002892
0.002764
0.002640
0.002522
0.002408
0.002299
0.002195
0.002095
0.001999
0.001907
0.001819
0.001734
0.001654
0.001576
0.001502
0.001431
0.001364
0.001299
0.001237
0.001178
0.001121
0.001067
0.001015
0.000966
0.000919
0.000873
0.000830
0.000789
0.000750
0.000713
0.000677
0.000643
0.000611
0.000580
0.000551
0.000522
0.000496
0.000470
0.000446
0.000423
0.000401
0.000380
0.000360
0.000341
0.000323
0.000306
0.000290
0.000275
0.000260
0.000246
0.000233
0.000220
0.000208
0.000197
0.000186
0.000176
0.000166
0.000157
0.000149
0.000140
0.000132
0.000125
0.000118
0.000111
0.000105
0.000099
0.000094
0.000088
0.000083
0.000078
0.000074
0.000070
0.000066
0.000062
0.000058
0.000055
0.000052
0.000049
0.000046
0.000043
0.000040
0.000038
0.000036
0.000034
0.000032
0.000030
0.000028
0.000026
0.000025
0.000023
0.000022
0.000020
0.000019
0.000018
0.000017
0.000016
0.000015
0.000014
0.000013
0.000012
0.000011
0.000011
0.000010
0.000009
0.000009
0.000008
0.000008
0.000007
0.000007
0.000006
0.000006
0.000005
0.000005
0.000005
0.000004
0.000004
0.000004
0.000004
0.000003
0.000003
0.000003
0.000003
0.000003
0.000002
0.000002
0.000002
0.000002
0.000002
0.000002
0.000002
0.000001
0.000001
0.000001
0.000001
0.000001
0.000001
0.000001
0.000001
0.000001
0.000001
0.000001
0.000001
0.000001
0.000001
0.000001
0.000000
0.000000
0.000000
0.000000
0.000000
0.000000
0.000000
0.000000
0.000000
0.000000
0.000000
0.000000
0.000000
0.000000
0.000000
0.000000
0.000000
0.000000
0.000000
0.000000
0.000000
0.000000
0.000000
0.000000
0.000000
0.000000
0.000000
0.000000
0.000000
0.000000
0.000000
0.000000
0.000000
0.000000
0.000000
0.000000
0.000000
0.000000
0.000000
0.000000
0.000000
0.000000
0.000000
0.000000
0.000000
0.000000
0.000000
0.000000
0.000000
0.000000
0.000000
0.000000
0.000000
0.000000
0.000000
0.000000
0.000000
0.000000
0.000000
0.000000
0.000000
0.000000
0.000000
0.000000
0.000000
0.000000
0.000000
0.000000
0.000000
0.000000
0.000000
0.000000
0.000000
0.000000
0.000000
0.000000
0.000000
0.000000
0.000000
0.000000
0.000000
0.000000
0.000000
0.000000
0.000000
0.000000
0.000000
0.000000
0.000000
0.000000
0.000000
0.000000
0.000000
0.000000
0.000000
0.000000
0.000000
0.000000
0.000000
0.000000
0.000000
0.000000
0.000000
0.000000
0.000000
0.000000
0.000000
0.000000
0.000000
0.000000
0.000000
0.000000
0.000000
0.000000
0.000000
0.000000
0.000000
0.000000
0.000000
0.000000
0.000000
0.000000
0.000000
0.000000
0.000000
0.000000
0.000000
0.000000
0.000000
0.000000
0.000000
0.000000
0.000000
0.000000
0.000000
0.000000
0.000000
0.000000
0.000000
0.000000
0.000000
0.000000
0.000000
0.000000
0.000000
0.000000
0.000000
0.000000
0.000000
0.000000
0.000000
0.000000
0.000000
0.000000
0.000000
0.000000
0.000000
0.000000
0.000000
0.000000
0.000000
0.000000
0.000000
0.000000
0.000000
0.000000
0.000000
0.000000
0.000000
0.000000
0.000000
0.000000
0.000000
0.000000
0.000000
0.000000
0.000000
0.000000
0.000000
0.000000
0.000000
0.000000
0.000000
0.000000
0.000000
0.000000
0.000000
0.000000
0.000000
0.000000
0.000000
0.000000
0.000000
0.000000
0.000000
0.000000
0.000000
0.000000
0.000000
0.000000
0.000000
0.000000
0.000000
0.000000
0.000000
0.000000
0.000000
0.000000
0.000000
0.000000
