0.001347
0.002695
0.004044
0.005397
0.006754
0.008115
0.009482
0.010855
0.012237
0.013627
0.015027
0.016437
0.017859
0.019294
0.020740
0.022203
0.023679
0.025174
0.026682
0.028212
0.029757
0.031324
0.032911
0.034519
0.036150
0.037802
0.039482
0.041182
0.042912
0.044664
0.046446
0.048256
0.050092
0.051962
0.053856
0.055786
0.057744
0.059735
0.061762
0.063816
0.065911
0.068036
0.070197
0.072397
0.074627
0.076901
0.079207
0.081551
0.083939
0.086357
0.088821
0.091323
0.093859
0.096445
0.099064
0.101724
0.104432
0.107170
0.109956
0.112786
0.115648
0.118560
0.121514
0.124500
0.127538
0.130617
0.133727
0.136889
0.140093
0.143326
0.146610
0.149938
0.153293
0.156695
0.160144
0.163620
0.167135
0.170701
0.174296
0.177919
0.181593
0.185305
0.189037
0.192807
0.196624
0.200468
0.204330
0.208233
0.212179
0.216144
0.220124
0.224142
0.228199
0.232273
0.236357
0.240468
0.244617
0.248787
0.252960
0.257142
0.261353
0.265593
0.269846
0.274095
0.278343
0.282605
0.286893
0.291197
0.295500
0.299791
0.304069
0.308342
0.312621
0.316912
0.321211
0.325511
0.329804
0.334083
0.338342
0.342581
0.346799
0.350994
0.355167
0.359317
0.363441
0.367540
0.371610
0.375650
0.379659
0.383634
0.387572
0.391474
0.395336
0.399156
0.402933
0.406665
0.410350
0.413985
0.417571
0.421103
0.424580
0.428002
0.431365
0.434668
0.437910
0.441088
0.444201
0.447248
0.450225
0.453133
0.455969
0.458733
0.461421
0.464034
0.466569
0.469025
0.471401
0.473696
0.475908
0.478035
0.480078
0.482034
0.483904
0.485685
0.487377
0.488979
0.490490
0.491910
0.493237
0.494470
0.495610
0.496655
0.497606
0.498463
0.499223
0.499888
0.500456
0.500928
0.501304
0.501584
0.501766
0.501853
0.501844
0.501738
0.501536
0.501239
0.500848
0.500361
0.499780
0.499107
0.498340
0.497481
0.496532
0.495491
0.494361
0.493143
0.491838
0.490446
0.488968
0.487408
0.485763
0.484037
0.482231
0.480346
0.478384
0.476347
0.474235
0.472051
0.469796
0.467472
0.465082
0.462626
0.460106
0.457525
0.454883
0.452183
0.449429
0.446621
0.443761
0.440851
0.437895
0.434893
0.431848
0.428762
0.425640
0.422480
0.419286
0.416061
0.412806
0.409524
0.406220
0.402892
0.399545
0.396181
0.392803
0.389411
0.386010
0.382601
0.379187
0.375771
0.372355
0.368940
0.365531
0.362128
0.358734
0.355353
0.351986
0.348634
0.345302
0.341991
0.338704
0.335442
0.332210
0.329007
0.325836
0.322699
0.319600
0.316539
0.313521
0.310545
0.307614
0.304730
0.301896
0.299112
0.296381
0.293706
0.291088
0.288527
0.286027
0.283588
0.281214
0.278904
0.276661
0.274486
0.272381
0.270346
0.268383
0.266495
0.264681
0.262944
0.261284
0.259702
0.258199
0.256777
0.255437
0.254179
0.253003
0.251913
0.250906
0.249985
0.249150
0.248400
0.247738
0.247163
0.246676
0.246277
0.245967
0.245745
0.245612
0.245568
0.245612
0.245745
0.245967
0.246277
0.246676
0.247163
0.247737
0.248398
0.249147
0.249982
0.250904
0.251910
0.253001
0.254176
0.255434
0.256775
0.258197
0.259699
0.261280
0.262941
0.264679
0.266492
0.268380
0.270343
0.272377
0.274482
0.276658
0.278901
0.281211
0.283586
0.286025
0.288524
0.291085
0.293704
0.296380
0.299110
0.301893
0.304728
0.307612
0.310542
0.313519
0.316537
0.319597
0.322696
0.325832
0.329002
0.332206
0.335439
0.338701
0.341987
0.345298
0.348630
0.351980
0.355348
0.358730
0.362123
0.365526
0.368936
0.372350
0.375766
0.379183
0.382597
0.386006
0.389408
0.392799
0.396179
0.399543
0.402889
0.406217
0.409522
0.412802
0.416057
0.419281
0.422475
0.425635
0.428759
0.431844
0.434889
0.437891
0.440848
0.443757
0.446618
0.449427
0.452182
0.454880
0.457522
0.460104
0.462624
0.465080
0.467472
0.469796
0.472051
0.474235
0.476346
0.478383
0.480345
0.482229
0.484035
0.485761
0.487405
0.488968
0.490445
0.491837
0.493142
0.494361
0.495490
0.496531
0.497480
0.498339
0.499106
0.499780
0.500360
0.500847
0.501238
0.501535
0.501737
0.501843
0.501852
0.501766
0.501583
0.501304
0.500928
0.500456
0.499888
0.499224
0.498463
0.497607
0.496657
0.495611
0.494471
0.493238
0.491911
0.490492
0.488981
0.487379
0.485687
0.483906
0.482037
0.480080
0.478037
0.475910
0.473698
0.471403
0.469027
0.466571
0.464036
0.461423
0.458734
0.455971
0.453135
0.450227
0.447248
0.444202
0.441089
0.437911
0.434670
0.431366
0.428003
0.424582
0.421104
0.417572
0.413986
0.410351
0.406666
0.402935
0.399158
0.395337
0.391475
0.387574
0.383635
0.379660
0.375652
0.371612
0.367542
0.363444
0.359320
0.355172
0.351002
0.346812
0.342603
0.338378
0.334138
0.329886
0.325623
0.321351
0.317071
0.312786
0.308498
0.304207
0.299916
0.295627
0.291341
0.287059
0.282784
0.278517
0.274260
0.270014
0.265781
0.261561
0.257357
0.253170
0.249002
0.244853
0.240725
0.236619
0.232537
0.228480
0.224448
0.220444
0.216468
0.212521
0.208605
0.204719
0.200866
0.197047
0.193261
0.189509
0.185794
0.182115
0.178473
0.174869
0.171303
0.167777
0.164290
0.160844
0.157438
0.154074
0.150752
0.147472
0.144234
0.141039
0.137887
0.134779
0.131715
0.128694
0.125718
0.122786
0.119898
0.117055
0.114256
0.111502
0.108793
0.106128
0.103508
0.100932
0.098401
0.095914
0.093471
0.091072
0.088717
0.086406
0.084138
0.081913
0.079731
0.077592
0.075495
0.073440
0.071426
0.069454
0.067523
0.065632
0.063782
0.061971
0.060200
0.058468
0.056774
0.055118
0.053500
0.051919
0.050375
0.048866
0.047394
0.045956
0.044554
0.043185
0.041851
0.040549
0.039280
0.038043
0.036837
0.035663
0.034519
0.033406
0.032321
0.031266
0.030239
0.029240
0.028268
0.027323
0.026405
0.025512
0.024644
0.023802
0.022983
0.022188
0.021416
0.020668
0.019941
0.019236
0.018552
0.017889
0.017246
0.016623
0.016019
0.015434
0.014868
0.014319
0.013788
0.013274
0.012777
0.012295
0.011830
0.011380
0.010944
0.010524
0.010117
0.009724
0.009345
0.008979
0.008625
0.008283
0.007954
0.007636
0.007329
0.007033
0.006748
0.006473
0.006208
0.005953
0.005707
0.005470
0.005242
0.005022
0.004811
0.004608
0.004412
0.004224
0.004043
0.003869
0.003702
0.003541
0.003386
0.003238
0.003096
0.002959
0.002827
0.002701
0.002581
0.002465
0.002353
0.002247
0.002144
0.002046
0.001952
0.001862
0.001776
0.001694
0.001615
0.001539
0.001466
0.001397
0.001331
0.001268
0.001207
0.001149
0.001094
0.001041
0.000990
0.000942
0.000896
0.000852
0.000810
0.000770
0.000731
0.000695
0.000660
0.000627
0.000595
0.000565
0.000536
0.000509
0.000483
0.000458
0.000434
0.000412
0.000390
0.000370
0.000351
0.000332
0.000315
0.000298
0.000282
0.000267
0.000253
0.000239
0.000226
0.000214
0.000203
0.000192
0.000181
0.000171
0.000162
0.000153
0.000144
0.000136
0.000129
0.000122
0.000115
0.000108
0.000102
0.000096
0.000091
0.000086
0.000081
0.000076
0.000072
0.000068
0.000064
0.000060
0.000056
0.000053
0.000050
0.000047
0.000044
0.000042
0.000039
0.000037
0.000035
0.000033
0.000031
0.000029
0.000027
0.000025
0.000024
0.000022
0.000021
0.000020
0.000018
0.000017
0.000016
0.000015
0.000014
0.000013
0.000013
0.000012
0.000011
0.000010
0.000010
0.000009
0.000008
0.000008
0.000007
0.000007
0.000006
0.000006
0.000006
0.000005
0.000005
0.000005
0.000004
0.000004
0.000004
0.000004
0.000003
0.000003
0.000003
0.000003
0.000002
0.000002
0.000002
0.000002
0.000002
0.000002
0.000002
0.000002
0.000001
0.000001
0.000001
0.000001
0.000001
0.000001
0.000001
0.000001
0.000001
0.000001
0.000001
0.000001
0.000001
0.000001
0.000001
0.000000
0.000000
0.000000
0.000000
0.000000
0.000000
0.000000
0.000000
0.000000
0.000000
0.000000
0.000000
0.000000
0.000000
0.000000
0.000000
0.000000
0.000000
0.000000
0.000000
0.000000
0.000000
0.000000
0.000000
0.000000
0.000000
0.000000
0.000000
0.000000
0.000000
0.000000
0.000000
0.000000
0.000000
0.000000
0.000000
0.000000
0.000000
0.000000
0.000000
0.000000
0.000000
0.000000
0.000000
0.000000
0.000000
0.000000
0.000000
0.000000
0.000000
0.000000
0.000000
0.000000
0.000000
0.000000
0.000000
0.000000
0.000000
0.000000
0.000000
0.000000
0.000000
0.000000
0.000000
0.000000
0.000000
0.000000
0.000000
0.000000
0.000000
0.000000
0.000000
0.000000
0.000000
0.000000
0.000000
0.000000
0.000000
0.000000
0.000000
0.000000
0.000000
0.000000
0.000000
0.000000
0.000000
0.000000
0.000000
0.000000
0.000000
0.000000
0.000000
0.000000
0.000000
0.000000
0.000000
0.000000
0.000000
0.000000
0.000000
0.000000
0.000000
0.000000
0.000000
0.000000
0.000000
0.000000
0.000000
0.000000
0.000000
0.000000
0.000000
0.000000
0.000000
0.000000
0.000000
0.000000
0.000000
0.000000
0.000000
0.000000
0.000000
0.000000
0.000000
0.000000
0.000000
0.000000
0.000000
0.000000
0.000000
0.000000
0.000000
0.000000
0.000000
0.000000
0.000000
0.000000
0.000000
0.000000
0.000000
0.000000
0.000000
0.000000
0.000000
0.000000
0.000000
0.000000
0.000000
0.000000
0.000000
0.000000
0.000000
0.000000
0.000000
0.000000
0.000000
0.000000
0.000000
0.000000
0.000000
0.000000
0.000000
0.000000
0.000000
0.000000
0.000000
0.000000
0.000000
0.000000
0.000000
0.000000
0.000000
0.000000
0.000000
0.000000
0.000000
0.000000
0.000000
0.000000
0.000000
0.000000
0.000000
0.000000
0.000000
0.000000
0.000000
0.000000
0.000000
0.000000
0.000000
0.000000
0.000000
0.000000
0.000000
0.000000
0.000000
0.000000
0.000000
0.000000
0.000000
0.000000
0.000000
0.000000
0.000000
0.000000
0.000000
0.000000
0.000000
0.000000
