0.001368
0.002736
0.004107
0.005480
0.006858
0.008240
0.009628
0.011023
0.012425
0.013837
0.015257
0.016690
0.018131
0.019588
0.021056
0.022540
0.024038
0.025553
0.027084
0.028634
0.030203
0.031791
0.033401
0.035029
0.036684
0.038358
0.040060
0.041783
0.043534
0.045312
0.047114
0.048948
0.050806
0.052698
0.054617
0.056568
0.058553
0.060565
0.062616
0.064695
0.066811
0.068962
0.071144
0.073370
0.075624
0.077919
0.080254
0.082619
0.085031
0.087476
0.089960
0.092489
0.095050
0.097656
0.100304
0.102985
0.105716
0.108483
0.111288
0.114144
0.117033
0.119963
0.122944
0.125956
0.129011
0.132117
0.135252
0.138432
0.141661
0.144920
0.148220
0.151572
0.154954
0.158372
0.161842
0.165345
0.168877
0.172458
0.176080
0.179725
0.183410
0.187143
0.190901
0.194684
0.198513
0.202380
0.206264
0.210176
0.214134
0.218121
0.222120
0.226144
0.230211
0.234305
0.238406
0.242523
0.246676
0.250859
0.255050
0.259243
0.263454
0.267695
0.271958
0.276222
0.280478
0.284741
0.289023
0.293326
0.297636
0.301936
0.306220
0.310492
0.314764
0.319045
0.323334
0.327627
0.331914
0.336188
0.340444
0.344677
0.348888
0.353075
0.357238
0.361376
0.365488
0.369572
0.373628
0.377652
0.381644
0.385601
0.389521
0.393402
0.397243
0.401041
0.404796
0.408504
0.412164
0.415774
0.419332
0.422836
0.426285
0.429677
0.433011
0.436282
0.439492
0.442637
0.445716
0.448727
0.451669
0.454540
0.457340
0.460064
0.462714
0.465287
0.467782
0.470197
0.472531
0.474783
0.476951
0.479035
0.481033
0.482944
0.484768
0.486503
0.488149
0.489703
0.491166
0.492537
0.493816
0.495000
0.496090
0.497086
0.497987
0.498793
0.499502
0.500116
0.500633
0.501054
0.501379
0.501606
0.501737
0.501772
0.501711
0.501553
0.501300
0.500951
0.500507
0.499969
0.499337
0.498612
0.497793
0.496884
0.495883
0.494792
0.493612
0.492344
0.490989
0.489547
0.488021
0.486411
0.484718
0.482945
0.481091
0.479159
0.477152
0.475068
0.472911
0.470682
0.468383
0.466016
0.463582
0.461083
0.458522
0.455899
0.453217
0.450478
0.447684
0.444837
0.441940
0.438993
0.436000
0.432962
0.429882
0.426763
0.423606
0.420413
0.417188
0.413931
0.410646
0.407335
0.404001
0.400645
0.397271
0.393880
0.390475
0.387058
0.383633
0.380200
0.376763
0.373325
0.369887
0.366451
0.363022
0.359599
0.356187
0.352788
0.349402
0.346034
0.342685
0.339359
0.336057
0.332781
0.329535
0.326318
0.323135
0.319986
0.316875
0.313803
0.310774
0.307789
0.304848
0.301955
0.299112
0.296320
0.293582
0.290899
0.288274
0.285707
0.283200
0.280756
0.278376
0.276061
0.273813
0.271634
0.269524
0.267485
0.265519
0.263627
0.261810
0.260070
0.258407
0.256822
0.255317
0.253893
0.252551
0.251291
0.250114
0.249022
0.248014
0.247091
0.246255
0.245504
0.244841
0.244266
0.243778
0.243379
0.243069
0.242846
0.242713
0.242669
0.242713
0.242847
0.243069
0.243380
0.243778
0.244266
0.244841
0.245503
0.246253
0.247089
0.248012
0.249020
0.250112
0.251288
0.252549
0.253891
0.255315
0.256819
0.258403
0.260066
0.261807
0.263624
0.265516
0.267482
0.269520
0.271630
0.273810
0.276057
0.278373
0.280753
0.283198
0.285704
0.288271
0.290897
0.293580
0.296318
0.299110
0.301952
0.304845
0.307786
0.310772
0.313801
0.316872
0.319983
0.323131
0.326314
0.329531
0.332778
0.336054
0.339356
0.342682
0.346030
0.349397
0.352782
0.356182
0.359595
0.363017
0.366447
0.369882
0.373320
0.376759
0.380197
0.383629
0.387055
0.390472
0.393878
0.397269
0.400642
0.403998
0.407332
0.410643
0.413927
0.417183
0.420409
0.423602
0.426759
0.429878
0.432958
0.435996
0.438990
0.441936
0.444834
0.447681
0.450476
0.453214
0.455897
0.458520
0.461082
0.463580
0.466015
0.468383
0.470682
0.472911
0.475067
0.477150
0.479158
0.481089
0.482943
0.484716
0.486409
0.488020
0.489546
0.490987
0.492343
0.493611
0.494791
0.495882
0.496883
0.497793
0.498611
0.499336
0.499968
0.500506
0.500950
0.501298
0.501552
0.501710
0.501771
0.501737
0.501606
0.501378
0.501054
0.500633
0.500116
0.499503
0.498794
0.497988
0.497087
0.496092
0.495001
0.493817
0.492539
0.491168
0.489705
0.488151
0.486505
0.484770
0.482947
0.481035
0.479037
0.476953
0.474785
0.472533
0.470199
0.467784
0.465289
0.462716
0.460066
0.457341
0.454542
0.451671
0.448728
0.445716
0.442637
0.439493
0.436284
0.433012
0.429679
0.426287
0.422838
0.419333
0.415775
0.412165
0.408505
0.404797
0.401043
0.397245
0.393404
0.389522
0.385602
0.381645
0.377654
0.373630
0.369575
0.365491
0.361380
0.357244
0.353085
0.348905
0.344706
0.340489
0.336256
0.332010
0.327752
0.323485
0.319209
0.314927
0.310640
0.306350
0.302059
0.297769
0.293481
0.289197
0.284919
0.280648
0.276386
0.272134
0.267894
0.263668
0.259456
0.255260
0.251083
0.246924
0.242785
0.238668
0.234574
0.230505
0.226460
0.222442
0.218452
0.214490
0.210558
0.206657
0.202788
0.198952
0.195149
0.191380
0.187647
0.183949
0.180289
0.176666
0.173081
0.169535
0.166028
0.162562
0.159136
0.155751
0.152408
0.149106
0.145847
0.142631
0.139458
0.136328
0.133241
0.130199
0.127200
0.124246
0.121336
0.118471
0.115650
0.112873
0.110142
0.107455
0.104812
0.102214
0.099661
0.097152
0.094687
0.092266
0.089889
0.087556
0.085266
0.083020
0.080816
0.078656
0.076538
0.074462
0.072428
0.070435
0.068483
0.066573
0.064702
0.062872
0.061081
0.059329
0.057616
0.055941
0.054305
0.052705
0.051142
0.049616
0.048126
0.046671
0.045251
0.043865
0.042514
0.041196
0.039910
0.038657
0.037436
0.036246
0.035087
0.033959
0.032860
0.031790
0.030749
0.029736
0.028751
0.027792
0.026861
0.025955
0.025075
0.024220
0.023389
0.022583
0.021799
0.021039
0.020301
0.019586
0.018891
0.018218
0.017565
0.016932
0.016319
0.015724
0.015149
0.014591
0.014051
0.013529
0.013023
0.012534
0.012061
0.011603
0.011160
0.010732
0.010319
0.009919
0.009533
0.009160
0.008800
0.008453
0.008117
0.007793
0.007481
0.007180
0.006890
0.006609
0.006340
0.006079
0.005829
0.005587
0.005355
0.005131
0.004916
0.004708
0.004509
0.004317
0.004132
0.003955
0.003784
0.003620
0.003463
0.003311
0.003166
0.003026
0.002892
0.002764
0.002640
0.002522
0.002408
0.002299
0.002195
0.002095
0.001999
0.001907
0.001819
0.001734
0.001654
0.001576
0.001502
0.001431
0.001364
0.001299
0.001237
0.001178
0.001121
0.001067
0.001015
0.000966
0.000919
0.000873
0.000830
0.000789
0.000750
0.000713
0.000677
0.000643
0.000611
0.000580
0.000551
0.000522
0.000496
0.000470
0.000446
0.000423
0.000401
0.000380
0.000360
0.000341
0.000323
0.000306
0.000290
0.000275
0.000260
0.000246
0.000233
0.000220
0.000208
0.000197
0.000186
0.000176
0.000166
0.000157
0.000149
0.000140
0.000132
0.000125
0.000118
0.000111
0.000105
0.000099
0.000094
0.000088
0.000083
0.000078
0.000074
0.000070
0.000066
0.000062
0.000058
0.000055
0.000052
0.000049
0.000046
0.000043
0.000040
0.000038
0.000036
0.000034
0.000032
0.000030
0.000028
0.000026
0.000025
0.000023
0.000022
0.000020
0.000019
0.000018
0.000017
0.000016
0.000015
0.000014
0.000013
0.000012
0.000011
0.000011
0.000010
0.000009
0.000009
0.000008
0.000008
0.000007
0.000007
0.000006
0.000006
0.000005
0.000005
0.000005
0.000004
0.000004
0.000004
0.000004
0.000003
0.000003
0.000003
0.000003
0.000003
0.000002
0.000002
0.000002
0.000002
0.000002
0.000002
0.000002
0.000001
0.000001
0.000001
0.000001
0.000001
0.000001
0.000001
0.000001
0.000001
0.000001
0.000001
0.000001
0.000001
0.000001
0.000001
0.000000
0.000000
0.000000
0.000000
0.000000
0.000000
0.000000
0.000000
0.000000
0.000000
0.000000
0.000000
0.000000
0.000000
0.000000
0.000000
0.000000
0.000000
0.000000
0.000000
0.000000
0.000000
0.000000
0.000000
0.000000
0.000000
0.000000
0.000000
0.000000
0.000000
0.000000
0.000000
0.000000
0.000000
0.000000
0.000000
0.000000
0.000000
0.000000
0.000000
0.000000
0.000000
0.000000
0.000000
0.000000
0.000000
0.000000
0.000000
0.000000
0.000000
0.000000
0.000000
0.000000
0.000000
0.000000
0.000000
0.000000
0.000000
0.000000
0.000000
0.000000
0.000000
0.000000
0.000000
0.000000
0.000000
0.000000
0.000000
0.000000
0.000000
0.000000
0.000000
0.000000
0.000000
0.000000
0.000000
0.000000
0.000000
0.000000
0.000000
0.000000
0.000000
0.000000
0.000000
0.000000
0.000000
0.000000
0.000000
0.000000
0.000000
0.000000
0.000000
0.000000
0.000000
0.000000
0.000000
0.000000
0.000000
0.000000
0.000000
0.000000
0.000000
0.000000
0.000000
0.000000
0.000000
0.000000
0.000000
0.000000
0.000000
0.000000
0.000000
0.000000
0.000000
0.000000
0.000000
0.000000
0.000000
0.000000
0.000000
0.000000
0.000000
0.000000
0.000000
0.000000
0.000000
0.000000
0.000000
0.000000
0.000000
0.000000
0.000000
0.000000
0.000000
0.000000
0.000000
0.000000
0.000000
0.000000
0.000000
0.000000
0.000000
0.000000
0.000000
0.000000
0.000000
0.000000
0.000000
0.000000
0.000000
0.000000
0.000000
0.000000
0.000000
0.000000
0.000000
0.000000
0.000000
0.000000
0.000000
0.000000
0.000000
0.000000
0.000000
0.000000
0.000000
0.000000
0.000000
0.000000
0.000000
0.000000
0.000000
0.000000
0.000000
0.000000
0.000000
0.000000
0.000000
0.000000
0.000000
0.000000
0.000000
0.000000
0.000000
0.000000
0.000000
0.000000
0.000000
0.000000
0.000000
0.000000
0.000000
0.000000
0.000000
0.000000
0.000000
0.000000
0.000000
0.000000
0.000000
0.000000
0.000000
0.000000
0.000000
0.000000
0.000000
0.000000
0.000000
0.000000
