0.001389
0.002779
0.004170
0.005565
0.006963
0.008367
0.009776
0.011192
0.012615
0.014049
0.015490
0.016944
0.018408
0.019885
0.021375
0.022880
0.024401
0.025937
0.027491
0.029062
0.030654
0.032262
0.033896
0.035547
0.037223
0.038921
0.040643
0.042391
0.044163
0.045965
0.047789
0.049646
0.051529
0.053442
0.055387
0.057359
0.059368
0.061404
0.063477
0.065583
0.067719
0.069897
0.072103
0.074350
0.076632
0.078948
0.081308
0.083698
0.086131
0.088605
0.091110
0.093663
0.096252
0.098878
0.101552
0.104258
0.107009
0.109805
0.112633
0.115509
0.118427
0.121378
0.124381
0.127422
0.130496
0.133624
0.136789
0.139986
0.143237
0.146524
0.149843
0.153214
0.156623
0.160061
0.163547
0.167077
0.170631
0.174226
0.177870
0.181540
0.185239
0.188987
0.192770
0.196573
0.200412
0.204297
0.208205
0.212131
0.216097
0.220101
0.224122
0.228157
0.232230
0.236338
0.240459
0.244587
0.248742
0.252933
0.257141
0.261348
0.265563
0.269803
0.274071
0.278347
0.282616
0.286881
0.291158
0.295457
0.299769
0.304077
0.308368
0.312642
0.316909
0.321180
0.325458
0.329741
0.334021
0.338289
0.342540
0.346768
0.350972
0.355150
0.359303
0.363429
0.367528
0.371598
0.375638
0.379646
0.383620
0.387558
0.391459
0.395320
0.399140
0.402916
0.406647
0.410330
0.413965
0.417549
0.421080
0.424556
0.427976
0.431338
0.434641
0.437880
0.441057
0.444169
0.447213
0.450189
0.453095
0.455930
0.458691
0.461377
0.463988
0.466520
0.468974
0.471348
0.473640
0.475849
0.477974
0.480014
0.481966
0.483832
0.485611
0.487299
0.488897
0.490404
0.491819
0.493142
0.494371
0.495506
0.496547
0.497493
0.498344
0.499099
0.499758
0.500321
0.500787
0.501156
0.501429
0.501605
0.501685
0.501667
0.501554
0.501345
0.501040
0.500639
0.500143
0.499553
0.498870
0.498093
0.497224
0.496264
0.495212
0.494071
0.492840
0.491523
0.490118
0.488627
0.487053
0.485394
0.483654
0.481833
0.479931
0.477953
0.475900
0.473770
0.471569
0.469295
0.466953
0.464542
0.462066
0.459525
0.456922
0.454259
0.451536
0.448758
0.445925
0.443041
0.440106
0.437123
0.434094
0.431021
0.427907
0.424754
0.421564
0.418339
0.415082
0.411794
0.408479
0.405140
0.401777
0.398394
0.394993
0.391576
0.388145
0.384704
0.381254
0.377798
0.374339
0.370879
0.367419
0.363964
0.360514
0.357073
0.353643
0.350226
0.346823
0.343438
0.340074
0.336733
0.333417
0.330127
0.326867
0.323638
0.320442
0.317282
0.314160
0.311078
0.308039
0.305044
0.302094
0.299193
0.296341
0.293542
0.290797
0.288107
0.285474
0.282902
0.280389
0.277940
0.275554
0.273235
0.270983
0.268798
0.266685
0.264643
0.262673
0.260778
0.258959
0.257215
0.255549
0.253963
0.252456
0.251030
0.249686
0.248423
0.247246
0.246152
0.245143
0.244220
0.243382
0.242630
0.241967
0.241391
0.240903
0.240503
0.240193
0.239970
0.239837
0.239792
0.239836
0.239970
0.240192
0.240504
0.240903
0.241390
0.241966
0.242630
0.243380
0.244218
0.245141
0.246150
0.247243
0.248421
0.249684
0.251028
0.252453
0.253960
0.255546
0.257212
0.258955
0.260775
0.262671
0.264639
0.266682
0.268795
0.270979
0.273231
0.275551
0.277937
0.280387
0.282899
0.285472
0.288104
0.290795
0.293540
0.296339
0.299190
0.302091
0.305041
0.308036
0.311076
0.314157
0.317279
0.320439
0.323634
0.326863
0.330124
0.333413
0.336730
0.340071
0.343435
0.346818
0.350220
0.353638
0.357069
0.360510
0.363959
0.367415
0.370875
0.374335
0.377795
0.381251
0.384701
0.388142
0.391573
0.394990
0.398391
0.401774
0.405136
0.408477
0.411791
0.415078
0.418335
0.421560
0.424749
0.427903
0.431017
0.434090
0.437119
0.440103
0.443038
0.445922
0.448756
0.451534
0.454256
0.456920
0.459523
0.462064
0.464541
0.466952
0.469295
0.471568
0.473770
0.475898
0.477952
0.479930
0.481830
0.483651
0.485392
0.487051
0.488626
0.490117
0.491521
0.492840
0.494070
0.495211
0.496263
0.497223
0.498092
0.498869
0.499553
0.500142
0.500637
0.501038
0.501343
0.501553
0.501666
0.501683
0.501604
0.501428
0.501156
0.500786
0.500320
0.499758
0.499100
0.498345
0.497494
0.496548
0.495508
0.494372
0.493143
0.491821
0.490405
0.488899
0.487301
0.485612
0.483834
0.481969
0.480015
0.477975
0.475851
0.473642
0.471350
0.468976
0.466523
0.463989
0.461379
0.458693
0.455932
0.453097
0.450191
0.447214
0.444169
0.441058
0.437882
0.434642
0.431340
0.427978
0.424558
0.421081
0.417550
0.413966
0.410331
0.406648
0.402917
0.399141
0.395322
0.391460
0.387560
0.383622
0.379648
0.375640
0.371601
0.367531
0.363434
0.359310
0.355163
0.350994
0.346804
0.342595
0.338371
0.334132
0.329880
0.325617
0.321345
0.317066
0.312781
0.308493
0.304202
0.299912
0.295623
0.291337
0.287055
0.282781
0.278514
0.274257
0.270011
0.265778
0.261559
0.257355
0.253168
0.249000
0.244851
0.240723
0.236618
0.232536
0.228478
0.224447
0.220443
0.216467
0.212520
0.208604
0.204718
0.200865
0.197046
0.193260
0.189509
0.185793
0.182114
0.178472
0.174868
0.171302
0.167776
0.164290
0.160843
0.157438
0.154074
0.150751
0.147471
0.144234
0.141039
0.137887
0.134779
0.131714
0.128694
0.125718
0.122785
0.119898
0.117054
0.114256
0.111502
0.108792
0.106128
0.103507
0.100932
0.098401
0.095914
0.093471
0.091072
0.088717
0.086406
0.084138
0.081913
0.079731
0.077592
0.075494
0.073440
0.071426
0.069454
0.067523
0.065632
0.063782
0.061971
0.060200
0.058468
0.056774
0.055118
0.053500
0.051919
0.050375
0.048866
0.047394
0.045957
0.044554
0.043185
0.041851
0.040549
0.039280
0.038043
0.036837
0.035663
0.034519
0.033406
0.032321
0.031266
0.030239
0.029240
0.028268
0.027323
0.026405
0.025512
0.024644
0.023802
0.022983
0.022188
0.021416
0.020668
0.019941
0.019236
0.018552
0.017889
0.017246
0.016623
0.016019
0.015434
0.014868
0.014319
0.013788
0.013274
0.012777
0.012295
0.011830
0.011380
0.010944
0.010524
0.010117
0.009724
0.009345
0.008979
0.008625
0.008283
0.007954
0.007636
0.007329
0.007033
0.006748
0.006473
0.006208
0.005953
0.005707
0.005470
0.005242
0.005022
0.004811
0.004608
0.004412
0.004224
0.004043
0.003869
0.003702
0.003541
0.003386
0.003238
0.003096
0.002959
0.002827
0.002701
0.002581
0.002465
0.002353
0.002247
0.002144
0.002046
0.001952
0.001862
0.001776
0.001694
0.001615
0.001539
0.001466
0.001397
0.001331
0.001268
0.001207
0.001149
0.001094
0.001041
0.000990
0.000942
0.000896
0.000852
0.000810
0.000770
0.000731
0.000695
0.000660
0.000627
0.000595
0.000565
0.000536
0.000509
0.000483
0.000458
0.000434
0.000412
0.000390
0.000370
0.000351
0.000332
0.000315
0.000298
0.000282
0.000267
0.000253
0.000239
0.000226
0.000214
0.000203
0.000192
0.000181
0.000171
0.000162
0.000153
0.000144
0.000136
0.000129
0.000122
0.000115
0.000108
0.000102
0.000096
0.000091
0.000086
0.000081
0.000076
0.000072
0.000068
0.000064
0.000060
0.000056
0.000053
0.000050
0.000047
0.000044
0.000042
0.000039
0.000037
0.000035
0.000033
0.000031
0.000029
0.000027
0.000025
0.000024
0.000022
0.000021
0.000020
0.000018
0.000017
0.000016
0.000015
0.000014
0.000013
0.000013
0.000012
0.000011
0.000010
0.000010
0.000009
0.000008
0.000008
0.000007
0.000007
0.000006
0.000006
0.000006
0.000005
0.000005
0.000005
0.000004
0.000004
0.000004
0.000004
0.000003
0.000003
0.000003
0.000003
0.000002
0.000002
0.000002
0.000002
0.000002
0.000002
0.000002
0.000002
0.000001
0.000001
0.000001
0.000001
0.000001
0.000001
0.000001
0.000001
0.000001
0.000001
0.000001
0.000001
0.000001
0.000001
0.000001
0.000000
0.000000
0.000000
0.000000
0.000000
0.000000
0.000000
0.000000
0.000000
0.000000
0.000000
0.000000
0.000000
0.000000
0.000000
0.000000
0.000000
0.000000
0.000000
0.000000
0.000000
0.000000
0.000000
0.000000
0.000000
0.000000
0.000000
0.000000
0.000000
0.000000
0.000000
0.000000
0.000000
0.000000
0.000000
0.000000
0.000000
0.000000
0.000000
0.000000
0.000000
0.000000
0.000000
0.000000
0.000000
0.000000
0.000000
0.000000
0.000000
0.000000
0.000000
0.000000
0.000000
0.000000
0.000000
0.000000
0.000000
0.000000
0.000000
0.000000
0.000000
0.000000
0.000000
0.000000
0.000000
0.000000
0.000000
0.000000
0.000000
0.000000
0.000000
0.000000
0.000000
0.000000
0.000000
0.000000
0.000000
0.000000
0.000000
0.000000
0.000000
0.000000
0.000000
0.000000
0.000000
0.000000
0.000000
0.000000
0.000000
0.000000
0.000000
0.000000
0.000000
0.000000
0.000000
0.000000
0.000000
0.000000
0.000000
0.000000
0.000000
0.000000
0.000000
0.000000
0.000000
0.000000
0.000000
0.000000
0.000000
0.000000
0.000000
0.000000
0.000000
0.000000
0.000000
0.000000
0.000000
0.000000
0.000000
0.000000
0.000000
0.000000
0.000000
0.000000
0.000000
0.000000
0.000000
0.000000
0.000000
0.000000
0.000000
0.000000
0.000000
0.000000
0.000000
0.000000
0.000000
0.000000
0.000000
0.000000
0.000000
0.000000
0.000000
0.000000
0.000000
0.000000
0.000000
0.000000
0.000000
0.000000
0.000000
0.000000
0.000000
0.000000
0.000000
0.000000
0.000000
0.000000
0.000000
0.000000
0.000000
0.000000
0.000000
0.000000
0.000000
0.000000
0.000000
0.000000
0.000000
0.000000
0.000000
0.000000
0.000000
0.000000
0.000000
0.000000
0.000000
0.000000
0.000000
0.000000
0.000000
0.000000
0.000000
0.000000
0.000000
0.000000
0.000000
0.000000
0.000000
0.000000
0.000000
0.000000
0.000000
0.000000
0.000000
0.000000
0.000000
0.000000
0.000000
0.000000
0.000000
0.000000
0.000000
0.000000
0.000000
0.000000
0.000000
0.000000
