0.001410
0.002821
0.004234
0.005650
0.007070
0.008495
0.009925
0.011363
0.012808
0.014263
0.015726
0.017201
0.018687
0.020186
0.021699
0.023224
0.024768
0.026325
0.027902
0.029495
0.031109
0.032741
0.034395
0.036070
0.037767
0.039489
0.041233
0.043005
0.044799
0.046624
0.048473
0.050351
0.052259
0.054193
0.056164
0.058159
0.060190
0.062253
0.064346
0.066478
0.068638
0.070838
0.073071
0.075339
0.077648
0.079987
0.082370
0.084788
0.087242
0.089741
0.092272
0.094846
0.097463
0.100111
0.102809
0.105543
0.108314
0.111135
0.113990
0.116885
0.119830
0.122807
0.125827
0.128896
0.131995
0.135141
0.138333
0.141554
0.144822
0.148136
0.151479
0.154865
0.158300
0.161763
0.165264
0.168815
0.172396
0.176006
0.179667
0.183363
0.187081
0.190841
0.194645
0.198471
0.202322
0.206219
0.210150
0.214095
0.218069
0.222086
0.226128
0.230179
0.234257
0.238374
0.242514
0.246658
0.250818
0.255011
0.259231
0.263455
0.267678
0.271917
0.276185
0.280470
0.284752
0.289024
0.293299
0.297591
0.301901
0.306213
0.310512
0.314791
0.319055
0.323317
0.327583
0.331854
0.336125
0.340386
0.344631
0.348852
0.353049
0.357218
0.361361
0.365475
0.369561
0.373616
0.377640
0.381631
0.385588
0.389507
0.393388
0.397228
0.401025
0.404779
0.408486
0.412145
0.415754
0.419311
0.422814
0.426262
0.429653
0.432985
0.436255
0.439463
0.442606
0.445684
0.448694
0.451634
0.454503
0.457301
0.460024
0.462671
0.465242
0.467734
0.470147
0.472478
0.474728
0.476894
0.478975
0.480970
0.482878
0.484699
0.486430
0.488072
0.489623
0.491082
0.492449
0.493723
0.494903
0.495989
0.496980
0.497877
0.498677
0.499381
0.499989
0.500501
0.500916
0.501234
0.501455
0.501580
0.501607
0.501539
0.501374
0.501112
0.500755
0.500303
0.499755
0.499114
0.498380
0.497551
0.496632
0.495620
0.494519
0.493327
0.492047
0.490680
0.489226
0.487687
0.486063
0.484357
0.482569
0.480700
0.478753
0.476729
0.474629
0.472455
0.470208
0.467891
0.465505
0.463052
0.460534
0.457952
0.455308
0.452604
0.449842
0.447025
0.444154
0.441232
0.438260
0.435242
0.432177
0.429070
0.425922
0.422736
0.419513
0.416256
0.412969
0.409651
0.406307
0.402939
0.399548
0.396139
0.392710
0.389268
0.385812
0.382347
0.378874
0.375396
0.371915
0.368433
0.364953
0.361478
0.358009
0.354550
0.351102
0.347667
0.344248
0.340848
0.337469
0.334114
0.330783
0.327481
0.324207
0.320966
0.317759
0.314588
0.311455
0.308363
0.305315
0.302311
0.299352
0.296443
0.293583
0.290777
0.288025
0.285329
0.282690
0.280111
0.277594
0.275139
0.272750
0.270425
0.268169
0.265981
0.263864
0.261818
0.259846
0.257948
0.256126
0.254380
0.252712
0.251123
0.249615
0.248187
0.246841
0.245578
0.244398
0.243303
0.242294
0.241370
0.240531
0.239779
0.239114
0.238538
0.238050
0.237650
0.237339
0.237116
0.236982
0.236938
0.236982
0.237116
0.237338
0.237650
0.238050
0.238537
0.239113
0.239778
0.240529
0.241367
0.242292
0.243302
0.244396
0.245575
0.246839
0.248185
0.249612
0.251121
0.252709
0.254376
0.256122
0.257945
0.259843
0.261815
0.263861
0.265978
0.268165
0.270422
0.272746
0.275137
0.277591
0.280109
0.282688
0.285326
0.288023
0.290775
0.293581
0.296440
0.299349
0.302307
0.305312
0.308361
0.311452
0.314585
0.317755
0.320963
0.324203
0.327477
0.330780
0.334110
0.337466
0.340845
0.344244
0.347662
0.351097
0.354546
0.358005
0.361473
0.364949
0.368429
0.371910
0.375392
0.378871
0.382344
0.385809
0.389265
0.392708
0.396135
0.399545
0.402935
0.406304
0.409648
0.412965
0.416253
0.419509
0.422731
0.425917
0.429065
0.432173
0.435237
0.438257
0.441229
0.444151
0.447022
0.449840
0.452601
0.455305
0.457949
0.460532
0.463051
0.465505
0.467891
0.470208
0.472455
0.474628
0.476728
0.478751
0.480698
0.482566
0.484355
0.486061
0.487685
0.489224
0.490678
0.492046
0.493326
0.494517
0.495620
0.496631
0.497551
0.498379
0.499114
0.499755
0.500301
0.500754
0.501110
0.501372
0.501537
0.501606
0.501579
0.501454
0.501233
0.500915
0.500500
0.499989
0.499382
0.498677
0.497877
0.496981
0.495990
0.494904
0.493725
0.492451
0.491084
0.489625
0.488074
0.486432
0.484700
0.482880
0.480972
0.478976
0.476896
0.474730
0.472481
0.470149
0.467736
0.465244
0.462673
0.460025
0.457303
0.454505
0.451636
0.448695
0.445685
0.442607
0.439464
0.436257
0.432986
0.429655
0.426264
0.422816
0.419312
0.415755
0.412146
0.408487
0.404780
0.401027
0.397229
0.393389
0.389508
0.385589
0.381633
0.377642
0.373619
0.369565
0.365481
0.361371
0.357235
0.353077
0.348897
0.344698
0.340482
0.336250
0.332004
0.327746
0.323479
0.319203
0.314922
0.310635
0.306346
0.302055
0.297765
0.293477
0.289194
0.284915
0.280645
0.276383
0.272131
0.267892
0.263665
0.259454
0.255258
0.251080
0.246922
0.242783
0.238667
0.234573
0.230503
0.226459
0.222441
0.218451
0.214489
0.210557
0.206657
0.202787
0.198951
0.195148
0.191379
0.187646
0.183949
0.180288
0.176665
0.173080
0.169534
0.166028
0.162561
0.159135
0.155751
0.152407
0.149106
0.145847
0.142631
0.139457
0.136327
0.133241
0.130199
0.127200
0.124246
0.121336
0.118470
0.115649
0.112873
0.110141
0.107454
0.104812
0.102214
0.099661
0.097152
0.094687
0.092266
0.089889
0.087556
0.085266
0.083020
0.080816
0.078656
0.076538
0.074462
0.072428
0.070435
0.068483
0.066573
0.064702
0.062872
0.061081
0.059329
0.057616
0.055941
0.054305
0.052705
0.051142
0.049616
0.048126
0.046671
0.045251
0.043865
0.042514
0.041196
0.039910
0.038657
0.037436
0.036246
0.035087
0.033959
0.032860
0.031790
0.030749
0.029736
0.028751
0.027792
0.026861
0.025955
0.025075
0.024220
0.023389
0.022583
0.021799
0.021039
0.020301
0.019586
0.018891
0.018218
0.017565
0.016932
0.016319
0.015724
0.015149
0.014591
0.014051
0.013529
0.013023
0.012534
0.012061
0.011603
0.011160
0.010732
0.010319
0.009919
0.009533
0.009160
0.008800
0.008453
0.008117
0.007793
0.007481
0.007180
0.006890
0.006609
0.006340
0.006079
0.005829
0.005587
0.005355
0.005131
0.004916
0.004708
0.004509
0.004317
0.004132
0.003955
0.003784
0.003620
0.003463
0.003311
0.003166
0.003026
0.002892
0.002764
0.002640
0.002522
0.002408
0.002299
0.002195
0.002095
0.001999
0.001907
0.001819
0.001734
0.001654
0.001576
0.001502
0.001431
0.001364
0.001299
0.001237
0.001178
0.001121
0.001067
0.001015
0.000966
0.000919
0.000874
0.000830
0.000789
0.000750
0.000713
0.000677
0.000643
0.000611
0.000580
0.000551
0.000522
0.000496
0.000470
0.000446
0.000423
0.000401
0.000380
0.000360
0.000341
0.000323
0.000306
0.000290
0.000275
0.000260
0.000246
0.000233
0.000220
0.000208
0.000197
0.000186
0.000176
0.000166
0.000157
0.000149
0.000140
0.000132
0.000125
0.000118
0.000111
0.000105
0.000099
0.000094
0.000088
0.000083
0.000078
0.000074
0.000070
0.000066
0.000062
0.000058
0.000055
0.000052
0.000049
0.000046
0.000043
0.000040
0.000038
0.000036
0.000034
0.000032
0.000030
0.000028
0.000026
0.000025
0.000023
0.000022
0.000020
0.000019
0.000018
0.000017
0.000016
0.000015
0.000014
0.000013
0.000012
0.000011
0.000011
0.000010
0.000009
0.000009
0.000008
0.000008
0.000007
0.000007
0.000006
0.000006
0.000005
0.000005
0.000005
0.000004
0.000004
0.000004
0.000004
0.000003
0.000003
0.000003
0.000003
0.000003
0.000002
0.000002
0.000002
0.000002
0.000002
0.000002
0.000002
0.000001
0.000001
0.000001
0.000001
0.000001
0.000001
0.000001
0.000001
0.000001
0.000001
0.000001
0.000001
0.000001
0.000001
0.000001
0.000000
0.000000
0.000000
0.000000
0.000000
0.000000
0.000000
0.000000
0.000000
0.000000
0.000000
0.000000
0.000000
0.000000
0.000000
0.000000
0.000000
0.000000
0.000000
0.000000
0.000000
0.000000
0.000000
0.000000
0.000000
0.000000
0.000000
0.000000
0.000000
0.000000
0.000000
0.000000
0.000000
0.000000
0.000000
0.000000
0.000000
0.000000
0.000000
0.000000
0.000000
0.000000
0.000000
0.000000
0.000000
0.000000
0.000000
0.000000
0.000000
0.000000
0.000000
0.000000
0.000000
0.000000
0.000000
0.000000
0.000000
0.000000
0.000000
0.000000
0.000000
0.000000
0.000000
0.000000
0.000000
0.000000
0.000000
0.000000
0.000000
0.000000
0.000000
0.000000
0.000000
0.000000
0.000000
0.000000
0.000000
0.000000
0.000000
0.000000
0.000000
0.000000
0.000000
0.000000
0.000000
0.000000
0.000000
0.000000
0.000000
0.000000
0.000000
0.000000
0.000000
0.000000
0.000000
0.000000
0.000000
0.000000
0.000000
0.000000
0.000000
0.000000
0.000000
0.000000
0.000000
0.000000
0.000000
0.000000
0.000000
0.000000
0.000000
0.000000
0.000000
0.000000
0.000000
0.000000
0.000000
0.000000
0.000000
0.000000
0.000000
0.000000
0.000000
0.000000
0.000000
0.000000
0.000000
0.000000
0.000000
0.000000
0.000000
0.000000
0.000000
0.000000
0.000000
0.000000
0.000000
0.000000
0.000000
0.000000
0.000000
0.000000
0.000000
0.000000
0.000000
0.000000
0.000000
0.000000
0.000000
0.000000
0.000000
0.000000
0.000000
0.000000
0.000000
0.000000
0.000000
0.000000
0.000000
0.000000
0.000000
0.000000
0.000000
0.000000
0.000000
0.000000
0.000000
0.000000
0.000000
0.000000
0.000000
0.000000
0.000000
0.000000
0.000000
0.000000
0.000000
0.000000
0.000000
0.000000
0.000000
0.000000
0.000000
0.000000
0.000000
0.000000
0.000000
0.000000
0.000000
0.000000
0.000000
0.000000
0.000000
0.000000
0.000000
0.000000
0.000000
0.000000
0.000000
0.000000
0.000000
0.000000
0.000000
0.000000
0.000000
0.000000
0.000000
0.000000
