0.000015
0.000028
0.000047
0.000054
0.000082
0.000086
0.000100
0.000137
0.000135
0.000128
0.000172
0.000245
0.000304
0.000342
0.000368
0.000390
0.000413
0.000436
0.000461
0.000486
0.000514
0.000542
0.000572
0.000604
0.000637
0.000672
0.000709
0.000748
0.000788
0.000831
0.000875
0.000922
0.000972
0.001023
0.001078
0.001134
0.001194
0.001257
0.001322
0.001391
0.001463
0.001538
0.001617
0.001700
0.001787
0.001877
0.001972
0.002072
0.002175
0.002284
0.002398
0.002516
0.002640
0.002770
0.002905
0.003047
0.003194
0.003349
0.003510
0.003678
0.003853
0.004036
0.004226
0.004425
0.004633
0.004849
0.005074
0.005308
0.005553
0.005807
0.006072
0.006348
0.006635
0.006933
0.007244
0.007567
0.007903
0.008252
0.008615
0.008992
0.009384
0.009791
0.010213
0.010652
0.011108
0.011580
0.012071
0.012579
0.013107
0.013654
0.014221
0.014809
0.015418
0.016049
0.016703
0.017380
0.018081
0.018806
0.019556
0.020333
0.021136
0.021967
0.022826
0.023714
0.024632
0.025580
0.026559
0.027571
0.028616
0.029694
0.030807
0.031955
0.033140
0.034362
0.035623
0.036922
0.038261
0.039641
0.041063
0.042527
0.044035
0.045588
0.047186
0.048831
0.050523
0.052264
0.054054
0.055895
0.057787
0.059731
0.061729
0.063781
0.065889
0.068053
0.070274
0.072554
0.074893
0.077293
0.079753
0.082277
0.084863
0.087514
0.090230
0.093012
0.095862
0.098779
0.101765
0.104822
0.107949
0.111147
0.114419
0.117763
0.121182
0.124676
0.128245
0.131892
0.135615
0.139416
0.143296
0.147256
0.151295
0.155415
0.159616
0.163899
0.168264
0.172712
0.177243
0.181857
0.186555
0.191338
0.196205
0.201156
0.206193
0.211314
0.216521
0.221812
0.227189
0.232651
0.238199
0.243831
0.249547
0.255348
0.261234
0.267202
0.273255
0.279390
0.285607
0.291906
0.298286
0.304746
0.311286
0.317904
0.324600
0.331372
0.338221
0.345143
0.352140
0.359208
0.366346
0.373554
0.380831
0.388173
0.395580
0.403050
0.410582
0.418173
0.425822
0.433527
0.441285
0.449095
0.456955
0.464862
0.472814
0.480809
0.488844
0.496917
0.505025
0.513167
0.521338
0.529536
0.537760
0.546005
0.554268
0.562548
0.570841
0.579143
0.587453
0.595766
0.604079
0.612390
0.620694
0.628990
0.637273
0.645539
0.653786
0.662010
0.670207
0.678374
0.686507
0.694604
0.702659
0.710671
0.718634
0.726546
0.734402
0.742199
0.749934
0.757603
0.765201
0.772726
0.780174
0.787540
0.794823
0.802017
0.809120
0.816127
0.823035
0.829841
0.836541
0.843132
0.849610
0.855971
0.862214
0.868333
0.874326
0.880191
0.885923
0.891520
0.896978
0.902294
0.907467
0.912492
0.917367
0.922089
0.926656
0.931066
0.935315
0.939401
0.943322
0.947076
0.950662
0.954075
0.957316
0.960381
0.963270
0.965980
0.968510
0.970858
0.973024
0.975006
0.976802
0.978412
0.979834
0.981069
0.982116
0.982972
0.983639
0.984116
0.984402
0.984497
0.984402
0.984116
0.983640
0.982973
0.982116
0.981070
0.979835
0.978413
0.976803
0.975006
0.973025
0.970860
0.968511
0.965982
0.963272
0.960383
0.957318
0.954078
0.950664
0.947079
0.943325
0.939404
0.935318
0.931069
0.926660
0.922093
0.917370
0.912495
0.907470
0.902298
0.896982
0.891523
0.885927
0.880195
0.874331
0.868337
0.862218
0.855976
0.849614
0.843136
0.836545
0.829846
0.823040
0.816132
0.809124
0.802022
0.794828
0.787546
0.780179
0.772732
0.765207
0.757608
0.749940
0.742205
0.734408
0.726552
0.718640
0.710677
0.702666
0.694610
0.686514
0.678380
0.670213
0.662016
0.653793
0.645546
0.637279
0.628997
0.620702
0.612397
0.604087
0.595773
0.587460
0.579151
0.570848
0.562556
0.554276
0.546012
0.537768
0.529545
0.521346
0.513175
0.505034
0.496926
0.488853
0.480818
0.472823
0.464871
0.456964
0.449105
0.441295
0.433536
0.425832
0.418183
0.410591
0.403060
0.395589
0.388182
0.380840
0.373564
0.366356
0.359217
0.352149
0.345153
0.338230
0.331382
0.324610
0.317914
0.311295
0.304756
0.298296
0.291916
0.285617
0.279399
0.273264
0.267212
0.261243
0.255358
0.249557
0.243840
0.238208
0.232661
0.227199
0.221822
0.216530
0.211323
0.206202
0.201165
0.196214
0.191347
0.186564
0.181866
0.177252
0.172721
0.168273
0.163908
0.159625
0.155423
0.151303
0.147264
0.143304
0.139424
0.135623
0.131899
0.128253
0.124683
0.121189
0.117770
0.114425
0.111154
0.107955
0.104828
0.101772
0.098785
0.095868
0.093018
0.090236
0.087520
0.084869
0.082282
0.079759
0.077298
0.074898
0.072559
0.070279
0.068058
0.065894
0.063786
0.061734
0.059736
0.057791
0.055899
0.054058
0.052268
0.050527
0.048835
0.047190
0.045592
0.044039
0.042531
0.041066
0.039644
0.038264
0.036925
0.035626
0.034366
0.033143
0.031958
0.030810
0.029697
0.028618
0.027574
0.026562
0.025582
0.024634
0.023716
0.022829
0.021969
0.021139
0.020335
0.019559
0.018808
0.018083
0.017382
0.016705
0.016051
0.015420
0.014811
0.014223
0.013656
0.013109
0.012581
0.012072
0.011582
0.011109
0.010653
0.010215
0.009792
0.009385
0.008993
0.008616
0.008253
0.007904
0.007568
0.007245
0.006934
0.006636
0.006349
0.006073
0.005808
0.005553
0.005309
0.005075
0.004849
0.004633
0.004426
0.004227
0.004036
0.003854
0.003678
0.003510
0.003349
0.003195
0.003047
0.002906
0.002770
0.002641
0.002517
0.002398
0.002284
0.002176
0.002072
0.001973
0.001878
0.001787
0.001700
0.001618
0.001539
0.001463
0.001391
0.001322
0.001257
0.001194
0.001135
0.001078
0.001024
0.000972
0.000923
0.000876
0.000831
0.000788
0.000748
0.000709
0.000672
0.000637
0.000604
0.000572
0.000542
0.000514
0.000487
0.000461
0.000436
0.000413
0.000391
0.000370
0.000350
0.000331
0.000313
0.000296
0.000279
0.000264
0.000249
0.000236
0.000223
0.000210
0.000198
0.000187
0.000177
0.000167
0.000157
0.000148
0.000140
0.000132
0.000124
0.000117
0.000110
0.000104
0.000098
0.000092
0.000087
0.000082
0.000077
0.000072
0.000068
0.000064
0.000060
0.000057
0.000053
0.000050
0.000047
0.000044
0.000042
0.000039
0.000037
0.000034
0.000032
0.000030
0.000028
0.000027
0.000025
0.000023
0.000022
0.000021
0.000019
0.000018
0.000017
0.000016
0.000015
0.000014
0.000013
0.000012
0.000011
0.000011
0.000010
0.000009
0.000009
0.000008
0.000008
0.000007
0.000007
0.000006
0.000006
0.000005
0.000005
0.000005
0.000004
0.000004
0.000004
0.000004
0.000003
0.000003
0.000003
0.000003
0.000003
0.000002
0.000002
0.000002
0.000002
0.000002
0.000002
0.000002
0.000001
0.000001
0.000001
0.000001
0.000001
0.000001
0.000001
0.000001
0.000001
0.000001
0.000001
0.000001
0.000001
0.000001
0.000001
0.000000
0.000000
0.000000
0.000000
0.000000
0.000000
0.000000
0.000000
0.000000
0.000000
0.000000
0.000000
0.000000
0.000000
0.000000
0.000000
0.000000
0.000000
0.000000
0.000000
0.000000
0.000000
0.000000
0.000000
0.000000
0.000000
0.000000
0.000000
0.000000
0.000000
0.000000
0.000000
0.000000
0.000000
0.000000
0.000000
0.000000
0.000000
0.000000
0.000000
0.000000
0.000000
0.000000
0.000000
0.000000
0.000000
0.000000
0.000000
0.000000
0.000000
0.000000
0.000000
0.000000
0.000000
0.000000
0.000000
0.000000
0.000000
0.000000
0.000000
0.000000
0.000000
0.000000
0.000000
0.000000
0.000000
0.000000
0.000000
0.000000
0.000000
0.000000
0.000000
0.000000
0.000000
0.000000
0.000000
0.000000
0.000000
0.000000
0.000000
0.000000
0.000000
0.000000
0.000000
0.000000
0.000000
0.000000
0.000000
0.000000
0.000000
0.000000
0.000000
0.000000
0.000000
0.000000
0.000000
0.000000
0.000000
0.000000
0.000000
0.000000
0.000000
0.000000
0.000000
0.000000
0.000000
0.000000
0.000000
0.000000
0.000000
0.000000
0.000000
0.000000
0.000000
0.000000
0.000000
0.000000
0.000000
0.000000
0.000000
0.000000
0.000000
0.000000
0.000000
0.000000
0.000000
0.000000
0.000000
0.000000
0.000000
0.000000
0.000000
0.000000
0.000000
0.000000
0.000000
0.000000
0.000000
0.000000
0.000000
0.000000
0.000000
0.000000
0.000000
0.000000
0.000000
0.000000
0.000000
0.000000
0.000000
0.000000
0.000000
0.000000
0.000000
0.000000
0.000000
0.000000
0.000000
0.000000
0.000000
0.000000
0.000000
0.000000
0.000000
0.000000
0.000000
0.000000
0.000000
0.000000
0.000000
0.000000
0.000000
0.000000
0.000000
0.000000
0.000000
0.000000
0.000000
0.000000
0.000000
0.000000
0.000000
0.000000
0.000000
0.000000
0.000000
0.000000
0.000000
0.000000
0.000000
0.000000
0.000000
0.000000
0.000000
0.000000
0.000000
0.000000
0.000000
0.000000
0.000000
0.000000
0.000000
0.000000
0.000000
0.000000
0.000000
0.000000
0.000000
0.000000
0.000000
0.000000
0.000000
0.000000
0.000000
0.000000
0.000000
0.000000
0.000000
0.000000
0.000000
0.000000
0.000000
0.000000
0.000000
0.000000
0.000000
0.000000
0.000000
0.000000
0.000000
0.000000
0.000000
0.000000
0.000000
0.000000
0.000000
0.000000
0.000000
0.000000
0.000000
0.000000
0.000000
0.000000
0.000000
0.000000
0.000000
0.000000
0.000000
0.000000
0.000000
0.000000
0.000000
0.000000
0.000000
0.000000
0.000000
0.000000
0.000000
0.000000
0.000000
0.000000
0.000000
0.000000
0.000000
0.000000
0.000000
0.000000
0.000000
0.000000
0.000000
0.000000
0.000000
0.000000
0.000000
0.000000
0.000000
0.000000
0.000000
0.000000
0.000000
0.000000
0.000000
0.000000
0.000000
0.000000
0.000000
0.000000
0.000000
0.000000
0.000000
0.000000
0.000000
0.000000
0.000000
0.000000
0.000000
0.000000
0.000000
0.000000
0.000000
0.000000
0.000000
0.000000
0.000000
0.000000
0.000000
0.000000
0.000000
0.000000
0.000000
0.000000
0.000000
0.000000
