0.001432
0.002864
0.004299
0.005737
0.007178
0.008624
0.010077
0.011536
0.013004
0.014479
0.015965
0.017461
0.018970
0.020490
0.022025
0.023573
0.025138
0.026718
0.028317
0.029933
0.031568
0.033224
0.034899
0.036599
0.038317
0.040063
0.041830
0.043624
0.045443
0.047288
0.049164
0.051063
0.052996
0.054954
0.056946
0.058968
0.061020
0.063109
0.065225
0.067381
0.069567
0.071788
0.074049
0.076338
0.078672
0.081038
0.083441
0.085887
0.088364
0.090886
0.093445
0.096040
0.098682
0.101357
0.104074
0.106837
0.109631
0.112473
0.115357
0.118274
0.121241
0.124246
0.127286
0.130378
0.133505
0.136669
0.139885
0.143134
0.146418
0.149755
0.153125
0.156529
0.159984
0.163474
0.166993
0.170560
0.174168
0.177799
0.181472
0.185191
0.188933
0.192705
0.196525
0.200375
0.204244
0.208150
0.212099
0.216066
0.220052
0.224076
0.228136
0.232208
0.236294
0.240416
0.244570
0.248733
0.252902
0.257096
0.261322
0.265561
0.269797
0.274039
0.278304
0.282593
0.286886
0.291168
0.295444
0.299729
0.304033
0.308346
0.312651
0.316936
0.321201
0.325455
0.329709
0.333967
0.338226
0.342478
0.346715
0.350930
0.355119
0.359280
0.363412
0.367514
0.371586
0.375626
0.379634
0.383608
0.387546
0.391446
0.395306
0.399125
0.402900
0.406630
0.410313
0.413947
0.417529
0.421059
0.424535
0.427954
0.431315
0.434615
0.437854
0.441029
0.444139
0.447182
0.450157
0.453061
0.455894
0.458653
0.461338
0.463946
0.466476
0.468928
0.471299
0.473589
0.475795
0.477918
0.479955
0.481905
0.483768
0.485543
0.487228
0.488822
0.490325
0.491737
0.493056
0.494281
0.495412
0.496448
0.497390
0.498236
0.498986
0.499640
0.500197
0.500657
0.501021
0.501288
0.501457
0.501530
0.501506
0.501386
0.501168
0.500856
0.500447
0.499943
0.499344
0.498652
0.497866
0.496987
0.496017
0.494955
0.493803
0.492561
0.491232
0.489816
0.488312
0.486725
0.485053
0.483299
0.481464
0.479548
0.477555
0.475485
0.473340
0.471121
0.468830
0.466470
0.464041
0.461546
0.458986
0.456362
0.453678
0.450934
0.448134
0.445278
0.442370
0.439411
0.436403
0.433349
0.430249
0.427108
0.423927
0.420708
0.417453
0.414166
0.410848
0.407501
0.404128
0.400732
0.397314
0.393878
0.390424
0.386957
0.383477
0.379989
0.376492
0.372993
0.369491
0.365988
0.362489
0.358994
0.355507
0.352030
0.348564
0.345113
0.341678
0.338263
0.334870
0.331500
0.328156
0.324841
0.321555
0.318303
0.315085
0.311904
0.308761
0.305660
0.302602
0.299589
0.296622
0.293705
0.290839
0.288026
0.285267
0.282565
0.279921
0.277336
0.274814
0.272355
0.269961
0.267633
0.265372
0.263181
0.261060
0.259012
0.257038
0.255137
0.253313
0.251564
0.249894
0.248303
0.246794
0.245365
0.244017
0.242753
0.241572
0.240476
0.239466
0.238541
0.237701
0.236949
0.236283
0.235706
0.235218
0.234818
0.234507
0.234284
0.234150
0.234105
0.234150
0.234283
0.234507
0.234818
0.235219
0.235706
0.236283
0.236948
0.237700
0.238538
0.239464
0.240474
0.241571
0.242751
0.244015
0.245362
0.246791
0.248301
0.249892
0.251561
0.253308
0.255133
0.257034
0.259009
0.261058
0.263178
0.265368
0.267629
0.269957
0.272352
0.274811
0.277334
0.279918
0.282562
0.285265
0.288023
0.290836
0.293702
0.296619
0.299585
0.302598
0.305656
0.308758
0.311900
0.315081
0.318299
0.321551
0.324837
0.328153
0.331497
0.334867
0.338260
0.341675
0.345108
0.348559
0.352025
0.355502
0.358989
0.362484
0.365984
0.369486
0.372988
0.376489
0.379985
0.383474
0.386954
0.390421
0.393875
0.397311
0.400729
0.404125
0.407498
0.410844
0.414162
0.417450
0.420704
0.423922
0.427104
0.430245
0.433344
0.436399
0.439407
0.442367
0.445275
0.448132
0.450932
0.453675
0.456360
0.458984
0.461544
0.464040
0.466469
0.468830
0.471121
0.473339
0.475484
0.477554
0.479546
0.481461
0.483297
0.485051
0.486723
0.488311
0.489814
0.491231
0.492561
0.493802
0.494954
0.496016
0.496986
0.497865
0.498651
0.499344
0.499942
0.500446
0.500854
0.501166
0.501384
0.501504
0.501529
0.501456
0.501286
0.501020
0.500656
0.500196
0.499639
0.498986
0.498236
0.497390
0.496450
0.495413
0.494282
0.493057
0.491739
0.490327
0.488824
0.487229
0.485544
0.483769
0.481907
0.479956
0.477919
0.475798
0.473591
0.471302
0.468930
0.466479
0.463948
0.461339
0.458655
0.455896
0.453063
0.450158
0.447183
0.444140
0.441030
0.437855
0.434617
0.431316
0.427956
0.424536
0.421061
0.417531
0.413948
0.410314
0.406632
0.402902
0.399126
0.395308
0.391447
0.387547
0.383609
0.379636
0.375629
0.371590
0.367522
0.363425
0.359302
0.355155
0.350986
0.346796
0.342589
0.338364
0.334125
0.329874
0.325611
0.321340
0.317061
0.312776
0.308488
0.304198
0.299908
0.295619
0.291333
0.287052
0.282778
0.278511
0.274255
0.270009
0.265776
0.261557
0.257353
0.253166
0.248998
0.244849
0.240721
0.236616
0.232534
0.228477
0.224446
0.220442
0.216466
0.212519
0.208603
0.204717
0.200865
0.197045
0.193259
0.189508
0.185792
0.182113
0.178471
0.174867
0.171302
0.167776
0.164289
0.160843
0.157438
0.154074
0.150751
0.147471
0.144233
0.141038
0.137887
0.134779
0.131714
0.128694
0.125717
0.122785
0.119897
0.117054
0.114256
0.111502
0.108792
0.106128
0.103507
0.100932
0.098400
0.095914
0.093471
0.091072
0.088717
0.086406
0.084138
0.081913
0.079731
0.077591
0.075494
0.073439
0.071426
0.069454
0.067523
0.065632
0.063782
0.061971
0.060200
0.058468
0.056774
0.055118
0.053500
0.051919
0.050375
0.048866
0.047394
0.045957
0.044554
0.043185
0.041851
0.040549
0.039280
0.038043
0.036837
0.035663
0.034519
0.033406
0.032321
0.031266
0.030239
0.029240
0.028268
0.027323
0.026405
0.025512
0.024644
0.023802
0.022983
0.022188
0.021416
0.020668
0.019941
0.019236
0.018552
0.017889
0.017246
0.016623
0.016019
0.015434
0.014868
0.014319
0.013788
0.013274
0.012777
0.012295
0.011830
0.011380
0.010944
0.010524
0.010117
0.009724
0.009345
0.008979
0.008625
0.008283
0.007954
0.007636
0.007329
0.007033
0.006748
0.006473
0.006208
0.005953
0.005707
0.005470
0.005242
0.005022
0.004811
0.004608
0.004412
0.004224
0.004043
0.003869
0.003702
0.003541
0.003386
0.003238
0.003096
0.002959
0.002827
0.002701
0.002581
0.002465
0.002353
0.002247
0.002144
0.002046
0.001952
0.001862
0.001776
0.001694
0.001615
0.001539
0.001466
0.001397
0.001331
0.001268
0.001207
0.001149
0.001094
0.001041
0.000990
0.000942
0.000896
0.000852
0.000810
0.000770
0.000731
0.000695
0.000660
0.000627
0.000595
0.000565
0.000536
0.000509
0.000483
0.000458
0.000434
0.000412
0.000390
0.000370
0.000351
0.000332
0.000315
0.000298
0.000282
0.000267
0.000253
0.000239
0.000226
0.000214
0.000203
0.000192
0.000181
0.000171
0.000162
0.000153
0.000144
0.000136
0.000129
0.000122
0.000115
0.000108
0.000102
0.000096
0.000091
0.000086
0.000081
0.000076
0.000072
0.000068
0.000064
0.000060
0.000056
0.000053
0.000050
0.000047
0.000044
0.000042
0.000039
0.000037
0.000035
0.000033
0.000031
0.000029
0.000027
0.000025
0.000024
0.000022
0.000021
0.000020
0.000018
0.000017
0.000016
0.000015
0.000014
0.000013
0.000013
0.000012
0.000011
0.000010
0.000010
0.000009
0.000008
0.000008
0.000007
0.000007
0.000006
0.000006
0.000006
0.000005
0.000005
0.000005
0.000004
0.000004
0.000004
0.000004
0.000003
0.000003
0.000003
0.000003
0.000002
0.000002
0.000002
0.000002
0.000002
0.000002
0.000002
0.000002
0.000001
0.000001
0.000001
0.000001
0.000001
0.000001
0.000001
0.000001
0.000001
0.000001
0.000001
0.000001
0.000001
0.000001
0.000001
0.000000
0.000000
0.000000
0.000000
0.000000
0.000000
0.000000
0.000000
0.000000
0.000000
0.000000
0.000000
0.000000
0.000000
0.000000
0.000000
0.000000
0.000000
0.000000
0.000000
0.000000
0.000000
0.000000
0.000000
0.000000
0.000000
0.000000
0.000000
0.000000
0.000000
0.000000
0.000000
0.000000
0.000000
0.000000
0.000000
0.000000
0.000000
0.000000
0.000000
0.000000
0.000000
0.000000
0.000000
0.000000
0.000000
0.000000
0.000000
0.000000
0.000000
0.000000
0.000000
0.000000
0.000000
0.000000
0.000000
0.000000
0.000000
0.000000
0.000000
0.000000
0.000000
0.000000
0.000000
0.000000
0.000000
0.000000
0.000000
0.000000
0.000000
0.000000
0.000000
0.000000
0.000000
0.000000
0.000000
0.000000
0.000000
0.000000
0.000000
0.000000
0.000000
0.000000
0.000000
0.000000
0.000000
0.000000
0.000000
0.000000
0.000000
0.000000
0.000000
0.000000
0.000000
0.000000
0.000000
0.000000
0.000000
0.000000
0.000000
0.000000
0.000000
0.000000
0.000000
0.000000
0.000000
0.000000
0.000000
0.000000
0.000000
0.000000
0.000000
0.000000
0.000000
0.000000
0.000000
0.000000
0.000000
0.000000
0.000000
0.000000
0.000000
0.000000
0.000000
0.000000
0.000000
0.000000
0.000000
0.000000
0.000000
0.000000
0.000000
0.000000
0.000000
0.000000
0.000000
0.000000
0.000000
0.000000
0.000000
0.000000
0.000000
0.000000
0.000000
0.000000
0.000000
0.000000
0.000000
0.000000
0.000000
0.000000
0.000000
0.000000
0.000000
0.000000
0.000000
0.000000
0.000000
0.000000
0.000000
0.000000
0.000000
0.000000
0.000000
0.000000
0.000000
0.000000
0.000000
0.000000
0.000000
0.000000
0.000000
0.000000
0.000000
0.000000
0.000000
0.000000
0.000000
0.000000
0.000000
0.000000
0.000000
0.000000
0.000000
0.000000
0.000000
0.000000
0.000000
0.000000
0.000000
0.000000
0.000000
0.000000
0.000000
0.000000
0.000000
0.000000
0.000000
0.000000
0.000000
0.000000
0.000000
0.000000
0.000000
0.000000
0.000000
0.000000
