0.001454
0.002908
0.004365
0.005824
0.007288
0.008755
0.010230
0.011711
0.013201
0.014698
0.016206
0.017724
0.019255
0.020798
0.022355
0.023926
0.025512
0.027116
0.028736
0.030376
0.032033
0.033713
0.035410
0.037132
0.038875
0.040642
0.042434
0.044249
0.046094
0.047961
0.049860
0.051783
0.053739
0.055723
0.057736
0.059785
0.061859
0.063972
0.066114
0.068291
0.070505
0.072748
0.075033
0.077349
0.079703
0.082098
0.084523
0.086993
0.089497
0.092040
0.094627
0.097245
0.099910
0.102613
0.105351
0.108139
0.110961
0.113822
0.116733
0.119675
0.122661
0.125694
0.128758
0.131869
0.135025
0.138210
0.141445
0.144722
0.148028
0.151382
0.154780
0.158206
0.161676
0.165193
0.168734
0.172316
0.175946
0.179602
0.183289
0.187025
0.190792
0.194581
0.198412
0.202284
0.206175
0.210091
0.214053
0.218042
0.222045
0.226076
0.230147
0.234240
0.238340
0.242466
0.246629
0.250809
0.254992
0.259189
0.263417
0.267667
0.271918
0.276166
0.280429
0.284716
0.289017
0.293310
0.297591
0.301873
0.306168
0.310477
0.314785
0.319076
0.323343
0.327593
0.331836
0.336080
0.340326
0.344567
0.348795
0.353002
0.357183
0.361335
0.365456
0.369545
0.373603
0.377628
0.381620
0.385576
0.389495
0.393375
0.397214
0.401011
0.404764
0.408470
0.412128
0.415736
0.419292
0.422794
0.426241
0.429631
0.432961
0.436231
0.439437
0.442579
0.445655
0.448663
0.451602
0.454470
0.457266
0.459987
0.462632
0.465201
0.467691
0.470102
0.472431
0.474678
0.476841
0.478920
0.480913
0.482818
0.484636
0.486364
0.488002
0.489550
0.491005
0.492369
0.493639
0.494815
0.495897
0.496883
0.497775
0.498571
0.499271
0.499874
0.500380
0.500789
0.501101
0.501317
0.501435
0.501456
0.501381
0.501209
0.500939
0.500575
0.500115
0.499560
0.498909
0.498166
0.497329
0.496400
0.495379
0.494266
0.493065
0.491774
0.490396
0.488929
0.487378
0.485742
0.484022
0.482221
0.480339
0.478376
0.476338
0.474222
0.472032
0.469770
0.467435
0.465032
0.462561
0.460024
0.457422
0.454758
0.452034
0.449250
0.446412
0.443518
0.440573
0.437577
0.434534
0.431444
0.428311
0.425136
0.421923
0.418672
0.415386
0.412068
0.408720
0.405344
0.401944
0.398520
0.395076
0.391614
0.388135
0.384643
0.381140
0.377628
0.374110
0.370589
0.367066
0.363543
0.360025
0.356511
0.353007
0.349512
0.346030
0.342563
0.339113
0.335684
0.332276
0.328893
0.325537
0.322209
0.318912
0.315648
0.312420
0.309228
0.306076
0.302966
0.299900
0.296878
0.293905
0.290980
0.288108
0.285288
0.282523
0.279816
0.277166
0.274577
0.272051
0.269587
0.267189
0.264857
0.262593
0.260399
0.258275
0.256225
0.254248
0.252345
0.250518
0.248768
0.247096
0.245504
0.243993
0.242563
0.241214
0.239949
0.238767
0.237670
0.236659
0.235733
0.234893
0.234141
0.233475
0.232897
0.232409
0.232009
0.231697
0.231474
0.231340
0.231295
0.231340
0.231473
0.231697
0.232009
0.232409
0.232898
0.233474
0.234139
0.234893
0.235731
0.236658
0.237669
0.238766
0.239947
0.241212
0.242560
0.243990
0.245502
0.247094
0.248765
0.250514
0.252341
0.254244
0.256222
0.258273
0.260396
0.262590
0.264854
0.267185
0.269584
0.272047
0.274575
0.277163
0.279813
0.282521
0.285285
0.288105
0.290978
0.293902
0.296875
0.299896
0.302963
0.306073
0.309225
0.312416
0.315644
0.318908
0.322205
0.325533
0.328890
0.332273
0.335680
0.339110
0.342559
0.346025
0.349507
0.353002
0.356507
0.360020
0.363539
0.367061
0.370585
0.374107
0.377625
0.381136
0.384639
0.388131
0.391610
0.395072
0.398517
0.401940
0.405342
0.408717
0.412065
0.415382
0.418668
0.421918
0.425132
0.428307
0.431440
0.434530
0.437574
0.440570
0.443515
0.446410
0.449248
0.452031
0.454756
0.457420
0.460022
0.462559
0.465031
0.467434
0.469769
0.472032
0.474221
0.476336
0.478375
0.480336
0.482219
0.484020
0.485739
0.487376
0.488928
0.490394
0.491773
0.493064
0.494266
0.495378
0.496399
0.497328
0.498165
0.498909
0.499559
0.500114
0.500574
0.500938
0.501206
0.501379
0.501454
0.501434
0.501316
0.501100
0.500788
0.500379
0.499873
0.499270
0.498571
0.497776
0.496885
0.495898
0.494817
0.493641
0.492371
0.491007
0.489552
0.488004
0.486366
0.484637
0.482820
0.480914
0.478922
0.476844
0.474681
0.472433
0.470104
0.467694
0.465203
0.462634
0.459988
0.457267
0.454472
0.451604
0.448665
0.445656
0.442580
0.439438
0.436232
0.432963
0.429633
0.426243
0.422796
0.419294
0.415737
0.412129
0.408471
0.404765
0.401013
0.397216
0.393376
0.389496
0.385577
0.381622
0.377632
0.373609
0.369555
0.365473
0.361363
0.357227
0.353069
0.348890
0.344691
0.340475
0.336244
0.331998
0.327741
0.323474
0.319199
0.314917
0.310631
0.306342
0.302051
0.297761
0.293474
0.289191
0.284913
0.280642
0.276380
0.272129
0.267889
0.263663
0.259452
0.255256
0.251079
0.246920
0.242782
0.238665
0.234571
0.230502
0.226457
0.222440
0.218450
0.214488
0.210556
0.206656
0.202786
0.198950
0.195147
0.191379
0.187645
0.183948
0.180287
0.176664
0.173080
0.169534
0.166027
0.162561
0.159135
0.155750
0.152407
0.149106
0.145847
0.142630
0.139457
0.136327
0.133241
0.130198
0.127200
0.124246
0.121336
0.118470
0.115649
0.112873
0.110141
0.107454
0.104812
0.102214
0.099661
0.097151
0.094687
0.092266
0.089889
0.087556
0.085266
0.083020
0.080816
0.078656
0.076538
0.074462
0.072428
0.070435
0.068483
0.066573
0.064702
0.062872
0.061081
0.059329
0.057616
0.055941
0.054304
0.052705
0.051142
0.049616
0.048126
0.046671
0.045251
0.043865
0.042514
0.041196
0.039910
0.038657
0.037436
0.036246
0.035087
0.033959
0.032860
0.031790
0.030749
0.029736
0.028751
0.027792
0.026861
0.025955
0.025075
0.024220
0.023389
0.022583
0.021799
0.021039
0.020301
0.019586
0.018891
0.018218
0.017565
0.016932
0.016319
0.015724
0.015149
0.014591
0.014051
0.013529
0.013023
0.012534
0.012061
0.011603
0.011160
0.010732
0.010319
0.009919
0.009533
0.009160
0.008800
0.008453
0.008117
0.007794
0.007481
0.007180
0.006890
0.006609
0.006340
0.006079
0.005829
0.005587
0.005355
0.005131
0.004916
0.004708
0.004509
0.004317
0.004132
0.003955
0.003784
0.003620
0.003463
0.003311
0.003166
0.003026
0.002892
0.002764
0.002640
0.002522
0.002408
0.002299
0.002195
0.002095
0.001999
0.001907
0.001819
0.001734
0.001654
0.001576
0.001502
0.001431
0.001364
0.001299
0.001237
0.001178
0.001121
0.001067
0.001015
0.000966
0.000919
0.000874
0.000830
0.000789
0.000750
0.000713
0.000677
0.000643
0.000611
0.000580
0.000551
0.000522
0.000496
0.000470
0.000446
0.000423
0.000401
0.000380
0.000360
0.000341
0.000323
0.000306
0.000290
0.000275
0.000260
0.000246
0.000233
0.000220
0.000208
0.000197
0.000186
0.000176
0.000166
0.000157
0.000149
0.000140
0.000132
0.000125
0.000118
0.000111
0.000105
0.000099
0.000094
0.000088
0.000083
0.000078
0.000074
0.000070
0.000066
0.000062
0.000058
0.000055
0.000052
0.000049
0.000046
0.000043
0.000040
0.000038
0.000036
0.000034
0.000032
0.000030
0.000028
0.000026
0.000025
0.000023
0.000022
0.000020
0.000019
0.000018
0.000017
0.000016
0.000015
0.000014
0.000013
0.000012
0.000011
0.000011
0.000010
0.000009
0.000009
0.000008
0.000008
0.000007
0.000007
0.000006
0.000006
0.000005
0.000005
0.000005
0.000004
0.000004
0.000004
0.000004
0.000003
0.000003
0.000003
0.000003
0.000003
0.000002
0.000002
0.000002
0.000002
0.000002
0.000002
0.000002
0.000001
0.000001
0.000001
0.000001
0.000001
0.000001
0.000001
0.000001
0.000001
0.000001
0.000001
0.000001
0.000001
0.000001
0.000001
0.000000
0.000000
0.000000
0.000000
0.000000
0.000000
0.000000
0.000000
0.000000
0.000000
0.000000
0.000000
0.000000
0.000000
0.000000
0.000000
0.000000
0.000000
0.000000
0.000000
0.000000
0.000000
0.000000
0.000000
0.000000
0.000000
0.000000
0.000000
0.000000
0.000000
0.000000
0.000000
0.000000
0.000000
0.000000
0.000000
0.000000
0.000000
0.000000
0.000000
0.000000
0.000000
0.000000
0.000000
0.000000
0.000000
0.000000
0.000000
0.000000
0.000000
0.000000
0.000000
0.000000
0.000000
0.000000
0.000000
0.000000
0.000000
0.000000
0.000000
0.000000
0.000000
0.000000
0.000000
0.000000
0.000000
0.000000
0.000000
0.000000
0.000000
0.000000
0.000000
0.000000
0.000000
0.000000
0.000000
0.000000
0.000000
0.000000
0.000000
0.000000
0.000000
0.000000
0.000000
0.000000
0.000000
0.000000
0.000000
0.000000
0.000000
0.000000
0.000000
0.000000
0.000000
0.000000
0.000000
0.000000
0.000000
0.000000
0.000000
0.000000
0.000000
0.000000
0.000000
0.000000
0.000000
0.000000
0.000000
0.000000
0.000000
0.000000
0.000000
0.000000
0.000000
0.000000
0.000000
0.000000
0.000000
0.000000
0.000000
0.000000
0.000000
0.000000
0.000000
0.000000
0.000000
0.000000
0.000000
0.000000
0.000000
0.000000
0.000000
0.000000
0.000000
0.000000
0.000000
0.000000
0.000000
0.000000
0.000000
0.000000
0.000000
0.000000
0.000000
0.000000
0.000000
0.000000
0.000000
0.000000
0.000000
0.000000
0.000000
0.000000
0.000000
0.000000
0.000000
0.000000
0.000000
0.000000
0.000000
0.000000
0.000000
0.000000
0.000000
0.000000
0.000000
0.000000
0.000000
0.000000
0.000000
0.000000
0.000000
0.000000
0.000000
0.000000
0.000000
0.000000
0.000000
0.000000
0.000000
0.000000
0.000000
0.000000
0.000000
0.000000
0.000000
0.000000
0.000000
0.000000
0.000000
0.000000
0.000000
0.000000
0.000000
0.000000
0.000000
0.000000
0.000000
0.000000
0.000000
0.000000
0.000000
0.000000
0.000000
0.000000
0.000000
0.000000
