0.001476
0.002952
0.004431
0.005912
0.007398
0.008888
0.010385
0.011888
0.013400
0.014920
0.016450
0.017991
0.019543
0.021109
0.022688
0.024283
0.025891
0.027518
0.029160
0.030823
0.032503
0.034205
0.035927
0.037671
0.039438
0.041227
0.043044
0.044882
0.046750
0.048641
0.050563
0.052512
0.054489
0.056500
0.058535
0.060608
0.062708
0.064843
0.067012
0.069210
0.071450
0.073718
0.076025
0.078369
0.080745
0.083165
0.085616
0.088108
0.090640
0.093205
0.095816
0.098462
0.101147
0.103878
0.106641
0.109449
0.112300
0.115183
0.118116
0.121087
0.124093
0.127150
0.130242
0.133371
0.136552
0.139764
0.143015
0.146317
0.149650
0.153021
0.156442
0.159894
0.163380
0.166917
0.170485
0.174083
0.177730
0.181412
0.185118
0.188867
0.192657
0.196468
0.200310
0.204198
0.208112
0.212044
0.216013
0.220021
0.224045
0.228085
0.232164
0.236274
0.240393
0.244525
0.248692
0.252886
0.257086
0.261290
0.265517
0.269773
0.274038
0.278297
0.282560
0.286843
0.291146
0.295449
0.299739
0.304019
0.308306
0.312608
0.316915
0.321210
0.325481
0.329729
0.333964
0.338194
0.342425
0.346652
0.350869
0.355067
0.359239
0.363382
0.367492
0.371569
0.375612
0.379622
0.383596
0.387534
0.391434
0.395293
0.399111
0.402886
0.406615
0.410297
0.413930
0.417512
0.421041
0.424515
0.427933
0.431293
0.434593
0.437830
0.441004
0.444113
0.447154
0.450127
0.453030
0.455861
0.458619
0.461302
0.463908
0.466437
0.468886
0.471255
0.473542
0.475746
0.477866
0.479901
0.481849
0.483709
0.485481
0.487163
0.488754
0.490254
0.491662
0.492977
0.494199
0.495326
0.496358
0.497295
0.498137
0.498883
0.499531
0.500084
0.500539
0.500897
0.501158
0.501322
0.501388
0.501358
0.501231
0.501007
0.500687
0.500271
0.499760
0.499152
0.498452
0.497657
0.496769
0.495789
0.494718
0.493556
0.492304
0.490964
0.489537
0.488022
0.486422
0.484738
0.482971
0.481123
0.479193
0.477186
0.475102
0.472941
0.470706
0.468400
0.466022
0.463577
0.461063
0.458485
0.455843
0.453139
0.450374
0.447553
0.444676
0.441745
0.438764
0.435732
0.432653
0.429529
0.426363
0.423155
0.419910
0.416627
0.413310
0.409962
0.406585
0.403182
0.399754
0.396303
0.392833
0.389345
0.385842
0.382326
0.378800
0.375266
0.371727
0.368184
0.364641
0.361100
0.357563
0.354031
0.350509
0.346998
0.343500
0.340017
0.336553
0.333110
0.329689
0.326293
0.322925
0.319585
0.316277
0.313002
0.309764
0.306563
0.303403
0.300284
0.297209
0.294180
0.291200
0.288268
0.285390
0.282564
0.279794
0.277082
0.274427
0.271833
0.269303
0.266835
0.264433
0.262098
0.259831
0.257634
0.255509
0.253456
0.251476
0.249572
0.247743
0.245991
0.244318
0.242725
0.241212
0.239781
0.238431
0.237166
0.235984
0.234886
0.233874
0.232947
0.232107
0.231354
0.230688
0.230111
0.229622
0.229222
0.228910
0.228687
0.228553
0.228508
0.228552
0.228686
0.228909
0.229221
0.229622
0.230111
0.230688
0.231353
0.232107
0.232946
0.233872
0.234884
0.235982
0.237164
0.238429
0.239778
0.241210
0.242722
0.244316
0.245988
0.247739
0.249567
0.251472
0.253452
0.255505
0.257631
0.259828
0.262095
0.264430
0.266832
0.269300
0.271831
0.274424
0.277079
0.279791
0.282561
0.285387
0.288266
0.291196
0.294176
0.297205
0.300280
0.303399
0.306560
0.309761
0.312999
0.316273
0.319581
0.322921
0.326290
0.329686
0.333106
0.336549
0.340013
0.343495
0.346993
0.350505
0.354027
0.357558
0.361095
0.364637
0.368181
0.371723
0.375263
0.378796
0.382322
0.385838
0.389341
0.392829
0.396299
0.399750
0.403179
0.406582
0.409959
0.413306
0.416623
0.419904
0.423151
0.426358
0.429525
0.432649
0.435729
0.438761
0.441742
0.444673
0.447551
0.450372
0.453136
0.455840
0.458483
0.461061
0.463575
0.466022
0.468399
0.470706
0.472940
0.475100
0.477185
0.479191
0.481120
0.482968
0.484735
0.486420
0.488020
0.489535
0.490963
0.492303
0.493555
0.494717
0.495788
0.496769
0.497656
0.498451
0.499152
0.499758
0.500269
0.500685
0.501005
0.501229
0.501356
0.501387
0.501320
0.501157
0.500896
0.500538
0.500083
0.499531
0.498883
0.498137
0.497296
0.496359
0.495327
0.494201
0.492979
0.491664
0.490256
0.488756
0.487164
0.485482
0.483711
0.481851
0.479902
0.477869
0.475749
0.473545
0.471258
0.468889
0.466439
0.463910
0.461303
0.458621
0.455863
0.453032
0.450129
0.447155
0.444114
0.441005
0.437832
0.434594
0.431295
0.427935
0.424517
0.421043
0.417514
0.413931
0.410299
0.406617
0.402888
0.399113
0.395295
0.391435
0.387536
0.383599
0.379626
0.375620
0.371581
0.367513
0.363417
0.359294
0.355148
0.350979
0.346790
0.342583
0.338358
0.334120
0.329868
0.325606
0.321335
0.317056
0.312772
0.308484
0.304195
0.299905
0.295616
0.291330
0.287049
0.282775
0.278509
0.274252
0.270007
0.265774
0.261554
0.257351
0.253164
0.248996
0.244848
0.240720
0.236615
0.232533
0.228476
0.224445
0.220441
0.216465
0.212518
0.208602
0.204717
0.200864
0.197044
0.193258
0.189507
0.185792
0.182113
0.178471
0.174867
0.171302
0.167775
0.164289
0.160843
0.157437
0.154073
0.150751
0.147471
0.144233
0.141038
0.137887
0.134778
0.131714
0.128694
0.125717
0.122785
0.119897
0.117054
0.114256
0.111501
0.108792
0.106127
0.103507
0.100932
0.098400
0.095913
0.093471
0.091072
0.088717
0.086405
0.084137
0.081913
0.079731
0.077591
0.075494
0.073439
0.071426
0.069454
0.067523
0.065632
0.063782
0.061971
0.060200
0.058468
0.056774
0.055118
0.053500
0.051919
0.050375
0.048866
0.047394
0.045956
0.044554
0.043185
0.041851
0.040549
0.039280
0.038043
0.036837
0.035663
0.034519
0.033406
0.032321
0.031266
0.030239
0.029240
0.028268
0.027323
0.026405
0.025512
0.024644
0.023802
0.022983
0.022188
0.021417
0.020668
0.019941
0.019236
0.018552
0.017889
0.017246
0.016623
0.016019
0.015434
0.014868
0.014319
0.013788
0.013274
0.012777
0.012295
0.011830
0.011380
0.010944
0.010524
0.010117
0.009724
0.009345
0.008979
0.008625
0.008283
0.007954
0.007636
0.007329
0.007033
0.006748
0.006473
0.006208
0.005953
0.005707
0.005470
0.005242
0.005022
0.004811
0.004608
0.004412
0.004224
0.004043
0.003869
0.003702
0.003541
0.003386
0.003238
0.003096
0.002959
0.002827
0.002701
0.002581
0.002465
0.002353
0.002247
0.002144
0.002046
0.001952
0.001862
0.001776
0.001694
0.001615
0.001539
0.001466
0.001397
0.001331
0.001268
0.001207
0.001149
0.001094
0.001041
0.000990
0.000942
0.000896
0.000852
0.000810
0.000770
0.000731
0.000695
0.000660
0.000627
0.000595
0.000565
0.000536
0.000509
0.000483
0.000458
0.000434
0.000412
0.000390
0.000370
0.000351
0.000332
0.000315
0.000298
0.000282
0.000267
0.000253
0.000239
0.000226
0.000214
0.000203
0.000192
0.000181
0.000171
0.000162
0.000153
0.000144
0.000136
0.000129
0.000122
0.000115
0.000108
0.000102
0.000096
0.000091
0.000086
0.000081
0.000076
0.000072
0.000068
0.000064
0.000060
0.000056
0.000053
0.000050
0.000047
0.000044
0.000042
0.000039
0.000037
0.000035
0.000033
0.000031
0.000029
0.000027
0.000025
0.000024
0.000022
0.000021
0.000020
0.000018
0.000017
0.000016
0.000015
0.000014
0.000013
0.000013
0.000012
0.000011
0.000010
0.000010
0.000009
0.000008
0.000008
0.000007
0.000007
0.000006
0.000006
0.000006
0.000005
0.000005
0.000005
0.000004
0.000004
0.000004
0.000004
0.000003
0.000003
0.000003
0.000003
0.000002
0.000002
0.000002
0.000002
0.000002
0.000002
0.000002
0.000002
0.000001
0.000001
0.000001
0.000001
0.000001
0.000001
0.000001
0.000001
0.000001
0.000001
0.000001
0.000001
0.000001
0.000001
0.000001
0.000000
0.000000
0.000000
0.000000
0.000000
0.000000
0.000000
0.000000
0.000000
0.000000
0.000000
0.000000
0.000000
0.000000
0.000000
0.000000
0.000000
0.000000
0.000000
0.000000
0.000000
0.000000
0.000000
0.000000
0.000000
0.000000
0.000000
0.000000
0.000000
0.000000
0.000000
0.000000
0.000000
0.000000
0.000000
0.000000
0.000000
0.000000
0.000000
0.000000
0.000000
0.000000
0.000000
0.000000
0.000000
0.000000
0.000000
0.000000
0.000000
0.000000
0.000000
0.000000
0.000000
0.000000
0.000000
0.000000
0.000000
0.000000
0.000000
0.000000
0.000000
0.000000
0.000000
0.000000
0.000000
0.000000
0.000000
0.000000
0.000000
0.000000
0.000000
0.000000
0.000000
0.000000
0.000000
0.000000
0.000000
0.000000
0.000000
0.000000
0.000000
0.000000
0.000000
0.000000
0.000000
0.000000
0.000000
0.000000
0.000000
0.000000
0.000000
0.000000
0.000000
0.000000
0.000000
0.000000
0.000000
0.000000
0.000000
0.000000
0.000000
0.000000
0.000000
0.000000
0.000000
0.000000
0.000000
0.000000
0.000000
0.000000
0.000000
0.000000
0.000000
0.000000
0.000000
0.000000
0.000000
0.000000
0.000000
0.000000
0.000000
0.000000
0.000000
0.000000
0.000000
0.000000
0.000000
0.000000
0.000000
0.000000
0.000000
0.000000
0.000000
0.000000
0.000000
0.000000
0.000000
0.000000
0.000000
0.000000
0.000000
0.000000
0.000000
0.000000
0.000000
0.000000
0.000000
0.000000
0.000000
0.000000
0.000000
0.000000
0.000000
0.000000
0.000000
0.000000
0.000000
0.000000
0.000000
0.000000
0.000000
0.000000
0.000000
0.000000
0.000000
0.000000
0.000000
0.000000
0.000000
0.000000
0.000000
0.000000
0.000000
0.000000
0.000000
0.000000
0.000000
0.000000
0.000000
0.000000
0.000000
0.000000
0.000000
0.000000
0.000000
0.000000
0.000000
0.000000
0.000000
0.000000
0.000000
0.000000
0.000000
0.000000
0.000000
0.000000
0.000000
0.000000
0.000000
0.000000
0.000000
0.000000
0.000000
0.000000
0.000000
0.000000
