0.001498
0.002997
0.004498
0.006002
0.007510
0.009023
0.010541
0.012067
0.013601
0.015144
0.016696
0.018260
0.019835
0.021424
0.023025
0.024643
0.026274
0.027924
0.029590
0.031275
0.032979
0.034703
0.036449
0.038215
0.040007
0.041819
0.043659
0.045522
0.047412
0.049330
0.051273
0.053248
0.055248
0.057282
0.059343
0.061438
0.063565
0.065722
0.067917
0.070140
0.072402
0.074698
0.077026
0.079397
0.081797
0.084240
0.086719
0.089232
0.091791
0.094382
0.097014
0.099689
0.102396
0.105151
0.107942
0.110770
0.113647
0.116556
0.119509
0.122508
0.125537
0.128614
0.131735
0.134886
0.138086
0.141327
0.144599
0.147921
0.151281
0.154671
0.158111
0.161591
0.165097
0.168650
0.172244
0.175863
0.179524
0.183229
0.186958
0.190719
0.194527
0.198363
0.202219
0.206118
0.210054
0.214006
0.217984
0.222004
0.226049
0.230104
0.234188
0.238310
0.242449
0.246593
0.250762
0.254964
0.259181
0.263396
0.267625
0.271881
0.276157
0.280429
0.284696
0.288975
0.293275
0.297585
0.301884
0.306167
0.310448
0.314740
0.319041
0.323338
0.327614
0.331862
0.336090
0.340308
0.344523
0.348735
0.352938
0.357125
0.361288
0.365420
0.369519
0.373584
0.377613
0.381607
0.385564
0.389483
0.393363
0.397202
0.400998
0.404750
0.408455
0.412112
0.415720
0.419275
0.422776
0.426222
0.429611
0.432940
0.436209
0.439414
0.442555
0.445629
0.448636
0.451573
0.454440
0.457234
0.459954
0.462597
0.465164
0.467652
0.470061
0.472388
0.474633
0.476794
0.478870
0.480860
0.482763
0.484578
0.486304
0.487939
0.489483
0.490936
0.492296
0.493562
0.494735
0.495812
0.496795
0.497683
0.498475
0.499170
0.499768
0.500269
0.500673
0.500980
0.501190
0.501303
0.501318
0.501236
0.501058
0.500782
0.500410
0.499943
0.499380
0.498722
0.497970
0.497124
0.496186
0.495156
0.494034
0.492823
0.491522
0.490133
0.488656
0.487093
0.485445
0.483714
0.481900
0.480004
0.478029
0.475976
0.473846
0.471641
0.469363
0.467013
0.464593
0.462104
0.459550
0.456930
0.454248
0.451504
0.448701
0.445841
0.442927
0.439960
0.436942
0.433875
0.430761
0.427603
0.424404
0.421164
0.417887
0.414573
0.411227
0.407849
0.404444
0.401013
0.397558
0.394081
0.390586
0.387072
0.383546
0.380006
0.376459
0.372902
0.369343
0.365780
0.362217
0.358657
0.355102
0.351553
0.348014
0.344487
0.340973
0.337476
0.333998
0.330541
0.327108
0.323699
0.320320
0.316968
0.313650
0.310365
0.307118
0.303908
0.300740
0.297613
0.294530
0.291494
0.288507
0.285570
0.282685
0.279854
0.277079
0.274361
0.271703
0.269105
0.266570
0.264100
0.261695
0.259357
0.257087
0.254888
0.252760
0.250705
0.248723
0.246817
0.244987
0.243234
0.241560
0.239966
0.238452
0.237020
0.235670
0.234403
0.233221
0.232123
0.231110
0.230182
0.229343
0.228589
0.227924
0.227346
0.226857
0.226457
0.226145
0.225922
0.225788
0.225743
0.225787
0.225921
0.226144
0.226456
0.226856
0.227346
0.227924
0.228589
0.229342
0.230183
0.231108
0.232121
0.233219
0.234402
0.235668
0.237017
0.238450
0.239963
0.241557
0.243231
0.244983
0.246813
0.248719
0.250701
0.252757
0.254884
0.257084
0.259353
0.261691
0.264096
0.266568
0.269102
0.271700
0.274359
0.277076
0.279851
0.282682
0.285567
0.288503
0.291490
0.294526
0.297608
0.300735
0.303905
0.307114
0.310362
0.313647
0.316965
0.320315
0.323696
0.327104
0.330538
0.333995
0.337473
0.340969
0.344482
0.348009
0.351549
0.355097
0.358653
0.362213
0.365776
0.369339
0.372899
0.376455
0.380003
0.383542
0.387069
0.390582
0.394077
0.397554
0.401010
0.404441
0.407846
0.411223
0.414569
0.417882
0.421159
0.424399
0.427599
0.430757
0.433871
0.436938
0.439957
0.442924
0.445839
0.448699
0.451502
0.454245
0.456928
0.459547
0.462103
0.464591
0.467012
0.469362
0.471641
0.473845
0.475975
0.478027
0.480002
0.481897
0.483711
0.485443
0.487091
0.488654
0.490131
0.491521
0.492822
0.494034
0.495155
0.496186
0.497123
0.497969
0.498721
0.499378
0.499941
0.500408
0.500779
0.501055
0.501234
0.501316
0.501301
0.501189
0.500979
0.500672
0.500268
0.499767
0.499170
0.498475
0.497683
0.496797
0.495814
0.494737
0.493564
0.492298
0.490937
0.489485
0.487941
0.486305
0.484579
0.482765
0.480862
0.478872
0.476797
0.474635
0.472391
0.470063
0.467655
0.465166
0.462599
0.459955
0.457236
0.454442
0.451575
0.448638
0.445630
0.442556
0.439415
0.436210
0.432942
0.429613
0.426224
0.422778
0.419277
0.415721
0.412114
0.408457
0.404752
0.401000
0.397203
0.393364
0.389485
0.385567
0.381612
0.377622
0.373600
0.369547
0.365465
0.361355
0.357220
0.353063
0.348884
0.344686
0.340470
0.336238
0.331993
0.327736
0.323469
0.319194
0.314913
0.310627
0.306338
0.302048
0.297758
0.293471
0.289188
0.284910
0.280640
0.276378
0.272127
0.267887
0.263661
0.259450
0.255255
0.251077
0.246918
0.242780
0.238664
0.234570
0.230500
0.226456
0.222439
0.218449
0.214487
0.210556
0.206655
0.202786
0.198949
0.195146
0.191378
0.187645
0.183947
0.180287
0.176664
0.173079
0.169533
0.166027
0.162560
0.159135
0.155750
0.152407
0.149105
0.145846
0.142630
0.139457
0.136327
0.133241
0.130198
0.127200
0.124245
0.121335
0.118470
0.115649
0.112873
0.110141
0.107454
0.104812
0.102214
0.099660
0.097151
0.094687
0.092266
0.089889
0.087556
0.085266
0.083020
0.080816
0.078656
0.076538
0.074462
0.072428
0.070435
0.068483
0.066573
0.064702
0.062872
0.061081
0.059329
0.057616
0.055941
0.054304
0.052705
0.051142
0.049616
0.048126
0.046671
0.045251
0.043865
0.042514
0.041196
0.039910
0.038657
0.037436
0.036246
0.035087
0.033959
0.032860
0.031790
0.030749
0.029736
0.028751
0.027792
0.026861
0.025955
0.025075
0.024220
0.023389
0.022583
0.021799
0.021039
0.020301
0.019586
0.018891
0.018218
0.017565
0.016932
0.016319
0.015724
0.015149
0.014591
0.014052
0.013529
0.013023
0.012534
0.012061
0.011603
0.011160
0.010732
0.010319
0.009919
0.009533
0.009160
0.008800
0.008453
0.008117
0.007794
0.007481
0.007180
0.006890
0.006610
0.006340
0.006079
0.005829
0.005587
0.005355
0.005131
0.004916
0.004708
0.004509
0.004317
0.004132
0.003955
0.003784
0.003620
0.003463
0.003311
0.003166
0.003026
0.002892
0.002764
0.002640
0.002522
0.002408
0.002299
0.002195
0.002095
0.001999
0.001907
0.001819
0.001734
0.001654
0.001576
0.001502
0.001431
0.001364
0.001299
0.001237
0.001178
0.001121
0.001067
0.001015
0.000966
0.000919
0.000874
0.000830
0.000789
0.000750
0.000713
0.000677
0.000643
0.000611
0.000580
0.000551
0.000522
0.000496
0.000470
0.000446
0.000423
0.000401
0.000380
0.000360
0.000341
0.000323
0.000306
0.000290
0.000275
0.000260
0.000246
0.000233
0.000220
0.000208
0.000197
0.000186
0.000176
0.000166
0.000157
0.000149
0.000140
0.000132
0.000125
0.000118
0.000111
0.000105
0.000099
0.000094
0.000088
0.000083
0.000078
0.000074
0.000070
0.000066
0.000062
0.000058
0.000055
0.000052
0.000049
0.000046
0.000043
0.000040
0.000038
0.000036
0.000034
0.000032
0.000030
0.000028
0.000026
0.000025
0.000023
0.000022
0.000020
0.000019
0.000018
0.000017
0.000016
0.000015
0.000014
0.000013
0.000012
0.000011
0.000011
0.000010
0.000009
0.000009
0.000008
0.000008
0.000007
0.000007
0.000006
0.000006
0.000005
0.000005
0.000005
0.000004
0.000004
0.000004
0.000004
0.000003
0.000003
0.000003
0.000003
0.000003
0.000002
0.000002
0.000002
0.000002
0.000002
0.000002
0.000002
0.000001
0.000001
0.000001
0.000001
0.000001
0.000001
0.000001
0.000001
0.000001
0.000001
0.000001
0.000001
0.000001
0.000001
0.000001
0.000000
0.000000
0.000000
0.000000
0.000000
0.000000
0.000000
0.000000
0.000000
0.000000
0.000000
0.000000
0.000000
0.000000
0.000000
0.000000
0.000000
0.000000
0.000000
0.000000
0.000000
0.000000
0.000000
0.000000
0.000000
0.000000
0.000000
0.000000
0.000000
0.000000
0.000000
0.000000
0.000000
0.000000
0.000000
0.000000
0.000000
0.000000
0.000000
0.000000
0.000000
0.000000
0.000000
0.000000
0.000000
0.000000
0.000000
0.000000
0.000000
0.000000
0.000000
0.000000
0.000000
0.000000
0.000000
0.000000
0.000000
0.000000
0.000000
0.000000
0.000000
0.000000
0.000000
0.000000
0.000000
0.000000
0.000000
0.000000
0.000000
0.000000
0.000000
0.000000
0.000000
0.000000
0.000000
0.000000
0.000000
0.000000
0.000000
0.000000
0.000000
0.000000
0.000000
0.000000
0.000000
0.000000
0.000000
0.000000
0.000000
0.000000
0.000000
0.000000
0.000000
0.000000
0.000000
0.000000
0.000000
0.000000
0.000000
0.000000
0.000000
0.000000
0.000000
0.000000
0.000000
0.000000
0.000000
0.000000
0.000000
0.000000
0.000000
0.000000
0.000000
0.000000
0.000000
0.000000
0.000000
0.000000
0.000000
0.000000
0.000000
0.000000
0.000000
0.000000
0.000000
0.000000
0.000000
0.000000
0.000000
0.000000
0.000000
0.000000
0.000000
0.000000
0.000000
0.000000
0.000000
0.000000
0.000000
0.000000
0.000000
0.000000
0.000000
0.000000
0.000000
0.000000
0.000000
0.000000
0.000000
0.000000
0.000000
0.000000
0.000000
0.000000
0.000000
0.000000
0.000000
0.000000
0.000000
0.000000
0.000000
0.000000
0.000000
0.000000
0.000000
0.000000
0.000000
0.000000
0.000000
0.000000
0.000000
0.000000
0.000000
0.000000
0.000000
0.000000
0.000000
0.000000
0.000000
0.000000
0.000000
0.000000
0.000000
0.000000
0.000000
0.000000
0.000000
0.000000
0.000000
0.000000
0.000000
0.000000
0.000000
0.000000
0.000000
0.000000
0.000000
0.000000
0.000000
0.000000
0.000000
0.000000
0.000000
0.000000
0.000000
0.000000
