0.001520
0.003042
0.004565
0.006092
0.007622
0.009158
0.010699
0.012249
0.013804
0.015371
0.016945
0.018532
0.020130
0.021742
0.023366
0.025006
0.026662
0.028333
0.030024
0.031731
0.033460
0.035206
0.036977
0.038766
0.040581
0.042418
0.044280
0.046169
0.048081
0.050024
0.051990
0.053990
0.056015
0.058072
0.060160
0.062276
0.064430
0.066610
0.068829
0.071079
0.073363
0.075686
0.078038
0.080433
0.082861
0.085324
0.087831
0.090368
0.092950
0.095569
0.098223
0.100924
0.103657
0.106432
0.109252
0.112103
0.115003
0.117941
0.120913
0.123937
0.126994
0.130090
0.133236
0.136413
0.139631
0.142898
0.146195
0.149533
0.152920
0.156335
0.159790
0.163294
0.166825
0.170393
0.174009
0.177653
0.181328
0.185051
0.188806
0.192583
0.196404
0.200263
0.204139
0.208048
0.212000
0.215974
0.219965
0.223993
0.228056
0.232130
0.236222
0.240351
0.244506
0.248667
0.252840
0.257046
0.261275
0.265506
0.269739
0.273994
0.278274
0.282559
0.286835
0.291112
0.295407
0.299718
0.304025
0.308315
0.312593
0.316875
0.321167
0.325461
0.329739
0.333990
0.338214
0.342421
0.346620
0.350815
0.355004
0.359178
0.363329
0.367451
0.371538
0.375590
0.379605
0.383582
0.387522
0.391422
0.395281
0.399099
0.402874
0.406602
0.410283
0.413915
0.417496
0.421025
0.424498
0.427915
0.431273
0.434572
0.437809
0.440981
0.444089
0.447129
0.450101
0.453002
0.455831
0.458588
0.461269
0.463874
0.466401
0.468848
0.471215
0.473501
0.475703
0.477820
0.479852
0.481798
0.483655
0.485425
0.487104
0.488693
0.490190
0.491594
0.492906
0.494124
0.495247
0.496275
0.497209
0.498047
0.498788
0.499432
0.499980
0.500431
0.500784
0.501040
0.501198
0.501259
0.501223
0.501090
0.500859
0.500532
0.500110
0.499591
0.498976
0.498268
0.497465
0.496569
0.495580
0.494500
0.493328
0.492067
0.490717
0.489279
0.487754
0.486143
0.484448
0.482668
0.480808
0.478866
0.476845
0.474747
0.472572
0.470323
0.468001
0.465608
0.463146
0.460616
0.458020
0.455360
0.452638
0.449855
0.447013
0.444116
0.441165
0.438162
0.435107
0.432007
0.428858
0.425667
0.422435
0.419164
0.415855
0.412512
0.409136
0.405729
0.402296
0.398838
0.395357
0.391854
0.388334
0.384797
0.381246
0.377685
0.374115
0.370538
0.366958
0.363375
0.359794
0.356216
0.352642
0.349078
0.345522
0.341979
0.338450
0.334940
0.331448
0.327979
0.324533
0.321113
0.317722
0.314360
0.311032
0.307738
0.304481
0.301263
0.298087
0.294952
0.291863
0.288820
0.285826
0.282884
0.279994
0.277158
0.274378
0.271656
0.268994
0.266393
0.263854
0.261381
0.258973
0.256632
0.254360
0.252159
0.250029
0.247972
0.245989
0.244082
0.242250
0.240497
0.238822
0.237227
0.235712
0.234279
0.232930
0.231662
0.230479
0.229381
0.228367
0.227440
0.226600
0.225847
0.225181
0.224604
0.224114
0.223714
0.223402
0.223179
0.223045
0.223000
0.223044
0.223178
0.223401
0.223713
0.224114
0.224603
0.225181
0.225847
0.226600
0.227440
0.228366
0.229379
0.230478
0.231661
0.232927
0.234277
0.235710
0.237225
0.238819
0.240494
0.242247
0.244078
0.245986
0.247969
0.250026
0.252156
0.254358
0.256629
0.258969
0.261377
0.263851
0.266390
0.268991
0.271653
0.274375
0.277155
0.279990
0.282881
0.285823
0.288816
0.291858
0.294948
0.298082
0.301260
0.304477
0.307734
0.311028
0.314357
0.317718
0.321109
0.324529
0.327976
0.331445
0.334936
0.338447
0.341974
0.345517
0.349073
0.352638
0.356211
0.359790
0.363372
0.366954
0.370534
0.374111
0.377681
0.381242
0.384793
0.388330
0.391850
0.395353
0.398835
0.402294
0.405726
0.409132
0.412507
0.415851
0.419159
0.422431
0.425663
0.428854
0.432002
0.435104
0.438159
0.441161
0.444114
0.447011
0.449852
0.452635
0.455357
0.458018
0.460614
0.463144
0.465607
0.468000
0.470322
0.472571
0.474746
0.476843
0.478863
0.480805
0.482666
0.484445
0.486141
0.487752
0.489277
0.490716
0.492067
0.493328
0.494499
0.495579
0.496568
0.497464
0.498267
0.498975
0.499589
0.500108
0.500530
0.500857
0.501087
0.501221
0.501257
0.501196
0.501038
0.500782
0.500429
0.499979
0.499432
0.498788
0.498047
0.497210
0.496277
0.495249
0.494126
0.492908
0.491596
0.490191
0.488694
0.487106
0.485426
0.483657
0.481800
0.479854
0.477823
0.475705
0.473503
0.471218
0.468851
0.466403
0.463876
0.461271
0.458590
0.455834
0.453004
0.450102
0.447130
0.444090
0.440983
0.437810
0.434574
0.431276
0.427917
0.424500
0.421026
0.417498
0.413917
0.410285
0.406604
0.402875
0.399101
0.395284
0.391424
0.387526
0.383589
0.379617
0.375611
0.371573
0.367506
0.363410
0.359287
0.355141
0.350973
0.346784
0.342577
0.338353
0.334115
0.329864
0.325602
0.321331
0.317053
0.312769
0.308481
0.304192
0.299901
0.295613
0.291328
0.287047
0.282773
0.278507
0.274250
0.270004
0.265772
0.261553
0.257349
0.253163
0.248995
0.244846
0.240719
0.236613
0.232532
0.228475
0.224444
0.220440
0.216464
0.212517
0.208601
0.204716
0.200863
0.197043
0.193258
0.189507
0.185791
0.182112
0.178470
0.174866
0.171301
0.167775
0.164289
0.160842
0.157437
0.154073
0.150751
0.147470
0.144233
0.141038
0.137886
0.134778
0.131714
0.128693
0.125717
0.122785
0.119897
0.117054
0.114255
0.111501
0.108792
0.106127
0.103507
0.100932
0.098400
0.095913
0.093471
0.091072
0.088717
0.086405
0.084137
0.081913
0.079731
0.077591
0.075494
0.073439
0.071426
0.069454
0.067523
0.065632
0.063782
0.061971
0.060200
0.058468
0.056774
0.055118
0.053500
0.051919
0.050375
0.048866
0.047394
0.045956
0.044554
0.043185
0.041851
0.040549
0.039280
0.038043
0.036837
0.035663
0.034519
0.033406
0.032321
0.031266
0.030239
0.029240
0.028268
0.027323
0.026405
0.025512
0.024644
0.023802
0.022983
0.022188
0.021417
0.020668
0.019941
0.019236
0.018552
0.017889
0.017246
0.016623
0.016019
0.015434
0.014868
0.014319
0.013788
0.013274
0.012777
0.012295
0.011830
0.011380
0.010944
0.010524
0.010117
0.009724
0.009345
0.008979
0.008625
0.008283
0.007954
0.007636
0.007329
0.007033
0.006748
0.006473
0.006208
0.005953
0.005707
0.005470
0.005242
0.005022
0.004811
0.004608
0.004412
0.004224
0.004043
0.003869
0.003702
0.003541
0.003386
0.003238
0.003096
0.002959
0.002827
0.002701
0.002581
0.002465
0.002353
0.002247
0.002144
0.002046
0.001952
0.001862
0.001776
0.001694
0.001615
0.001539
0.001466
0.001397
0.001331
0.001268
0.001207
0.001149
0.001094
0.001041
0.000990
0.000942
0.000896
0.000852
0.000810
0.000770
0.000731
0.000695
0.000660
0.000627
0.000595
0.000565
0.000536
0.000509
0.000483
0.000458
0.000434
0.000412
0.000390
0.000370
0.000351
0.000332
0.000315
0.000298
0.000282
0.000267
0.000253
0.000239
0.000226
0.000214
0.000203
0.000192
0.000181
0.000171
0.000162
0.000153
0.000144
0.000136
0.000129
0.000122
0.000115
0.000108
0.000102
0.000096
0.000091
0.000086
0.000081
0.000076
0.000072
0.000068
0.000064
0.000060
0.000056
0.000053
0.000050
0.000047
0.000044
0.000042
0.000039
0.000037
0.000035
0.000033
0.000031
0.000029
0.000027
0.000025
0.000024
0.000022
0.000021
0.000020
0.000018
0.000017
0.000016
0.000015
0.000014
0.000013
0.000013
0.000012
0.000011
0.000010
0.000010
0.000009
0.000008
0.000008
0.000007
0.000007
0.000006
0.000006
0.000006
0.000005
0.000005
0.000005
0.000004
0.000004
0.000004
0.000004
0.000003
0.000003
0.000003
0.000003
0.000002
0.000002
0.000002
0.000002
0.000002
0.000002
0.000002
0.000002
0.000001
0.000001
0.000001
0.000001
0.000001
0.000001
0.000001
0.000001
0.000001
0.000001
0.000001
0.000001
0.000001
0.000001
0.000001
0.000000
0.000000
0.000000
0.000000
0.000000
0.000000
0.000000
0.000000
0.000000
0.000000
0.000000
0.000000
0.000000
0.000000
0.000000
0.000000
0.000000
0.000000
0.000000
0.000000
0.000000
0.000000
0.000000
0.000000
0.000000
0.000000
0.000000
0.000000
0.000000
0.000000
0.000000
0.000000
0.000000
0.000000
0.000000
0.000000
0.000000
0.000000
0.000000
0.000000
0.000000
0.000000
0.000000
0.000000
0.000000
0.000000
0.000000
0.000000
0.000000
0.000000
0.000000
0.000000
0.000000
0.000000
0.000000
0.000000
0.000000
0.000000
0.000000
0.000000
0.000000
0.000000
0.000000
0.000000
0.000000
0.000000
0.000000
0.000000
0.000000
0.000000
0.000000
0.000000
0.000000
0.000000
0.000000
0.000000
0.000000
0.000000
0.000000
0.000000
0.000000
0.000000
0.000000
0.000000
0.000000
0.000000
0.000000
0.000000
0.000000
0.000000
0.000000
0.000000
0.000000
0.000000
0.000000
0.000000
0.000000
0.000000
0.000000
0.000000
0.000000
0.000000
0.000000
0.000000
0.000000
0.000000
0.000000
0.000000
0.000000
0.000000
0.000000
0.000000
0.000000
0.000000
0.000000
0.000000
0.000000
0.000000
0.000000
0.000000
0.000000
0.000000
0.000000
0.000000
0.000000
0.000000
0.000000
0.000000
0.000000
0.000000
0.000000
0.000000
0.000000
0.000000
0.000000
0.000000
0.000000
0.000000
0.000000
0.000000
0.000000
0.000000
0.000000
0.000000
0.000000
0.000000
0.000000
0.000000
0.000000
0.000000
0.000000
0.000000
0.000000
0.000000
0.000000
0.000000
0.000000
0.000000
0.000000
0.000000
0.000000
0.000000
0.000000
0.000000
0.000000
0.000000
0.000000
0.000000
0.000000
0.000000
0.000000
0.000000
0.000000
0.000000
0.000000
0.000000
0.000000
0.000000
0.000000
0.000000
0.000000
0.000000
0.000000
0.000000
0.000000
0.000000
0.000000
0.000000
0.000000
0.000000
0.000000
0.000000
0.000000
0.000000
0.000000
0.000000
0.000000
0.000000
0.000000
0.000000
0.000000
0.000000
0.000000
0.000000
0.000000
