0.001543
0.003088
0.004634
0.006184
0.007737
0.009295
0.010860
0.012431
0.014011
0.015599
0.017198
0.018807
0.020429
0.022063
0.023712
0.025374
0.027054
0.028748
0.030462
0.032192
0.033945
0.035715
0.037509
0.039323
0.041161
0.043024
0.044908
0.046822
0.048758
0.050725
0.052716
0.054738
0.056790
0.058869
0.060983
0.063124
0.065301
0.067509
0.069749
0.072027
0.074333
0.076681
0.079060
0.081477
0.083933
0.086419
0.088951
0.091516
0.094118
0.096765
0.099443
0.102167
0.104928
0.107725
0.110570
0.113448
0.116367
0.119334
0.122331
0.125374
0.128460
0.131577
0.134744
0.137950
0.141188
0.144477
0.147801
0.151158
0.154566
0.158008
0.161481
0.165004
0.168562
0.172148
0.175781
0.179451
0.183145
0.186882
0.190660
0.194458
0.198290
0.202167
0.206067
0.209988
0.213951
0.217947
0.221955
0.225991
0.230066
0.234161
0.238265
0.242398
0.246565
0.250744
0.254927
0.259133
0.263370
0.267616
0.271859
0.276113
0.280393
0.284688
0.288975
0.293254
0.297543
0.301850
0.306162
0.310460
0.314739
0.319012
0.323293
0.327580
0.331858
0.336111
0.340334
0.344532
0.348716
0.352894
0.357065
0.361225
0.365363
0.369472
0.373548
0.377587
0.381587
0.385549
0.389470
0.393351
0.397190
0.400986
0.404738
0.408442
0.412099
0.415705
0.419260
0.422760
0.426205
0.429593
0.432921
0.436188
0.439393
0.442533
0.445606
0.448611
0.451547
0.454412
0.457205
0.459923
0.462566
0.465131
0.467617
0.470024
0.472349
0.474592
0.476751
0.478825
0.480813
0.482713
0.484526
0.486249
0.487882
0.489423
0.490873
0.492230
0.493493
0.494662
0.495736
0.496715
0.497599
0.498386
0.499077
0.499671
0.500168
0.500568
0.500870
0.501074
0.501182
0.501191
0.501104
0.500919
0.500637
0.500259
0.499785
0.499215
0.498549
0.497790
0.496937
0.495990
0.494952
0.493821
0.492600
0.491290
0.489891
0.488404
0.486830
0.485172
0.483429
0.481603
0.479696
0.477708
0.475641
0.473499
0.471280
0.468987
0.466622
0.464186
0.461682
0.459111
0.456474
0.453774
0.451012
0.448191
0.445312
0.442378
0.439390
0.436351
0.433261
0.430126
0.426944
0.423721
0.420456
0.417154
0.413814
0.410442
0.407037
0.403603
0.400142
0.396657
0.393150
0.389623
0.386078
0.382518
0.378944
0.375361
0.371770
0.368173
0.364573
0.360971
0.357371
0.353776
0.350185
0.346604
0.343033
0.339475
0.335932
0.332408
0.328904
0.325422
0.321964
0.318534
0.315131
0.311760
0.308422
0.305119
0.301854
0.298629
0.295444
0.292303
0.289207
0.286158
0.283159
0.280211
0.277316
0.274476
0.271692
0.268966
0.266300
0.263696
0.261155
0.258678
0.256268
0.253924
0.251651
0.249448
0.247317
0.245259
0.243274
0.241365
0.239533
0.237779
0.236104
0.234508
0.232993
0.231559
0.230210
0.228942
0.227759
0.226660
0.225646
0.224719
0.223879
0.223126
0.222461
0.221883
0.221394
0.220993
0.220681
0.220458
0.220324
0.220279
0.220324
0.220458
0.220680
0.220992
0.221393
0.221883
0.222461
0.223126
0.223879
0.224719
0.225646
0.226659
0.227757
0.228940
0.230207
0.231557
0.232990
0.234505
0.236101
0.237776
0.239530
0.241362
0.243270
0.245254
0.247313
0.249445
0.251648
0.253922
0.256264
0.258675
0.261151
0.263693
0.266297
0.268963
0.271689
0.274473
0.277313
0.280208
0.283155
0.286154
0.289202
0.292298
0.295440
0.298625
0.301850
0.305116
0.308419
0.311757
0.315128
0.318530
0.321961
0.325419
0.328901
0.332405
0.335929
0.339471
0.343029
0.346600
0.350181
0.353771
0.357368
0.360967
0.364569
0.368169
0.371766
0.375357
0.378940
0.382513
0.386074
0.389619
0.393147
0.396654
0.400139
0.403599
0.407033
0.410437
0.413811
0.417149
0.420452
0.423716
0.426941
0.430122
0.433258
0.436347
0.439386
0.442374
0.445310
0.448188
0.451010
0.453771
0.456472
0.459108
0.461680
0.464185
0.466620
0.468986
0.471279
0.473497
0.475640
0.477705
0.479693
0.481600
0.483426
0.485169
0.486829
0.488402
0.489889
0.491289
0.492599
0.493820
0.494950
0.495989
0.496936
0.497789
0.498548
0.499213
0.499783
0.500257
0.500634
0.500916
0.501101
0.501189
0.501180
0.501072
0.500868
0.500566
0.500167
0.499671
0.499077
0.498387
0.497599
0.496717
0.495738
0.494664
0.493495
0.492231
0.490874
0.489425
0.487883
0.486250
0.484527
0.482715
0.480815
0.478827
0.476754
0.474595
0.472352
0.470026
0.467620
0.465133
0.462567
0.459925
0.457207
0.454415
0.451550
0.448613
0.445607
0.442534
0.439394
0.436190
0.432923
0.429595
0.426207
0.422762
0.419262
0.415707
0.412100
0.408444
0.404739
0.400988
0.397192
0.393354
0.389475
0.385557
0.381603
0.377614
0.373592
0.369540
0.365458
0.361348
0.357214
0.353057
0.348878
0.344680
0.340465
0.336233
0.331988
0.327732
0.323465
0.319191
0.314909
0.310624
0.306335
0.302045
0.297756
0.293469
0.289185
0.284908
0.280637
0.276376
0.272125
0.267886
0.263660
0.259448
0.255253
0.251076
0.246917
0.242779
0.238663
0.234569
0.230500
0.226455
0.222438
0.218448
0.214486
0.210555
0.206654
0.202785
0.198949
0.195146
0.191377
0.187644
0.183947
0.180286
0.176663
0.173079
0.169533
0.166027
0.162560
0.159134
0.155749
0.152406
0.149105
0.145846
0.142630
0.139457
0.136327
0.133240
0.130198
0.127200
0.124245
0.121335
0.118470
0.115649
0.112873
0.110141
0.107454
0.104812
0.102214
0.099660
0.097151
0.094686
0.092266
0.089889
0.087556
0.085266
0.083020
0.080816
0.078656
0.076538
0.074462
0.072428
0.070435
0.068483
0.066573
0.064702
0.062872
0.061081
0.059329
0.057616
0.055941
0.054304
0.052705
0.051142
0.049616
0.048126
0.046671
0.045251
0.043865
0.042514
0.041196
0.039910
0.038657
0.037436
0.036246
0.035088
0.033959
0.032860
0.031790
0.030749
0.029736
0.028751
0.027792
0.026861
0.025955
0.025075
0.024220
0.023389
0.022583
0.021799
0.021039
0.020301
0.019586
0.018891
0.018218
0.017565
0.016932
0.016319
0.015724
0.015149
0.014591
0.014052
0.013529
0.013023
0.012534
0.012061
0.011603
0.011160
0.010732
0.010319
0.009919
0.009533
0.009160
0.008800
0.008453
0.008117
0.007794
0.007481
0.007180
0.006890
0.006610
0.006340
0.006079
0.005829
0.005587
0.005355
0.005131
0.004916
0.004708
0.004509
0.004317
0.004132
0.003955
0.003784
0.003620
0.003463
0.003311
0.003166
0.003026
0.002892
0.002764
0.002640
0.002522
0.002408
0.002299
0.002195
0.002095
0.001999
0.001907
0.001819
0.001734
0.001654
0.001576
0.001502
0.001431
0.001364
0.001299
0.001237
0.001178
0.001121
0.001067
0.001015
0.000966
0.000919
0.000874
0.000830
0.000789
0.000750
0.000713
0.000677
0.000643
0.000611
0.000580
0.000551
0.000522
0.000496
0.000470
0.000446
0.000423
0.000401
0.000380
0.000360
0.000341
0.000323
0.000306
0.000290
0.000275
0.000260
0.000246
0.000233
0.000220
0.000208
0.000197
0.000186
0.000176
0.000166
0.000157
0.000149
0.000140
0.000132
0.000125
0.000118
0.000111
0.000105
0.000099
0.000094
0.000088
0.000083
0.000078
0.000074
0.000070
0.000066
0.000062
0.000058
0.000055
0.000052
0.000049
0.000046
0.000043
0.000040
0.000038
0.000036
0.000034
0.000032
0.000030
0.000028
0.000026
0.000025
0.000023
0.000022
0.000020
0.000019
0.000018
0.000017
0.000016
0.000015
0.000014
0.000013
0.000012
0.000011
0.000011
0.000010
0.000009
0.000009
0.000008
0.000008
0.000007
0.000007
0.000006
0.000006
0.000005
0.000005
0.000005
0.000004
0.000004
0.000004
0.000004
0.000003
0.000003
0.000003
0.000003
0.000003
0.000002
0.000002
0.000002
0.000002
0.000002
0.000002
0.000002
0.000001
0.000001
0.000001
0.000001
0.000001
0.000001
0.000001
0.000001
0.000001
0.000001
0.000001
0.000001
0.000001
0.000001
0.000001
0.000000
0.000000
0.000000
0.000000
0.000000
0.000000
0.000000
0.000000
0.000000
0.000000
0.000000
0.000000
0.000000
0.000000
0.000000
0.000000
0.000000
0.000000
0.000000
0.000000
0.000000
0.000000
0.000000
0.000000
0.000000
0.000000
0.000000
0.000000
0.000000
0.000000
0.000000
0.000000
0.000000
0.000000
0.000000
0.000000
0.000000
0.000000
0.000000
0.000000
0.000000
0.000000
0.000000
0.000000
0.000000
0.000000
0.000000
0.000000
0.000000
0.000000
0.000000
0.000000
0.000000
0.000000
0.000000
0.000000
0.000000
0.000000
0.000000
0.000000
0.000000
0.000000
0.000000
0.000000
0.000000
0.000000
0.000000
0.000000
0.000000
0.000000
0.000000
0.000000
0.000000
0.000000
0.000000
0.000000
0.000000
0.000000
0.000000
0.000000
0.000000
0.000000
0.000000
0.000000
0.000000
0.000000
0.000000
0.000000
0.000000
0.000000
0.000000
0.000000
0.000000
0.000000
0.000000
0.000000
0.000000
0.000000
0.000000
0.000000
0.000000
0.000000
0.000000
0.000000
0.000000
0.000000
0.000000
0.000000
0.000000
0.000000
0.000000
0.000000
0.000000
0.000000
0.000000
0.000000
0.000000
0.000000
0.000000
0.000000
0.000000
0.000000
0.000000
0.000000
0.000000
0.000000
0.000000
0.000000
0.000000
0.000000
0.000000
0.000000
0.000000
0.000000
0.000000
0.000000
0.000000
0.000000
0.000000
0.000000
0.000000
0.000000
0.000000
0.000000
0.000000
0.000000
0.000000
0.000000
0.000000
0.000000
0.000000
0.000000
0.000000
0.000000
0.000000
0.000000
0.000000
0.000000
0.000000
0.000000
0.000000
0.000000
0.000000
0.000000
0.000000
0.000000
0.000000
0.000000
0.000000
0.000000
0.000000
0.000000
0.000000
0.000000
0.000000
0.000000
0.000000
0.000000
0.000000
0.000000
0.000000
0.000000
0.000000
0.000000
0.000000
0.000000
0.000000
0.000000
0.000000
0.000000
0.000000
0.000000
0.000000
0.000000
0.000000
0.000000
0.000000
0.000000
0.000000
0.000000
0.000000
0.000000
0.000000
0.000000
0.000000
