0.001566
0.003134
0.004703
0.006276
0.007852
0.009434
0.011022
0.012616
0.014219
0.015830
0.017453
0.019085
0.020731
0.022387
0.024060
0.025745
0.027449
0.029167
0.030905
0.032660
0.034434
0.036231
0.038046
0.039886
0.041746
0.043634
0.045543
0.047480
0.049442
0.051431
0.053450
0.055494
0.057572
0.059675
0.061813
0.063981
0.066180
0.068415
0.070678
0.072982
0.075314
0.077684
0.080092
0.082530
0.085013
0.087526
0.090079
0.092672
0.095298
0.097969
0.100675
0.103419
0.106209
0.109030
0.111896
0.114804
0.117744
0.120734
0.123759
0.126822
0.129934
0.133077
0.136263
0.139496
0.142758
0.146064
0.149416
0.152796
0.156220
0.159689
0.163185
0.166723
0.170307
0.173914
0.177562
0.181255
0.184972
0.188722
0.192518
0.196341
0.200187
0.204077
0.208000
0.211939
0.215911
0.219923
0.223952
0.227998
0.232081
0.236194
0.240315
0.244454
0.248626
0.252822
0.257019
0.261229
0.265467
0.269726
0.273982
0.278239
0.282516
0.286814
0.291112
0.295398
0.299683
0.303983
0.308296
0.312600
0.316883
0.321151
0.325420
0.329697
0.333971
0.338225
0.342447
0.346640
0.350811
0.354971
0.359124
0.363266
0.367390
0.371486
0.375549
0.379574
0.383560
0.387505
0.391408
0.395269
0.399088
0.402862
0.406590
0.410271
0.413902
0.417482
0.421010
0.424482
0.427898
0.431256
0.434554
0.437789
0.440961
0.444067
0.447106
0.450077
0.452977
0.455805
0.458560
0.461240
0.463843
0.466368
0.468814
0.471180
0.473463
0.475663
0.477778
0.479809
0.481752
0.483607
0.485374
0.487051
0.488636
0.490131
0.491533
0.492841
0.494056
0.495176
0.496201
0.497131
0.497965
0.498702
0.499342
0.499885
0.500332
0.500680
0.500931
0.501085
0.501141
0.501099
0.500960
0.500724
0.500391
0.499962
0.499436
0.498815
0.498099
0.497289
0.496385
0.495389
0.494300
0.493119
0.491850
0.490490
0.489043
0.487507
0.485886
0.484180
0.482390
0.480517
0.478563
0.476530
0.474419
0.472231
0.469968
0.467632
0.465224
0.462747
0.460201
0.457590
0.454913
0.452173
0.449372
0.446512
0.443596
0.440625
0.437602
0.434527
0.431404
0.428234
0.425020
0.421764
0.418468
0.415135
0.411766
0.408364
0.404931
0.401469
0.397982
0.394471
0.390938
0.387387
0.383818
0.380236
0.376640
0.373036
0.369423
0.365807
0.362187
0.358567
0.354950
0.351337
0.347731
0.344134
0.340548
0.336975
0.333419
0.329882
0.326365
0.322871
0.319403
0.315962
0.312548
0.309169
0.305821
0.302510
0.299237
0.296004
0.292813
0.289665
0.286563
0.283509
0.280504
0.277552
0.274652
0.271808
0.269020
0.266290
0.263622
0.261015
0.258471
0.255992
0.253579
0.251234
0.248960
0.246755
0.244623
0.242563
0.240578
0.238668
0.236836
0.235081
0.233406
0.231809
0.230294
0.228861
0.227510
0.226243
0.225060
0.223961
0.222947
0.222020
0.221180
0.220427
0.219762
0.219185
0.218695
0.218294
0.217982
0.217759
0.217626
0.217581
0.217626
0.217759
0.217982
0.218293
0.218694
0.219184
0.219762
0.220428
0.221180
0.222020
0.222947
0.223960
0.225058
0.226241
0.227508
0.228859
0.230291
0.231806
0.233403
0.235078
0.236833
0.238665
0.240574
0.242559
0.244619
0.246752
0.248957
0.251232
0.253576
0.255989
0.258467
0.261012
0.263619
0.266288
0.269017
0.271805
0.274649
0.277548
0.280500
0.283505
0.286559
0.289660
0.292808
0.296000
0.299233
0.302507
0.305818
0.309165
0.312545
0.315957
0.319399
0.322868
0.326362
0.329879
0.333416
0.336972
0.340543
0.344129
0.347727
0.351333
0.354946
0.358563
0.362183
0.365802
0.369419
0.373031
0.376635
0.380231
0.383814
0.387383
0.390935
0.394468
0.397979
0.401466
0.404927
0.408360
0.411762
0.415131
0.418464
0.421760
0.425016
0.428230
0.431400
0.434523
0.437599
0.440622
0.443594
0.446510
0.449369
0.452170
0.454910
0.457586
0.460199
0.462745
0.465223
0.467631
0.469968
0.472230
0.474417
0.476528
0.478560
0.480514
0.482386
0.484177
0.485883
0.487506
0.489040
0.490489
0.491848
0.493119
0.494299
0.495388
0.496384
0.497288
0.498098
0.498813
0.499434
0.499960
0.500388
0.500721
0.500957
0.501097
0.501139
0.501083
0.500929
0.500679
0.500331
0.499885
0.499342
0.498702
0.497965
0.497132
0.496203
0.495178
0.494058
0.492843
0.491534
0.490132
0.488638
0.487052
0.485375
0.483609
0.481753
0.479810
0.477781
0.475666
0.473466
0.471182
0.468817
0.466371
0.463845
0.461241
0.458562
0.455808
0.452979
0.450079
0.447108
0.444068
0.440962
0.437791
0.434556
0.431258
0.427900
0.424484
0.421012
0.417484
0.413903
0.410272
0.406592
0.402864
0.399091
0.395273
0.391415
0.387517
0.383581
0.379609
0.375603
0.371566
0.367499
0.363403
0.359281
0.355135
0.350967
0.346779
0.342572
0.338349
0.334110
0.329860
0.325598
0.321327
0.317049
0.312765
0.308478
0.304189
0.299899
0.295611
0.291325
0.287045
0.282771
0.278505
0.274248
0.270003
0.265770
0.261551
0.257348
0.253161
0.248993
0.244845
0.240717
0.236612
0.232531
0.228474
0.224443
0.220439
0.216463
0.212516
0.208600
0.204715
0.200862
0.197043
0.193257
0.189506
0.185791
0.182112
0.178470
0.174866
0.171301
0.167775
0.164288
0.160842
0.157437
0.154073
0.150750
0.147470
0.144233
0.141038
0.137886
0.134778
0.131714
0.128693
0.125717
0.122785
0.119897
0.117054
0.114255
0.111501
0.108792
0.106127
0.103507
0.100932
0.098400
0.095913
0.093471
0.091072
0.088717
0.086405
0.084137
0.081913
0.079731
0.077591
0.075494
0.073439
0.071426
0.069454
0.067523
0.065632
0.063782
0.061971
0.060200
0.058468
0.056774
0.055118
0.053500
0.051919
0.050375
0.048866
0.047394
0.045956
0.044554
0.043185
0.041851
0.040549
0.039280
0.038043
0.036837
0.035663
0.034519
0.033406
0.032321
0.031266
0.030239
0.029240
0.028268
0.027323
0.026405
0.025512
0.024644
0.023802
0.022983
0.022188
0.021417
0.020668
0.019941
0.019236
0.018552
0.017889
0.017246
0.016623
0.016019
0.015434
0.014868
0.014319
0.013788
0.013274
0.012777
0.012295
0.011830
0.011380
0.010944
0.010524
0.010117
0.009724
0.009345
0.008979
0.008625
0.008283
0.007954
0.007636
0.007329
0.007033
0.006748
0.006473
0.006208
0.005953
0.005707
0.005470
0.005242
0.005022
0.004811
0.004608
0.004412
0.004224
0.004043
0.003869
0.003702
0.003541
0.003386
0.003238
0.003096
0.002959
0.002827
0.002701
0.002581
0.002465
0.002353
0.002247
0.002144
0.002046
0.001952
0.001862
0.001776
0.001694
0.001615
0.001539
0.001466
0.001397
0.001331
0.001268
0.001207
0.001149
0.001094
0.001041
0.000990
0.000942
0.000896
0.000852
0.000810
0.000770
0.000731
0.000695
0.000660
0.000627
0.000595
0.000565
0.000536
0.000509
0.000483
0.000458
0.000434
0.000412
0.000390
0.000370
0.000351
0.000332
0.000315
0.000298
0.000282
0.000267
0.000253
0.000239
0.000226
0.000214
0.000203
0.000192
0.000181
0.000171
0.000162
0.000153
0.000144
0.000136
0.000129
0.000122
0.000115
0.000108
0.000102
0.000096
0.000091
0.000086
0.000081
0.000076
0.000072
0.000068
0.000064
0.000060
0.000056
0.000053
0.000050
0.000047
0.000044
0.000042
0.000039
0.000037
0.000035
0.000033
0.000031
0.000029
0.000027
0.000025
0.000024
0.000022
0.000021
0.000020
0.000018
0.000017
0.000016
0.000015
0.000014
0.000013
0.000013
0.000012
0.000011
0.000010
0.000010
0.000009
0.000008
0.000008
0.000007
0.000007
0.000006
0.000006
0.000006
0.000005
0.000005
0.000005
0.000004
0.000004
0.000004
0.000004
0.000003
0.000003
0.000003
0.000003
0.000002
0.000002
0.000002
0.000002
0.000002
0.000002
0.000002
0.000002
0.000001
0.000001
0.000001
0.000001
0.000001
0.000001
0.000001
0.000001
0.000001
0.000001
0.000001
0.000001
0.000001
0.000001
0.000001
0.000000
0.000000
0.000000
0.000000
0.000000
0.000000
0.000000
0.000000
0.000000
0.000000
0.000000
0.000000
0.000000
0.000000
0.000000
0.000000
0.000000
0.000000
0.000000
0.000000
0.000000
0.000000
0.000000
0.000000
0.000000
0.000000
0.000000
0.000000
0.000000
0.000000
0.000000
0.000000
0.000000
0.000000
0.000000
0.000000
0.000000
0.000000
0.000000
0.000000
0.000000
0.000000
0.000000
0.000000
0.000000
0.000000
0.000000
0.000000
0.000000
0.000000
0.000000
0.000000
0.000000
0.000000
0.000000
0.000000
0.000000
0.000000
0.000000
0.000000
0.000000
0.000000
0.000000
0.000000
0.000000
0.000000
0.000000
0.000000
0.000000
0.000000
0.000000
0.000000
0.000000
0.000000
0.000000
0.000000
0.000000
0.000000
0.000000
0.000000
0.000000
0.000000
0.000000
0.000000
0.000000
0.000000
0.000000
0.000000
0.000000
0.000000
0.000000
0.000000
0.000000
0.000000
0.000000
0.000000
0.000000
0.000000
0.000000
0.000000
0.000000
0.000000
0.000000
0.000000
0.000000
0.000000
0.000000
0.000000
0.000000
0.000000
0.000000
0.000000
0.000000
0.000000
0.000000
0.000000
0.000000
0.000000
0.000000
0.000000
0.000000
0.000000
0.000000
0.000000
0.000000
0.000000
0.000000
0.000000
0.000000
0.000000
0.000000
0.000000
0.000000
0.000000
0.000000
0.000000
0.000000
0.000000
0.000000
0.000000
0.000000
0.000000
0.000000
0.000000
0.000000
0.000000
0.000000
0.000000
0.000000
0.000000
0.000000
0.000000
0.000000
0.000000
0.000000
0.000000
0.000000
0.000000
0.000000
0.000000
0.000000
0.000000
0.000000
0.000000
0.000000
0.000000
0.000000
0.000000
0.000000
0.000000
0.000000
0.000000
0.000000
0.000000
0.000000
0.000000
0.000000
0.000000
0.000000
0.000000
0.000000
0.000000
0.000000
0.000000
0.000000
0.000000
0.000000
0.000000
0.000000
0.000000
0.000000
0.000000
0.000000
0.000000
0.000000
0.000000
0.000000
0.000000
0.000000
0.000000
0.000000
0.000000
0.000000
0.000000
