0.001590
0.003180
0.004773
0.006369
0.007969
0.009574
0.011185
0.012803
0.014430
0.016064
0.017710
0.019366
0.021035
0.022716
0.024412
0.026122
0.027848
0.029591
0.031351
0.033132
0.034929
0.036751
0.038590
0.040454
0.042339
0.044250
0.046185
0.048145
0.050133
0.052145
0.054190
0.056258
0.058360
0.060490
0.062651
0.064845
0.067068
0.069328
0.071617
0.073944
0.076305
0.078697
0.081131
0.083595
0.086100
0.088642
0.091217
0.093837
0.096488
0.099182
0.101916
0.104683
0.107497
0.110346
0.113233
0.116168
0.119133
0.122143
0.125197
0.128282
0.131416
0.134588
0.137793
0.141048
0.144339
0.147663
0.151037
0.154444
0.157886
0.161377
0.164899
0.168454
0.172057
0.175691
0.179354
0.183065
0.186808
0.190574
0.194384
0.198231
0.202096
0.205996
0.209937
0.213898
0.217880
0.221903
0.225954
0.230015
0.234103
0.238229
0.242370
0.246518
0.250694
0.254900
0.259115
0.263331
0.267570
0.271835
0.276105
0.280370
0.284644
0.288940
0.293247
0.297542
0.301827
0.306120
0.310427
0.314735
0.319023
0.323290
0.327550
0.331813
0.336078
0.340330
0.344553
0.348742
0.352903
0.357046
0.361180
0.365303
0.369409
0.373491
0.377540
0.381552
0.385522
0.389450
0.393335
0.397177
0.400974
0.404726
0.408431
0.412086
0.415692
0.419246
0.422746
0.426190
0.429577
0.432904
0.436171
0.439374
0.442512
0.445585
0.448589
0.451524
0.454388
0.457179
0.459896
0.462537
0.465100
0.467586
0.469991
0.472315
0.474555
0.476713
0.478784
0.480770
0.482668
0.484478
0.486199
0.487829
0.489368
0.490815
0.492169
0.493430
0.494595
0.495666
0.496642
0.497522
0.498306
0.498993
0.499583
0.500076
0.500471
0.500769
0.500969
0.501071
0.501075
0.500983
0.500792
0.500505
0.500120
0.499640
0.499064
0.498392
0.497625
0.496765
0.495810
0.494764
0.493625
0.492396
0.491076
0.489668
0.488172
0.486588
0.484920
0.483167
0.481329
0.479411
0.477411
0.475333
0.473178
0.470945
0.468639
0.466260
0.463810
0.461291
0.458704
0.456052
0.453335
0.450556
0.447717
0.444820
0.441867
0.438860
0.435801
0.432691
0.429535
0.426331
0.423085
0.419798
0.416471
0.413107
0.409709
0.406278
0.402818
0.399330
0.395816
0.392279
0.388722
0.385147
0.381555
0.377950
0.374333
0.370708
0.367076
0.363440
0.359801
0.356164
0.352530
0.348899
0.345278
0.341666
0.338065
0.334479
0.330910
0.327361
0.323832
0.320327
0.316848
0.313396
0.309974
0.306585
0.303229
0.299910
0.296630
0.293390
0.290192
0.287039
0.283931
0.280872
0.277863
0.274906
0.272002
0.269154
0.266363
0.263631
0.260959
0.258350
0.255804
0.253322
0.250908
0.248562
0.246286
0.244080
0.241947
0.239887
0.237901
0.235990
0.234158
0.232403
0.230727
0.229131
0.227616
0.226183
0.224832
0.223565
0.222381
0.221283
0.220270
0.219343
0.218502
0.217750
0.217086
0.216508
0.216019
0.215618
0.215306
0.215083
0.214950
0.214905
0.214950
0.215083
0.215306
0.215617
0.216018
0.216507
0.217085
0.217751
0.218503
0.219342
0.220270
0.221282
0.222380
0.223563
0.224830
0.226181
0.227613
0.229128
0.230724
0.232400
0.234154
0.235988
0.237897
0.239882
0.241943
0.244077
0.246283
0.248559
0.250905
0.253319
0.255800
0.258346
0.260955
0.263627
0.266360
0.269151
0.271998
0.274901
0.277858
0.280868
0.283927
0.287034
0.290188
0.293385
0.296626
0.299907
0.303226
0.306581
0.309971
0.313392
0.316844
0.320324
0.323829
0.327358
0.330907
0.334476
0.338061
0.341661
0.345274
0.348896
0.352526
0.356160
0.359797
0.363435
0.367071
0.370703
0.374329
0.377946
0.381551
0.385143
0.388719
0.392276
0.395812
0.399326
0.402814
0.406275
0.409705
0.413103
0.416466
0.419793
0.423081
0.426327
0.429530
0.432687
0.435798
0.438857
0.441864
0.444818
0.447714
0.450553
0.453332
0.456049
0.458701
0.461289
0.463808
0.466259
0.468638
0.470944
0.473175
0.475331
0.477409
0.479408
0.481327
0.483163
0.484917
0.486587
0.488170
0.489667
0.491075
0.492394
0.493624
0.494763
0.495809
0.496763
0.497624
0.498390
0.499062
0.499638
0.500118
0.500502
0.500790
0.500980
0.501073
0.501069
0.500966
0.500767
0.500470
0.500075
0.499583
0.498994
0.498307
0.497523
0.496644
0.495668
0.494597
0.493431
0.492170
0.490817
0.489370
0.487831
0.486201
0.484480
0.482670
0.480772
0.478787
0.476715
0.474558
0.472317
0.469993
0.467588
0.465103
0.462539
0.459898
0.457182
0.454391
0.451527
0.448591
0.445586
0.442514
0.439375
0.436173
0.432907
0.429579
0.426192
0.422748
0.419248
0.415694
0.412088
0.408432
0.404728
0.400978
0.397182
0.393345
0.389466
0.385549
0.381595
0.377606
0.373585
0.369533
0.365451
0.361342
0.357208
0.353051
0.348873
0.344675
0.340460
0.336229
0.331984
0.327728
0.323462
0.319187
0.314906
0.310621
0.306332
0.302042
0.297753
0.293466
0.289183
0.284906
0.280635
0.276374
0.272123
0.267884
0.263658
0.259447
0.255252
0.251074
0.246916
0.242778
0.238662
0.234568
0.230499
0.226454
0.222437
0.218447
0.214486
0.210554
0.206653
0.202784
0.198948
0.195145
0.191377
0.187644
0.183946
0.180286
0.176663
0.173078
0.169533
0.166026
0.162560
0.159134
0.155749
0.152406
0.149105
0.145846
0.142630
0.139456
0.136327
0.133240
0.130198
0.127199
0.124245
0.121335
0.118470
0.115649
0.112873
0.110141
0.107454
0.104812
0.102214
0.099660
0.097151
0.094686
0.092266
0.089889
0.087556
0.085266
0.083020
0.080816
0.078656
0.076538
0.074462
0.072428
0.070435
0.068483
0.066573
0.064702
0.062872
0.061081
0.059329
0.057616
0.055941
0.054304
0.052705
0.051142
0.049616
0.048126
0.046671
0.045251
0.043865
0.042514
0.041196
0.039910
0.038657
0.037436
0.036246
0.035088
0.033959
0.032860
0.031790
0.030749
0.029736
0.028751
0.027792
0.026861
0.025955
0.025075
0.024220
0.023389
0.022583
0.021800
0.021039
0.020301
0.019586
0.018891
0.018218
0.017565
0.016932
0.016319
0.015724
0.015149
0.014591
0.014052
0.013529
0.013023
0.012534
0.012061
0.011603
0.011160
0.010732
0.010319
0.009919
0.009533
0.009160
0.008800
0.008453
0.008117
0.007794
0.007481
0.007180
0.006890
0.006610
0.006340
0.006079
0.005829
0.005587
0.005355
0.005131
0.004916
0.004708
0.004509
0.004317
0.004132
0.003955
0.003784
0.003620
0.003463
0.003311
0.003166
0.003026
0.002892
0.002764
0.002640
0.002522
0.002408
0.002299
0.002195
0.002095
0.001999
0.001907
0.001819
0.001734
0.001654
0.001576
0.001502
0.001431
0.001364
0.001299
0.001237
0.001178
0.001121
0.001067
0.001015
0.000966
0.000919
0.000874
0.000830
0.000789
0.000750
0.000713
0.000677
0.000643
0.000611
0.000580
0.000551
0.000522
0.000496
0.000470
0.000446
0.000423
0.000401
0.000380
0.000360
0.000341
0.000323
0.000306
0.000290
0.000275
0.000260
0.000246
0.000233
0.000220
0.000208
0.000197
0.000186
0.000176
0.000166
0.000157
0.000149
0.000140
0.000132
0.000125
0.000118
0.000111
0.000105
0.000099
0.000094
0.000088
0.000083
0.000078
0.000074
0.000070
0.000066
0.000062
0.000058
0.000055
0.000052
0.000049
0.000046
0.000043
0.000040
0.000038
0.000036
0.000034
0.000032
0.000030
0.000028
0.000026
0.000025
0.000023
0.000022
0.000020
0.000019
0.000018
0.000017
0.000016
0.000015
0.000014
0.000013
0.000012
0.000011
0.000011
0.000010
0.000009
0.000009
0.000008
0.000008
0.000007
0.000007
0.000006
0.000006
0.000005
0.000005
0.000005
0.000004
0.000004
0.000004
0.000004
0.000003
0.000003
0.000003
0.000003
0.000003
0.000002
0.000002
0.000002
0.000002
0.000002
0.000002
0.000002
0.000001
0.000001
0.000001
0.000001
0.000001
0.000001
0.000001
0.000001
0.000001
0.000001
0.000001
0.000001
0.000001
0.000001
0.000001
0.000000
0.000000
0.000000
0.000000
0.000000
0.000000
0.000000
0.000000
0.000000
0.000000
0.000000
0.000000
0.000000
0.000000
0.000000
0.000000
0.000000
0.000000
0.000000
0.000000
0.000000
0.000000
0.000000
0.000000
0.000000
0.000000
0.000000
0.000000
0.000000
0.000000
0.000000
0.000000
0.000000
0.000000
0.000000
0.000000
0.000000
0.000000
0.000000
0.000000
0.000000
0.000000
0.000000
0.000000
0.000000
0.000000
0.000000
0.000000
0.000000
0.000000
0.000000
0.000000
0.000000
0.000000
0.000000
0.000000
0.000000
0.000000
0.000000
0.000000
0.000000
0.000000
0.000000
0.000000
0.000000
0.000000
0.000000
0.000000
0.000000
0.000000
0.000000
0.000000
0.000000
0.000000
0.000000
0.000000
0.000000
0.000000
0.000000
0.000000
0.000000
0.000000
0.000000
0.000000
0.000000
0.000000
0.000000
0.000000
0.000000
0.000000
0.000000
0.000000
0.000000
0.000000
0.000000
0.000000
0.000000
0.000000
0.000000
0.000000
0.000000
0.000000
0.000000
0.000000
0.000000
0.000000
0.000000
0.000000
0.000000
0.000000
0.000000
0.000000
0.000000
0.000000
0.000000
0.000000
0.000000
0.000000
0.000000
0.000000
0.000000
0.000000
0.000000
0.000000
0.000000
0.000000
0.000000
0.000000
0.000000
0.000000
0.000000
0.000000
0.000000
0.000000
0.000000
0.000000
0.000000
0.000000
0.000000
0.000000
0.000000
0.000000
0.000000
0.000000
0.000000
0.000000
0.000000
0.000000
0.000000
0.000000
0.000000
0.000000
0.000000
0.000000
0.000000
0.000000
0.000000
0.000000
0.000000
0.000000
0.000000
0.000000
0.000000
0.000000
0.000000
0.000000
0.000000
0.000000
0.000000
0.000000
0.000000
0.000000
0.000000
0.000000
0.000000
0.000000
0.000000
0.000000
0.000000
0.000000
0.000000
0.000000
0.000000
0.000000
0.000000
0.000000
0.000000
0.000000
0.000000
0.000000
0.000000
0.000000
0.000000
0.000000
0.000000
0.000000
0.000000
0.000000
0.000000
0.000000
0.000000
0.000000
0.000000
0.000000
