0.001613
0.003228
0.004844
0.006463
0.008087
0.009716
0.011351
0.012992
0.014642
0.016301
0.017970
0.019651
0.021343
0.023048
0.024767
0.026502
0.028251
0.030020
0.031803
0.033608
0.035430
0.037275
0.039140
0.041027
0.042938
0.044872
0.046833
0.048816
0.050830
0.052867
0.054935
0.057031
0.059155
0.061313
0.063496
0.065717
0.067965
0.070249
0.072566
0.074914
0.077303
0.079720
0.082178
0.084670
0.087197
0.089766
0.092366
0.095009
0.097690
0.100404
0.103166
0.105958
0.108794
0.111672
0.114581
0.117539
0.120533
0.123564
0.126643
0.129755
0.132907
0.136107
0.139336
0.142610
0.145928
0.149274
0.152667
0.156102
0.159564
0.163073
0.166622
0.170196
0.173815
0.177475
0.181159
0.184883
0.188649
0.192437
0.196259
0.200125
0.204013
0.207925
0.211879
0.215863
0.219860
0.223890
0.227957
0.232038
0.236135
0.240268
0.244426
0.248589
0.252769
0.256981
0.261211
0.265439
0.269679
0.273945
0.278227
0.282503
0.286777
0.291069
0.295378
0.299683
0.303973
0.308259
0.312558
0.316865
0.321158
0.325428
0.329680
0.333930
0.338183
0.342428
0.346650
0.350837
0.354991
0.359119
0.363233
0.367336
0.371423
0.375488
0.379522
0.383519
0.387474
0.391385
0.395252
0.399074
0.402849
0.406578
0.410259
0.413890
0.417470
0.420996
0.424468
0.427883
0.431241
0.434537
0.437772
0.440942
0.444048
0.447086
0.450055
0.452954
0.455781
0.458535
0.461213
0.463815
0.466339
0.468783
0.471147
0.473429
0.475627
0.477741
0.479769
0.481710
0.483563
0.485327
0.487002
0.488585
0.490077
0.491476
0.492783
0.493994
0.495111
0.496133
0.497059
0.497890
0.498623
0.499260
0.499799
0.500241
0.500586
0.500832
0.500981
0.501032
0.500986
0.500842
0.500600
0.500261
0.499826
0.499295
0.498667
0.497945
0.497128
0.496217
0.495212
0.494116
0.492928
0.491649
0.490281
0.488825
0.487280
0.485649
0.483933
0.482132
0.480249
0.478284
0.476239
0.474116
0.471917
0.469640
0.467291
0.464870
0.462378
0.459818
0.457191
0.454498
0.451742
0.448925
0.446048
0.443114
0.440125
0.437082
0.433988
0.430844
0.427654
0.424418
0.421140
0.417821
0.414464
0.411070
0.407644
0.404185
0.400698
0.397183
0.393644
0.390083
0.386502
0.382902
0.379289
0.375661
0.372024
0.368378
0.364727
0.361072
0.357416
0.353761
0.350110
0.346464
0.342828
0.339201
0.335586
0.331987
0.328406
0.324845
0.321305
0.317789
0.314300
0.310839
0.307408
0.304010
0.300647
0.297320
0.294033
0.290787
0.287583
0.284424
0.281311
0.278247
0.275234
0.272273
0.269366
0.266515
0.263720
0.260986
0.258312
0.255700
0.253153
0.250670
0.248254
0.245907
0.243630
0.241424
0.239289
0.237228
0.235242
0.233332
0.231499
0.229745
0.228069
0.226473
0.224958
0.223525
0.222174
0.220908
0.219724
0.218626
0.217614
0.216687
0.215847
0.215095
0.214431
0.213854
0.213365
0.212964
0.212652
0.212429
0.212296
0.212251
0.212296
0.212429
0.212651
0.212963
0.213364
0.213853
0.214430
0.215096
0.215848
0.216687
0.217614
0.218626
0.219723
0.220906
0.222172
0.223523
0.224955
0.226469
0.228066
0.229741
0.231496
0.233329
0.235239
0.237224
0.239285
0.241420
0.243626
0.245904
0.248251
0.250667
0.253149
0.255696
0.258308
0.260982
0.263717
0.266511
0.269362
0.272268
0.275229
0.278243
0.281307
0.284419
0.287578
0.290782
0.294029
0.297317
0.300643
0.304007
0.307405
0.310835
0.314296
0.317786
0.321302
0.324842
0.328403
0.331985
0.335583
0.339197
0.342824
0.346461
0.350106
0.353757
0.357412
0.361068
0.364722
0.368374
0.372019
0.375657
0.379284
0.382899
0.386498
0.390079
0.393640
0.397180
0.400694
0.404182
0.407640
0.411067
0.414460
0.417817
0.421135
0.424414
0.427649
0.430840
0.433984
0.437078
0.440121
0.443111
0.446045
0.448922
0.451739
0.454495
0.457187
0.459815
0.462376
0.464868
0.467290
0.469639
0.471914
0.474115
0.476237
0.478281
0.480246
0.482129
0.483930
0.485647
0.487278
0.488823
0.490280
0.491648
0.492927
0.494115
0.495211
0.496215
0.497126
0.497943
0.498665
0.499292
0.499824
0.500259
0.500597
0.500839
0.500983
0.501030
0.500979
0.500831
0.500584
0.500240
0.499799
0.499260
0.498624
0.497890
0.497061
0.496134
0.495113
0.493996
0.492784
0.491478
0.490079
0.488587
0.487004
0.485329
0.483565
0.481712
0.479771
0.477743
0.475629
0.473431
0.471149
0.468786
0.466341
0.463817
0.461215
0.458537
0.455784
0.452957
0.450057
0.447087
0.444049
0.440944
0.437774
0.434539
0.431243
0.427886
0.424470
0.420998
0.417471
0.413891
0.410261
0.406581
0.402854
0.399081
0.395264
0.391406
0.387508
0.383573
0.379601
0.375597
0.371560
0.367493
0.363397
0.359276
0.355130
0.350962
0.346774
0.342568
0.338344
0.334106
0.329856
0.325594
0.321324
0.317046
0.312763
0.308475
0.304186
0.299896
0.295608
0.291323
0.287043
0.282769
0.278503
0.274246
0.270001
0.265769
0.261550
0.257347
0.253160
0.248992
0.244844
0.240717
0.236611
0.232530
0.228473
0.224442
0.220438
0.216462
0.212516
0.208599
0.204715
0.200862
0.197042
0.193257
0.189506
0.185790
0.182111
0.178470
0.174866
0.171300
0.167774
0.164288
0.160842
0.157436
0.154072
0.150750
0.147470
0.144232
0.141038
0.137886
0.134778
0.131713
0.128693
0.125717
0.122785
0.119897
0.117054
0.114255
0.111501
0.108792
0.106127
0.103507
0.100931
0.098400
0.095913
0.093470
0.091072
0.088717
0.086405
0.084137
0.081913
0.079731
0.077591
0.075494
0.073439
0.071426
0.069454
0.067523
0.065632
0.063782
0.061971
0.060200
0.058468
0.056774
0.055118
0.053500
0.051919
0.050375
0.048866
0.047394
0.045956
0.044554
0.043185
0.041851
0.040549
0.039280
0.038043
0.036837
0.035663
0.034519
0.033406
0.032321
0.031266
0.030239
0.029240
0.028268
0.027323
0.026405
0.025512
0.024644
0.023802
0.022983
0.022188
0.021417
0.020668
0.019941
0.019236
0.018552
0.017889
0.017246
0.016623
0.016019
0.015434
0.014868
0.014319
0.013788
0.013274
0.012777
0.012295
0.011830
0.011380
0.010944
0.010524
0.010117
0.009724
0.009345
0.008979
0.008625
0.008283
0.007954
0.007636
0.007329
0.007033
0.006748
0.006473
0.006208
0.005953
0.005707
0.005470
0.005242
0.005022
0.004811
0.004608
0.004412
0.004224
0.004043
0.003869
0.003702
0.003541
0.003386
0.003238
0.003096
0.002959
0.002827
0.002701
0.002581
0.002465
0.002353
0.002247
0.002144
0.002046
0.001952
0.001862
0.001776
0.001694
0.001615
0.001539
0.001466
0.001397
0.001331
0.001268
0.001207
0.001149
0.001094
0.001041
0.000990
0.000942
0.000896
0.000852
0.000810
0.000770
0.000731
0.000695
0.000660
0.000627
0.000595
0.000565
0.000536
0.000509
0.000483
0.000458
0.000434
0.000412
0.000390
0.000370
0.000351
0.000332
0.000315
0.000298
0.000282
0.000267
0.000253
0.000239
0.000226
0.000214
0.000203
0.000192
0.000181
0.000171
0.000162
0.000153
0.000144
0.000136
0.000129
0.000122
0.000115
0.000108
0.000102
0.000096
0.000091
0.000086
0.000081
0.000076
0.000072
0.000068
0.000064
0.000060
0.000056
0.000053
0.000050
0.000047
0.000044
0.000042
0.000039
0.000037
0.000035
0.000033
0.000031
0.000029
0.000027
0.000025
0.000024
0.000022
0.000021
0.000020
0.000018
0.000017
0.000016
0.000015
0.000014
0.000013
0.000013
0.000012
0.000011
0.000010
0.000010
0.000009
0.000008
0.000008
0.000007
0.000007
0.000006
0.000006
0.000006
0.000005
0.000005
0.000005
0.000004
0.000004
0.000004
0.000004
0.000003
0.000003
0.000003
0.000003
0.000002
0.000002
0.000002
0.000002
0.000002
0.000002
0.000002
0.000002
0.000001
0.000001
0.000001
0.000001
0.000001
0.000001
0.000001
0.000001
0.000001
0.000001
0.000001
0.000001
0.000001
0.000001
0.000001
0.000000
0.000000
0.000000
0.000000
0.000000
0.000000
0.000000
0.000000
0.000000
0.000000
0.000000
0.000000
0.000000
0.000000
0.000000
0.000000
0.000000
0.000000
0.000000
0.000000
0.000000
0.000000
0.000000
0.000000
0.000000
0.000000
0.000000
0.000000
0.000000
0.000000
0.000000
0.000000
0.000000
0.000000
0.000000
0.000000
0.000000
0.000000
0.000000
0.000000
0.000000
0.000000
0.000000
0.000000
0.000000
0.000000
0.000000
0.000000
0.000000
0.000000
0.000000
0.000000
0.000000
0.000000
0.000000
0.000000
0.000000
0.000000
0.000000
0.000000
0.000000
0.000000
0.000000
0.000000
0.000000
0.000000
0.000000
0.000000
0.000000
0.000000
0.000000
0.000000
0.000000
0.000000
0.000000
0.000000
0.000000
0.000000
0.000000
0.000000
0.000000
0.000000
0.000000
0.000000
0.000000
0.000000
0.000000
0.000000
0.000000
0.000000
0.000000
0.000000
0.000000
0.000000
0.000000
0.000000
0.000000
0.000000
0.000000
0.000000
0.000000
0.000000
0.000000
0.000000
0.000000
0.000000
0.000000
0.000000
0.000000
0.000000
0.000000
0.000000
0.000000
0.000000
0.000000
0.000000
0.000000
0.000000
0.000000
0.000000
0.000000
0.000000
0.000000
0.000000
0.000000
0.000000
0.000000
0.000000
0.000000
0.000000
0.000000
0.000000
0.000000
0.000000
0.000000
0.000000
0.000000
0.000000
0.000000
0.000000
0.000000
0.000000
0.000000
0.000000
0.000000
0.000000
0.000000
0.000000
0.000000
0.000000
0.000000
0.000000
0.000000
0.000000
0.000000
0.000000
0.000000
0.000000
0.000000
0.000000
0.000000
0.000000
0.000000
0.000000
0.000000
0.000000
0.000000
0.000000
0.000000
0.000000
0.000000
0.000000
0.000000
0.000000
0.000000
0.000000
0.000000
0.000000
0.000000
0.000000
0.000000
0.000000
0.000000
0.000000
0.000000
0.000000
0.000000
0.000000
0.000000
0.000000
0.000000
0.000000
0.000000
0.000000
0.000000
0.000000
0.000000
0.000000
0.000000
0.000000
0.000000
0.000000
0.000000
