0.001637
0.003275
0.004916
0.006559
0.008206
0.009859
0.011517
0.013183
0.014857
0.016540
0.018233
0.019938
0.021653
0.023384
0.025126
0.026886
0.028660
0.030452
0.032260
0.034089
0.035937
0.037804
0.039695
0.041606
0.043543
0.045501
0.047487
0.049496
0.051533
0.053597
0.055688
0.057811
0.059959
0.062142
0.064351
0.066595
0.068871
0.071178
0.073523
0.075895
0.078308
0.080753
0.083233
0.085754
0.088304
0.090898
0.093526
0.096191
0.098900
0.101639
0.104423
0.107245
0.110101
0.113005
0.115942
0.118920
0.121943
0.124996
0.128097
0.131237
0.134410
0.137633
0.140890
0.144182
0.147524
0.150897
0.154307
0.157766
0.161254
0.164778
0.168350
0.171950
0.175584
0.179265
0.182973
0.186711
0.190496
0.194308
0.198144
0.202024
0.205936
0.209864
0.213828
0.217831
0.221848
0.225887
0.229965
0.234066
0.238176
0.242313
0.246483
0.250665
0.254852
0.259066
0.263306
0.267550
0.271794
0.276059
0.280347
0.284635
0.288915
0.293202
0.297509
0.301821
0.306118
0.310402
0.314691
0.318991
0.323287
0.327561
0.331810
0.336047
0.340285
0.344521
0.348739
0.352924
0.357072
0.361188
0.365284
0.369365
0.373431
0.377477
0.381495
0.385476
0.389415
0.393309
0.397157
0.400959
0.404713
0.408419
0.412075
0.415680
0.419234
0.422733
0.426176
0.429562
0.432889
0.436155
0.439357
0.442495
0.445566
0.448569
0.451503
0.454366
0.457156
0.459871
0.462511
0.465073
0.467557
0.469960
0.472283
0.474522
0.476678
0.478748
0.480731
0.482627
0.484435
0.486154
0.487782
0.489318
0.490763
0.492114
0.493372
0.494535
0.495603
0.496575
0.497453
0.498233
0.498916
0.499503
0.499991
0.500383
0.500676
0.500872
0.500970
0.500970
0.500872
0.500677
0.500384
0.499994
0.499508
0.498925
0.498247
0.497474
0.496607
0.495645
0.494592
0.493446
0.492208
0.490881
0.489464
0.487959
0.486366
0.484688
0.482925
0.481077
0.479148
0.477138
0.475048
0.472881
0.470637
0.468318
0.465926
0.463462
0.460930
0.458328
0.455661
0.452929
0.450134
0.447278
0.444364
0.441394
0.438368
0.435291
0.432162
0.428985
0.425761
0.422494
0.419184
0.415835
0.412448
0.409026
0.405571
0.402085
0.398571
0.395031
0.391467
0.387881
0.384276
0.380654
0.377019
0.373370
0.369713
0.366047
0.362378
0.358704
0.355031
0.351360
0.347692
0.344032
0.340380
0.336739
0.333111
0.329500
0.325907
0.322334
0.318784
0.315258
0.311759
0.308289
0.304850
0.301443
0.298073
0.294740
0.291447
0.288194
0.284984
0.281820
0.278704
0.275636
0.272619
0.269654
0.266743
0.263889
0.261093
0.258357
0.255680
0.253066
0.250517
0.248034
0.245617
0.243269
0.240991
0.238785
0.236650
0.234589
0.232602
0.230693
0.228860
0.227106
0.225430
0.223835
0.222321
0.220888
0.219538
0.218271
0.217089
0.215991
0.214979
0.214053
0.213214
0.212462
0.211798
0.211221
0.210733
0.210332
0.210020
0.209798
0.209664
0.209620
0.209664
0.209798
0.210020
0.210332
0.210731
0.211220
0.211797
0.212462
0.213214
0.214054
0.214979
0.215991
0.217088
0.218270
0.219536
0.220886
0.222318
0.223832
0.225427
0.227103
0.228857
0.230690
0.232600
0.234585
0.236646
0.238781
0.240988
0.243266
0.245614
0.248031
0.250515
0.253063
0.255676
0.258352
0.261089
0.263885
0.266739
0.269649
0.272614
0.275631
0.278699
0.281816
0.284980
0.288189
0.291443
0.294736
0.298070
0.301440
0.304846
0.308286
0.311755
0.315255
0.318781
0.322332
0.325904
0.329497
0.333109
0.336735
0.340376
0.344028
0.347689
0.351355
0.355026
0.358700
0.362372
0.366043
0.369708
0.373366
0.377015
0.380651
0.384273
0.387877
0.391463
0.395027
0.398567
0.402082
0.405567
0.409022
0.412444
0.415831
0.419180
0.422490
0.425757
0.428981
0.432158
0.435287
0.438364
0.441390
0.444361
0.447276
0.450130
0.452925
0.455657
0.458325
0.460927
0.463461
0.465924
0.468316
0.470635
0.472879
0.475046
0.477135
0.479145
0.481074
0.482922
0.484685
0.486365
0.487957
0.489462
0.490879
0.492207
0.493444
0.494590
0.495644
0.496605
0.497472
0.498245
0.498923
0.499506
0.499991
0.500381
0.500674
0.500869
0.500967
0.500967
0.500870
0.500675
0.500382
0.499991
0.499503
0.498917
0.498234
0.497454
0.496577
0.495605
0.494537
0.493374
0.492116
0.490764
0.489321
0.487784
0.486156
0.484437
0.482630
0.480733
0.478750
0.476680
0.474525
0.472285
0.469963
0.467560
0.465076
0.462513
0.459874
0.457158
0.454369
0.451506
0.448571
0.445567
0.442496
0.439359
0.436156
0.432891
0.429565
0.426178
0.422735
0.419236
0.415682
0.412077
0.408422
0.404718
0.400968
0.397174
0.393336
0.389458
0.385542
0.381588
0.377600
0.373579
0.369527
0.365446
0.361337
0.357203
0.353046
0.348868
0.344671
0.340456
0.336225
0.331981
0.327725
0.323459
0.319184
0.314904
0.310618
0.306330
0.302040
0.297751
0.293464
0.289181
0.284904
0.280634
0.276373
0.272122
0.267883
0.263657
0.259446
0.255251
0.251073
0.246915
0.242777
0.238661
0.234567
0.230498
0.226454
0.222436
0.218446
0.214485
0.210553
0.206653
0.202784
0.198948
0.195145
0.191376
0.187643
0.183946
0.180286
0.176663
0.173078
0.169532
0.166026
0.162560
0.159134
0.155749
0.152406
0.149105
0.145846
0.142629
0.139456
0.136326
0.133240
0.130198
0.127199
0.124245
0.121335
0.118470
0.115649
0.112873
0.110141
0.107454
0.104812
0.102214
0.099660
0.097151
0.094686
0.092266
0.089889
0.087556
0.085266
0.083020
0.080816
0.078656
0.076538
0.074462
0.072428
0.070435
0.068483
0.066573
0.064702
0.062872
0.061081
0.059329
0.057616
0.055941
0.054304
0.052705
0.051142
0.049616
0.048126
0.046671
0.045251
0.043865
0.042514
0.041196
0.039910
0.038657
0.037436
0.036246
0.035088
0.033959
0.032860
0.031790
0.030749
0.029736
0.028751
0.027793
0.026861
0.025955
0.025075
0.024220
0.023389
0.022583
0.021800
0.021039
0.020302
0.019586
0.018891
0.018218
0.017565
0.016932
0.016319
0.015725
0.015149
0.014591
0.014052
0.013529
0.013023
0.012534
0.012061
0.011603
0.011160
0.010732
0.010319
0.009919
0.009533
0.009160
0.008800
0.008453
0.008117
0.007794
0.007481
0.007180
0.006890
0.006610
0.006340
0.006079
0.005829
0.005587
0.005355
0.005131
0.004916
0.004708
0.004509
0.004317
0.004132
0.003955
0.003784
0.003620
0.003463
0.003311
0.003166
0.003026
0.002892
0.002764
0.002640
0.002522
0.002408
0.002299
0.002195
0.002095
0.001999
0.001907
0.001819
0.001734
0.001654
0.001576
0.001502
0.001431
0.001364
0.001299
0.001237
0.001178
0.001121
0.001067
0.001015
0.000966
0.000919
0.000874
0.000831
0.000789
0.000750
0.000713
0.000677
0.000643
0.000611
0.000580
0.000551
0.000522
0.000496
0.000470
0.000446
0.000423
0.000401
0.000380
0.000360
0.000341
0.000323
0.000306
0.000290
0.000275
0.000260
0.000246
0.000233
0.000220
0.000208
0.000197
0.000186
0.000176
0.000166
0.000157
0.000149
0.000140
0.000132
0.000125
0.000118
0.000111
0.000105
0.000099
0.000094
0.000088
0.000083
0.000078
0.000074
0.000070
0.000066
0.000062
0.000058
0.000055
0.000052
0.000049
0.000046
0.000043
0.000040
0.000038
0.000036
0.000034
0.000032
0.000030
0.000028
0.000026
0.000025
0.000023
0.000022
0.000020
0.000019
0.000018
0.000017
0.000016
0.000015
0.000014
0.000013
0.000012
0.000011
0.000011
0.000010
0.000009
0.000009
0.000008
0.000008
0.000007
0.000007
0.000006
0.000006
0.000005
0.000005
0.000005
0.000004
0.000004
0.000004
0.000004
0.000003
0.000003
0.000003
0.000003
0.000003
0.000002
0.000002
0.000002
0.000002
0.000002
0.000002
0.000002
0.000001
0.000001
0.000001
0.000001
0.000001
0.000001
0.000001
0.000001
0.000001
0.000001
0.000001
0.000001
0.000001
0.000001
0.000001
0.000000
0.000000
0.000000
0.000000
0.000000
0.000000
0.000000
0.000000
0.000000
0.000000
0.000000
0.000000
0.000000
0.000000
0.000000
0.000000
0.000000
0.000000
0.000000
0.000000
0.000000
0.000000
0.000000
0.000000
0.000000
0.000000
0.000000
0.000000
0.000000
0.000000
0.000000
0.000000
0.000000
0.000000
0.000000
0.000000
0.000000
0.000000
0.000000
0.000000
0.000000
0.000000
0.000000
0.000000
0.000000
0.000000
0.000000
0.000000
0.000000
0.000000
0.000000
0.000000
0.000000
0.000000
0.000000
0.000000
0.000000
0.000000
0.000000
0.000000
0.000000
0.000000
0.000000
0.000000
0.000000
0.000000
0.000000
0.000000
0.000000
0.000000
0.000000
0.000000
0.000000
0.000000
0.000000
0.000000
0.000000
0.000000
0.000000
0.000000
0.000000
0.000000
0.000000
0.000000
0.000000
0.000000
0.000000
0.000000
0.000000
0.000000
0.000000
0.000000
0.000000
0.000000
0.000000
0.000000
0.000000
0.000000
0.000000
0.000000
0.000000
0.000000
0.000000
0.000000
0.000000
0.000000
0.000000
0.000000
0.000000
0.000000
0.000000
0.000000
0.000000
0.000000
0.000000
0.000000
0.000000
0.000000
0.000000
0.000000
0.000000
0.000000
0.000000
0.000000
0.000000
0.000000
0.000000
0.000000
0.000000
0.000000
0.000000
0.000000
0.000000
0.000000
0.000000
0.000000
0.000000
0.000000
0.000000
0.000000
0.000000
0.000000
0.000000
0.000000
0.000000
0.000000
0.000000
0.000000
0.000000
0.000000
0.000000
0.000000
0.000000
0.000000
0.000000
0.000000
0.000000
0.000000
0.000000
0.000000
0.000000
0.000000
0.000000
0.000000
0.000000
0.000000
0.000000
0.000000
0.000000
0.000000
0.000000
0.000000
0.000000
0.000000
0.000000
0.000000
0.000000
0.000000
0.000000
0.000000
0.000000
0.000000
0.000000
0.000000
0.000000
0.000000
0.000000
0.000000
0.000000
0.000000
0.000000
0.000000
0.000000
0.000000
0.000000
0.000000
0.000000
0.000000
0.000000
0.000000
0.000000
0.000000
0.000000
