0.000016
0.000028
0.000049
0.000057
0.000078
0.000097
0.000098
0.000133
0.000153
0.000138
0.000157
0.000223
0.000292
0.000341
0.000372
0.000396
0.000419
0.000443
0.000468
0.000494
0.000522
0.000551
0.000581
0.000613
0.000647
0.000683
0.000720
0.000759
0.000800
0.000843
0.000888
0.000936
0.000986
0.001038
0.001093
0.001151
0.001211
0.001274
0.001341
0.001410
0.001483
0.001560
0.001639
0.001723
0.001811
0.001902
0.001998
0.002099
0.002204
0.002313
0.002428
0.002548
0.002674
0.002804
0.002941
0.003084
0.003233
0.003389
0.003552
0.003721
0.003898
0.004083
0.004275
0.004476
0.004685
0.004903
0.005131
0.005367
0.005614
0.005870
0.006138
0.006416
0.006705
0.007006
0.007319
0.007645
0.007984
0.008336
0.008701
0.009082
0.009476
0.009886
0.010312
0.010754
0.011213
0.011689
0.012183
0.012696
0.013227
0.013778
0.014349
0.014940
0.015554
0.016189
0.016847
0.017528
0.018233
0.018963
0.019718
0.020499
0.021307
0.022143
0.023006
0.023899
0.024822
0.025775
0.026760
0.027777
0.028827
0.029911
0.031029
0.032183
0.033374
0.034602
0.035868
0.037173
0.038518
0.039904
0.041332
0.042802
0.044317
0.045876
0.047480
0.049131
0.050830
0.052577
0.054374
0.056221
0.058119
0.060070
0.062075
0.064134
0.066248
0.068418
0.070646
0.072933
0.075279
0.077685
0.080152
0.082682
0.085275
0.087932
0.090655
0.093443
0.096299
0.099222
0.102215
0.105277
0.108410
0.111615
0.114892
0.118242
0.121667
0.125166
0.128741
0.132392
0.136120
0.139927
0.143811
0.147775
0.151819
0.155943
0.160148
0.164435
0.168803
0.173254
0.177788
0.182405
0.187106
0.191890
0.196759
0.201712
0.206750
0.211873
0.217080
0.222372
0.227749
0.233211
0.238758
0.244389
0.250104
0.255904
0.261787
0.267753
0.273803
0.279935
0.286148
0.292443
0.298819
0.305274
0.311809
0.318421
0.325111
0.331877
0.338719
0.345634
0.352622
0.359682
0.366812
0.374011
0.381277
0.388610
0.396006
0.403465
0.410985
0.418565
0.426201
0.433893
0.441638
0.449435
0.457280
0.465172
0.473110
0.481089
0.489108
0.497164
0.505256
0.513380
0.521533
0.529713
0.537918
0.546144
0.554389
0.562649
0.570922
0.579204
0.587493
0.595785
0.604077
0.612366
0.620649
0.628922
0.637183
0.645426
0.653650
0.661851
0.670025
0.678169
0.686278
0.694351
0.702383
0.710370
0.718309
0.726196
0.734028
0.741801
0.749512
0.757156
0.764731
0.772231
0.779655
0.786997
0.794255
0.801425
0.808504
0.815488
0.822373
0.829155
0.835832
0.842400
0.848855
0.855195
0.861415
0.867513
0.873484
0.879328
0.885039
0.890616
0.896054
0.901351
0.906504
0.911511
0.916368
0.921073
0.925623
0.930016
0.934249
0.938320
0.942226
0.945966
0.949538
0.952938
0.956167
0.959220
0.962098
0.964797
0.967317
0.969657
0.971814
0.973788
0.975577
0.977181
0.978598
0.979828
0.980870
0.981724
0.982388
0.982863
0.983148
0.983243
0.983148
0.982863
0.982389
0.981724
0.980871
0.979829
0.978599
0.977182
0.975578
0.973789
0.971815
0.969658
0.967319
0.964799
0.962100
0.959222
0.956169
0.952941
0.949540
0.945969
0.942229
0.938323
0.934252
0.930019
0.925626
0.921076
0.916371
0.911514
0.906508
0.901355
0.896058
0.890620
0.885043
0.879332
0.873489
0.867517
0.861419
0.855199
0.848859
0.842404
0.835836
0.829160
0.822377
0.815492
0.808509
0.801431
0.794261
0.787003
0.779660
0.772237
0.764736
0.757162
0.749518
0.741808
0.734034
0.726202
0.718315
0.710376
0.702389
0.694357
0.686285
0.678175
0.670031
0.661857
0.653657
0.645433
0.637189
0.628929
0.620656
0.612374
0.604085
0.595792
0.587500
0.579211
0.570929
0.562657
0.554397
0.546152
0.537926
0.529722
0.521542
0.513388
0.505265
0.497173
0.489117
0.481098
0.473119
0.465182
0.457289
0.449444
0.441648
0.433902
0.426211
0.418574
0.410995
0.403475
0.396015
0.388619
0.381286
0.374020
0.366821
0.359691
0.352632
0.345643
0.338728
0.331887
0.325121
0.318431
0.311818
0.305284
0.298829
0.292453
0.286158
0.279944
0.273812
0.267763
0.261796
0.255913
0.250114
0.244398
0.238767
0.233220
0.227759
0.222381
0.217089
0.211882
0.206759
0.201721
0.196768
0.191899
0.187115
0.182414
0.177797
0.173263
0.168812
0.164443
0.160156
0.155951
0.151827
0.147783
0.143819
0.139934
0.136128
0.132399
0.128748
0.125173
0.121674
0.118249
0.114899
0.111622
0.108417
0.105284
0.102221
0.099229
0.096305
0.093449
0.090661
0.087938
0.085281
0.082687
0.080158
0.077690
0.075284
0.072938
0.070652
0.068423
0.066253
0.064138
0.062079
0.060075
0.058124
0.056225
0.054378
0.052581
0.050834
0.049135
0.047484
0.045879
0.044320
0.042806
0.041335
0.039907
0.038521
0.037176
0.035871
0.034605
0.033377
0.032186
0.031032
0.029914
0.028830
0.027780
0.026763
0.025778
0.024824
0.023902
0.023009
0.022145
0.021309
0.020501
0.019720
0.018965
0.018235
0.017530
0.016849
0.016191
0.015555
0.014942
0.014350
0.013779
0.013228
0.012697
0.012185
0.011691
0.011215
0.010756
0.010314
0.009888
0.009478
0.009083
0.008703
0.008337
0.007985
0.007646
0.007320
0.007007
0.006706
0.006417
0.006138
0.005871
0.005615
0.005368
0.005131
0.004904
0.004686
0.004477
0.004276
0.004084
0.003899
0.003722
0.003552
0.003390
0.003234
0.003085
0.002942
0.002805
0.002674
0.002549
0.002429
0.002314
0.002204
0.002099
0.001999
0.001903
0.001811
0.001723
0.001640
0.001560
0.001483
0.001411
0.001341
0.001275
0.001211
0.001151
0.001093
0.001038
0.000986
0.000936
0.000889
0.000843
0.000800
0.000759
0.000720
0.000683
0.000647
0.000614
0.000581
0.000551
0.000522
0.000494
0.000468
0.000443
0.000420
0.000397
0.000376
0.000355
0.000336
0.000318
0.000301
0.000284
0.000269
0.000254
0.000240
0.000226
0.000214
0.000202
0.000191
0.000180
0.000170
0.000160
0.000151
0.000143
0.000134
0.000127
0.000119
0.000113
0.000106
0.000100
0.000094
0.000089
0.000083
0.000078
0.000074
0.000069
0.000065
0.000061
0.000058
0.000054
0.000051
0.000048
0.000045
0.000042
0.000040
0.000037
0.000035
0.000033
0.000031
0.000029
0.000027
0.000026
0.000024
0.000022
0.000021
0.000020
0.000018
0.000017
0.000016
0.000015
0.000014
0.000013
0.000012
0.000012
0.000011
0.000010
0.000010
0.000009
0.000008
0.000008
0.000007
0.000007
0.000006
0.000006
0.000006
0.000005
0.000005
0.000004
0.000004
0.000004
0.000004
0.000003
0.000003
0.000003
0.000003
0.000003
0.000002
0.000002
0.000002
0.000002
0.000002
0.000002
0.000002
0.000001
0.000001
0.000001
0.000001
0.000001
0.000001
0.000001
0.000001
0.000001
0.000001
0.000001
0.000001
0.000001
0.000001
0.000001
0.000000
0.000000
0.000000
0.000000
0.000000
0.000000
0.000000
0.000000
0.000000
0.000000
0.000000
0.000000
0.000000
0.000000
0.000000
0.000000
0.000000
0.000000
0.000000
0.000000
0.000000
0.000000
0.000000
0.000000
0.000000
0.000000
0.000000
0.000000
0.000000
0.000000
0.000000
0.000000
0.000000
0.000000
0.000000
0.000000
0.000000
0.000000
0.000000
0.000000
0.000000
0.000000
0.000000
0.000000
0.000000
0.000000
0.000000
0.000000
0.000000
0.000000
0.000000
0.000000
0.000000
0.000000
0.000000
0.000000
0.000000
0.000000
0.000000
0.000000
0.000000
0.000000
0.000000
0.000000
0.000000
0.000000
0.000000
0.000000
0.000000
0.000000
0.000000
0.000000
0.000000
0.000000
0.000000
0.000000
0.000000
0.000000
0.000000
0.000000
0.000000
0.000000
0.000000
0.000000
0.000000
0.000000
0.000000
0.000000
0.000000
0.000000
0.000000
0.000000
0.000000
0.000000
0.000000
0.000000
0.000000
0.000000
0.000000
0.000000
0.000000
0.000000
0.000000
0.000000
0.000000
0.000000
0.000000
0.000000
0.000000
0.000000
0.000000
0.000000
0.000000
0.000000
0.000000
0.000000
0.000000
0.000000
0.000000
0.000000
0.000000
0.000000
0.000000
0.000000
0.000000
0.000000
0.000000
0.000000
0.000000
0.000000
0.000000
0.000000
0.000000
0.000000
0.000000
0.000000
0.000000
0.000000
0.000000
0.000000
0.000000
0.000000
0.000000
0.000000
0.000000
0.000000
0.000000
0.000000
0.000000
0.000000
0.000000
0.000000
0.000000
0.000000
0.000000
0.000000
0.000000
0.000000
0.000000
0.000000
0.000000
0.000000
0.000000
0.000000
0.000000
0.000000
0.000000
0.000000
0.000000
0.000000
0.000000
0.000000
0.000000
0.000000
0.000000
0.000000
0.000000
0.000000
0.000000
0.000000
0.000000
0.000000
0.000000
0.000000
0.000000
0.000000
0.000000
0.000000
0.000000
0.000000
0.000000
0.000000
0.000000
0.000000
0.000000
0.000000
0.000000
0.000000
0.000000
0.000000
0.000000
0.000000
0.000000
0.000000
0.000000
0.000000
0.000000
0.000000
0.000000
0.000000
0.000000
0.000000
0.000000
0.000000
0.000000
0.000000
0.000000
0.000000
0.000000
0.000000
0.000000
0.000000
0.000000
0.000000
0.000000
0.000000
0.000000
0.000000
0.000000
0.000000
0.000000
0.000000
0.000000
0.000000
0.000000
0.000000
0.000000
0.000000
0.000000
0.000000
0.000000
0.000000
0.000000
0.000000
0.000000
0.000000
0.000000
0.000000
0.000000
0.000000
0.000000
0.000000
0.000000
0.000000
0.000000
0.000000
0.000000
0.000000
0.000000
0.000000
0.000000
0.000000
0.000000
0.000000
0.000000
0.000000
0.000000
0.000000
0.000000
0.000000
0.000000
0.000000
0.000000
0.000000
0.000000
0.000000
0.000000
0.000000
0.000000
0.000000
0.000000
0.000000
0.000000
0.000000
0.000000
0.000000
0.000000
0.000000
0.000000
0.000000
0.000000
0.000000
0.000000
0.000000
0.000000
0.000000
0.000000
0.000000
0.000000
0.000000
0.000000
0.000000
0.000000
0.000000
0.000000
0.000000
0.000000
0.000000
0.000000
0.000000
0.000000
0.000000
0.000000
