0.001661
0.003324
0.004988
0.006656
0.008327
0.010004
0.011686
0.013377
0.015074
0.016782
0.018499
0.020228
0.021968
0.023723
0.025490
0.027273
0.029072
0.030888
0.032723
0.034574
0.036448
0.038340
0.040256
0.042191
0.044153
0.046137
0.048146
0.050182
0.052243
0.054334
0.056448
0.058597
0.060771
0.062978
0.065215
0.067482
0.069785
0.072116
0.074486
0.076886
0.079322
0.081795
0.084299
0.086845
0.089423
0.092039
0.094696
0.097384
0.100117
0.102884
0.105690
0.108540
0.111420
0.114347
0.117312
0.120312
0.123359
0.126440
0.129561
0.132728
0.135926
0.139168
0.142453
0.145767
0.149128
0.152529
0.155959
0.159437
0.162953
0.166496
0.170086
0.173712
0.177364
0.181062
0.184795
0.188551
0.192350
0.196186
0.200041
0.203931
0.207863
0.211813
0.215787
0.219802
0.223841
0.227893
0.231978
0.236096
0.240223
0.244366
0.248543
0.252741
0.256942
0.261157
0.265403
0.269661
0.273915
0.278179
0.282467
0.286766
0.291055
0.295340
0.299641
0.303955
0.308260
0.312547
0.316827
0.321117
0.325411
0.329688
0.333937
0.338165
0.342387
0.346609
0.350819
0.355002
0.359146
0.363252
0.367330
0.371390
0.375434
0.379460
0.383458
0.387422
0.391344
0.395222
0.399051
0.402832
0.406564
0.410247
0.413878
0.417458
0.420984
0.424456
0.427870
0.431227
0.434523
0.437756
0.440926
0.444030
0.447067
0.450036
0.452934
0.455759
0.458512
0.461189
0.463789
0.466312
0.468755
0.471117
0.473398
0.475594
0.477707
0.479733
0.481672
0.483523
0.485286
0.486958
0.488539
0.490028
0.491425
0.492729
0.493938
0.495052
0.496071
0.496994
0.497822
0.498552
0.499185
0.499721
0.500159
0.500500
0.500742
0.500887
0.500934
0.500882
0.500733
0.500487
0.500143
0.499702
0.499165
0.498532
0.497803
0.496980
0.496063
0.495051
0.493948
0.492752
0.491466
0.490090
0.488624
0.487071
0.485431
0.483706
0.481895
0.480002
0.478027
0.475971
0.473837
0.471626
0.469338
0.466976
0.464542
0.462037
0.459464
0.456822
0.454115
0.451343
0.448510
0.445617
0.442666
0.439660
0.436599
0.433487
0.430324
0.427114
0.423858
0.420559
0.417219
0.413840
0.410423
0.406973
0.403490
0.399977
0.396438
0.392873
0.389284
0.385675
0.382047
0.378403
0.374746
0.371077
0.367400
0.363716
0.360027
0.356336
0.352647
0.348959
0.345276
0.341601
0.337935
0.334281
0.330641
0.327018
0.323413
0.319829
0.316269
0.312734
0.309225
0.305747
0.302300
0.298886
0.295509
0.292170
0.288870
0.285612
0.282397
0.279229
0.276108
0.273037
0.270016
0.267048
0.264135
0.261278
0.258480
0.255742
0.253064
0.250449
0.247899
0.245414
0.242997
0.240649
0.238371
0.236164
0.234029
0.231968
0.229982
0.228073
0.226241
0.224487
0.222811
0.221217
0.219704
0.218271
0.216922
0.215656
0.214474
0.213377
0.212366
0.211441
0.210603
0.209851
0.209187
0.208611
0.208123
0.207723
0.207411
0.207188
0.207055
0.207011
0.207055
0.207188
0.207410
0.207722
0.208122
0.208610
0.209187
0.209851
0.210603
0.211442
0.212366
0.213377
0.214473
0.215655
0.216920
0.218269
0.219701
0.221214
0.222808
0.224484
0.226238
0.228069
0.229979
0.231965
0.234025
0.236159
0.238367
0.240646
0.242994
0.245411
0.247896
0.250445
0.253060
0.255737
0.258476
0.261274
0.264131
0.267043
0.270011
0.273032
0.276104
0.279225
0.282393
0.285608
0.288866
0.292166
0.295506
0.298883
0.302296
0.305744
0.309222
0.312730
0.316266
0.319827
0.323411
0.327015
0.330638
0.334278
0.337931
0.341597
0.345272
0.348955
0.352642
0.356332
0.360022
0.363711
0.367395
0.371073
0.374742
0.378399
0.382043
0.385670
0.389280
0.392868
0.396434
0.399974
0.403487
0.406969
0.410420
0.413836
0.417215
0.420555
0.423854
0.427110
0.430320
0.433483
0.436595
0.439656
0.442663
0.445614
0.448507
0.451340
0.454111
0.456819
0.459461
0.462035
0.464540
0.466975
0.469337
0.471624
0.473835
0.475969
0.478024
0.479999
0.481892
0.483703
0.485429
0.487069
0.488622
0.490088
0.491464
0.492750
0.493946
0.495049
0.496060
0.496978
0.497801
0.498530
0.499163
0.499700
0.500140
0.500484
0.500730
0.500879
0.500931
0.500885
0.500741
0.500498
0.500159
0.499721
0.499186
0.498553
0.497822
0.496996
0.496073
0.495054
0.493940
0.492730
0.491427
0.490031
0.488541
0.486960
0.485287
0.483525
0.481674
0.479735
0.477709
0.475597
0.473400
0.471120
0.468758
0.466315
0.463792
0.461191
0.458514
0.455762
0.452936
0.450038
0.447069
0.444032
0.440928
0.437758
0.434525
0.431229
0.427872
0.424458
0.420986
0.417460
0.413881
0.410250
0.406571
0.402845
0.399072
0.395256
0.391399
0.387501
0.383566
0.379595
0.375590
0.371554
0.367487
0.363392
0.359271
0.355125
0.350958
0.346770
0.342564
0.338341
0.334103
0.329853
0.325591
0.321321
0.317043
0.312760
0.308473
0.304184
0.299894
0.295606
0.291321
0.287041
0.282767
0.278501
0.274245
0.270000
0.265767
0.261549
0.257345
0.253159
0.248991
0.244843
0.240716
0.236611
0.232529
0.228472
0.224441
0.220437
0.216462
0.212515
0.208599
0.204714
0.200861
0.197042
0.193256
0.189505
0.185790
0.182111
0.178469
0.174865
0.171300
0.167774
0.164288
0.160841
0.157436
0.154072
0.150750
0.147470
0.144232
0.141037
0.137886
0.134778
0.131713
0.128693
0.125717
0.122784
0.119897
0.117054
0.114255
0.111501
0.108792
0.106127
0.103507
0.100931
0.098400
0.095913
0.093470
0.091072
0.088717
0.086405
0.084137
0.081913
0.079731
0.077591
0.075494
0.073439
0.071426
0.069454
0.067523
0.065632
0.063782
0.061971
0.060200
0.058468
0.056774
0.055118
0.053500
0.051919
0.050375
0.048866
0.047394
0.045956
0.044554
0.043185
0.041851
0.040549
0.039280
0.038043
0.036837
0.035663
0.034519
0.033406
0.032321
0.031266
0.030239
0.029240
0.028268
0.027323
0.026405
0.025512
0.024644
0.023802
0.022983
0.022188
0.021417
0.020668
0.019941
0.019236
0.018552
0.017889
0.017246
0.016623
0.016019
0.015434
0.014868
0.014319
0.013788
0.013274
0.012777
0.012295
0.011830
0.011380
0.010944
0.010524
0.010117
0.009725
0.009345
0.008979
0.008625
0.008283
0.007954
0.007636
0.007329
0.007033
0.006748
0.006473
0.006208
0.005953
0.005707
0.005470
0.005242
0.005022
0.004811
0.004608
0.004412
0.004224
0.004043
0.003869
0.003702
0.003541
0.003386
0.003238
0.003096
0.002959
0.002827
0.002701
0.002581
0.002465
0.002353
0.002247
0.002144
0.002046
0.001952
0.001862
0.001776
0.001694
0.001615
0.001539
0.001466
0.001397
0.001331
0.001268
0.001207
0.001149
0.001094
0.001041
0.000990
0.000942
0.000896
0.000852
0.000810
0.000770
0.000731
0.000695
0.000660
0.000627
0.000595
0.000565
0.000536
0.000509
0.000483
0.000458
0.000434
0.000412
0.000390
0.000370
0.000351
0.000332
0.000315
0.000298
0.000282
0.000267
0.000253
0.000239
0.000226
0.000214
0.000203
0.000192
0.000181
0.000171
0.000162
0.000153
0.000144
0.000136
0.000129
0.000122
0.000115
0.000108
0.000102
0.000096
0.000091
0.000086
0.000081
0.000076
0.000072
0.000068
0.000064
0.000060
0.000056
0.000053
0.000050
0.000047
0.000044
0.000042
0.000039
0.000037
0.000035
0.000033
0.000031
0.000029
0.000027
0.000025
0.000024
0.000022
0.000021
0.000020
0.000018
0.000017
0.000016
0.000015
0.000014
0.000013
0.000013
0.000012
0.000011
0.000010
0.000010
0.000009
0.000008
0.000008
0.000007
0.000007
0.000006
0.000006
0.000006
0.000005
0.000005
0.000005
0.000004
0.000004
0.000004
0.000004
0.000003
0.000003
0.000003
0.000003
0.000002
0.000002
0.000002
0.000002
0.000002
0.000002
0.000002
0.000002
0.000001
0.000001
0.000001
0.000001
0.000001
0.000001
0.000001
0.000001
0.000001
0.000001
0.000001
0.000001
0.000001
0.000001
0.000001
0.000000
0.000000
0.000000
0.000000
0.000000
0.000000
0.000000
0.000000
0.000000
0.000000
0.000000
0.000000
0.000000
0.000000
0.000000
0.000000
0.000000
0.000000
0.000000
0.000000
0.000000
0.000000
0.000000
0.000000
0.000000
0.000000
0.000000
0.000000
0.000000
0.000000
0.000000
0.000000
0.000000
0.000000
0.000000
0.000000
0.000000
0.000000
0.000000
0.000000
0.000000
0.000000
0.000000
0.000000
0.000000
0.000000
0.000000
0.000000
0.000000
0.000000
0.000000
0.000000
0.000000
0.000000
0.000000
0.000000
0.000000
0.000000
0.000000
0.000000
0.000000
0.000000
0.000000
0.000000
0.000000
0.000000
0.000000
0.000000
0.000000
0.000000
0.000000
0.000000
0.000000
0.000000
0.000000
0.000000
0.000000
0.000000
0.000000
0.000000
0.000000
0.000000
0.000000
0.000000
0.000000
0.000000
0.000000
0.000000
0.000000
0.000000
0.000000
0.000000
0.000000
0.000000
0.000000
0.000000
0.000000
0.000000
0.000000
0.000000
0.000000
0.000000
0.000000
0.000000
0.000000
0.000000
0.000000
0.000000
0.000000
0.000000
0.000000
0.000000
0.000000
0.000000
0.000000
0.000000
0.000000
0.000000
0.000000
0.000000
0.000000
0.000000
0.000000
0.000000
0.000000
0.000000
0.000000
0.000000
0.000000
0.000000
0.000000
0.000000
0.000000
0.000000
0.000000
0.000000
0.000000
0.000000
0.000000
0.000000
0.000000
0.000000
0.000000
0.000000
0.000000
0.000000
0.000000
0.000000
0.000000
0.000000
0.000000
0.000000
0.000000
0.000000
0.000000
0.000000
0.000000
0.000000
0.000000
0.000000
0.000000
0.000000
0.000000
0.000000
0.000000
0.000000
0.000000
0.000000
0.000000
0.000000
0.000000
0.000000
0.000000
0.000000
0.000000
0.000000
0.000000
0.000000
0.000000
0.000000
0.000000
0.000000
0.000000
0.000000
0.000000
0.000000
0.000000
0.000000
0.000000
0.000000
0.000000
0.000000
0.000000
0.000000
0.000000
0.000000
0.000000
0.000000
0.000000
0.000000
0.000000
0.000000
