0.001686
0.003372
0.005061
0.006753
0.008449
0.010150
0.011857
0.013572
0.015294
0.017026
0.018768
0.020521
0.022286
0.024064
0.025858
0.027665
0.029490
0.031329
0.033189
0.035065
0.036964
0.038881
0.040822
0.042784
0.044769
0.046779
0.048812
0.050875
0.052960
0.055076
0.057217
0.059389
0.061591
0.063821
0.066086
0.068377
0.070706
0.073064
0.075457
0.077886
0.080344
0.082845
0.085375
0.087944
0.090551
0.093190
0.095873
0.098588
0.101343
0.104139
0.106967
0.109842
0.112751
0.115698
0.118692
0.121716
0.124785
0.127895
0.131036
0.134227
0.137453
0.140713
0.144023
0.147364
0.150742
0.154169
0.157624
0.161118
0.164658
0.168225
0.171830
0.175481
0.179156
0.182867
0.186623
0.190402
0.194213
0.198068
0.201946
0.205849
0.209794
0.213767
0.217756
0.221780
0.225838
0.229907
0.233999
0.238128
0.242275
0.246428
0.250609
0.254819
0.259035
0.263256
0.267502
0.271771
0.276038
0.280305
0.284590
0.288894
0.293194
0.297482
0.301776
0.306087
0.310398
0.314689
0.318966
0.323244
0.327530
0.331808
0.336058
0.340281
0.344489
0.348694
0.352893
0.357070
0.361210
0.365309
0.369372
0.373411
0.377433
0.381435
0.385413
0.389358
0.393263
0.397122
0.400933
0.404693
0.408403
0.412062
0.415668
0.419222
0.422721
0.426164
0.429549
0.432876
0.436140
0.439342
0.442478
0.445549
0.448552
0.451484
0.454346
0.457135
0.459849
0.462488
0.465049
0.467531
0.469933
0.472254
0.474492
0.476646
0.478714
0.480696
0.482591
0.484397
0.486113
0.487739
0.489273
0.490716
0.492065
0.493320
0.494480
0.495546
0.496515
0.497389
0.498167
0.498847
0.499430
0.499915
0.500302
0.500592
0.500784
0.500877
0.500873
0.500771
0.500571
0.500273
0.499878
0.499387
0.498799
0.498114
0.497336
0.496462
0.495494
0.494434
0.493281
0.492036
0.490701
0.489276
0.487763
0.486161
0.484474
0.482702
0.480845
0.478906
0.476886
0.474785
0.472607
0.470352
0.468021
0.465617
0.463141
0.460595
0.457981
0.455299
0.452553
0.449743
0.446872
0.443941
0.440955
0.437913
0.434817
0.431670
0.428475
0.425232
0.421944
0.418615
0.415244
0.411835
0.408390
0.404912
0.401401
0.397863
0.394298
0.390708
0.387096
0.383464
0.379813
0.376148
0.372470
0.368782
0.365085
0.361383
0.357676
0.353969
0.350263
0.346560
0.342862
0.339173
0.335493
0.331826
0.328174
0.324540
0.320924
0.317330
0.313760
0.310216
0.306699
0.303213
0.299758
0.296338
0.292954
0.289610
0.286304
0.283041
0.279822
0.276649
0.273525
0.270451
0.267426
0.264456
0.261541
0.258682
0.255883
0.253142
0.250464
0.247848
0.245296
0.242812
0.240395
0.238046
0.235768
0.233561
0.231427
0.229366
0.227381
0.225473
0.223641
0.221887
0.220213
0.218620
0.217107
0.215676
0.214327
0.213061
0.211880
0.210785
0.209774
0.208850
0.208013
0.207262
0.206598
0.206022
0.205534
0.205135
0.204824
0.204601
0.204468
0.204424
0.204468
0.204601
0.204823
0.205134
0.205534
0.206022
0.206597
0.207261
0.208012
0.208851
0.209774
0.210784
0.211880
0.213061
0.214325
0.215673
0.217104
0.218617
0.220210
0.221884
0.223638
0.225469
0.227378
0.229363
0.231423
0.233557
0.235764
0.238043
0.240391
0.242809
0.245294
0.247844
0.250459
0.253138
0.255878
0.258678
0.261536
0.264451
0.267421
0.270445
0.273520
0.276645
0.279818
0.283037
0.286299
0.289605
0.292951
0.296335
0.299755
0.303209
0.306696
0.310212
0.313757
0.317327
0.320922
0.324537
0.328172
0.331823
0.335490
0.339168
0.342858
0.346555
0.350258
0.353964
0.357672
0.361378
0.365080
0.368777
0.372466
0.376144
0.379809
0.383459
0.387092
0.390704
0.394295
0.397860
0.401399
0.404908
0.408387
0.411831
0.415240
0.418610
0.421940
0.425228
0.428470
0.431666
0.434813
0.437908
0.440951
0.443938
0.446869
0.449739
0.452549
0.455296
0.457977
0.460592
0.463139
0.465615
0.468020
0.470350
0.472605
0.474783
0.476883
0.478904
0.480843
0.482699
0.484472
0.486160
0.487760
0.489274
0.490699
0.492034
0.493279
0.494432
0.495493
0.496460
0.497334
0.498113
0.498796
0.499384
0.499875
0.500270
0.500567
0.500767
0.500871
0.500875
0.500782
0.500591
0.500302
0.499914
0.499430
0.498848
0.498167
0.497390
0.496517
0.495547
0.494482
0.493322
0.492066
0.490717
0.489276
0.487741
0.486115
0.484399
0.482593
0.480698
0.478717
0.476648
0.474495
0.472257
0.469936
0.467534
0.465051
0.462490
0.459852
0.457138
0.454349
0.451487
0.448554
0.445551
0.442480
0.439344
0.436142
0.432878
0.429552
0.426166
0.422723
0.419224
0.415672
0.412067
0.408412
0.404710
0.400960
0.397166
0.393329
0.389451
0.385535
0.381582
0.377594
0.373573
0.369521
0.365441
0.361332
0.357199
0.353042
0.348864
0.344667
0.340453
0.336222
0.331978
0.327722
0.323456
0.319182
0.314901
0.310616
0.306328
0.302038
0.297749
0.293462
0.289180
0.284902
0.280632
0.276371
0.272120
0.267881
0.263656
0.259444
0.255250
0.251072
0.246914
0.242776
0.238660
0.234566
0.230497
0.226453
0.222436
0.218446
0.214484
0.210553
0.206652
0.202783
0.198947
0.195144
0.191376
0.187643
0.183946
0.180285
0.176662
0.173078
0.169532
0.166026
0.162559
0.159133
0.155749
0.152406
0.149104
0.145846
0.142629
0.139456
0.136326
0.133240
0.130198
0.127199
0.124245
0.121335
0.118470
0.115649
0.112873
0.110141
0.107454
0.104812
0.102214
0.099660
0.097151
0.094686
0.092266
0.089889
0.087556
0.085266
0.083020
0.080816
0.078656
0.076538
0.074462
0.072427
0.070435
0.068483
0.066573
0.064702
0.062872
0.061081
0.059329
0.057616
0.055941
0.054304
0.052705
0.051142
0.049616
0.048126
0.046671
0.045251
0.043865
0.042514
0.041196
0.039910
0.038657
0.037436
0.036246
0.035088
0.033959
0.032860
0.031790
0.030749
0.029736
0.028751
0.027793
0.026861
0.025955
0.025075
0.024220
0.023389
0.022583
0.021800
0.021039
0.020302
0.019586
0.018891
0.018218
0.017565
0.016932
0.016319
0.015725
0.015149
0.014591
0.014052
0.013529
0.013023
0.012534
0.012061
0.011603
0.011160
0.010732
0.010319
0.009919
0.009533
0.009160
0.008800
0.008453
0.008117
0.007794
0.007481
0.007180
0.006890
0.006610
0.006340
0.006080
0.005829
0.005588
0.005355
0.005131
0.004916
0.004708
0.004509
0.004317
0.004132
0.003955
0.003784
0.003620
0.003463
0.003311
0.003166
0.003027
0.002892
0.002764
0.002640
0.002522
0.002408
0.002299
0.002195
0.002095
0.001999
0.001907
0.001819
0.001734
0.001654
0.001576
0.001502
0.001431
0.001364
0.001299
0.001237
0.001178
0.001121
0.001067
0.001015
0.000966
0.000919
0.000874
0.000831
0.000789
0.000750
0.000713
0.000677
0.000643
0.000611
0.000580
0.000551
0.000522
0.000496
0.000470
0.000446
0.000423
0.000401
0.000380
0.000360
0.000341
0.000323
0.000306
0.000290
0.000275
0.000260
0.000246
0.000233
0.000220
0.000208
0.000197
0.000186
0.000176
0.000166
0.000157
0.000149
0.000140
0.000132
0.000125
0.000118
0.000111
0.000105
0.000099
0.000094
0.000088
0.000083
0.000078
0.000074
0.000070
0.000066
0.000062
0.000058
0.000055
0.000052
0.000049
0.000046
0.000043
0.000040
0.000038
0.000036
0.000034
0.000032
0.000030
0.000028
0.000026
0.000025
0.000023
0.000022
0.000020
0.000019
0.000018
0.000017
0.000016
0.000015
0.000014
0.000013
0.000012
0.000011
0.000011
0.000010
0.000009
0.000009
0.000008
0.000008
0.000007
0.000007
0.000006
0.000006
0.000005
0.000005
0.000005
0.000004
0.000004
0.000004
0.000004
0.000003
0.000003
0.000003
0.000003
0.000003
0.000002
0.000002
0.000002
0.000002
0.000002
0.000002
0.000002
0.000001
0.000001
0.000001
0.000001
0.000001
0.000001
0.000001
0.000001
0.000001
0.000001
0.000001
0.000001
0.000001
0.000001
0.000001
0.000000
0.000000
0.000000
0.000000
0.000000
0.000000
0.000000
0.000000
0.000000
0.000000
0.000000
0.000000
0.000000
0.000000
0.000000
0.000000
0.000000
0.000000
0.000000
0.000000
0.000000
0.000000
0.000000
0.000000
0.000000
0.000000
0.000000
0.000000
0.000000
0.000000
0.000000
0.000000
0.000000
0.000000
0.000000
0.000000
0.000000
0.000000
0.000000
0.000000
0.000000
0.000000
0.000000
0.000000
0.000000
0.000000
0.000000
0.000000
0.000000
0.000000
0.000000
0.000000
0.000000
0.000000
0.000000
0.000000
0.000000
0.000000
0.000000
0.000000
0.000000
0.000000
0.000000
0.000000
0.000000
0.000000
0.000000
0.000000
0.000000
0.000000
0.000000
0.000000
0.000000
0.000000
0.000000
0.000000
0.000000
0.000000
0.000000
0.000000
0.000000
0.000000
0.000000
0.000000
0.000000
0.000000
0.000000
0.000000
0.000000
0.000000
0.000000
0.000000
0.000000
0.000000
0.000000
0.000000
0.000000
0.000000
0.000000
0.000000
0.000000
0.000000
0.000000
0.000000
0.000000
0.000000
0.000000
0.000000
0.000000
0.000000
0.000000
0.000000
0.000000
0.000000
0.000000
0.000000
0.000000
0.000000
0.000000
0.000000
0.000000
0.000000
0.000000
0.000000
0.000000
0.000000
0.000000
0.000000
0.000000
0.000000
0.000000
0.000000
0.000000
0.000000
0.000000
0.000000
0.000000
0.000000
0.000000
0.000000
0.000000
0.000000
0.000000
0.000000
0.000000
0.000000
0.000000
0.000000
0.000000
0.000000
0.000000
0.000000
0.000000
0.000000
0.000000
0.000000
0.000000
0.000000
0.000000
0.000000
0.000000
0.000000
0.000000
0.000000
0.000000
0.000000
0.000000
0.000000
0.000000
0.000000
0.000000
0.000000
0.000000
0.000000
0.000000
0.000000
0.000000
0.000000
0.000000
0.000000
0.000000
0.000000
0.000000
0.000000
0.000000
0.000000
0.000000
0.000000
0.000000
0.000000
0.000000
0.000000
0.000000
0.000000
0.000000
0.000000
0.000000
0.000000
0.000000
0.000000
0.000000
0.000000
