0.001710
0.003421
0.005135
0.006851
0.008572
0.010298
0.012030
0.013768
0.015516
0.017272
0.019039
0.020817
0.022608
0.024410
0.026229
0.028060
0.029910
0.031775
0.033660
0.035562
0.037485
0.039428
0.041392
0.043381
0.045390
0.047427
0.049486
0.051573
0.053685
0.055825
0.057994
0.060189
0.062419
0.064673
0.066964
0.069282
0.071634
0.074021
0.076437
0.078893
0.081378
0.083902
0.086461
0.089052
0.091687
0.094351
0.097058
0.099802
0.102579
0.105403
0.108257
0.111153
0.114092
0.117061
0.120079
0.123131
0.126220
0.129357
0.132524
0.135734
0.138988
0.142271
0.145601
0.148970
0.152368
0.155815
0.159298
0.162810
0.166371
0.169964
0.173586
0.177255
0.180956
0.184684
0.188456
0.192261
0.196087
0.199956
0.203858
0.207777
0.211733
0.215726
0.219733
0.223766
0.227837
0.231927
0.236030
0.240165
0.244328
0.248497
0.252681
0.256898
0.261130
0.265362
0.269607
0.273880
0.278161
0.282435
0.286717
0.291021
0.295330
0.299625
0.303916
0.308219
0.312530
0.316828
0.321104
0.325373
0.329647
0.333921
0.338173
0.342393
0.346590
0.350778
0.354961
0.359128
0.363264
0.367357
0.371408
0.375428
0.379426
0.383404
0.387359
0.391284
0.395170
0.399010
0.402802
0.406542
0.410229
0.413864
0.417445
0.420973
0.424444
0.427858
0.431214
0.434509
0.437742
0.440911
0.444015
0.447051
0.450018
0.452915
0.455740
0.458492
0.461168
0.463767
0.466288
0.468730
0.471091
0.473370
0.475565
0.477676
0.479700
0.481638
0.483487
0.485248
0.486918
0.488497
0.489985
0.491379
0.492680
0.493887
0.494999
0.496015
0.496935
0.497760
0.498487
0.499117
0.499650
0.500084
0.500421
0.500660
0.500801
0.500843
0.500788
0.500635
0.500384
0.500035
0.499589
0.499047
0.498408
0.497673
0.496844
0.495921
0.494903
0.493793
0.492591
0.491297
0.489914
0.488441
0.486880
0.485230
0.483497
0.481678
0.479775
0.477790
0.475724
0.473580
0.471358
0.469059
0.466686
0.464240
0.461722
0.459136
0.456481
0.453760
0.450975
0.448127
0.445218
0.442252
0.439229
0.436152
0.433022
0.429842
0.426613
0.423338
0.420019
0.416659
0.413259
0.409821
0.406349
0.402843
0.399306
0.395743
0.392152
0.388538
0.384903
0.381248
0.377576
0.373890
0.370191
0.366485
0.362769
0.359049
0.355325
0.351602
0.347879
0.344162
0.340450
0.336747
0.333054
0.329375
0.325712
0.322067
0.318441
0.314837
0.311258
0.307705
0.304180
0.300687
0.297225
0.293799
0.290409
0.287059
0.283748
0.280481
0.277258
0.274082
0.270954
0.267877
0.264850
0.261878
0.258961
0.256101
0.253300
0.250558
0.247879
0.245263
0.242711
0.240226
0.237810
0.235461
0.233183
0.230976
0.228843
0.226783
0.224799
0.222891
0.221061
0.219308
0.217635
0.216042
0.214531
0.213101
0.211753
0.210488
0.209308
0.208214
0.207204
0.206281
0.205444
0.204694
0.204031
0.203456
0.202968
0.202569
0.202259
0.202037
0.201903
0.201859
0.201903
0.202036
0.202259
0.202569
0.202968
0.203455
0.204030
0.204693
0.205444
0.206282
0.207205
0.208213
0.209309
0.210488
0.211751
0.213098
0.214528
0.216040
0.217632
0.219305
0.221057
0.222888
0.224796
0.226780
0.228839
0.230972
0.233179
0.235458
0.237806
0.240224
0.242708
0.245259
0.247875
0.250554
0.253295
0.256096
0.258956
0.261873
0.264846
0.267871
0.270949
0.274077
0.277254
0.280477
0.283744
0.287055
0.290405
0.293795
0.297222
0.300683
0.304177
0.307702
0.311255
0.314834
0.318438
0.322064
0.325709
0.329373
0.333051
0.336742
0.340445
0.344157
0.347875
0.351596
0.355321
0.359044
0.362764
0.366480
0.370188
0.373886
0.377571
0.381244
0.384899
0.388534
0.392149
0.395739
0.399303
0.402840
0.406345
0.409817
0.413255
0.416655
0.420016
0.423334
0.426609
0.429837
0.433018
0.436148
0.439225
0.442248
0.445215
0.448123
0.450971
0.453757
0.456477
0.459132
0.461720
0.464237
0.466684
0.469057
0.471356
0.473578
0.475722
0.477788
0.479772
0.481674
0.483494
0.485229
0.486877
0.488439
0.489911
0.491295
0.492588
0.493791
0.494901
0.495919
0.496842
0.497672
0.498405
0.499044
0.499586
0.500031
0.500380
0.500631
0.500785
0.500841
0.500799
0.500659
0.500420
0.500084
0.499649
0.499118
0.498487
0.497760
0.496937
0.496017
0.495000
0.493889
0.492682
0.491381
0.489987
0.488500
0.486920
0.485250
0.483489
0.481640
0.479702
0.477678
0.475568
0.473373
0.471094
0.468733
0.466291
0.463769
0.461170
0.458494
0.455743
0.452918
0.450021
0.447053
0.444016
0.440913
0.437744
0.434511
0.431216
0.427860
0.424446
0.420976
0.417450
0.413871
0.410241
0.406563
0.402837
0.399065
0.395249
0.391392
0.387495
0.383560
0.379589
0.375585
0.371548
0.367482
0.363387
0.359266
0.355121
0.350954
0.346766
0.342560
0.338338
0.334100
0.329850
0.325589
0.321319
0.317041
0.312758
0.308471
0.304182
0.299892
0.295605
0.291319
0.287039
0.282766
0.278500
0.274244
0.269999
0.265766
0.261548
0.257345
0.253158
0.248990
0.244842
0.240715
0.236610
0.232528
0.228471
0.224441
0.220437
0.216461
0.212515
0.208599
0.204714
0.200861
0.197041
0.193256
0.189505
0.185790
0.182111
0.178469
0.174865
0.171300
0.167774
0.164287
0.160841
0.157436
0.154072
0.150750
0.147470
0.144232
0.141037
0.137886
0.134778
0.131713
0.128693
0.125717
0.122784
0.119897
0.117054
0.114255
0.111501
0.108792
0.106127
0.103507
0.100931
0.098400
0.095913
0.093470
0.091072
0.088717
0.086405
0.084137
0.081913
0.079731
0.077591
0.075494
0.073439
0.071426
0.069454
0.067523
0.065632
0.063782
0.061971
0.060200
0.058468
0.056774
0.055118
0.053500
0.051919
0.050375
0.048866
0.047394
0.045957
0.044554
0.043185
0.041851
0.040549
0.039280
0.038043
0.036837
0.035663
0.034519
0.033406
0.032321
0.031266
0.030239
0.029240
0.028268
0.027323
0.026405
0.025512
0.024644
0.023802
0.022983
0.022188
0.021417
0.020668
0.019941
0.019236
0.018552
0.017889
0.017246
0.016623
0.016019
0.015434
0.014868
0.014319
0.013788
0.013274
0.012777
0.012295
0.011830
0.011380
0.010944
0.010524
0.010117
0.009725
0.009345
0.008979
0.008625
0.008284
0.007954
0.007636
0.007329
0.007033
0.006748
0.006473
0.006208
0.005953
0.005707
0.005470
0.005242
0.005022
0.004811
0.004608
0.004412
0.004224
0.004043
0.003869
0.003702
0.003541
0.003386
0.003238
0.003096
0.002959
0.002827
0.002701
0.002581
0.002465
0.002353
0.002247
0.002144
0.002046
0.001952
0.001862
0.001776
0.001694
0.001615
0.001539
0.001466
0.001397
0.001331
0.001268
0.001207
0.001149
0.001094
0.001041
0.000990
0.000942
0.000896
0.000852
0.000810
0.000770
0.000731
0.000695
0.000660
0.000627
0.000595
0.000565
0.000536
0.000509
0.000483
0.000458
0.000434
0.000412
0.000390
0.000370
0.000351
0.000332
0.000315
0.000298
0.000282
0.000267
0.000253
0.000239
0.000226
0.000214
0.000203
0.000192
0.000181
0.000171
0.000162
0.000153
0.000144
0.000136
0.000129
0.000122
0.000115
0.000108
0.000102
0.000096
0.000091
0.000086
0.000081
0.000076
0.000072
0.000068
0.000064
0.000060
0.000056
0.000053
0.000050
0.000047
0.000044
0.000042
0.000039
0.000037
0.000035
0.000033
0.000031
0.000029
0.000027
0.000025
0.000024
0.000022
0.000021
0.000020
0.000018
0.000017
0.000016
0.000015
0.000014
0.000013
0.000013
0.000012
0.000011
0.000010
0.000010
0.000009
0.000008
0.000008
0.000007
0.000007
0.000006
0.000006
0.000006
0.000005
0.000005
0.000005
0.000004
0.000004
0.000004
0.000004
0.000003
0.000003
0.000003
0.000003
0.000002
0.000002
0.000002
0.000002
0.000002
0.000002
0.000002
0.000002
0.000001
0.000001
0.000001
0.000001
0.000001
0.000001
0.000001
0.000001
0.000001
0.000001
0.000001
0.000001
0.000001
0.000001
0.000001
0.000000
0.000000
0.000000
0.000000
0.000000
0.000000
0.000000
0.000000
0.000000
0.000000
0.000000
0.000000
0.000000
0.000000
0.000000
0.000000
0.000000
0.000000
0.000000
0.000000
0.000000
0.000000
0.000000
0.000000
0.000000
0.000000
0.000000
0.000000
0.000000
0.000000
0.000000
0.000000
0.000000
0.000000
0.000000
0.000000
0.000000
0.000000
0.000000
0.000000
0.000000
0.000000
0.000000
0.000000
0.000000
0.000000
0.000000
0.000000
0.000000
0.000000
0.000000
0.000000
0.000000
0.000000
0.000000
0.000000
0.000000
0.000000
0.000000
0.000000
0.000000
0.000000
0.000000
0.000000
0.000000
0.000000
0.000000
0.000000
0.000000
0.000000
0.000000
0.000000
0.000000
0.000000
0.000000
0.000000
0.000000
0.000000
0.000000
0.000000
0.000000
0.000000
0.000000
0.000000
0.000000
0.000000
0.000000
0.000000
0.000000
0.000000
0.000000
0.000000
0.000000
0.000000
0.000000
0.000000
0.000000
0.000000
0.000000
0.000000
0.000000
0.000000
0.000000
0.000000
0.000000
0.000000
0.000000
0.000000
0.000000
0.000000
0.000000
0.000000
0.000000
0.000000
0.000000
0.000000
0.000000
0.000000
0.000000
0.000000
0.000000
0.000000
0.000000
0.000000
0.000000
0.000000
0.000000
0.000000
0.000000
0.000000
0.000000
0.000000
0.000000
0.000000
0.000000
0.000000
0.000000
0.000000
0.000000
0.000000
0.000000
0.000000
0.000000
0.000000
0.000000
0.000000
0.000000
0.000000
0.000000
0.000000
0.000000
0.000000
0.000000
0.000000
0.000000
0.000000
0.000000
0.000000
0.000000
0.000000
0.000000
0.000000
0.000000
0.000000
0.000000
0.000000
0.000000
0.000000
0.000000
0.000000
0.000000
0.000000
0.000000
0.000000
0.000000
0.000000
0.000000
0.000000
0.000000
0.000000
0.000000
0.000000
0.000000
0.000000
0.000000
0.000000
0.000000
0.000000
0.000000
0.000000
0.000000
0.000000
0.000000
0.000000
0.000000
0.000000
0.000000
0.000000
0.000000
0.000000
0.000000
