0.001735
0.003471
0.005210
0.006951
0.008696
0.010447
0.012204
0.013967
0.015740
0.017521
0.019314
0.021116
0.022932
0.024760
0.026603
0.028461
0.030335
0.032226
0.034135
0.036064
0.038010
0.039981
0.041970
0.043984
0.046019
0.048081
0.050166
0.052277
0.054417
0.056581
0.058777
0.060998
0.063253
0.065535
0.067848
0.070196
0.072571
0.074985
0.077427
0.079907
0.082421
0.084967
0.087555
0.090171
0.092830
0.095524
0.098252
0.101024
0.103827
0.106673
0.109557
0.112475
0.115440
0.118436
0.121474
0.124555
0.127667
0.130826
0.134022
0.137252
0.140530
0.143841
0.147188
0.150583
0.154007
0.157471
0.160980
0.164515
0.168091
0.171710
0.175354
0.179038
0.182764
0.186512
0.190298
0.194125
0.197972
0.201852
0.205773
0.209715
0.213681
0.217688
0.221717
0.225761
0.229841
0.233950
0.238068
0.242208
0.246382
0.250570
0.254762
0.258981
0.263225
0.267470
0.271720
0.275992
0.280282
0.284568
0.288850
0.293149
0.297462
0.301767
0.306058
0.310353
0.314659
0.318962
0.323241
0.327503
0.331764
0.336029
0.340280
0.344500
0.348689
0.352860
0.357025
0.361179
0.365307
0.369394
0.373436
0.377440
0.381415
0.385368
0.389298
0.393200
0.397065
0.400886
0.404658
0.408377
0.412042
0.415653
0.419209
0.422709
0.426152
0.429538
0.432863
0.436127
0.439328
0.442464
0.445534
0.448536
0.451467
0.454328
0.457116
0.459829
0.462467
0.465027
0.467508
0.469909
0.472228
0.474465
0.476617
0.478684
0.480665
0.482558
0.484362
0.486077
0.487701
0.489233
0.490673
0.492020
0.493272
0.494431
0.495493
0.496460
0.497332
0.498107
0.498784
0.499363
0.499845
0.500229
0.500515
0.500703
0.500793
0.500784
0.500678
0.500474
0.500172
0.499772
0.499276
0.498683
0.497993
0.497209
0.496330
0.495356
0.494289
0.493130
0.491878
0.490536
0.489104
0.487583
0.485974
0.484278
0.482498
0.480632
0.478684
0.476654
0.474543
0.472355
0.470089
0.467747
0.465332
0.462844
0.460286
0.457659
0.454964
0.452205
0.449381
0.446496
0.443550
0.440548
0.437490
0.434378
0.431214
0.428001
0.424740
0.421434
0.418085
0.414694
0.411265
0.407798
0.404299
0.400766
0.397204
0.393615
0.390001
0.386363
0.382705
0.379028
0.375335
0.371629
0.367911
0.364185
0.360452
0.356714
0.352974
0.349235
0.345497
0.341765
0.338040
0.334323
0.330619
0.326928
0.323254
0.319598
0.315963
0.312350
0.308762
0.305201
0.301669
0.298169
0.294701
0.291269
0.287874
0.284519
0.281204
0.277932
0.274706
0.271526
0.268396
0.265316
0.262288
0.259314
0.256395
0.253534
0.250732
0.247990
0.245310
0.242694
0.240142
0.237658
0.235241
0.232893
0.230616
0.228410
0.226277
0.224219
0.222236
0.220329
0.218500
0.216748
0.215077
0.213485
0.211975
0.210546
0.209199
0.207937
0.206758
0.205664
0.204656
0.203734
0.202898
0.202149
0.201486
0.200911
0.200425
0.200026
0.199716
0.199494
0.199361
0.199316
0.199361
0.199494
0.199716
0.200026
0.200425
0.200911
0.201485
0.202148
0.202898
0.203734
0.204656
0.205664
0.206758
0.207936
0.209198
0.210544
0.211972
0.213483
0.215074
0.216745
0.218496
0.220326
0.222233
0.224216
0.226274
0.228406
0.230612
0.232890
0.235237
0.237655
0.240139
0.242691
0.245306
0.247985
0.250727
0.253529
0.256390
0.259309
0.262283
0.265311
0.268391
0.271522
0.274702
0.277928
0.281199
0.284514
0.287870
0.291265
0.294698
0.298165
0.301666
0.305198
0.308759
0.312347
0.315960
0.319596
0.323252
0.326926
0.330616
0.334319
0.338035
0.341760
0.345492
0.349230
0.352969
0.356709
0.360447
0.364180
0.367907
0.371625
0.375331
0.379024
0.382701
0.386359
0.389997
0.393612
0.397201
0.400764
0.404295
0.407795
0.411261
0.414690
0.418081
0.421429
0.424736
0.427996
0.431210
0.434374
0.437485
0.440544
0.443547
0.446492
0.449377
0.452201
0.454961
0.457655
0.460283
0.462842
0.465330
0.467746
0.470088
0.472353
0.474542
0.476651
0.478681
0.480629
0.482494
0.484276
0.485972
0.487580
0.489101
0.490534
0.491876
0.493127
0.494287
0.495354
0.496327
0.497207
0.497991
0.498680
0.499273
0.499769
0.500169
0.500471
0.500675
0.500782
0.500791
0.500702
0.500514
0.500229
0.499845
0.499363
0.498784
0.498107
0.497333
0.496462
0.495495
0.494433
0.493274
0.492021
0.490674
0.489235
0.487703
0.486078
0.484364
0.482559
0.480666
0.478686
0.476620
0.474468
0.472231
0.469912
0.467511
0.465029
0.462469
0.459832
0.457119
0.454331
0.451470
0.448537
0.445535
0.442466
0.439330
0.436129
0.432865
0.429540
0.426155
0.422713
0.419214
0.415662
0.412058
0.408404
0.404702
0.400953
0.397159
0.393322
0.389445
0.385529
0.381576
0.377588
0.373568
0.369517
0.365436
0.361328
0.357195
0.353038
0.348861
0.344664
0.340449
0.336219
0.331975
0.327719
0.323453
0.319180
0.314899
0.310614
0.306326
0.302036
0.297747
0.293461
0.289178
0.284901
0.280631
0.276370
0.272119
0.267880
0.263655
0.259444
0.255249
0.251071
0.246913
0.242775
0.238659
0.234566
0.230496
0.226452
0.222435
0.218445
0.214484
0.210553
0.206652
0.202783
0.198947
0.195144
0.191376
0.187642
0.183945
0.180285
0.176662
0.173077
0.169532
0.166025
0.162559
0.159133
0.155748
0.152405
0.149104
0.145845
0.142629
0.139456
0.136326
0.133240
0.130197
0.127199
0.124245
0.121335
0.118470
0.115649
0.112873
0.110141
0.107454
0.104812
0.102214
0.099660
0.097151
0.094686
0.092266
0.089889
0.087556
0.085266
0.083020
0.080816
0.078656
0.076538
0.074462
0.072427
0.070435
0.068483
0.066573
0.064702
0.062872
0.061081
0.059329
0.057616
0.055941
0.054304
0.052705
0.051142
0.049616
0.048126
0.046671
0.045251
0.043865
0.042514
0.041196
0.039910
0.038657
0.037436
0.036246
0.035088
0.033959
0.032860
0.031790
0.030749
0.029736
0.028751
0.027793
0.026861
0.025955
0.025075
0.024220
0.023389
0.022583
0.021800
0.021039
0.020302
0.019586
0.018891
0.018218
0.017565
0.016932
0.016319
0.015725
0.015149
0.014591
0.014052
0.013529
0.013023
0.012534
0.012061
0.011603
0.011160
0.010732
0.010319
0.009919
0.009533
0.009160
0.008800
0.008453
0.008117
0.007794
0.007481
0.007180
0.006890
0.006610
0.006340
0.006080
0.005829
0.005588
0.005355
0.005131
0.004916
0.004708
0.004509
0.004317
0.004132
0.003955
0.003784
0.003620
0.003463
0.003311
0.003166
0.003027
0.002892
0.002764
0.002640
0.002522
0.002408
0.002299
0.002195
0.002095
0.001999
0.001907
0.001819
0.001734
0.001654
0.001576
0.001502
0.001431
0.001364
0.001299
0.001237
0.001178
0.001121
0.001067
0.001015
0.000966
0.000919
0.000874
0.000831
0.000789
0.000750
0.000713
0.000677
0.000643
0.000611
0.000580
0.000551
0.000522
0.000496
0.000470
0.000446
0.000423
0.000401
0.000380
0.000360
0.000341
0.000323
0.000306
0.000290
0.000275
0.000260
0.000246
0.000233
0.000220
0.000208
0.000197
0.000186
0.000176
0.000166
0.000157
0.000149
0.000140
0.000132
0.000125
0.000118
0.000111
0.000105
0.000099
0.000094
0.000088
0.000083
0.000078
0.000074
0.000070
0.000066
0.000062
0.000058
0.000055
0.000052
0.000049
0.000046
0.000043
0.000040
0.000038
0.000036
0.000034
0.000032
0.000030
0.000028
0.000026
0.000025
0.000023
0.000022
0.000020
0.000019
0.000018
0.000017
0.000016
0.000015
0.000014
0.000013
0.000012
0.000011
0.000011
0.000010
0.000009
0.000009
0.000008
0.000008
0.000007
0.000007
0.000006
0.000006
0.000005
0.000005
0.000005
0.000004
0.000004
0.000004
0.000004
0.000003
0.000003
0.000003
0.000003
0.000003
0.000002
0.000002
0.000002
0.000002
0.000002
0.000002
0.000002
0.000001
0.000001
0.000001
0.000001
0.000001
0.000001
0.000001
0.000001
0.000001
0.000001
0.000001
0.000001
0.000001
0.000001
0.000001
0.000000
0.000000
0.000000
0.000000
0.000000
0.000000
0.000000
0.000000
0.000000
0.000000
0.000000
0.000000
0.000000
0.000000
0.000000
0.000000
0.000000
0.000000
0.000000
0.000000
0.000000
0.000000
0.000000
0.000000
0.000000
0.000000
0.000000
0.000000
0.000000
0.000000
0.000000
0.000000
0.000000
0.000000
0.000000
0.000000
0.000000
0.000000
0.000000
0.000000
0.000000
0.000000
0.000000
0.000000
0.000000
0.000000
0.000000
0.000000
0.000000
0.000000
0.000000
0.000000
0.000000
0.000000
0.000000
0.000000
0.000000
0.000000
0.000000
0.000000
0.000000
0.000000
0.000000
0.000000
0.000000
0.000000
0.000000
0.000000
0.000000
0.000000
0.000000
0.000000
0.000000
0.000000
0.000000
0.000000
0.000000
0.000000
0.000000
0.000000
0.000000
0.000000
0.000000
0.000000
0.000000
0.000000
0.000000
0.000000
0.000000
0.000000
0.000000
0.000000
0.000000
0.000000
0.000000
0.000000
0.000000
0.000000
0.000000
0.000000
0.000000
0.000000
0.000000
0.000000
0.000000
0.000000
0.000000
0.000000
0.000000
0.000000
0.000000
0.000000
0.000000
0.000000
0.000000
0.000000
0.000000
0.000000
0.000000
0.000000
0.000000
0.000000
0.000000
0.000000
0.000000
0.000000
0.000000
0.000000
0.000000
0.000000
0.000000
0.000000
0.000000
0.000000
0.000000
0.000000
0.000000
0.000000
0.000000
0.000000
0.000000
0.000000
0.000000
0.000000
0.000000
0.000000
0.000000
0.000000
0.000000
0.000000
0.000000
0.000000
0.000000
0.000000
0.000000
0.000000
0.000000
0.000000
0.000000
0.000000
0.000000
0.000000
0.000000
0.000000
0.000000
0.000000
0.000000
0.000000
0.000000
0.000000
0.000000
0.000000
0.000000
0.000000
0.000000
0.000000
0.000000
0.000000
0.000000
0.000000
0.000000
0.000000
0.000000
0.000000
0.000000
0.000000
0.000000
0.000000
0.000000
0.000000
0.000000
0.000000
0.000000
0.000000
0.000000
0.000000
0.000000
0.000000
0.000000
0.000000
0.000000
