0.001760
0.003521
0.005285
0.007051
0.008822
0.010598
0.012380
0.014169
0.015967
0.017773
0.019590
0.021419
0.023259
0.025113
0.026981
0.028865
0.030763
0.032681
0.034615
0.036570
0.038542
0.040538
0.042553
0.044592
0.046655
0.048740
0.050853
0.052989
0.055155
0.057345
0.059567
0.061815
0.064093
0.066404
0.068741
0.071116
0.073518
0.075956
0.078427
0.080930
0.083472
0.086043
0.088656
0.091301
0.093982
0.096705
0.099457
0.102255
0.105086
0.107954
0.110866
0.113808
0.116796
0.119821
0.122881
0.125988
0.129126
0.132305
0.135529
0.138783
0.142081
0.145420
0.148788
0.152204
0.155655
0.159137
0.162668
0.166229
0.169822
0.173463
0.177131
0.180831
0.184577
0.188349
0.192149
0.195994
0.199865
0.203759
0.207694
0.211658
0.215639
0.219656
0.223705
0.227766
0.231853
0.235976
0.240113
0.244261
0.248440
0.252643
0.256849
0.261070
0.265320
0.269580
0.273837
0.278108
0.282402
0.286700
0.290987
0.295281
0.299593
0.303906
0.308201
0.312490
0.316787
0.321089
0.325374
0.329633
0.333882
0.338133
0.342379
0.346599
0.350783
0.354941
0.359086
0.363223
0.367340
0.371421
0.375455
0.379444
0.383398
0.387326
0.391230
0.395107
0.398950
0.402750
0.406501
0.410199
0.413842
0.417428
0.420959
0.424431
0.427846
0.431202
0.434497
0.437729
0.440898
0.444001
0.447036
0.450003
0.452899
0.455723
0.458473
0.461148
0.463746
0.466267
0.468708
0.471067
0.473345
0.475539
0.477648
0.479671
0.481607
0.483455
0.485214
0.486883
0.488460
0.489945
0.491338
0.492636
0.493841
0.494950
0.495964
0.496882
0.497704
0.498429
0.499056
0.499585
0.500016
0.500350
0.500585
0.500722
0.500761
0.500701
0.500544
0.500289
0.499936
0.499486
0.498939
0.498295
0.497555
0.496721
0.495791
0.494768
0.493652
0.492443
0.491142
0.489752
0.488272
0.486703
0.485047
0.483305
0.481478
0.479566
0.477572
0.475497
0.473343
0.471111
0.468801
0.466418
0.463961
0.461431
0.458833
0.456166
0.453432
0.450634
0.447772
0.444850
0.441868
0.438830
0.435737
0.432591
0.429394
0.426148
0.422856
0.419518
0.416140
0.412719
0.409262
0.405768
0.402241
0.398682
0.395096
0.391482
0.387843
0.384183
0.380503
0.376804
0.373091
0.369365
0.365628
0.361883
0.358133
0.354378
0.350623
0.346868
0.343116
0.339370
0.335632
0.331903
0.328187
0.324485
0.320801
0.317135
0.313491
0.309869
0.306273
0.302704
0.299166
0.295659
0.292186
0.288748
0.285349
0.281988
0.278670
0.275394
0.272165
0.268983
0.265850
0.262768
0.259739
0.256763
0.253844
0.250982
0.248179
0.245437
0.242757
0.240141
0.237590
0.235106
0.232690
0.230344
0.228066
0.225862
0.223730
0.221674
0.219692
0.217786
0.215958
0.214209
0.212539
0.210949
0.209439
0.208012
0.206667
0.205406
0.204229
0.203136
0.202129
0.201208
0.200373
0.199625
0.198963
0.198389
0.197903
0.197505
0.197195
0.196974
0.196840
0.196796
0.196840
0.196973
0.197195
0.197505
0.197903
0.198389
0.198962
0.199624
0.200372
0.201207
0.202129
0.203136
0.204228
0.205405
0.206666
0.208010
0.209437
0.210946
0.212536
0.214206
0.215955
0.217784
0.219689
0.221670
0.223727
0.225859
0.228063
0.230339
0.232687
0.235102
0.237587
0.240138
0.242753
0.245432
0.248174
0.250976
0.253838
0.256758
0.259734
0.262763
0.265845
0.268979
0.272161
0.275390
0.278665
0.281984
0.285344
0.288744
0.292182
0.295656
0.299163
0.302702
0.306270
0.309866
0.313488
0.317133
0.320799
0.324483
0.328184
0.331899
0.335627
0.339365
0.343112
0.346863
0.350618
0.354374
0.358128
0.361879
0.365624
0.369360
0.373086
0.376800
0.380498
0.384179
0.387839
0.391478
0.395092
0.398680
0.402237
0.405764
0.409258
0.412715
0.416135
0.419514
0.422851
0.426143
0.429390
0.432587
0.435733
0.438826
0.441865
0.444846
0.447769
0.450630
0.453428
0.456162
0.458830
0.461429
0.463958
0.466416
0.468800
0.471109
0.473342
0.475495
0.477570
0.479563
0.481474
0.483302
0.485045
0.486701
0.488269
0.489749
0.491140
0.492441
0.493649
0.494766
0.495789
0.496718
0.497553
0.498292
0.498936
0.499483
0.499933
0.500286
0.500541
0.500699
0.500759
0.500721
0.500584
0.500349
0.500016
0.499584
0.499056
0.498429
0.497704
0.496883
0.495965
0.494952
0.493843
0.492638
0.491339
0.489947
0.488462
0.486884
0.485215
0.483457
0.481609
0.479673
0.477650
0.475541
0.473348
0.471070
0.468711
0.466270
0.463749
0.461150
0.458476
0.455726
0.452901
0.450005
0.447038
0.444002
0.440900
0.437731
0.434499
0.431205
0.427850
0.424436
0.420966
0.417441
0.413862
0.410233
0.406555
0.402829
0.399058
0.395242
0.391385
0.387489
0.383554
0.379584
0.375580
0.371544
0.367478
0.363383
0.359262
0.355118
0.350951
0.346763
0.342557
0.338335
0.334098
0.329847
0.325586
0.321316
0.317039
0.312756
0.308469
0.304180
0.299891
0.295603
0.291318
0.287038
0.282764
0.278499
0.274243
0.269998
0.265765
0.261547
0.257344
0.253157
0.248989
0.244841
0.240714
0.236609
0.232528
0.228471
0.224440
0.220436
0.216461
0.212514
0.208598
0.204713
0.200861
0.197041
0.193255
0.189504
0.185789
0.182110
0.178469
0.174865
0.171300
0.167773
0.164287
0.160841
0.157436
0.154072
0.150749
0.147469
0.144232
0.141037
0.137886
0.134778
0.131713
0.128693
0.125716
0.122784
0.119897
0.117054
0.114255
0.111501
0.108792
0.106127
0.103507
0.100931
0.098400
0.095913
0.093470
0.091072
0.088717
0.086405
0.084137
0.081913
0.079731
0.077591
0.075494
0.073439
0.071426
0.069454
0.067523
0.065632
0.063782
0.061971
0.060200
0.058468
0.056774
0.055118
0.053500
0.051919
0.050375
0.048866
0.047394
0.045957
0.044554
0.043185
0.041851
0.040549
0.039280
0.038043
0.036837
0.035663
0.034519
0.033406
0.032321
0.031266
0.030239
0.029240
0.028268
0.027323
0.026405
0.025512
0.024644
0.023802
0.022983
0.022188
0.021417
0.020668
0.019941
0.019236
0.018552
0.017889
0.017246
0.016623
0.016019
0.015434
0.014868
0.014319
0.013788
0.013274
0.012777
0.012295
0.011830
0.011380
0.010945
0.010524
0.010117
0.009725
0.009345
0.008979
0.008625
0.008284
0.007954
0.007636
0.007329
0.007034
0.006748
0.006473
0.006208
0.005953
0.005707
0.005470
0.005242
0.005022
0.004811
0.004608
0.004412
0.004224
0.004043
0.003869
0.003702
0.003541
0.003386
0.003238
0.003096
0.002959
0.002828
0.002701
0.002581
0.002465
0.002353
0.002247
0.002144
0.002046
0.001952
0.001862
0.001776
0.001694
0.001615
0.001539
0.001467
0.001397
0.001331
0.001268
0.001207
0.001149
0.001094
0.001041
0.000990
0.000942
0.000896
0.000852
0.000810
0.000770
0.000731
0.000695
0.000660
0.000627
0.000595
0.000565
0.000536
0.000509
0.000483
0.000458
0.000434
0.000412
0.000390
0.000370
0.000351
0.000332
0.000315
0.000298
0.000282
0.000267
0.000253
0.000239
0.000226
0.000214
0.000203
0.000192
0.000181
0.000171
0.000162
0.000153
0.000144
0.000136
0.000129
0.000122
0.000115
0.000108
0.000102
0.000096
0.000091
0.000086
0.000081
0.000076
0.000072
0.000068
0.000064
0.000060
0.000056
0.000053
0.000050
0.000047
0.000044
0.000042
0.000039
0.000037
0.000035
0.000033
0.000031
0.000029
0.000027
0.000025
0.000024
0.000022
0.000021
0.000020
0.000018
0.000017
0.000016
0.000015
0.000014
0.000013
0.000013
0.000012
0.000011
0.000010
0.000010
0.000009
0.000008
0.000008
0.000007
0.000007
0.000006
0.000006
0.000006
0.000005
0.000005
0.000005
0.000004
0.000004
0.000004
0.000004
0.000003
0.000003
0.000003
0.000003
0.000002
0.000002
0.000002
0.000002
0.000002
0.000002
0.000002
0.000002
0.000001
0.000001
0.000001
0.000001
0.000001
0.000001
0.000001
0.000001
0.000001
0.000001
0.000001
0.000001
0.000001
0.000001
0.000001
0.000000
0.000000
0.000000
0.000000
0.000000
0.000000
0.000000
0.000000
0.000000
0.000000
0.000000
0.000000
0.000000
0.000000
0.000000
0.000000
0.000000
0.000000
0.000000
0.000000
0.000000
0.000000
0.000000
0.000000
0.000000
0.000000
0.000000
0.000000
0.000000
0.000000
0.000000
0.000000
0.000000
0.000000
0.000000
0.000000
0.000000
0.000000
0.000000
0.000000
0.000000
0.000000
0.000000
0.000000
0.000000
0.000000
0.000000
0.000000
0.000000
0.000000
0.000000
0.000000
0.000000
0.000000
0.000000
0.000000
0.000000
0.000000
0.000000
0.000000
0.000000
0.000000
0.000000
0.000000
0.000000
0.000000
0.000000
0.000000
0.000000
0.000000
0.000000
0.000000
0.000000
0.000000
0.000000
0.000000
0.000000
0.000000
0.000000
0.000000
0.000000
0.000000
0.000000
0.000000
0.000000
0.000000
0.000000
0.000000
0.000000
0.000000
0.000000
0.000000
0.000000
0.000000
0.000000
0.000000
0.000000
0.000000
0.000000
0.000000
0.000000
0.000000
0.000000
0.000000
0.000000
0.000000
0.000000
0.000000
0.000000
0.000000
0.000000
0.000000
0.000000
0.000000
0.000000
0.000000
0.000000
0.000000
0.000000
0.000000
0.000000
0.000000
0.000000
0.000000
0.000000
0.000000
0.000000
0.000000
0.000000
0.000000
0.000000
0.000000
0.000000
0.000000
0.000000
0.000000
0.000000
0.000000
0.000000
0.000000
0.000000
0.000000
0.000000
0.000000
0.000000
0.000000
0.000000
0.000000
0.000000
0.000000
0.000000
0.000000
0.000000
0.000000
0.000000
0.000000
0.000000
0.000000
0.000000
0.000000
0.000000
0.000000
0.000000
0.000000
0.000000
0.000000
0.000000
0.000000
0.000000
0.000000
0.000000
0.000000
0.000000
0.000000
0.000000
0.000000
0.000000
0.000000
0.000000
0.000000
0.000000
0.000000
0.000000
0.000000
0.000000
0.000000
0.000000
0.000000
0.000000
0.000000
0.000000
0.000000
0.000000
0.000000
0.000000
0.000000
0.000000
0.000000
0.000000
0.000000
