0.001786
0.003572
0.005361
0.007153
0.008949
0.010750
0.012558
0.014373
0.016195
0.018028
0.019870
0.021724
0.023590
0.025470
0.027363
0.029273
0.031197
0.033141
0.035100
0.037080
0.039080
0.041100
0.043143
0.045206
0.047296
0.049406
0.051546
0.053708
0.055899
0.058117
0.060362
0.062639
0.064942
0.067280
0.069644
0.072043
0.074473
0.076935
0.079435
0.081962
0.084531
0.087130
0.089765
0.092440
0.095145
0.097893
0.100674
0.103493
0.106354
0.109245
0.112182
0.115153
0.118162
0.121215
0.124299
0.127428
0.130596
0.133795
0.137043
0.140324
0.143642
0.147006
0.150399
0.153833
0.157311
0.160816
0.164364
0.167952
0.171565
0.175222
0.178917
0.182636
0.186396
0.190194
0.194012
0.197870
0.201764
0.205676
0.209622
0.213606
0.217606
0.221632
0.225696
0.229777
0.233873
0.238004
0.242160
0.246321
0.250504
0.254718
0.258940
0.263167
0.267417
0.271689
0.275959
0.280230
0.284523
0.288829
0.293126
0.297417
0.301724
0.306040
0.310343
0.314629
0.318917
0.323213
0.327500
0.331761
0.336000
0.340236
0.344471
0.348689
0.352871
0.357018
0.361145
0.365262
0.369364
0.373435
0.377462
0.381440
0.385375
0.389278
0.393155
0.397005
0.400824
0.404601
0.408331
0.412007
0.415627
0.419189
0.422694
0.426139
0.429525
0.432851
0.436116
0.439316
0.442451
0.445520
0.448521
0.451452
0.454312
0.457099
0.459811
0.462448
0.465007
0.467487
0.469887
0.472205
0.474440
0.476591
0.478657
0.480636
0.482527
0.484330
0.486043
0.487666
0.489196
0.490634
0.491979
0.493230
0.494386
0.495446
0.496411
0.497279
0.498052
0.498726
0.499303
0.499782
0.500163
0.500446
0.500630
0.500716
0.500704
0.500594
0.500386
0.500079
0.499675
0.499175
0.498577
0.497883
0.497093
0.496208
0.495229
0.494156
0.492991
0.491733
0.490385
0.488946
0.487418
0.485802
0.484098
0.482310
0.480436
0.478479
0.476440
0.474321
0.472123
0.469848
0.467495
0.465070
0.462571
0.460001
0.457363
0.454656
0.451884
0.449047
0.446148
0.443189
0.440172
0.437099
0.433971
0.430792
0.427562
0.424284
0.420960
0.417593
0.414184
0.410735
0.407249
0.403729
0.400175
0.396591
0.392980
0.389342
0.385680
0.381997
0.378295
0.374577
0.370844
0.367098
0.363344
0.359581
0.355814
0.352042
0.348273
0.344503
0.340737
0.336978
0.333226
0.329485
0.325758
0.322047
0.318352
0.314677
0.311024
0.307395
0.303791
0.300216
0.296671
0.293157
0.289679
0.286237
0.282833
0.279468
0.276147
0.272868
0.269637
0.266452
0.263317
0.260233
0.257203
0.254227
0.251307
0.248445
0.245641
0.242899
0.240220
0.237604
0.235055
0.232571
0.230156
0.227811
0.225535
0.223332
0.221202
0.219147
0.217167
0.215263
0.213436
0.211689
0.210021
0.208432
0.206925
0.205499
0.204156
0.202896
0.201720
0.200629
0.199624
0.198704
0.197870
0.197122
0.196462
0.195888
0.195403
0.195006
0.194696
0.194475
0.194342
0.194297
0.194342
0.194475
0.194696
0.195006
0.195403
0.195888
0.196461
0.197122
0.197869
0.198703
0.199623
0.200629
0.201719
0.202895
0.204155
0.205498
0.206922
0.208430
0.210018
0.211686
0.213433
0.215260
0.217164
0.219143
0.221199
0.223329
0.225532
0.227807
0.230153
0.232567
0.235051
0.237601
0.240216
0.242895
0.245636
0.248439
0.251301
0.254221
0.257198
0.260229
0.263312
0.266448
0.269632
0.272864
0.276142
0.279464
0.282829
0.286233
0.289676
0.293154
0.296667
0.300213
0.303788
0.307392
0.311021
0.314675
0.318350
0.322044
0.325756
0.329482
0.333221
0.336972
0.340732
0.344498
0.348267
0.352038
0.355809
0.359576
0.363339
0.367093
0.370839
0.374572
0.378291
0.381993
0.385676
0.389338
0.392976
0.396588
0.400172
0.403725
0.407245
0.410732
0.414179
0.417588
0.420956
0.424279
0.427557
0.430788
0.433967
0.437094
0.440168
0.443186
0.446145
0.449043
0.451880
0.454652
0.457359
0.459999
0.462568
0.465068
0.467494
0.469846
0.472122
0.474319
0.476438
0.478476
0.480433
0.482306
0.484096
0.485799
0.487415
0.488943
0.490382
0.491731
0.492989
0.494154
0.495227
0.496206
0.497091
0.497880
0.498574
0.499172
0.499673
0.500077
0.500383
0.500592
0.500703
0.500715
0.500629
0.500445
0.500162
0.499781
0.499303
0.498726
0.498052
0.497280
0.496412
0.495448
0.494388
0.493231
0.491981
0.490636
0.489198
0.487667
0.486045
0.484332
0.482529
0.480638
0.478659
0.476594
0.474443
0.472208
0.469890
0.467490
0.465009
0.462450
0.459814
0.457102
0.454315
0.451455
0.448523
0.445522
0.442453
0.439318
0.436118
0.432854
0.429529
0.426145
0.422703
0.419206
0.415654
0.412050
0.408397
0.404695
0.400946
0.397152
0.393316
0.389439
0.385523
0.381571
0.377584
0.373563
0.369512
0.365432
0.361324
0.357191
0.353035
0.348858
0.344661
0.340447
0.336217
0.331973
0.327717
0.323451
0.319178
0.314897
0.310612
0.306324
0.302035
0.297746
0.293459
0.289177
0.284900
0.280630
0.276369
0.272118
0.267879
0.263654
0.259443
0.255248
0.251071
0.246912
0.242775
0.238658
0.234565
0.230496
0.226452
0.222434
0.218445
0.214483
0.210552
0.206652
0.202783
0.198946
0.195144
0.191375
0.187642
0.183945
0.180285
0.176662
0.173077
0.169531
0.166025
0.162559
0.159133
0.155748
0.152405
0.149104
0.145845
0.142629
0.139456
0.136326
0.133240
0.130197
0.127199
0.124245
0.121335
0.118470
0.115649
0.112872
0.110141
0.107454
0.104811
0.102214
0.099660
0.097151
0.094686
0.092265
0.089889
0.087555
0.085266
0.083020
0.080816
0.078656
0.076537
0.074462
0.072427
0.070435
0.068483
0.066572
0.064702
0.062872
0.061081
0.059329
0.057616
0.055941
0.054304
0.052705
0.051142
0.049616
0.048126
0.046671
0.045251
0.043865
0.042514
0.041196
0.039910
0.038657
0.037436
0.036247
0.035088
0.033959
0.032860
0.031790
0.030749
0.029736
0.028751
0.027793
0.026861
0.025955
0.025075
0.024220
0.023389
0.022583
0.021800
0.021039
0.020302
0.019586
0.018891
0.018218
0.017565
0.016932
0.016319
0.015725
0.015149
0.014591
0.014052
0.013529
0.013023
0.012534
0.012061
0.011603
0.011160
0.010732
0.010319
0.009919
0.009533
0.009160
0.008800
0.008453
0.008117
0.007794
0.007481
0.007180
0.006890
0.006610
0.006340
0.006080
0.005829
0.005588
0.005355
0.005131
0.004916
0.004708
0.004509
0.004317
0.004132
0.003955
0.003784
0.003620
0.003463
0.003311
0.003166
0.003027
0.002892
0.002764
0.002640
0.002522
0.002408
0.002299
0.002195
0.002095
0.001999
0.001907
0.001819
0.001734
0.001654
0.001576
0.001502
0.001431
0.001364
0.001299
0.001237
0.001178
0.001121
0.001067
0.001015
0.000966
0.000919
0.000874
0.000831
0.000789
0.000750
0.000713
0.000677
0.000643
0.000611
0.000580
0.000551
0.000522
0.000496
0.000470
0.000446
0.000423
0.000401
0.000380
0.000360
0.000341
0.000323
0.000306
0.000290
0.000275
0.000260
0.000246
0.000233
0.000220
0.000208
0.000197
0.000186
0.000176
0.000166
0.000157
0.000149
0.000140
0.000132
0.000125
0.000118
0.000111
0.000105
0.000099
0.000094
0.000088
0.000083
0.000078
0.000074
0.000070
0.000066
0.000062
0.000058
0.000055
0.000052
0.000049
0.000046
0.000043
0.000040
0.000038
0.000036
0.000034
0.000032
0.000030
0.000028
0.000026
0.000025
0.000023
0.000022
0.000020
0.000019
0.000018
0.000017
0.000016
0.000015
0.000014
0.000013
0.000012
0.000011
0.000011
0.000010
0.000009
0.000009
0.000008
0.000008
0.000007
0.000007
0.000006
0.000006
0.000005
0.000005
0.000005
0.000004
0.000004
0.000004
0.000004
0.000003
0.000003
0.000003
0.000003
0.000003
0.000002
0.000002
0.000002
0.000002
0.000002
0.000002
0.000002
0.000001
0.000001
0.000001
0.000001
0.000001
0.000001
0.000001
0.000001
0.000001
0.000001
0.000001
0.000001
0.000001
0.000001
0.000001
0.000000
0.000000
0.000000
0.000000
0.000000
0.000000
0.000000
0.000000
0.000000
0.000000
0.000000
0.000000
0.000000
0.000000
0.000000
0.000000
0.000000
0.000000
0.000000
0.000000
0.000000
0.000000
0.000000
0.000000
0.000000
0.000000
0.000000
0.000000
0.000000
0.000000
0.000000
0.000000
0.000000
0.000000
0.000000
0.000000
0.000000
0.000000
0.000000
0.000000
0.000000
0.000000
0.000000
0.000000
0.000000
0.000000
0.000000
0.000000
0.000000
0.000000
0.000000
0.000000
0.000000
0.000000
0.000000
0.000000
0.000000
0.000000
0.000000
0.000000
0.000000
0.000000
0.000000
0.000000
0.000000
0.000000
0.000000
0.000000
0.000000
0.000000
0.000000
0.000000
0.000000
0.000000
0.000000
0.000000
0.000000
0.000000
0.000000
0.000000
0.000000
0.000000
0.000000
0.000000
0.000000
0.000000
0.000000
0.000000
0.000000
0.000000
0.000000
0.000000
0.000000
0.000000
0.000000
0.000000
0.000000
0.000000
0.000000
0.000000
0.000000
0.000000
0.000000
0.000000
0.000000
0.000000
0.000000
0.000000
0.000000
0.000000
0.000000
0.000000
0.000000
0.000000
0.000000
0.000000
0.000000
0.000000
0.000000
0.000000
0.000000
0.000000
0.000000
0.000000
0.000000
0.000000
0.000000
0.000000
0.000000
0.000000
0.000000
0.000000
0.000000
0.000000
0.000000
0.000000
0.000000
0.000000
0.000000
0.000000
0.000000
0.000000
0.000000
0.000000
0.000000
0.000000
0.000000
0.000000
0.000000
0.000000
0.000000
0.000000
0.000000
0.000000
0.000000
0.000000
0.000000
0.000000
0.000000
0.000000
0.000000
0.000000
0.000000
0.000000
0.000000
0.000000
0.000000
0.000000
0.000000
0.000000
0.000000
0.000000
0.000000
0.000000
0.000000
0.000000
0.000000
0.000000
0.000000
0.000000
0.000000
0.000000
0.000000
0.000000
0.000000
0.000000
0.000000
0.000000
0.000000
0.000000
0.000000
0.000000
0.000000
0.000000
0.000000
0.000000
0.000000
0.000000
0.000000
0.000000
