0.001811
0.003624
0.005438
0.007256
0.009077
0.010904
0.012737
0.014578
0.016426
0.018285
0.020152
0.022033
0.023924
0.025830
0.027749
0.029685
0.031636
0.033604
0.035591
0.037595
0.039622
0.041667
0.043737
0.045826
0.047942
0.050080
0.052244
0.054434
0.056650
0.058896
0.061166
0.063470
0.065799
0.068162
0.070555
0.072978
0.075437
0.077924
0.080450
0.083005
0.085597
0.088225
0.090885
0.093586
0.096318
0.099090
0.101900
0.104742
0.107629
0.110548
0.113507
0.116507
0.119538
0.122617
0.125729
0.128878
0.132073
0.135298
0.138566
0.141875
0.145214
0.148600
0.152021
0.155474
0.158974
0.162505
0.166070
0.169681
0.173319
0.176991
0.180708
0.184451
0.188225
0.192043
0.195884
0.199755
0.203667
0.207601
0.211559
0.215558
0.219580
0.223617
0.227691
0.231792
0.235903
0.240039
0.244208
0.248386
0.252575
0.256795
0.261032
0.265269
0.269520
0.273797
0.278080
0.282358
0.286647
0.290956
0.295263
0.299557
0.303857
0.308171
0.312480
0.316769
0.321048
0.325334
0.329620
0.333883
0.338118
0.342339
0.346559
0.350770
0.354950
0.359091
0.363202
0.367298
0.371380
0.375439
0.379457
0.383425
0.387343
0.391223
0.395073
0.398896
0.402688
0.406441
0.410147
0.413801
0.417398
0.420936
0.424414
0.427832
0.431190
0.434485
0.437718
0.440886
0.443988
0.447023
0.449989
0.452884
0.455707
0.458457
0.461131
0.463728
0.466247
0.468687
0.471045
0.473322
0.475515
0.477622
0.479645
0.481579
0.483425
0.485183
0.486850
0.488426
0.489909
0.491300
0.492597
0.493799
0.494906
0.495918
0.496833
0.497653
0.498375
0.498999
0.499526
0.499955
0.500285
0.500517
0.500651
0.500686
0.500623
0.500462
0.500203
0.499845
0.499391
0.498840
0.498191
0.497447
0.496607
0.495673
0.494644
0.493522
0.492308
0.491001
0.489604
0.488118
0.486542
0.484878
0.483129
0.481294
0.479374
0.477372
0.475288
0.473125
0.470884
0.468565
0.466170
0.463703
0.461164
0.458554
0.455875
0.453130
0.450319
0.447444
0.444509
0.441514
0.438462
0.435354
0.432192
0.428980
0.425718
0.422409
0.419054
0.415657
0.412219
0.408742
0.405228
0.401681
0.398101
0.394493
0.390857
0.387196
0.383512
0.379807
0.376084
0.372346
0.368593
0.364830
0.361057
0.357277
0.353493
0.349707
0.345922
0.342138
0.338359
0.334587
0.330823
0.327072
0.323334
0.319613
0.315908
0.312225
0.308564
0.304927
0.301316
0.297734
0.294183
0.290665
0.287182
0.283735
0.280327
0.276959
0.273634
0.270354
0.267120
0.263934
0.260797
0.257712
0.254681
0.251704
0.248785
0.245922
0.243119
0.240378
0.237699
0.235084
0.232536
0.230054
0.227640
0.225296
0.223022
0.220820
0.218693
0.216639
0.214661
0.212759
0.210934
0.209189
0.207522
0.205936
0.204430
0.203006
0.201665
0.200407
0.199233
0.198143
0.197140
0.196221
0.195388
0.194642
0.193982
0.193410
0.192925
0.192529
0.192220
0.191999
0.191866
0.191822
0.191866
0.191999
0.192219
0.192529
0.192925
0.193410
0.193982
0.194641
0.195387
0.196220
0.197139
0.198144
0.199232
0.200406
0.201664
0.203005
0.204428
0.205934
0.207520
0.209186
0.210932
0.212756
0.214658
0.216636
0.218690
0.220818
0.223019
0.225292
0.227636
0.230049
0.232532
0.235081
0.237695
0.240373
0.243114
0.245916
0.248779
0.251699
0.254676
0.257708
0.260792
0.263929
0.267115
0.270350
0.273630
0.276955
0.280323
0.283731
0.287178
0.290662
0.294180
0.297732
0.301313
0.304924
0.308561
0.312222
0.315906
0.319610
0.323331
0.327068
0.330819
0.334582
0.338354
0.342133
0.345917
0.349703
0.353489
0.357272
0.361052
0.364824
0.368589
0.372341
0.376080
0.379803
0.383508
0.387192
0.390854
0.394489
0.398099
0.401678
0.405225
0.408738
0.412214
0.415652
0.419049
0.422404
0.425712
0.428975
0.432188
0.435349
0.438457
0.441510
0.444505
0.447440
0.450315
0.453126
0.455871
0.458551
0.461161
0.463701
0.466169
0.468563
0.470882
0.473123
0.475286
0.477369
0.479371
0.481290
0.483125
0.484876
0.486539
0.488115
0.489602
0.490999
0.492305
0.493520
0.494642
0.495670
0.496605
0.497444
0.498188
0.498837
0.499388
0.499843
0.500200
0.500460
0.500621
0.500685
0.500650
0.500516
0.500284
0.499953
0.499525
0.499000
0.498375
0.497653
0.496835
0.495920
0.494908
0.493801
0.492599
0.491302
0.489911
0.488428
0.486852
0.485185
0.483427
0.481581
0.479647
0.477625
0.475518
0.473325
0.471049
0.468690
0.466250
0.463731
0.461133
0.458459
0.455710
0.452887
0.449991
0.447024
0.443990
0.440888
0.437720
0.434488
0.431194
0.427840
0.424427
0.420957
0.417433
0.413855
0.410226
0.406548
0.402823
0.399052
0.395237
0.391380
0.387484
0.383549
0.379579
0.375575
0.371540
0.367474
0.363379
0.359259
0.355114
0.350948
0.346760
0.342555
0.338332
0.334095
0.329845
0.325584
0.321314
0.317037
0.312754
0.308467
0.304178
0.299889
0.295602
0.291317
0.287037
0.282763
0.278498
0.274242
0.269997
0.265764
0.261546
0.257343
0.253157
0.248989
0.244841
0.240713
0.236608
0.232527
0.228470
0.224440
0.220436
0.216460
0.212514
0.208598
0.204713
0.200860
0.197041
0.193255
0.189504
0.185789
0.182110
0.178468
0.174864
0.171299
0.167773
0.164287
0.160841
0.157435
0.154072
0.150749
0.147469
0.144232
0.141037
0.137886
0.134777
0.131713
0.128693
0.125716
0.122784
0.119897
0.117054
0.114255
0.111501
0.108792
0.106127
0.103507
0.100931
0.098400
0.095913
0.093470
0.091072
0.088717
0.086405
0.084137
0.081912
0.079731
0.077591
0.075494
0.073439
0.071426
0.069454
0.067523
0.065632
0.063782
0.061971
0.060200
0.058468
0.056774
0.055118
0.053500
0.051919
0.050375
0.048866
0.047394
0.045957
0.044554
0.043185
0.041851
0.040549
0.039280
0.038043
0.036838
0.035663
0.034519
0.033406
0.032321
0.031266
0.030239
0.029240
0.028268
0.027323
0.026405
0.025512
0.024644
0.023802
0.022983
0.022188
0.021417
0.020668
0.019941
0.019236
0.018552
0.017889
0.017246
0.016623
0.016019
0.015434
0.014868
0.014319
0.013788
0.013274
0.012777
0.012295
0.011830
0.011380
0.010945
0.010524
0.010117
0.009725
0.009345
0.008979
0.008625
0.008284
0.007954
0.007636
0.007329
0.007034
0.006748
0.006473
0.006208
0.005953
0.005707
0.005470
0.005242
0.005022
0.004811
0.004608
0.004412
0.004224
0.004043
0.003869
0.003702
0.003541
0.003386
0.003238
0.003096
0.002959
0.002828
0.002701
0.002581
0.002465
0.002353
0.002247
0.002144
0.002046
0.001952
0.001862
0.001776
0.001694
0.001615
0.001539
0.001467
0.001397
0.001331
0.001268
0.001207
0.001149
0.001094
0.001041
0.000990
0.000942
0.000896
0.000852
0.000810
0.000770
0.000731
0.000695
0.000660
0.000627
0.000595
0.000565
0.000536
0.000509
0.000483
0.000458
0.000434
0.000412
0.000390
0.000370
0.000351
0.000332
0.000315
0.000298
0.000282
0.000267
0.000253
0.000239
0.000226
0.000214
0.000203
0.000192
0.000181
0.000171
0.000162
0.000153
0.000144
0.000136
0.000129
0.000122
0.000115
0.000108
0.000102
0.000096
0.000091
0.000086
0.000081
0.000076
0.000072
0.000068
0.000064
0.000060
0.000056
0.000053
0.000050
0.000047
0.000044
0.000042
0.000039
0.000037
0.000035
0.000033
0.000031
0.000029
0.000027
0.000025
0.000024
0.000022
0.000021
0.000020
0.000018
0.000017
0.000016
0.000015
0.000014
0.000013
0.000013
0.000012
0.000011
0.000010
0.000010
0.000009
0.000008
0.000008
0.000007
0.000007
0.000006
0.000006
0.000006
0.000005
0.000005
0.000005
0.000004
0.000004
0.000004
0.000004
0.000003
0.000003
0.000003
0.000003
0.000002
0.000002
0.000002
0.000002
0.000002
0.000002
0.000002
0.000002
0.000001
0.000001
0.000001
0.000001
0.000001
0.000001
0.000001
0.000001
0.000001
0.000001
0.000001
0.000001
0.000001
0.000001
0.000001
0.000000
0.000000
0.000000
0.000000
0.000000
0.000000
0.000000
0.000000
0.000000
0.000000
0.000000
0.000000
0.000000
0.000000
0.000000
0.000000
0.000000
0.000000
0.000000
0.000000
0.000000
0.000000
0.000000
0.000000
0.000000
0.000000
0.000000
0.000000
0.000000
0.000000
0.000000
0.000000
0.000000
0.000000
0.000000
0.000000
0.000000
0.000000
0.000000
0.000000
0.000000
0.000000
0.000000
0.000000
0.000000
0.000000
0.000000
0.000000
0.000000
0.000000
0.000000
0.000000
0.000000
0.000000
0.000000
0.000000
0.000000
0.000000
0.000000
0.000000
0.000000
0.000000
0.000000
0.000000
0.000000
0.000000
0.000000
0.000000
0.000000
0.000000
0.000000
0.000000
0.000000
0.000000
0.000000
0.000000
0.000000
0.000000
0.000000
0.000000
0.000000
0.000000
0.000000
0.000000
0.000000
0.000000
0.000000
0.000000
0.000000
0.000000
0.000000
0.000000
0.000000
0.000000
0.000000
0.000000
0.000000
0.000000
0.000000
0.000000
0.000000
0.000000
0.000000
0.000000
0.000000
0.000000
0.000000
0.000000
0.000000
0.000000
0.000000
0.000000
0.000000
0.000000
0.000000
0.000000
0.000000
0.000000
0.000000
0.000000
0.000000
0.000000
0.000000
0.000000
0.000000
0.000000
0.000000
0.000000
0.000000
0.000000
0.000000
0.000000
0.000000
0.000000
0.000000
0.000000
0.000000
0.000000
0.000000
0.000000
0.000000
0.000000
0.000000
0.000000
0.000000
0.000000
0.000000
0.000000
0.000000
0.000000
0.000000
0.000000
0.000000
0.000000
0.000000
0.000000
0.000000
0.000000
0.000000
0.000000
0.000000
0.000000
0.000000
0.000000
0.000000
0.000000
0.000000
0.000000
0.000000
0.000000
0.000000
0.000000
0.000000
0.000000
0.000000
0.000000
0.000000
0.000000
0.000000
0.000000
0.000000
0.000000
0.000000
0.000000
0.000000
0.000000
0.000000
0.000000
0.000000
0.000000
0.000000
0.000000
0.000000
0.000000
0.000000
0.000000
0.000000
0.000000
0.000000
