0.001837
0.003676
0.005516
0.007359
0.009207
0.011060
0.012919
0.014785
0.016660
0.018544
0.020438
0.022344
0.024262
0.026193
0.028140
0.030100
0.032078
0.034072
0.036086
0.038116
0.040170
0.042241
0.044337
0.046453
0.048594
0.050760
0.052949
0.055167
0.057408
0.059681
0.061978
0.064307
0.066665
0.069052
0.071474
0.073922
0.076408
0.078922
0.081472
0.084057
0.086672
0.089329
0.092014
0.094740
0.097501
0.100296
0.103134
0.106002
0.108913
0.111860
0.114842
0.117869
0.120927
0.124026
0.127167
0.130339
0.133557
0.136811
0.140099
0.143433
0.146798
0.150202
0.153650
0.157126
0.160645
0.164203
0.167787
0.171416
0.175081
0.178771
0.182506
0.186274
0.190065
0.193899
0.197764
0.201650
0.205576
0.209533
0.213507
0.217515
0.221557
0.225612
0.229693
0.233809
0.237938
0.242082
0.246259
0.250455
0.254654
0.258876
0.263124
0.267375
0.271630
0.275907
0.280201
0.284488
0.288776
0.293083
0.297397
0.301699
0.305994
0.310301
0.314612
0.318906
0.323181
0.327455
0.331733
0.335998
0.340232
0.344442
0.348645
0.352843
0.357019
0.361156
0.365255
0.369330
0.373390
0.377433
0.381439
0.385397
0.389302
0.393161
0.396985
0.400779
0.404542
0.408268
0.411951
0.415581
0.419154
0.422668
0.426120
0.429510
0.432838
0.436103
0.439304
0.442439
0.445508
0.448508
0.451438
0.454298
0.457084
0.459795
0.462431
0.464989
0.467468
0.469867
0.472184
0.474418
0.476568
0.478632
0.480610
0.482500
0.484301
0.486013
0.487634
0.489163
0.490599
0.491942
0.493191
0.494345
0.495403
0.496366
0.497232
0.498002
0.498674
0.499248
0.499724
0.500103
0.500382
0.500564
0.500647
0.500631
0.500517
0.500305
0.499995
0.499587
0.499082
0.498480
0.497782
0.496987
0.496098
0.495113
0.494035
0.492864
0.491601
0.490246
0.488801
0.487267
0.485644
0.483933
0.482138
0.480257
0.478292
0.476245
0.474116
0.471910
0.469625
0.467263
0.464828
0.462319
0.459739
0.457089
0.454371
0.451587
0.448738
0.445826
0.442855
0.439824
0.436738
0.433595
0.430401
0.427156
0.423862
0.420521
0.417137
0.413711
0.410243
0.406739
0.403199
0.399625
0.396021
0.392388
0.388729
0.385045
0.381339
0.377612
0.373869
0.370111
0.366340
0.362558
0.358768
0.354972
0.351172
0.347372
0.343571
0.339775
0.335983
0.332198
0.328423
0.324661
0.320914
0.317183
0.313470
0.309778
0.306109
0.302465
0.298848
0.295261
0.291704
0.288181
0.284694
0.281243
0.277831
0.274461
0.271133
0.267851
0.264615
0.261428
0.258290
0.255205
0.252172
0.249196
0.246276
0.243414
0.240612
0.237871
0.235194
0.232581
0.230034
0.227554
0.225141
0.222798
0.220527
0.218327
0.216202
0.214150
0.212174
0.210274
0.208452
0.206709
0.205044
0.203460
0.201956
0.200534
0.199195
0.197939
0.196767
0.195680
0.194677
0.193759
0.192928
0.192183
0.191524
0.190953
0.190469
0.190073
0.189765
0.189544
0.189412
0.189368
0.189412
0.189544
0.189765
0.190074
0.190469
0.190953
0.191525
0.192182
0.192927
0.193758
0.194676
0.195679
0.196767
0.197938
0.199194
0.200533
0.201955
0.203458
0.205041
0.206706
0.208450
0.210271
0.212171
0.214147
0.216199
0.218325
0.220524
0.222795
0.225137
0.227549
0.230030
0.232577
0.235190
0.237867
0.240607
0.243409
0.246270
0.249191
0.252167
0.255200
0.258285
0.261423
0.264610
0.267847
0.271129
0.274457
0.277827
0.281239
0.284690
0.288178
0.291701
0.295258
0.298845
0.302462
0.306106
0.309775
0.313468
0.317180
0.320911
0.324658
0.328420
0.332193
0.335978
0.339770
0.343567
0.347367
0.351168
0.354967
0.358763
0.362553
0.366335
0.370106
0.373865
0.377608
0.381335
0.385041
0.388725
0.392384
0.396018
0.399622
0.403196
0.406735
0.410239
0.413706
0.417132
0.420517
0.423856
0.427150
0.430396
0.433591
0.436733
0.439820
0.442851
0.445822
0.448734
0.451583
0.454367
0.457085
0.459736
0.462316
0.464826
0.467262
0.469623
0.471908
0.474114
0.476242
0.478289
0.480253
0.482134
0.483931
0.485641
0.487264
0.488798
0.490243
0.491598
0.492862
0.494033
0.495111
0.496095
0.496985
0.497779
0.498478
0.499080
0.499585
0.499993
0.500303
0.500515
0.500630
0.500645
0.500562
0.500381
0.500101
0.499724
0.499248
0.498674
0.498002
0.497233
0.496367
0.495405
0.494347
0.493193
0.491944
0.490601
0.489165
0.487636
0.486015
0.484304
0.482502
0.480612
0.478635
0.476571
0.474421
0.472187
0.469870
0.467471
0.464992
0.462433
0.459798
0.457087
0.454301
0.451441
0.448510
0.445510
0.442441
0.439306
0.436107
0.432844
0.429520
0.426136
0.422695
0.419198
0.415646
0.412043
0.408390
0.404688
0.400940
0.397147
0.393311
0.389434
0.385519
0.381566
0.377579
0.373559
0.369509
0.365428
0.361321
0.357188
0.353032
0.348855
0.344659
0.340444
0.336214
0.331971
0.327715
0.323449
0.319176
0.314895
0.310610
0.306322
0.302033
0.297745
0.293458
0.289175
0.284899
0.280629
0.276368
0.272117
0.267878
0.263653
0.259442
0.255247
0.251070
0.246912
0.242774
0.238658
0.234565
0.230495
0.226451
0.222434
0.218444
0.214483
0.210552
0.206651
0.202782
0.198946
0.195143
0.191375
0.187642
0.183945
0.180284
0.176661
0.173077
0.169531
0.166025
0.162559
0.159133
0.155748
0.152405
0.149104
0.145845
0.142629
0.139456
0.136326
0.133240
0.130197
0.127199
0.124245
0.121335
0.118469
0.115649
0.112872
0.110141
0.107454
0.104811
0.102214
0.099660
0.097151
0.094686
0.092265
0.089889
0.087555
0.085266
0.083019
0.080816
0.078656
0.076537
0.074462
0.072427
0.070435
0.068483
0.066572
0.064702
0.062872
0.061081
0.059329
0.057616
0.055941
0.054304
0.052705
0.051142
0.049616
0.048126
0.046671
0.045251
0.043865
0.042514
0.041196
0.039910
0.038657
0.037436
0.036247
0.035088
0.033959
0.032860
0.031790
0.030749
0.029736
0.028751
0.027793
0.026861
0.025955
0.025075
0.024220
0.023389
0.022583
0.021800
0.021039
0.020302
0.019586
0.018891
0.018218
0.017565
0.016932
0.016319
0.015725
0.015149
0.014591
0.014052
0.013529
0.013023
0.012534
0.012061
0.011603
0.011160
0.010732
0.010319
0.009919
0.009533
0.009160
0.008800
0.008453
0.008117
0.007794
0.007481
0.007180
0.006890
0.006610
0.006340
0.006080
0.005829
0.005588
0.005355
0.005131
0.004916
0.004708
0.004509
0.004317
0.004132
0.003955
0.003784
0.003620
0.003463
0.003312
0.003166
0.003027
0.002892
0.002764
0.002640
0.002522
0.002408
0.002299
0.002195
0.002095
0.001999
0.001907
0.001819
0.001734
0.001654
0.001576
0.001502
0.001431
0.001364
0.001299
0.001237
0.001178
0.001121
0.001067
0.001015
0.000966
0.000919
0.000874
0.000831
0.000789
0.000750
0.000713
0.000677
0.000643
0.000611
0.000580
0.000551
0.000522
0.000496
0.000470
0.000446
0.000423
0.000401
0.000380
0.000360
0.000341
0.000323
0.000306
0.000290
0.000275
0.000260
0.000246
0.000233
0.000220
0.000208
0.000197
0.000186
0.000176
0.000166
0.000157
0.000149
0.000140
0.000132
0.000125
0.000118
0.000111
0.000105
0.000099
0.000094
0.000088
0.000083
0.000078
0.000074
0.000070
0.000066
0.000062
0.000058
0.000055
0.000052
0.000049
0.000046
0.000043
0.000040
0.000038
0.000036
0.000034
0.000032
0.000030
0.000028
0.000026
0.000025
0.000023
0.000022
0.000020
0.000019
0.000018
0.000017
0.000016
0.000015
0.000014
0.000013
0.000012
0.000011
0.000011
0.000010
0.000009
0.000009
0.000008
0.000008
0.000007
0.000007
0.000006
0.000006
0.000005
0.000005
0.000005
0.000004
0.000004
0.000004
0.000004
0.000003
0.000003
0.000003
0.000003
0.000003
0.000002
0.000002
0.000002
0.000002
0.000002
0.000002
0.000002
0.000001
0.000001
0.000001
0.000001
0.000001
0.000001
0.000001
0.000001
0.000001
0.000001
0.000001
0.000001
0.000001
0.000001
0.000001
0.000000
0.000000
0.000000
0.000000
0.000000
0.000000
0.000000
0.000000
0.000000
0.000000
0.000000
0.000000
0.000000
0.000000
0.000000
0.000000
0.000000
0.000000
0.000000
0.000000
0.000000
0.000000
0.000000
0.000000
0.000000
0.000000
0.000000
0.000000
0.000000
0.000000
0.000000
0.000000
0.000000
0.000000
0.000000
0.000000
0.000000
0.000000
0.000000
0.000000
0.000000
0.000000
0.000000
0.000000
0.000000
0.000000
0.000000
0.000000
0.000000
0.000000
0.000000
0.000000
0.000000
0.000000
0.000000
0.000000
0.000000
0.000000
0.000000
0.000000
0.000000
0.000000
0.000000
0.000000
0.000000
0.000000
0.000000
0.000000
0.000000
0.000000
0.000000
0.000000
0.000000
0.000000
0.000000
0.000000
0.000000
0.000000
0.000000
0.000000
0.000000
0.000000
0.000000
0.000000
0.000000
0.000000
0.000000
0.000000
0.000000
0.000000
0.000000
0.000000
0.000000
0.000000
0.000000
0.000000
0.000000
0.000000
0.000000
0.000000
0.000000
0.000000
0.000000
0.000000
0.000000
0.000000
0.000000
0.000000
0.000000
0.000000
0.000000
0.000000
0.000000
0.000000
0.000000
0.000000
0.000000
0.000000
0.000000
0.000000
0.000000
0.000000
0.000000
0.000000
0.000000
0.000000
0.000000
0.000000
0.000000
0.000000
0.000000
0.000000
0.000000
0.000000
0.000000
0.000000
0.000000
0.000000
0.000000
0.000000
0.000000
0.000000
0.000000
0.000000
0.000000
0.000000
0.000000
0.000000
0.000000
0.000000
0.000000
0.000000
0.000000
0.000000
0.000000
0.000000
0.000000
0.000000
0.000000
0.000000
0.000000
0.000000
0.000000
0.000000
0.000000
0.000000
0.000000
0.000000
0.000000
0.000000
0.000000
0.000000
0.000000
0.000000
0.000000
0.000000
0.000000
0.000000
0.000000
0.000000
0.000000
0.000000
0.000000
0.000000
0.000000
0.000000
0.000000
0.000000
0.000000
0.000000
0.000000
0.000000
0.000000
0.000000
0.000000
0.000000
0.000000
0.000000
0.000000
