0.001863
0.003728
0.005594
0.007464
0.009338
0.011217
0.013102
0.014995
0.016896
0.018806
0.020727
0.022658
0.024604
0.026560
0.028534
0.030520
0.032525
0.034545
0.036585
0.038643
0.040721
0.042821
0.044941
0.047087
0.049252
0.051446
0.053661
0.055906
0.058175
0.060472
0.062799
0.065152
0.067538
0.069951
0.072399
0.074875
0.077385
0.079929
0.082503
0.085116
0.087758
0.090439
0.093154
0.095903
0.098693
0.101513
0.104376
0.107273
0.110205
0.113182
0.116188
0.119238
0.122326
0.125447
0.128614
0.131812
0.135051
0.138332
0.141643
0.144999
0.148392
0.151816
0.155287
0.158789
0.162325
0.165907
0.169516
0.173161
0.176850
0.180563
0.184312
0.188103
0.191915
0.195762
0.199649
0.203555
0.207492
0.211469
0.215463
0.219481
0.223538
0.227613
0.231704
0.235829
0.239978
0.244133
0.248315
0.252524
0.256739
0.260964
0.265217
0.269482
0.273745
0.278021
0.282319
0.286619
0.290909
0.295211
0.299528
0.303838
0.308134
0.312432
0.316740
0.321039
0.325314
0.329577
0.333844
0.338105
0.342340
0.346543
0.350729
0.354912
0.359079
0.363212
0.367302
0.371359
0.375396
0.379417
0.383410
0.387357
0.391250
0.395091
0.398889
0.402654
0.406387
0.410085
0.413741
0.417346
0.420895
0.424384
0.427810
0.431172
0.434471
0.437705
0.440874
0.443976
0.447011
0.449976
0.452871
0.455693
0.458442
0.461115
0.463712
0.466230
0.468668
0.471026
0.473301
0.475493
0.477600
0.479620
0.481554
0.483399
0.485155
0.486821
0.488395
0.489877
0.491266
0.492561
0.493761
0.494867
0.495876
0.496790
0.497606
0.498326
0.498948
0.499472
0.499898
0.500226
0.500455
0.500586
0.500618
0.500551
0.500387
0.500124
0.499763
0.499305
0.498749
0.498097
0.497348
0.496504
0.495565
0.494531
0.493403
0.492184
0.490871
0.489469
0.487976
0.486394
0.484724
0.482967
0.481126
0.479198
0.477188
0.475097
0.472925
0.470675
0.468347
0.465943
0.463467
0.460917
0.458296
0.455608
0.452851
0.450028
0.447142
0.444194
0.441186
0.438121
0.434999
0.431824
0.428596
0.425319
0.421994
0.418623
0.415210
0.411754
0.408259
0.404727
0.401161
0.397562
0.393933
0.390277
0.386594
0.382888
0.379160
0.375413
0.371650
0.367873
0.364084
0.360285
0.356478
0.352667
0.348851
0.345037
0.341222
0.337413
0.333608
0.329812
0.326026
0.322255
0.318498
0.314757
0.311036
0.307337
0.303661
0.300010
0.296388
0.292795
0.289233
0.285706
0.282215
0.278761
0.275346
0.271974
0.268644
0.265360
0.262123
0.258934
0.255796
0.252710
0.249678
0.246702
0.243783
0.240922
0.238121
0.235381
0.232705
0.230094
0.227548
0.225070
0.222660
0.220319
0.218050
0.215853
0.213730
0.211680
0.209706
0.207809
0.205990
0.204248
0.202586
0.201004
0.199502
0.198083
0.196746
0.195492
0.194322
0.193237
0.192235
0.191319
0.190490
0.189746
0.189088
0.188519
0.188035
0.187640
0.187332
0.187112
0.186980
0.186936
0.186980
0.187112
0.187332
0.187640
0.188036
0.188519
0.189089
0.189745
0.190488
0.191319
0.192234
0.193235
0.194322
0.195491
0.196745
0.198082
0.199501
0.201002
0.202583
0.204246
0.205987
0.207806
0.209703
0.211677
0.213726
0.215850
0.218047
0.220316
0.222655
0.225066
0.227544
0.230089
0.232700
0.235376
0.238115
0.240916
0.243777
0.246696
0.249673
0.252705
0.255791
0.258929
0.262118
0.265355
0.268639
0.271969
0.275342
0.278756
0.282211
0.285703
0.289230
0.292792
0.296385
0.300008
0.303658
0.307334
0.311034
0.314755
0.318494
0.322251
0.326023
0.329808
0.333603
0.337407
0.341218
0.345032
0.348847
0.352661
0.356473
0.360280
0.364079
0.367869
0.371646
0.375409
0.379156
0.382884
0.386590
0.390273
0.393930
0.397559
0.401158
0.404723
0.408255
0.411749
0.415204
0.418618
0.421989
0.425313
0.428592
0.431819
0.434995
0.438116
0.441182
0.444190
0.447137
0.450024
0.452847
0.455603
0.458293
0.460914
0.463464
0.465942
0.468345
0.470673
0.472923
0.475094
0.477185
0.479195
0.481121
0.482964
0.484721
0.486391
0.487973
0.489466
0.490869
0.492181
0.493401
0.494528
0.495561
0.496501
0.497346
0.498094
0.498747
0.499302
0.499761
0.500122
0.500385
0.500550
0.500616
0.500584
0.500453
0.500225
0.499897
0.499472
0.498949
0.498327
0.497608
0.496791
0.495878
0.494869
0.493764
0.492562
0.491267
0.489879
0.488397
0.486822
0.485157
0.483401
0.481556
0.479623
0.477603
0.475496
0.473304
0.471029
0.468672
0.466233
0.463714
0.461118
0.458445
0.455696
0.452873
0.449978
0.447012
0.443978
0.440877
0.437710
0.434479
0.431185
0.427831
0.424419
0.420950
0.417425
0.413848
0.410219
0.406542
0.402817
0.399046
0.395231
0.391375
0.387479
0.383545
0.379575
0.375571
0.371536
0.367470
0.363376
0.359256
0.355112
0.350945
0.346758
0.342552
0.338330
0.334093
0.329843
0.325582
0.321313
0.317035
0.312752
0.308466
0.304177
0.299888
0.295600
0.291316
0.287036
0.282762
0.278497
0.274241
0.269996
0.265763
0.261545
0.257342
0.253156
0.248988
0.244840
0.240713
0.236608
0.232526
0.228470
0.224439
0.220435
0.216460
0.212513
0.208597
0.204713
0.200860
0.197040
0.193255
0.189504
0.185789
0.182110
0.178468
0.174864
0.171299
0.167773
0.164287
0.160841
0.157435
0.154071
0.150749
0.147469
0.144232
0.141037
0.137885
0.134777
0.131713
0.128693
0.125716
0.122784
0.119897
0.117053
0.114255
0.111501
0.108792
0.106127
0.103507
0.100931
0.098400
0.095913
0.093470
0.091072
0.088717
0.086405
0.084137
0.081912
0.079731
0.077591
0.075494
0.073439
0.071426
0.069454
0.067523
0.065632
0.063782
0.061971
0.060200
0.058468
0.056774
0.055118
0.053500
0.051919
0.050375
0.048866
0.047394
0.045957
0.044554
0.043185
0.041851
0.040549
0.039280
0.038043
0.036838
0.035663
0.034519
0.033406
0.032321
0.031266
0.030239
0.029240
0.028268
0.027323
0.026405
0.025512
0.024644
0.023802
0.022983
0.022188
0.021417
0.020668
0.019941
0.019236
0.018552
0.017889
0.017246
0.016623
0.016019
0.015434
0.014868
0.014319
0.013788
0.013274
0.012777
0.012295
0.011830
0.011380
0.010945
0.010524
0.010117
0.009725
0.009345
0.008979
0.008625
0.008284
0.007954
0.007636
0.007329
0.007034
0.006748
0.006473
0.006208
0.005953
0.005707
0.005470
0.005242
0.005022
0.004811
0.004608
0.004412
0.004224
0.004043
0.003869
0.003702
0.003541
0.003386
0.003238
0.003096
0.002959
0.002828
0.002701
0.002581
0.002465
0.002353
0.002247
0.002144
0.002046
0.001952
0.001862
0.001776
0.001694
0.001615
0.001539
0.001467
0.001397
0.001331
0.001268
0.001207
0.001149
0.001094
0.001041
0.000990
0.000942
0.000896
0.000852
0.000810
0.000770
0.000731
0.000695
0.000660
0.000627
0.000595
0.000565
0.000536
0.000509
0.000483
0.000458
0.000434
0.000412
0.000390
0.000370
0.000351
0.000332
0.000315
0.000298
0.000282
0.000267
0.000253
0.000239
0.000226
0.000214
0.000203
0.000192
0.000181
0.000171
0.000162
0.000153
0.000144
0.000136
0.000129
0.000122
0.000115
0.000108
0.000102
0.000096
0.000091
0.000086
0.000081
0.000076
0.000072
0.000068
0.000064
0.000060
0.000056
0.000053
0.000050
0.000047
0.000044
0.000042
0.000039
0.000037
0.000035
0.000033
0.000031
0.000029
0.000027
0.000025
0.000024
0.000022
0.000021
0.000020
0.000018
0.000017
0.000016
0.000015
0.000014
0.000013
0.000013
0.000012
0.000011
0.000010
0.000010
0.000009
0.000008
0.000008
0.000007
0.000007
0.000006
0.000006
0.000006
0.000005
0.000005
0.000005
0.000004
0.000004
0.000004
0.000004
0.000003
0.000003
0.000003
0.000003
0.000002
0.000002
0.000002
0.000002
0.000002
0.000002
0.000002
0.000002
0.000001
0.000001
0.000001
0.000001
0.000001
0.000001
0.000001
0.000001
0.000001
0.000001
0.000001
0.000001
0.000001
0.000001
0.000001
0.000000
0.000000
0.000000
0.000000
0.000000
0.000000
0.000000
0.000000
0.000000
0.000000
0.000000
0.000000
0.000000
0.000000
0.000000
0.000000
0.000000
0.000000
0.000000
0.000000
0.000000
0.000000
0.000000
0.000000
0.000000
0.000000
0.000000
0.000000
0.000000
0.000000
0.000000
0.000000
0.000000
0.000000
0.000000
0.000000
0.000000
0.000000
0.000000
0.000000
0.000000
0.000000
0.000000
0.000000
0.000000
0.000000
0.000000
0.000000
0.000000
0.000000
0.000000
0.000000
0.000000
0.000000
0.000000
0.000000
0.000000
0.000000
0.000000
0.000000
0.000000
0.000000
0.000000
0.000000
0.000000
0.000000
0.000000
0.000000
0.000000
0.000000
0.000000
0.000000
0.000000
0.000000
0.000000
0.000000
0.000000
0.000000
0.000000
0.000000
0.000000
0.000000
0.000000
0.000000
0.000000
0.000000
0.000000
0.000000
0.000000
0.000000
0.000000
0.000000
0.000000
0.000000
0.000000
0.000000
0.000000
0.000000
0.000000
0.000000
0.000000
0.000000
0.000000
0.000000
0.000000
0.000000
0.000000
0.000000
0.000000
0.000000
0.000000
0.000000
0.000000
0.000000
0.000000
0.000000
0.000000
0.000000
0.000000
0.000000
0.000000
0.000000
0.000000
0.000000
0.000000
0.000000
0.000000
0.000000
0.000000
0.000000
0.000000
0.000000
0.000000
0.000000
0.000000
0.000000
0.000000
0.000000
0.000000
0.000000
0.000000
0.000000
0.000000
0.000000
0.000000
0.000000
0.000000
0.000000
0.000000
0.000000
0.000000
0.000000
0.000000
0.000000
0.000000
0.000000
0.000000
0.000000
0.000000
0.000000
0.000000
0.000000
0.000000
0.000000
0.000000
0.000000
0.000000
0.000000
0.000000
0.000000
0.000000
0.000000
0.000000
0.000000
0.000000
0.000000
0.000000
0.000000
0.000000
0.000000
0.000000
0.000000
0.000000
0.000000
0.000000
0.000000
0.000000
0.000000
0.000000
0.000000
0.000000
0.000000
0.000000
0.000000
0.000000
0.000000
0.000000
0.000000
