0.001890
0.003781
0.005674
0.007570
0.009470
0.011375
0.013288
0.015206
0.017134
0.019070
0.021018
0.022976
0.024948
0.026932
0.028931
0.030945
0.032975
0.035023
0.037089
0.039175
0.041278
0.043406
0.045552
0.047725
0.049917
0.052137
0.054381
0.056650
0.058948
0.061271
0.063625
0.066005
0.068418
0.070858
0.073331
0.075837
0.078371
0.080944
0.083544
0.086183
0.088853
0.091558
0.094302
0.097076
0.099892
0.102741
0.105626
0.108552
0.111509
0.114511
0.117546
0.120617
0.123733
0.126878
0.130068
0.133295
0.136555
0.139861
0.143199
0.146574
0.149993
0.153441
0.156931
0.160460
0.164017
0.167618
0.171254
0.174917
0.178625
0.182363
0.186128
0.189937
0.193774
0.197636
0.201539
0.205468
0.209419
0.213409
0.217425
0.221457
0.225523
0.229618
0.233723
0.237855
0.242019
0.246191
0.250377
0.254595
0.258826
0.263059
0.267313
0.271588
0.275864
0.280141
0.284439
0.288747
0.293046
0.297343
0.301657
0.305974
0.310274
0.314565
0.318865
0.323165
0.327443
0.331700
0.335953
0.340206
0.344440
0.348639
0.352813
0.356976
0.361130
0.365257
0.369340
0.373382
0.377397
0.381395
0.385368
0.389303
0.393184
0.397009
0.400785
0.404521
0.408223
0.411891
0.415519
0.419098
0.422622
0.426084
0.429484
0.432819
0.436088
0.439291
0.442427
0.445496
0.448496
0.451426
0.454285
0.457070
0.459781
0.462416
0.464973
0.467451
0.469849
0.472165
0.474398
0.476547
0.478610
0.480587
0.482475
0.484275
0.485986
0.487605
0.489132
0.490567
0.491909
0.493156
0.494308
0.495364
0.496325
0.497189
0.497957
0.498627
0.499198
0.499672
0.500048
0.500325
0.500503
0.500583
0.500565
0.500447
0.500232
0.499919
0.499507
0.498998
0.498392
0.497689
0.496890
0.495997
0.495008
0.493925
0.492748
0.491480
0.490119
0.488669
0.487128
0.485499
0.483782
0.481980
0.480092
0.478119
0.476065
0.473929
0.471714
0.469421
0.467050
0.464605
0.462087
0.459497
0.456837
0.454109
0.451314
0.448454
0.445530
0.442546
0.439503
0.436403
0.433248
0.430039
0.426780
0.423471
0.420115
0.416714
0.413272
0.409787
0.406265
0.402707
0.399115
0.395491
0.391839
0.388159
0.384453
0.380725
0.376977
0.373210
0.369428
0.365632
0.361826
0.358010
0.354187
0.350360
0.346530
0.342701
0.338874
0.335052
0.331236
0.327428
0.323633
0.319851
0.316086
0.312337
0.308609
0.304902
0.301219
0.297562
0.293935
0.290337
0.286771
0.283240
0.279745
0.276288
0.272871
0.269496
0.266165
0.262880
0.259642
0.256453
0.253315
0.250229
0.247197
0.244222
0.241304
0.238444
0.235645
0.232907
0.230232
0.227623
0.225079
0.222603
0.220196
0.217857
0.215591
0.213397
0.211276
0.209229
0.207257
0.205363
0.203547
0.201807
0.200148
0.198568
0.197069
0.195652
0.194318
0.193066
0.191898
0.190815
0.189815
0.188901
0.188072
0.187330
0.186674
0.186106
0.185624
0.185229
0.184921
0.184702
0.184570
0.184527
0.184570
0.184702
0.184922
0.185228
0.185624
0.186106
0.186674
0.187330
0.188072
0.188900
0.189814
0.190813
0.191898
0.193066
0.194317
0.195651
0.197068
0.198567
0.200146
0.201805
0.203544
0.205361
0.207255
0.209226
0.211272
0.213393
0.215588
0.217854
0.220191
0.222599
0.225075
0.227618
0.230227
0.232902
0.235639
0.238438
0.241298
0.244216
0.247192
0.250224
0.253310
0.256448
0.259637
0.262875
0.266161
0.269492
0.272867
0.276284
0.279741
0.283236
0.286768
0.290334
0.293932
0.297560
0.301217
0.304899
0.308605
0.312334
0.316082
0.319848
0.323630
0.327425
0.331231
0.335047
0.338870
0.342696
0.346525
0.350355
0.354181
0.358005
0.361820
0.365628
0.369423
0.373206
0.376973
0.380722
0.384449
0.388155
0.391835
0.395488
0.399112
0.402703
0.406261
0.409783
0.413267
0.416709
0.420110
0.423465
0.426774
0.430034
0.433243
0.436398
0.439498
0.442542
0.445526
0.448449
0.451310
0.454104
0.456834
0.459494
0.462085
0.464604
0.467049
0.469419
0.471712
0.473927
0.476062
0.478116
0.480087
0.481976
0.483779
0.485496
0.487125
0.488666
0.490117
0.491477
0.492746
0.493922
0.495005
0.495994
0.496888
0.497687
0.498390
0.498996
0.499505
0.499916
0.500230
0.500446
0.500563
0.500582
0.500502
0.500324
0.500047
0.499672
0.499198
0.498627
0.497957
0.497191
0.496327
0.495367
0.494310
0.493158
0.491910
0.490569
0.489135
0.487607
0.485988
0.484278
0.482478
0.480589
0.478613
0.476550
0.474401
0.472168
0.469852
0.467454
0.464976
0.462418
0.459784
0.457073
0.454288
0.451429
0.448498
0.445498
0.442431
0.439296
0.436098
0.432835
0.429512
0.426129
0.422688
0.419191
0.415640
0.412037
0.408384
0.404683
0.400934
0.397141
0.393306
0.389430
0.385514
0.381562
0.377575
0.373556
0.369505
0.365425
0.361318
0.357185
0.353030
0.348853
0.344656
0.340442
0.336212
0.331969
0.327713
0.323448
0.319174
0.314894
0.310609
0.306321
0.302032
0.297743
0.293457
0.289174
0.284898
0.280628
0.276367
0.272116
0.267878
0.263652
0.259441
0.255246
0.251069
0.246911
0.242774
0.238657
0.234564
0.230495
0.226451
0.222434
0.218444
0.214483
0.210551
0.206651
0.202782
0.198946
0.195143
0.191375
0.187642
0.183945
0.180284
0.176661
0.173077
0.169531
0.166025
0.162559
0.159133
0.155748
0.152405
0.149104
0.145845
0.142629
0.139456
0.136326
0.133240
0.130197
0.127199
0.124245
0.121335
0.118469
0.115649
0.112872
0.110141
0.107454
0.104811
0.102213
0.099660
0.097151
0.094686
0.092265
0.089889
0.087555
0.085266
0.083019
0.080816
0.078656
0.076537
0.074462
0.072427
0.070435
0.068483
0.066572
0.064702
0.062872
0.061081
0.059329
0.057616
0.055941
0.054305
0.052705
0.051142
0.049616
0.048126
0.046671
0.045251
0.043865
0.042514
0.041196
0.039910
0.038657
0.037436
0.036247
0.035088
0.033959
0.032860
0.031790
0.030749
0.029736
0.028751
0.027793
0.026861
0.025955
0.025075
0.024220
0.023389
0.022583
0.021800
0.021039
0.020302
0.019586
0.018891
0.018218
0.017565
0.016932
0.016319
0.015725
0.015149
0.014591
0.014052
0.013529
0.013023
0.012534
0.012061
0.011603
0.011160
0.010732
0.010319
0.009919
0.009533
0.009160
0.008800
0.008453
0.008117
0.007794
0.007481
0.007180
0.006890
0.006610
0.006340
0.006080
0.005829
0.005588
0.005355
0.005131
0.004916
0.004708
0.004509
0.004317
0.004132
0.003955
0.003784
0.003620
0.003463
0.003312
0.003166
0.003027
0.002893
0.002764
0.002640
0.002522
0.002408
0.002299
0.002195
0.002095
0.001999
0.001907
0.001819
0.001734
0.001654
0.001576
0.001502
0.001431
0.001364
0.001299
0.001237
0.001178
0.001121
0.001067
0.001015
0.000966
0.000919
0.000874
0.000831
0.000789
0.000750
0.000713
0.000677
0.000643
0.000611
0.000580
0.000551
0.000522
0.000496
0.000470
0.000446
0.000423
0.000401
0.000380
0.000360
0.000341
0.000323
0.000306
0.000290
0.000275
0.000260
0.000246
0.000233
0.000220
0.000208
0.000197
0.000186
0.000176
0.000166
0.000157
0.000149
0.000140
0.000132
0.000125
0.000118
0.000111
0.000105
0.000099
0.000094
0.000088
0.000083
0.000078
0.000074
0.000070
0.000066
0.000062
0.000058
0.000055
0.000052
0.000049
0.000046
0.000043
0.000040
0.000038
0.000036
0.000034
0.000032
0.000030
0.000028
0.000026
0.000025
0.000023
0.000022
0.000020
0.000019
0.000018
0.000017
0.000016
0.000015
0.000014
0.000013
0.000012
0.000011
0.000011
0.000010
0.000009
0.000009
0.000008
0.000008
0.000007
0.000007
0.000006
0.000006
0.000005
0.000005
0.000005
0.000004
0.000004
0.000004
0.000004
0.000003
0.000003
0.000003
0.000003
0.000003
0.000002
0.000002
0.000002
0.000002
0.000002
0.000002
0.000002
0.000001
0.000001
0.000001
0.000001
0.000001
0.000001
0.000001
0.000001
0.000001
0.000001
0.000001
0.000001
0.000001
0.000001
0.000001
0.000000
0.000000
0.000000
0.000000
0.000000
0.000000
0.000000
0.000000
0.000000
0.000000
0.000000
0.000000
0.000000
0.000000
0.000000
0.000000
0.000000
0.000000
0.000000
0.000000
0.000000
0.000000
0.000000
0.000000
0.000000
0.000000
0.000000
0.000000
0.000000
0.000000
0.000000
0.000000
0.000000
0.000000
0.000000
0.000000
0.000000
0.000000
0.000000
0.000000
0.000000
0.000000
0.000000
0.000000
0.000000
0.000000
0.000000
0.000000
0.000000
0.000000
0.000000
0.000000
0.000000
0.000000
0.000000
0.000000
0.000000
0.000000
0.000000
0.000000
0.000000
0.000000
0.000000
0.000000
0.000000
0.000000
0.000000
0.000000
0.000000
0.000000
0.000000
0.000000
0.000000
0.000000
0.000000
0.000000
0.000000
0.000000
0.000000
0.000000
0.000000
0.000000
0.000000
0.000000
0.000000
0.000000
0.000000
0.000000
0.000000
0.000000
0.000000
0.000000
0.000000
0.000000
0.000000
0.000000
0.000000
0.000000
0.000000
0.000000
0.000000
0.000000
0.000000
0.000000
0.000000
0.000000
0.000000
0.000000
0.000000
0.000000
0.000000
0.000000
0.000000
0.000000
0.000000
0.000000
0.000000
0.000000
0.000000
0.000000
0.000000
0.000000
0.000000
0.000000
0.000000
0.000000
0.000000
0.000000
0.000000
0.000000
0.000000
0.000000
0.000000
0.000000
0.000000
0.000000
0.000000
0.000000
0.000000
0.000000
0.000000
0.000000
0.000000
0.000000
0.000000
0.000000
0.000000
0.000000
0.000000
0.000000
0.000000
0.000000
0.000000
0.000000
0.000000
0.000000
0.000000
0.000000
0.000000
0.000000
0.000000
0.000000
0.000000
0.000000
0.000000
0.000000
0.000000
0.000000
0.000000
0.000000
0.000000
0.000000
0.000000
0.000000
0.000000
0.000000
0.000000
0.000000
0.000000
0.000000
0.000000
0.000000
0.000000
0.000000
0.000000
0.000000
0.000000
0.000000
0.000000
0.000000
0.000000
0.000000
0.000000
0.000000
0.000000
0.000000
0.000000
0.000000
