0.000016
0.000030
0.000048
0.000064
0.000075
0.000103
0.000105
0.000125
0.000162
0.000157
0.000154
0.000202
0.000275
0.000335
0.000374
0.000402
0.000426
0.000451
0.000476
0.000502
0.000530
0.000560
0.000591
0.000623
0.000657
0.000693
0.000731
0.000771
0.000812
0.000856
0.000902
0.000950
0.001001
0.001054
0.001109
0.001168
0.001229
0.001293
0.001360
0.001431
0.001504
0.001581
0.001662
0.001747
0.001836
0.001928
0.002025
0.002127
0.002233
0.002344
0.002460
0.002581
0.002708
0.002841
0.002979
0.003123
0.003274
0.003431
0.003596
0.003767
0.003946
0.004132
0.004327
0.004529
0.004740
0.004961
0.005190
0.005429
0.005677
0.005936
0.006206
0.006487
0.006779
0.007082
0.007398
0.007727
0.008068
0.008423
0.008792
0.009175
0.009573
0.009986
0.010415
0.010861
0.011323
0.011803
0.012300
0.012816
0.013352
0.013906
0.014481
0.015077
0.015694
0.016334
0.016996
0.017682
0.018391
0.019126
0.019885
0.020671
0.021484
0.022325
0.023194
0.024092
0.025020
0.025978
0.026969
0.027991
0.029047
0.030136
0.031260
0.032420
0.033617
0.034850
0.036123
0.037434
0.038785
0.040177
0.041612
0.043088
0.044609
0.046175
0.047786
0.049444
0.051149
0.052903
0.054706
0.056560
0.058465
0.060423
0.062434
0.064500
0.066621
0.068799
0.071033
0.073327
0.075679
0.078092
0.080566
0.083103
0.085703
0.088367
0.091096
0.093891
0.096753
0.099683
0.102682
0.105751
0.108890
0.112101
0.115384
0.118740
0.122170
0.125675
0.129255
0.132912
0.136645
0.140456
0.144346
0.148315
0.152363
0.156491
0.160700
0.164990
0.169363
0.173817
0.178354
0.182974
0.187677
0.192464
0.197335
0.202289
0.207329
0.212452
0.217660
0.222953
0.228330
0.233792
0.239338
0.244968
0.250682
0.256480
0.262361
0.268325
0.274372
0.280500
0.286710
0.293001
0.299372
0.305822
0.312351
0.318958
0.325642
0.332401
0.339235
0.346143
0.353123
0.360174
0.367295
0.374484
0.381740
0.389062
0.396448
0.403896
0.411404
0.418971
0.426594
0.434273
0.442004
0.449786
0.457617
0.465494
0.473415
0.481378
0.489381
0.497420
0.505494
0.513600
0.521735
0.529897
0.538083
0.546289
0.554514
0.562754
0.571005
0.579267
0.587534
0.595804
0.604074
0.612341
0.620601
0.628851
0.637089
0.645309
0.653509
0.661685
0.669835
0.677955
0.686040
0.694088
0.702095
0.710057
0.717971
0.725833
0.733640
0.741388
0.749073
0.756692
0.764241
0.771717
0.779115
0.786432
0.793666
0.800811
0.807865
0.814824
0.821684
0.828443
0.835096
0.841640
0.848072
0.854388
0.860586
0.866661
0.872610
0.878432
0.884122
0.889677
0.895095
0.900372
0.905505
0.910493
0.915331
0.920018
0.924550
0.928926
0.933142
0.937197
0.941088
0.944814
0.948371
0.951758
0.954974
0.958015
0.960881
0.963570
0.966080
0.968410
0.970559
0.972525
0.974307
0.975904
0.977315
0.978540
0.979578
0.980428
0.981090
0.981562
0.981846
0.981941
0.981847
0.981563
0.981090
0.980429
0.979579
0.978541
0.977316
0.975905
0.974307
0.972525
0.970560
0.968411
0.966081
0.963572
0.960883
0.958017
0.954976
0.951761
0.948374
0.944816
0.941092
0.937200
0.933146
0.928929
0.924554
0.920021
0.915334
0.910496
0.905509
0.900376
0.895099
0.889681
0.884126
0.878436
0.872615
0.866665
0.860590
0.854392
0.848076
0.841644
0.835100
0.828447
0.821689
0.814829
0.807870
0.800816
0.793671
0.786438
0.779120
0.771722
0.764247
0.756698
0.749079
0.741394
0.733646
0.725839
0.717977
0.710063
0.702101
0.694094
0.686046
0.677961
0.669842
0.661692
0.653515
0.645315
0.637095
0.628858
0.620608
0.612348
0.604082
0.595811
0.587541
0.579274
0.571013
0.562761
0.554521
0.546297
0.538091
0.529905
0.521744
0.513609
0.505503
0.497429
0.489390
0.481387
0.473424
0.465503
0.457626
0.449795
0.442013
0.434282
0.426604
0.418980
0.411413
0.403905
0.396457
0.389071
0.381750
0.374493
0.367304
0.360183
0.353132
0.346152
0.339244
0.332410
0.325651
0.318968
0.312361
0.305832
0.299382
0.293011
0.286720
0.280510
0.274381
0.268335
0.262370
0.256489
0.250691
0.244977
0.239347
0.233801
0.228340
0.222962
0.217670
0.212462
0.207338
0.202299
0.197344
0.192473
0.187686
0.182982
0.178362
0.173826
0.169371
0.164999
0.160708
0.156499
0.152371
0.148323
0.144354
0.140464
0.136653
0.132919
0.129262
0.125682
0.122177
0.118747
0.115391
0.112107
0.108897
0.105757
0.102688
0.099689
0.096759
0.093897
0.091102
0.088372
0.085708
0.083109
0.080572
0.078098
0.075685
0.073332
0.071039
0.068804
0.066626
0.064505
0.062439
0.060428
0.058470
0.056564
0.054710
0.052907
0.051153
0.049448
0.047790
0.046179
0.044613
0.043092
0.041615
0.040181
0.038789
0.037437
0.036126
0.034854
0.033620
0.032423
0.031263
0.030139
0.029049
0.027994
0.026971
0.025981
0.025022
0.024094
0.023196
0.022327
0.021487
0.020674
0.019888
0.019128
0.018393
0.017684
0.016998
0.016336
0.015696
0.015079
0.014483
0.013908
0.013353
0.012818
0.012302
0.011804
0.011324
0.010862
0.010417
0.009987
0.009574
0.009176
0.008793
0.008424
0.008069
0.007728
0.007399
0.007083
0.006779
0.006487
0.006207
0.005937
0.005678
0.005429
0.005191
0.004961
0.004741
0.004530
0.004327
0.004133
0.003946
0.003768
0.003596
0.003432
0.003274
0.003124
0.002979
0.002841
0.002709
0.002582
0.002461
0.002344
0.002233
0.002127
0.002026
0.001929
0.001836
0.001747
0.001663
0.001582
0.001505
0.001431
0.001360
0.001293
0.001229
0.001168
0.001110
0.001054
0.001001
0.000950
0.000902
0.000856
0.000813
0.000771
0.000731
0.000693
0.000658
0.000623
0.000591
0.000560
0.000530
0.000503
0.000476
0.000451
0.000427
0.000404
0.000382
0.000362
0.000342
0.000323
0.000306
0.000289
0.000273
0.000258
0.000244
0.000231
0.000218
0.000206
0.000194
0.000183
0.000173
0.000163
0.000154
0.000145
0.000137
0.000129
0.000122
0.000115
0.000108
0.000102
0.000096
0.000090
0.000085
0.000080
0.000075
0.000071
0.000067
0.000063
0.000059
0.000055
0.000052
0.000049
0.000046
0.000043
0.000041
0.000038
0.000036
0.000034
0.000032
0.000030
0.000028
0.000026
0.000024
0.000023
0.000021
0.000020
0.000019
0.000018
0.000017
0.000016
0.000015
0.000014
0.000013
0.000012
0.000011
0.000010
0.000010
0.000009
0.000009
0.000008
0.000007
0.000007
0.000007
0.000006
0.000006
0.000005
0.000005
0.000005
0.000004
0.000004
0.000004
0.000003
0.000003
0.000003
0.000003
0.000003
0.000002
0.000002
0.000002
0.000002
0.000002
0.000002
0.000002
0.000001
0.000001
0.000001
0.000001
0.000001
0.000001
0.000001
0.000001
0.000001
0.000001
0.000001
0.000001
0.000001
0.000001
0.000001
0.000000
0.000000
0.000000
0.000000
0.000000
0.000000
0.000000
0.000000
0.000000
0.000000
0.000000
0.000000
0.000000
0.000000
0.000000
0.000000
0.000000
0.000000
0.000000
0.000000
0.000000
0.000000
0.000000
0.000000
0.000000
0.000000
0.000000
0.000000
0.000000
0.000000
0.000000
0.000000
0.000000
0.000000
0.000000
0.000000
0.000000
0.000000
0.000000
0.000000
0.000000
0.000000
0.000000
0.000000
0.000000
0.000000
0.000000
0.000000
0.000000
0.000000
0.000000
0.000000
0.000000
0.000000
0.000000
0.000000
0.000000
0.000000
0.000000
0.000000
0.000000
0.000000
0.000000
0.000000
0.000000
0.000000
0.000000
0.000000
0.000000
0.000000
0.000000
0.000000
0.000000
0.000000
0.000000
0.000000
0.000000
0.000000
0.000000
0.000000
0.000000
0.000000
0.000000
0.000000
0.000000
0.000000
0.000000
0.000000
0.000000
0.000000
0.000000
0.000000
0.000000
0.000000
0.000000
0.000000
0.000000
0.000000
0.000000
0.000000
0.000000
0.000000
0.000000
0.000000
0.000000
0.000000
0.000000
0.000000
0.000000
0.000000
0.000000
0.000000
0.000000
0.000000
0.000000
0.000000
0.000000
0.000000
0.000000
0.000000
0.000000
0.000000
0.000000
0.000000
0.000000
0.000000
0.000000
0.000000
0.000000
0.000000
0.000000
0.000000
0.000000
0.000000
0.000000
0.000000
0.000000
0.000000
0.000000
0.000000
0.000000
0.000000
0.000000
0.000000
0.000000
0.000000
0.000000
0.000000
0.000000
0.000000
0.000000
0.000000
0.000000
0.000000
0.000000
0.000000
0.000000
0.000000
0.000000
0.000000
0.000000
0.000000
0.000000
0.000000
0.000000
0.000000
0.000000
0.000000
0.000000
0.000000
0.000000
0.000000
0.000000
0.000000
0.000000
0.000000
0.000000
0.000000
0.000000
0.000000
0.000000
0.000000
0.000000
0.000000
0.000000
0.000000
0.000000
0.000000
0.000000
0.000000
0.000000
0.000000
0.000000
0.000000
0.000000
0.000000
0.000000
0.000000
0.000000
0.000000
0.000000
0.000000
0.000000
0.000000
0.000000
0.000000
0.000000
0.000000
0.000000
0.000000
0.000000
0.000000
0.000000
0.000000
0.000000
0.000000
0.000000
0.000000
0.000000
0.000000
0.000000
0.000000
0.000000
0.000000
0.000000
0.000000
0.000000
0.000000
0.000000
0.000000
0.000000
0.000000
0.000000
0.000000
0.000000
0.000000
0.000000
0.000000
0.000000
0.000000
0.000000
0.000000
0.000000
0.000000
0.000000
0.000000
0.000000
0.000000
0.000000
0.000000
0.000000
0.000000
0.000000
0.000000
0.000000
0.000000
0.000000
0.000000
0.000000
0.000000
0.000000
0.000000
0.000000
0.000000
0.000000
0.000000
0.000000
0.000000
0.000000
0.000000
0.000000
0.000000
0.000000
0.000000
0.000000
0.000000
0.000000
0.000000
0.000000
0.000000
0.000000
0.000000
0.000000
0.000000
0.000000
0.000000
0.000000
0.000000
0.000000
0.000000
0.000000
0.000000
0.000000
0.000000
0.000000
0.000000
0.000000
0.000000
0.000000
0.000000
0.000000
0.000000
0.000000
0.000000
0.000000
0.000000
0.000000
0.000000
0.000000
0.000000
0.000000
0.000000
0.000000
