0.001917
0.003834
0.005754
0.007676
0.009604
0.011536
0.013474
0.015420
0.017374
0.019338
0.021312
0.023297
0.025295
0.027307
0.029332
0.031374
0.033430
0.035506
0.037597
0.039711
0.041841
0.043996
0.046170
0.048368
0.050589
0.052834
0.055107
0.057402
0.059728
0.062077
0.064458
0.066866
0.069304
0.071774
0.074272
0.076806
0.079367
0.081965
0.084594
0.087257
0.089957
0.092687
0.095458
0.098260
0.101099
0.103977
0.106886
0.109840
0.112824
0.115848
0.118912
0.122007
0.125148
0.128321
0.131532
0.134787
0.138071
0.141398
0.144764
0.148160
0.151602
0.155077
0.158585
0.162139
0.165720
0.169338
0.172998
0.176684
0.180407
0.184170
0.187956
0.191779
0.195639
0.199519
0.203435
0.207387
0.211355
0.215356
0.219391
0.223441
0.227515
0.231625
0.235749
0.239889
0.244062
0.248252
0.252448
0.256669
0.260913
0.265159
0.269414
0.273694
0.277983
0.282265
0.286560
0.290873
0.295182
0.299480
0.303787
0.308106
0.312412
0.316701
0.320991
0.325286
0.329568
0.333822
0.338062
0.342302
0.346532
0.350730
0.354893
0.359038
0.363174
0.367291
0.371368
0.375400
0.379394
0.383366
0.387317
0.391235
0.395104
0.398915
0.402670
0.406379
0.410051
0.413687
0.417284
0.420835
0.424332
0.427769
0.431142
0.434449
0.437688
0.440860
0.443964
0.446999
0.449965
0.452858
0.455680
0.458428
0.461101
0.463697
0.466214
0.468652
0.471009
0.473283
0.475474
0.477579
0.479599
0.481531
0.483375
0.485130
0.486794
0.488367
0.489847
0.491235
0.492529
0.493727
0.494831
0.495838
0.496750
0.497565
0.498283
0.498902
0.499424
0.499847
0.500172
0.500399
0.500527
0.500556
0.500487
0.500319
0.500053
0.499688
0.499226
0.498667
0.498011
0.497257
0.496409
0.495466
0.494427
0.493295
0.492070
0.490753
0.489345
0.487847
0.486258
0.484582
0.482819
0.480971
0.479037
0.477020
0.474921
0.472741
0.470483
0.468147
0.465734
0.463249
0.460690
0.458060
0.455360
0.452593
0.449760
0.446863
0.443903
0.440884
0.437806
0.434672
0.431483
0.428242
0.424950
0.421611
0.418225
0.414795
0.411324
0.407811
0.404263
0.400678
0.397061
0.393413
0.389737
0.386034
0.382307
0.378558
0.374789
0.371003
0.367202
0.363388
0.359565
0.355733
0.351895
0.348052
0.344210
0.340366
0.336527
0.332693
0.328866
0.325048
0.321243
0.317452
0.313678
0.309921
0.306186
0.302473
0.298784
0.295122
0.291489
0.287887
0.284318
0.280783
0.277285
0.273825
0.270407
0.267030
0.263699
0.260412
0.257174
0.253984
0.250847
0.247761
0.244731
0.241756
0.238839
0.235981
0.233184
0.230448
0.227776
0.225169
0.222628
0.220154
0.217749
0.215413
0.213149
0.210959
0.208840
0.206796
0.204828
0.202937
0.201123
0.199387
0.197730
0.196153
0.194656
0.193243
0.191910
0.190661
0.189496
0.188414
0.187417
0.186504
0.185677
0.184936
0.184282
0.183714
0.183234
0.182839
0.182532
0.182313
0.182182
0.182139
0.182183
0.182314
0.182533
0.182839
0.183233
0.183715
0.184282
0.184936
0.185677
0.186503
0.187415
0.188412
0.189495
0.190661
0.191909
0.193241
0.194656
0.196151
0.197728
0.199385
0.201121
0.202934
0.204825
0.206794
0.208837
0.210955
0.213147
0.215410
0.217745
0.220149
0.222623
0.225163
0.227771
0.230443
0.233179
0.235976
0.238834
0.241751
0.244726
0.247756
0.250842
0.253980
0.257169
0.260407
0.263694
0.267026
0.270403
0.273821
0.277281
0.280779
0.284314
0.287884
0.291486
0.295120
0.298781
0.302470
0.306182
0.309918
0.313674
0.317449
0.321240
0.325045
0.328861
0.332688
0.336522
0.340362
0.344204
0.348047
0.351889
0.355728
0.359560
0.363384
0.367198
0.370999
0.374785
0.378554
0.382303
0.386030
0.389733
0.393410
0.397058
0.400675
0.404259
0.407807
0.411318
0.414789
0.418219
0.421605
0.424944
0.428237
0.431478
0.434666
0.437800
0.440879
0.443899
0.446858
0.449756
0.452589
0.455356
0.458057
0.460687
0.463247
0.465733
0.468145
0.470481
0.472739
0.474918
0.477016
0.479033
0.480966
0.482816
0.484579
0.486255
0.487843
0.489342
0.490750
0.492067
0.493292
0.494424
0.495463
0.496407
0.497255
0.498008
0.498665
0.499224
0.499686
0.500050
0.500317
0.500485
0.500554
0.500525
0.500397
0.500171
0.499846
0.499424
0.498903
0.498283
0.497566
0.496752
0.495840
0.494833
0.493729
0.492530
0.491237
0.489849
0.488369
0.486796
0.485132
0.483377
0.481534
0.479602
0.477582
0.475477
0.473286
0.471012
0.468655
0.466217
0.463699
0.461104
0.458431
0.455683
0.452861
0.449967
0.447002
0.443968
0.440867
0.437701
0.434470
0.431177
0.427824
0.424412
0.420943
0.417419
0.413842
0.410214
0.406537
0.402812
0.399041
0.395227
0.391371
0.387475
0.383541
0.379571
0.375568
0.371533
0.367467
0.363374
0.359253
0.355109
0.350943
0.346756
0.342550
0.338328
0.334091
0.329841
0.325581
0.321311
0.317034
0.312751
0.308465
0.304176
0.299887
0.295599
0.291315
0.287035
0.282761
0.278496
0.274240
0.269995
0.265763
0.261544
0.257341
0.253155
0.248987
0.244839
0.240712
0.236608
0.232526
0.228469
0.224439
0.220435
0.216459
0.212513
0.208597
0.204712
0.200860
0.197040
0.193254
0.189504
0.185788
0.182110
0.178468
0.174864
0.171299
0.167773
0.164287
0.160841
0.157435
0.154071
0.150749
0.147469
0.144232
0.141037
0.137885
0.134777
0.131713
0.128693
0.125716
0.122784
0.119897
0.117053
0.114255
0.111501
0.108792
0.106127
0.103507
0.100931
0.098400
0.095913
0.093470
0.091072
0.088717
0.086405
0.084137
0.081912
0.079731
0.077591
0.075494
0.073439
0.071426
0.069454
0.067523
0.065632
0.063782
0.061971
0.060200
0.058468
0.056774
0.055118
0.053500
0.051919
0.050375
0.048866
0.047394
0.045957
0.044554
0.043185
0.041851
0.040549
0.039280
0.038043
0.036838
0.035663
0.034520
0.033406
0.032321
0.031266
0.030239
0.029240
0.028268
0.027323
0.026405
0.025512
0.024645
0.023802
0.022983
0.022188
0.021417
0.020668
0.019941
0.019236
0.018552
0.017889
0.017246
0.016623
0.016019
0.015434
0.014868
0.014319
0.013788
0.013274
0.012777
0.012295
0.011830
0.011380
0.010945
0.010524
0.010117
0.009725
0.009345
0.008979
0.008625
0.008284
0.007954
0.007636
0.007329
0.007034
0.006748
0.006473
0.006208
0.005953
0.005707
0.005470
0.005242
0.005022
0.004811
0.004608
0.004412
0.004224
0.004043
0.003869
0.003702
0.003541
0.003386
0.003238
0.003096
0.002959
0.002828
0.002701
0.002581
0.002465
0.002353
0.002247
0.002144
0.002046
0.001952
0.001862
0.001776
0.001694
0.001615
0.001539
0.001467
0.001397
0.001331
0.001268
0.001207
0.001149
0.001094
0.001041
0.000990
0.000942
0.000896
0.000852
0.000810
0.000770
0.000731
0.000695
0.000660
0.000627
0.000595
0.000565
0.000536
0.000509
0.000483
0.000458
0.000434
0.000412
0.000391
0.000370
0.000351
0.000332
0.000315
0.000298
0.000282
0.000267
0.000253
0.000239
0.000226
0.000214
0.000203
0.000192
0.000181
0.000171
0.000162
0.000153
0.000144
0.000136
0.000129
0.000122
0.000115
0.000108
0.000102
0.000096
0.000091
0.000086
0.000081
0.000076
0.000072
0.000068
0.000064
0.000060
0.000056
0.000053
0.000050
0.000047
0.000044
0.000042
0.000039
0.000037
0.000035
0.000033
0.000031
0.000029
0.000027
0.000025
0.000024
0.000022
0.000021
0.000020
0.000018
0.000017
0.000016
0.000015
0.000014
0.000013
0.000013
0.000012
0.000011
0.000010
0.000010
0.000009
0.000008
0.000008
0.000007
0.000007
0.000006
0.000006
0.000006
0.000005
0.000005
0.000005
0.000004
0.000004
0.000004
0.000004
0.000003
0.000003
0.000003
0.000003
0.000002
0.000002
0.000002
0.000002
0.000002
0.000002
0.000002
0.000002
0.000001
0.000001
0.000001
0.000001
0.000001
0.000001
0.000001
0.000001
0.000001
0.000001
0.000001
0.000001
0.000001
0.000001
0.000001
0.000000
0.000000
0.000000
0.000000
0.000000
0.000000
0.000000
0.000000
0.000000
0.000000
0.000000
0.000000
0.000000
0.000000
0.000000
0.000000
0.000000
0.000000
0.000000
0.000000
0.000000
0.000000
0.000000
0.000000
0.000000
0.000000
0.000000
0.000000
0.000000
0.000000
0.000000
0.000000
0.000000
0.000000
0.000000
0.000000
0.000000
0.000000
0.000000
0.000000
0.000000
0.000000
0.000000
0.000000
0.000000
0.000000
0.000000
0.000000
0.000000
0.000000
0.000000
0.000000
0.000000
0.000000
0.000000
0.000000
0.000000
0.000000
0.000000
0.000000
0.000000
0.000000
0.000000
0.000000
0.000000
0.000000
0.000000
0.000000
0.000000
0.000000
0.000000
0.000000
0.000000
0.000000
0.000000
0.000000
0.000000
0.000000
0.000000
0.000000
0.000000
0.000000
0.000000
0.000000
0.000000
0.000000
0.000000
0.000000
0.000000
0.000000
0.000000
0.000000
0.000000
0.000000
0.000000
0.000000
0.000000
0.000000
0.000000
0.000000
0.000000
0.000000
0.000000
0.000000
0.000000
0.000000
0.000000
0.000000
0.000000
0.000000
0.000000
0.000000
0.000000
0.000000
0.000000
0.000000
0.000000
0.000000
0.000000
0.000000
0.000000
0.000000
0.000000
0.000000
0.000000
0.000000
0.000000
0.000000
0.000000
0.000000
0.000000
0.000000
0.000000
0.000000
0.000000
0.000000
0.000000
0.000000
0.000000
0.000000
0.000000
0.000000
0.000000
0.000000
0.000000
0.000000
0.000000
0.000000
0.000000
0.000000
0.000000
0.000000
0.000000
0.000000
0.000000
0.000000
0.000000
0.000000
0.000000
0.000000
0.000000
0.000000
0.000000
0.000000
0.000000
0.000000
0.000000
0.000000
0.000000
0.000000
0.000000
0.000000
0.000000
0.000000
0.000000
0.000000
0.000000
0.000000
0.000000
0.000000
0.000000
0.000000
0.000000
0.000000
0.000000
0.000000
0.000000
0.000000
0.000000
0.000000
0.000000
0.000000
0.000000
0.000000
0.000000
0.000000
0.000000
