0.001943
0.003888
0.005835
0.007784
0.009738
0.011698
0.013663
0.015636
0.017617
0.019608
0.021609
0.023622
0.025646
0.027685
0.029737
0.031806
0.033889
0.035992
0.038111
0.040251
0.042410
0.044590
0.046793
0.049017
0.051267
0.053538
0.055839
0.058161
0.060513
0.062891
0.065298
0.067735
0.070198
0.072697
0.075221
0.077782
0.080372
0.082994
0.085653
0.088341
0.091069
0.093826
0.096621
0.099453
0.102316
0.105222
0.108158
0.111135
0.114149
0.117195
0.120286
0.123408
0.126570
0.129773
0.133006
0.136285
0.139597
0.142944
0.146337
0.149757
0.153219
0.156721
0.160250
0.163824
0.167432
0.171068
0.174749
0.178460
0.182199
0.185983
0.189792
0.193630
0.197509
0.201412
0.205341
0.209309
0.213300
0.217311
0.221361
0.225431
0.229517
0.233637
0.237780
0.241931
0.246110
0.250315
0.254524
0.258749
0.263001
0.267261
0.271522
0.275802
0.280100
0.284393
0.288687
0.292998
0.297315
0.301619
0.305920
0.310235
0.314546
0.318837
0.323117
0.327404
0.331686
0.335941
0.340171
0.344395
0.348615
0.352812
0.356969
0.361098
0.365213
0.369315
0.373385
0.377408
0.381386
0.385333
0.389258
0.393156
0.397010
0.400807
0.404545
0.408229
0.411870
0.415473
0.419038
0.422560
0.426028
0.429438
0.432784
0.436062
0.439271
0.442412
0.445483
0.448484
0.451415
0.454273
0.457058
0.459768
0.462402
0.464958
0.467436
0.469833
0.472148
0.474380
0.476528
0.478590
0.480566
0.482454
0.484252
0.485961
0.487580
0.489105
0.490538
0.491879
0.493124
0.494275
0.495330
0.496288
0.497150
0.497916
0.498584
0.499153
0.499625
0.499998
0.500273
0.500448
0.500526
0.500504
0.500384
0.500166
0.499849
0.499434
0.498921
0.498312
0.497605
0.496802
0.495904
0.494911
0.493823
0.492643
0.491369
0.490003
0.488548
0.487002
0.485367
0.483644
0.481835
0.479941
0.477961
0.475900
0.473757
0.471534
0.469233
0.466854
0.464400
0.461874
0.459274
0.456605
0.453867
0.451061
0.448191
0.445257
0.442261
0.439206
0.436095
0.432926
0.429705
0.426432
0.423109
0.419739
0.416323
0.412865
0.409365
0.405826
0.402251
0.398642
0.395000
0.391328
0.387629
0.383904
0.380155
0.376385
0.372597
0.368792
0.364973
0.361142
0.357302
0.353454
0.349601
0.345745
0.341889
0.338032
0.334181
0.330335
0.326497
0.322671
0.318857
0.315057
0.311275
0.307511
0.303769
0.300049
0.296355
0.292688
0.289051
0.285445
0.281873
0.278335
0.274835
0.271373
0.267953
0.264575
0.261243
0.257956
0.254718
0.251529
0.248392
0.245308
0.242279
0.239305
0.236390
0.233534
0.230738
0.228006
0.225336
0.222731
0.220193
0.217722
0.215320
0.212988
0.210727
0.208539
0.206424
0.204383
0.202418
0.200530
0.198719
0.196986
0.195331
0.193757
0.192264
0.190853
0.189523
0.188277
0.187114
0.186034
0.185039
0.184128
0.183303
0.182564
0.181911
0.181345
0.180865
0.180472
0.180165
0.179947
0.179816
0.179773
0.179817
0.179948
0.180166
0.180472
0.180865
0.181345
0.181911
0.182564
0.183303
0.184128
0.185038
0.186033
0.187112
0.188277
0.189523
0.190852
0.192263
0.193756
0.195331
0.196984
0.198716
0.200528
0.202416
0.204380
0.206421
0.208535
0.210723
0.212984
0.215316
0.217717
0.220188
0.222725
0.225330
0.228000
0.230733
0.233528
0.236384
0.239299
0.242273
0.245303
0.248387
0.251524
0.254713
0.257951
0.261239
0.264571
0.267949
0.271369
0.274831
0.278331
0.281869
0.285442
0.289048
0.292686
0.296353
0.300047
0.303765
0.307507
0.311271
0.315054
0.318853
0.322668
0.326494
0.330331
0.334176
0.338028
0.341883
0.345740
0.349596
0.353449
0.357297
0.361138
0.364969
0.368788
0.372593
0.376381
0.380151
0.383900
0.387625
0.391325
0.394996
0.398638
0.402247
0.405822
0.409360
0.412860
0.416318
0.419734
0.423103
0.426427
0.429700
0.432921
0.436089
0.439202
0.442257
0.445252
0.448186
0.451057
0.453862
0.456602
0.459271
0.461871
0.464399
0.466852
0.469231
0.471532
0.473754
0.475896
0.477958
0.479936
0.481831
0.483640
0.485363
0.486998
0.488544
0.490001
0.491366
0.492640
0.493821
0.494908
0.495902
0.496800
0.497603
0.498310
0.498919
0.499432
0.499846
0.500163
0.500382
0.500502
0.500524
0.500447
0.500272
0.499997
0.499625
0.499154
0.498584
0.497917
0.497152
0.496290
0.495331
0.494277
0.493126
0.491880
0.490541
0.489108
0.487581
0.485964
0.484255
0.482456
0.480568
0.478593
0.476531
0.474383
0.472151
0.469836
0.467439
0.464961
0.462405
0.459771
0.457061
0.454276
0.451418
0.448488
0.445489
0.442421
0.439288
0.436089
0.432828
0.429504
0.426121
0.422681
0.419184
0.415634
0.412031
0.408379
0.404677
0.400930
0.397137
0.393302
0.389426
0.385510
0.381559
0.377572
0.373553
0.369502
0.365423
0.361315
0.357183
0.353028
0.348851
0.344654
0.340440
0.336210
0.331967
0.327711
0.323446
0.319173
0.314892
0.310608
0.306320
0.302031
0.297742
0.293456
0.289173
0.284897
0.280627
0.276366
0.272116
0.267877
0.263651
0.259440
0.255246
0.251069
0.246911
0.242773
0.238657
0.234564
0.230494
0.226451
0.222433
0.218443
0.214482
0.210551
0.206651
0.202782
0.198946
0.195143
0.191375
0.187641
0.183944
0.180284
0.176661
0.173077
0.169531
0.166025
0.162558
0.159133
0.155748
0.152405
0.149104
0.145845
0.142629
0.139456
0.136326
0.133240
0.130197
0.127199
0.124245
0.121335
0.118469
0.115649
0.112872
0.110141
0.107454
0.104811
0.102213
0.099660
0.097151
0.094686
0.092265
0.089889
0.087555
0.085266
0.083019
0.080816
0.078656
0.076537
0.074462
0.072427
0.070435
0.068483
0.066572
0.064702
0.062872
0.061081
0.059329
0.057616
0.055941
0.054305
0.052705
0.051142
0.049616
0.048126
0.046671
0.045251
0.043865
0.042514
0.041196
0.039910
0.038657
0.037436
0.036247
0.035088
0.033959
0.032860
0.031790
0.030749
0.029736
0.028751
0.027793
0.026861
0.025955
0.025075
0.024220
0.023389
0.022583
0.021800
0.021039
0.020302
0.019586
0.018891
0.018218
0.017565
0.016932
0.016319
0.015725
0.015149
0.014591
0.014052
0.013529
0.013023
0.012534
0.012061
0.011603
0.011160
0.010732
0.010319
0.009919
0.009533
0.009160
0.008800
0.008453
0.008117
0.007794
0.007481
0.007180
0.006890
0.006610
0.006340
0.006080
0.005829
0.005588
0.005355
0.005131
0.004916
0.004708
0.004509
0.004317
0.004132
0.003955
0.003784
0.003620
0.003463
0.003312
0.003166
0.003027
0.002893
0.002764
0.002640
0.002522
0.002408
0.002299
0.002195
0.002095
0.001999
0.001907
0.001819
0.001734
0.001654
0.001576
0.001502
0.001431
0.001364
0.001299
0.001237
0.001178
0.001121
0.001067
0.001015
0.000966
0.000919
0.000874
0.000831
0.000789
0.000750
0.000713
0.000677
0.000643
0.000611
0.000580
0.000551
0.000522
0.000496
0.000470
0.000446
0.000423
0.000401
0.000380
0.000360
0.000341
0.000323
0.000306
0.000290
0.000275
0.000260
0.000246
0.000233
0.000220
0.000208
0.000197
0.000186
0.000176
0.000166
0.000157
0.000149
0.000140
0.000132
0.000125
0.000118
0.000111
0.000105
0.000099
0.000094
0.000088
0.000083
0.000078
0.000074
0.000070
0.000066
0.000062
0.000058
0.000055
0.000052
0.000049
0.000046
0.000043
0.000040
0.000038
0.000036
0.000034
0.000032
0.000030
0.000028
0.000026
0.000025
0.000023
0.000022
0.000020
0.000019
0.000018
0.000017
0.000016
0.000015
0.000014
0.000013
0.000012
0.000011
0.000011
0.000010
0.000009
0.000009
0.000008
0.000008
0.000007
0.000007
0.000006
0.000006
0.000005
0.000005
0.000005
0.000004
0.000004
0.000004
0.000004
0.000003
0.000003
0.000003
0.000003
0.000003
0.000002
0.000002
0.000002
0.000002
0.000002
0.000002
0.000002
0.000001
0.000001
0.000001
0.000001
0.000001
0.000001
0.000001
0.000001
0.000001
0.000001
0.000001
0.000001
0.000001
0.000001
0.000001
0.000000
0.000000
0.000000
0.000000
0.000000
0.000000
0.000000
0.000000
0.000000
0.000000
0.000000
0.000000
0.000000
0.000000
0.000000
0.000000
0.000000
0.000000
0.000000
0.000000
0.000000
0.000000
0.000000
0.000000
0.000000
0.000000
0.000000
0.000000
0.000000
0.000000
0.000000
0.000000
0.000000
0.000000
0.000000
0.000000
0.000000
0.000000
0.000000
0.000000
0.000000
0.000000
0.000000
0.000000
0.000000
0.000000
0.000000
0.000000
0.000000
0.000000
0.000000
0.000000
0.000000
0.000000
0.000000
0.000000
0.000000
0.000000
0.000000
0.000000
0.000000
0.000000
0.000000
0.000000
0.000000
0.000000
0.000000
0.000000
0.000000
0.000000
0.000000
0.000000
0.000000
0.000000
0.000000
0.000000
0.000000
0.000000
0.000000
0.000000
0.000000
0.000000
0.000000
0.000000
0.000000
0.000000
0.000000
0.000000
0.000000
0.000000
0.000000
0.000000
0.000000
0.000000
0.000000
0.000000
0.000000
0.000000
0.000000
0.000000
0.000000
0.000000
0.000000
0.000000
0.000000
0.000000
0.000000
0.000000
0.000000
0.000000
0.000000
0.000000
0.000000
0.000000
0.000000
0.000000
0.000000
0.000000
0.000000
0.000000
0.000000
0.000000
0.000000
0.000000
0.000000
0.000000
0.000000
0.000000
0.000000
0.000000
0.000000
0.000000
0.000000
0.000000
0.000000
0.000000
0.000000
0.000000
0.000000
0.000000
0.000000
0.000000
0.000000
0.000000
0.000000
0.000000
0.000000
0.000000
0.000000
0.000000
0.000000
0.000000
0.000000
0.000000
0.000000
0.000000
0.000000
0.000000
0.000000
0.000000
0.000000
0.000000
0.000000
0.000000
0.000000
0.000000
0.000000
0.000000
0.000000
0.000000
0.000000
0.000000
0.000000
0.000000
0.000000
0.000000
0.000000
0.000000
0.000000
0.000000
0.000000
0.000000
0.000000
0.000000
0.000000
0.000000
0.000000
0.000000
0.000000
0.000000
0.000000
0.000000
0.000000
0.000000
0.000000
0.000000
0.000000
