0.001971
0.003943
0.005916
0.007893
0.009874
0.011861
0.013853
0.015854
0.017862
0.019881
0.021908
0.023949
0.026000
0.028067
0.030146
0.032242
0.034354
0.036483
0.038631
0.040796
0.042984
0.045191
0.047422
0.049673
0.051950
0.054250
0.056576
0.058928
0.061305
0.063713
0.066145
0.068611
0.071101
0.073626
0.076180
0.078765
0.081385
0.084032
0.086719
0.089435
0.092187
0.094975
0.097794
0.100654
0.103544
0.106474
0.109440
0.112439
0.115481
0.118554
0.121668
0.124820
0.128004
0.131233
0.134493
0.137792
0.141133
0.144502
0.147916
0.151365
0.154846
0.158372
0.161927
0.165518
0.169151
0.172810
0.176507
0.180243
0.184003
0.187802
0.191636
0.195491
0.199385
0.203311
0.207256
0.211237
0.215249
0.219276
0.223335
0.227425
0.231526
0.235653
0.239812
0.243980
0.248164
0.252378
0.256605
0.260836
0.265091
0.269364
0.273635
0.277914
0.282216
0.286521
0.290817
0.295124
0.299445
0.303757
0.308056
0.312362
0.316675
0.320970
0.325246
0.329520
0.333797
0.338053
0.342279
0.346487
0.350693
0.354884
0.359038
0.363155
0.367249
0.371331
0.375390
0.379405
0.383369
0.387294
0.391192
0.395065
0.398902
0.402685
0.406406
0.410067
0.413679
0.417250
0.420781
0.424271
0.427709
0.431091
0.434408
0.437658
0.440837
0.443946
0.446985
0.449952
0.452847
0.455669
0.458416
0.461089
0.463684
0.466200
0.468637
0.470993
0.473266
0.475456
0.477561
0.479579
0.481511
0.483353
0.485107
0.486770
0.488342
0.489820
0.491207
0.492499
0.493696
0.494798
0.495804
0.496714
0.497527
0.498243
0.498861
0.499380
0.499801
0.500124
0.500348
0.500473
0.500500
0.500428
0.500257
0.499988
0.499620
0.499155
0.498592
0.497932
0.497175
0.496323
0.495375
0.494333
0.493196
0.491967
0.490645
0.489231
0.487728
0.486134
0.484453
0.482684
0.480829
0.478889
0.476865
0.474759
0.472572
0.470307
0.467964
0.465543
0.463048
0.460481
0.457842
0.455133
0.452356
0.449513
0.446606
0.443635
0.440605
0.437515
0.434370
0.431168
0.427914
0.424609
0.421256
0.417856
0.414411
0.410925
0.407397
0.403832
0.400231
0.396597
0.392931
0.389237
0.385514
0.381767
0.377998
0.374208
0.370401
0.366578
0.362741
0.358894
0.355038
0.351174
0.347307
0.343437
0.339568
0.335700
0.331837
0.327980
0.324132
0.320297
0.316474
0.312667
0.308876
0.305106
0.301357
0.297633
0.293933
0.290262
0.286621
0.283012
0.279437
0.275896
0.272394
0.268931
0.265510
0.262132
0.258799
0.255513
0.252274
0.249087
0.245950
0.242868
0.239840
0.236868
0.233955
0.231101
0.228308
0.225579
0.222912
0.220310
0.217775
0.215307
0.212908
0.210580
0.208322
0.206137
0.204026
0.201988
0.200027
0.198142
0.196334
0.194604
0.192953
0.191382
0.189893
0.188484
0.187157
0.185914
0.184753
0.183675
0.182683
0.181774
0.180951
0.180213
0.179562
0.178997
0.178518
0.178126
0.177820
0.177603
0.177472
0.177429
0.177473
0.177603
0.177821
0.178126
0.178518
0.178997
0.179562
0.180213
0.180951
0.181773
0.182681
0.183674
0.184751
0.185913
0.187157
0.188483
0.189892
0.191382
0.192953
0.194603
0.196332
0.198140
0.200025
0.201986
0.204023
0.206134
0.208318
0.210576
0.212905
0.215302
0.217769
0.220304
0.222906
0.225573
0.228304
0.231096
0.233950
0.236863
0.239834
0.242862
0.245945
0.249082
0.252270
0.255508
0.258794
0.262128
0.265506
0.268927
0.272390
0.275893
0.279432
0.283009
0.286618
0.290260
0.293931
0.297630
0.301354
0.305102
0.308873
0.312663
0.316471
0.320293
0.324129
0.327976
0.331832
0.335695
0.339563
0.343432
0.347302
0.351169
0.355033
0.358889
0.362737
0.366573
0.370397
0.374204
0.377994
0.381763
0.385511
0.389232
0.392927
0.396593
0.400227
0.403828
0.407392
0.410919
0.414406
0.417851
0.421250
0.424604
0.427909
0.431163
0.434364
0.437510
0.440600
0.443631
0.446601
0.449509
0.452352
0.455130
0.457839
0.460478
0.463046
0.465541
0.467961
0.470305
0.472570
0.474756
0.476862
0.478885
0.480825
0.482680
0.484449
0.486131
0.487724
0.489228
0.490642
0.491964
0.493194
0.494330
0.495373
0.496321
0.497173
0.497930
0.498590
0.499153
0.499618
0.499985
0.500255
0.500426
0.500498
0.500472
0.500347
0.500123
0.499801
0.499380
0.498861
0.498243
0.497528
0.496715
0.495806
0.494801
0.493699
0.492501
0.491209
0.489823
0.488344
0.486772
0.485109
0.483356
0.481513
0.479582
0.477564
0.475460
0.473270
0.470996
0.468641
0.466203
0.463686
0.461091
0.458419
0.455672
0.452851
0.449957
0.446992
0.443959
0.440859
0.437693
0.434463
0.431170
0.427817
0.424405
0.420937
0.417413
0.413836
0.410208
0.406532
0.402807
0.399037
0.395222
0.391367
0.387471
0.383538
0.379568
0.375565
0.371530
0.367465
0.363371
0.359251
0.355107
0.350941
0.346754
0.342548
0.338326
0.334090
0.329840
0.325579
0.321310
0.317033
0.312750
0.308463
0.304175
0.299886
0.295598
0.291314
0.287034
0.282761
0.278495
0.274239
0.269994
0.265762
0.261544
0.257341
0.253155
0.248987
0.244839
0.240712
0.236607
0.232526
0.228469
0.224438
0.220435
0.216459
0.212513
0.208597
0.204712
0.200859
0.197040
0.193254
0.189503
0.185788
0.182109
0.178468
0.174864
0.171299
0.167773
0.164286
0.160840
0.157435
0.154071
0.150749
0.147469
0.144232
0.141037
0.137885
0.134777
0.131713
0.128693
0.125716
0.122784
0.119896
0.117053
0.114255
0.111501
0.108792
0.106127
0.103507
0.100931
0.098400
0.095913
0.093470
0.091072
0.088717
0.086405
0.084137
0.081912
0.079731
0.077591
0.075494
0.073439
0.071426
0.069454
0.067523
0.065632
0.063782
0.061971
0.060200
0.058468
0.056774
0.055118
0.053500
0.051919
0.050375
0.048866
0.047394
0.045957
0.044554
0.043185
0.041851
0.040549
0.039280
0.038043
0.036838
0.035663
0.034520
0.033406
0.032321
0.031266
0.030239
0.029240
0.028268
0.027323
0.026405
0.025512
0.024645
0.023802
0.022983
0.022188
0.021417
0.020668
0.019941
0.019236
0.018552
0.017889
0.017246
0.016623
0.016019
0.015434
0.014868
0.014319
0.013788
0.013274
0.012777
0.012295
0.011830
0.011380
0.010945
0.010524
0.010117
0.009725
0.009345
0.008979
0.008625
0.008284
0.007954
0.007636
0.007329
0.007034
0.006748
0.006473
0.006208
0.005953
0.005707
0.005470
0.005242
0.005023
0.004811
0.004608
0.004412
0.004224
0.004043
0.003869
0.003702
0.003541
0.003386
0.003238
0.003096
0.002959
0.002828
0.002702
0.002581
0.002465
0.002353
0.002247
0.002144
0.002046
0.001952
0.001862
0.001776
0.001694
0.001615
0.001539
0.001467
0.001397
0.001331
0.001268
0.001207
0.001149
0.001094
0.001041
0.000990
0.000942
0.000896
0.000852
0.000810
0.000770
0.000731
0.000695
0.000660
0.000627
0.000595
0.000565
0.000536
0.000509
0.000483
0.000458
0.000434
0.000412
0.000391
0.000370
0.000351
0.000332
0.000315
0.000298
0.000282
0.000267
0.000253
0.000239
0.000226
0.000214
0.000203
0.000192
0.000181
0.000171
0.000162
0.000153
0.000144
0.000136
0.000129
0.000122
0.000115
0.000108
0.000102
0.000096
0.000091
0.000086
0.000081
0.000076
0.000072
0.000068
0.000064
0.000060
0.000056
0.000053
0.000050
0.000047
0.000044
0.000042
0.000039
0.000037
0.000035
0.000033
0.000031
0.000029
0.000027
0.000025
0.000024
0.000022
0.000021
0.000020
0.000018
0.000017
0.000016
0.000015
0.000014
0.000013
0.000013
0.000012
0.000011
0.000010
0.000010
0.000009
0.000008
0.000008
0.000007
0.000007
0.000006
0.000006
0.000006
0.000005
0.000005
0.000005
0.000004
0.000004
0.000004
0.000004
0.000003
0.000003
0.000003
0.000003
0.000002
0.000002
0.000002
0.000002
0.000002
0.000002
0.000002
0.000002
0.000001
0.000001
0.000001
0.000001
0.000001
0.000001
0.000001
0.000001
0.000001
0.000001
0.000001
0.000001
0.000001
0.000001
0.000001
0.000000
0.000000
0.000000
0.000000
0.000000
0.000000
0.000000
0.000000
0.000000
0.000000
0.000000
0.000000
0.000000
0.000000
0.000000
0.000000
0.000000
0.000000
0.000000
0.000000
0.000000
0.000000
0.000000
0.000000
0.000000
0.000000
0.000000
0.000000
0.000000
0.000000
0.000000
0.000000
0.000000
0.000000
0.000000
0.000000
0.000000
0.000000
0.000000
0.000000
0.000000
0.000000
0.000000
0.000000
0.000000
0.000000
0.000000
0.000000
0.000000
0.000000
0.000000
0.000000
0.000000
0.000000
0.000000
0.000000
0.000000
0.000000
0.000000
0.000000
0.000000
0.000000
0.000000
0.000000
0.000000
0.000000
0.000000
0.000000
0.000000
0.000000
0.000000
0.000000
0.000000
0.000000
0.000000
0.000000
0.000000
0.000000
0.000000
0.000000
0.000000
0.000000
0.000000
0.000000
0.000000
0.000000
0.000000
0.000000
0.000000
0.000000
0.000000
0.000000
0.000000
0.000000
0.000000
0.000000
0.000000
0.000000
0.000000
0.000000
0.000000
0.000000
0.000000
0.000000
0.000000
0.000000
0.000000
0.000000
0.000000
0.000000
0.000000
0.000000
0.000000
0.000000
0.000000
0.000000
0.000000
0.000000
0.000000
0.000000
0.000000
0.000000
0.000000
0.000000
0.000000
0.000000
0.000000
0.000000
0.000000
0.000000
0.000000
0.000000
0.000000
0.000000
0.000000
0.000000
0.000000
0.000000
0.000000
0.000000
0.000000
0.000000
0.000000
0.000000
0.000000
0.000000
0.000000
0.000000
0.000000
0.000000
0.000000
0.000000
0.000000
0.000000
0.000000
0.000000
0.000000
0.000000
0.000000
0.000000
0.000000
0.000000
0.000000
0.000000
0.000000
0.000000
0.000000
0.000000
0.000000
0.000000
0.000000
0.000000
0.000000
0.000000
0.000000
0.000000
0.000000
0.000000
0.000000
0.000000
0.000000
0.000000
0.000000
0.000000
0.000000
0.000000
0.000000
0.000000
0.000000
0.000000
0.000000
0.000000
0.000000
0.000000
0.000000
0.000000
