0.001998
0.003997
0.005999
0.008003
0.010012
0.012026
0.014046
0.016074
0.018110
0.020155
0.022211
0.024278
0.026358
0.028451
0.030560
0.032682
0.034822
0.036978
0.039154
0.041347
0.043563
0.045797
0.048056
0.050335
0.052639
0.054968
0.057320
0.059701
0.062105
0.064541
0.067000
0.069492
0.072013
0.074563
0.077146
0.079757
0.082405
0.085080
0.087793
0.090538
0.093315
0.096131
0.098976
0.101862
0.104781
0.107735
0.110730
0.113754
0.116822
0.119923
0.123059
0.126239
0.129448
0.132700
0.135989
0.139309
0.142675
0.146071
0.149505
0.152981
0.156484
0.160030
0.163613
0.167222
0.170877
0.174561
0.178275
0.182033
0.185816
0.189630
0.193485
0.197362
0.201269
0.205215
0.209180
0.213173
0.217203
0.221249
0.225318
0.229422
0.233543
0.237678
0.241847
0.246033
0.250226
0.254445
0.258686
0.262929
0.267185
0.271466
0.275750
0.280032
0.284333
0.288647
0.292951
0.297254
0.301573
0.305892
0.310194
0.314492
0.318799
0.323099
0.327374
0.331637
0.335903
0.340158
0.344382
0.348579
0.352767
0.356947
0.361097
0.365206
0.369282
0.373342
0.377383
0.381389
0.385343
0.389248
0.393119
0.396966
0.400780
0.404546
0.408252
0.411893
0.415478
0.419017
0.422514
0.425969
0.429376
0.432728
0.436016
0.439236
0.442386
0.445463
0.448469
0.451402
0.454260
0.457046
0.459756
0.462390
0.464945
0.467422
0.469818
0.472133
0.474364
0.476511
0.478572
0.480547
0.482433
0.484231
0.485939
0.487556
0.489081
0.490513
0.491851
0.493096
0.494245
0.495298
0.496255
0.497116
0.497879
0.498545
0.499112
0.499582
0.499953
0.500225
0.500399
0.500474
0.500449
0.500327
0.500105
0.499786
0.499367
0.498852
0.498239
0.497528
0.496722
0.495820
0.494823
0.493731
0.492546
0.491268
0.489898
0.488437
0.486886
0.485245
0.483517
0.481702
0.479802
0.477817
0.475749
0.473599
0.471369
0.469061
0.466675
0.464213
0.461678
0.459070
0.456392
0.453644
0.450829
0.447949
0.445004
0.441998
0.438933
0.435809
0.432630
0.429396
0.426111
0.422775
0.419391
0.415962
0.412489
0.408975
0.405420
0.401829
0.398202
0.394544
0.390855
0.387138
0.383393
0.379626
0.375836
0.372027
0.368201
0.364360
0.360507
0.356643
0.352771
0.348893
0.345012
0.341130
0.337247
0.333369
0.329494
0.325627
0.321770
0.317926
0.314095
0.310280
0.306483
0.302707
0.298952
0.295222
0.291519
0.287844
0.284199
0.280587
0.277009
0.273467
0.269963
0.266500
0.263077
0.259700
0.256367
0.253081
0.249843
0.246657
0.243522
0.240442
0.237415
0.234446
0.231535
0.228684
0.225895
0.223168
0.220504
0.217905
0.215373
0.212909
0.210514
0.208189
0.205936
0.203754
0.201646
0.199613
0.197655
0.195773
0.193969
0.192243
0.190595
0.189028
0.187541
0.186135
0.184812
0.183571
0.182413
0.181338
0.180348
0.179441
0.178620
0.177884
0.177235
0.176671
0.176193
0.175802
0.175497
0.175280
0.175150
0.175106
0.175150
0.175281
0.175497
0.175802
0.176193
0.176670
0.177234
0.177884
0.178620
0.179440
0.180346
0.181337
0.182411
0.183570
0.184812
0.186135
0.187540
0.189027
0.190595
0.192241
0.193967
0.195771
0.197653
0.199610
0.201643
0.203751
0.205932
0.208186
0.210510
0.212904
0.215368
0.217899
0.220498
0.223162
0.225889
0.228679
0.231530
0.234441
0.237410
0.240436
0.243517
0.246652
0.249838
0.253076
0.256362
0.259695
0.263074
0.266496
0.269959
0.273463
0.277005
0.280584
0.284196
0.287841
0.291516
0.295219
0.298949
0.302703
0.306479
0.310277
0.314092
0.317922
0.321767
0.325623
0.329489
0.333363
0.337242
0.341124
0.345007
0.348889
0.352766
0.356638
0.360502
0.364356
0.368197
0.372022
0.375832
0.379621
0.383390
0.387133
0.390851
0.394540
0.398199
0.401824
0.405415
0.408969
0.412483
0.415956
0.419386
0.422769
0.426105
0.429391
0.432625
0.435804
0.438928
0.441995
0.445000
0.447945
0.450825
0.453640
0.456388
0.459067
0.461675
0.464211
0.466673
0.469058
0.471366
0.473596
0.475745
0.477813
0.479797
0.481698
0.483514
0.485242
0.486882
0.488433
0.489894
0.491265
0.492543
0.493729
0.494820
0.495818
0.496720
0.497526
0.498237
0.498850
0.499365
0.499783
0.500103
0.500324
0.500448
0.500472
0.500397
0.500224
0.499952
0.499582
0.499113
0.498546
0.497880
0.497117
0.496257
0.495300
0.494247
0.493098
0.491853
0.490515
0.489084
0.487558
0.485942
0.484234
0.482436
0.480549
0.478575
0.476515
0.474367
0.472136
0.469822
0.467425
0.464948
0.462392
0.459759
0.457050
0.454265
0.451408
0.448478
0.445480
0.442413
0.439280
0.436082
0.432820
0.429498
0.426115
0.422675
0.419179
0.415628
0.412026
0.408374
0.404673
0.400925
0.397133
0.393298
0.389422
0.385507
0.381556
0.377569
0.373550
0.369500
0.365420
0.361313
0.357181
0.353025
0.348849
0.344652
0.340438
0.336209
0.331965
0.327710
0.323445
0.319171
0.314891
0.310607
0.306319
0.302030
0.297741
0.293455
0.289173
0.284896
0.280626
0.276366
0.272115
0.267876
0.263651
0.259440
0.255245
0.251068
0.246910
0.242773
0.238656
0.234563
0.230494
0.226450
0.222433
0.218443
0.214482
0.210551
0.206650
0.202781
0.198945
0.195143
0.191374
0.187641
0.183944
0.180284
0.176661
0.173076
0.169531
0.166025
0.162558
0.159133
0.155748
0.152405
0.149104
0.145845
0.142629
0.139456
0.136326
0.133240
0.130197
0.127199
0.124245
0.121335
0.118469
0.115648
0.112872
0.110141
0.107454
0.104811
0.102213
0.099660
0.097151
0.094686
0.092265
0.089889
0.087555
0.085266
0.083019
0.080816
0.078656
0.076537
0.074462
0.072427
0.070435
0.068483
0.066572
0.064702
0.062872
0.061081
0.059329
0.057616
0.055941
0.054305
0.052705
0.051142
0.049616
0.048126
0.046671
0.045251
0.043865
0.042514
0.041196
0.039910
0.038657
0.037436
0.036247
0.035088
0.033959
0.032860
0.031790
0.030749
0.029736
0.028751
0.027793
0.026861
0.025955
0.025075
0.024220
0.023389
0.022583
0.021800
0.021039
0.020302
0.019586
0.018891
0.018218
0.017565
0.016932
0.016319
0.015725
0.015149
0.014591
0.014052
0.013529
0.013023
0.012534
0.012061
0.011603
0.011160
0.010732
0.010319
0.009919
0.009533
0.009160
0.008800
0.008453
0.008117
0.007794
0.007481
0.007180
0.006890
0.006610
0.006340
0.006080
0.005829
0.005588
0.005355
0.005131
0.004916
0.004708
0.004509
0.004317
0.004132
0.003955
0.003784
0.003620
0.003463
0.003312
0.003166
0.003027
0.002893
0.002764
0.002640
0.002522
0.002408
0.002299
0.002195
0.002095
0.001999
0.001907
0.001819
0.001734
0.001654
0.001576
0.001502
0.001431
0.001364
0.001299
0.001237
0.001178
0.001121
0.001067
0.001015
0.000966
0.000919
0.000874
0.000831
0.000789
0.000750
0.000713
0.000677
0.000643
0.000611
0.000580
0.000551
0.000522
0.000496
0.000470
0.000446
0.000423
0.000401
0.000380
0.000360
0.000341
0.000323
0.000306
0.000290
0.000275
0.000260
0.000246
0.000233
0.000220
0.000208
0.000197
0.000186
0.000176
0.000166
0.000157
0.000149
0.000140
0.000132
0.000125
0.000118
0.000111
0.000105
0.000099
0.000094
0.000088
0.000083
0.000078
0.000074
0.000070
0.000066
0.000062
0.000058
0.000055
0.000052
0.000049
0.000046
0.000043
0.000040
0.000038
0.000036
0.000034
0.000032
0.000030
0.000028
0.000026
0.000025
0.000023
0.000022
0.000020
0.000019
0.000018
0.000017
0.000016
0.000015
0.000014
0.000013
0.000012
0.000011
0.000011
0.000010
0.000009
0.000009
0.000008
0.000008
0.000007
0.000007
0.000006
0.000006
0.000005
0.000005
0.000005
0.000004
0.000004
0.000004
0.000004
0.000003
0.000003
0.000003
0.000003
0.000003
0.000002
0.000002
0.000002
0.000002
0.000002
0.000002
0.000002
0.000001
0.000001
0.000001
0.000001
0.000001
0.000001
0.000001
0.000001
0.000001
0.000001
0.000001
0.000001
0.000001
0.000001
0.000001
0.000000
0.000000
0.000000
0.000000
0.000000
0.000000
0.000000
0.000000
0.000000
0.000000
0.000000
0.000000
0.000000
0.000000
0.000000
0.000000
0.000000
0.000000
0.000000
0.000000
0.000000
0.000000
0.000000
0.000000
0.000000
0.000000
0.000000
0.000000
0.000000
0.000000
0.000000
0.000000
0.000000
0.000000
0.000000
0.000000
0.000000
0.000000
0.000000
0.000000
0.000000
0.000000
0.000000
0.000000
0.000000
0.000000
0.000000
0.000000
0.000000
0.000000
0.000000
0.000000
0.000000
0.000000
0.000000
0.000000
0.000000
0.000000
0.000000
0.000000
0.000000
0.000000
0.000000
0.000000
0.000000
0.000000
0.000000
0.000000
0.000000
0.000000
0.000000
0.000000
0.000000
0.000000
0.000000
0.000000
0.000000
0.000000
0.000000
0.000000
0.000000
0.000000
0.000000
0.000000
0.000000
0.000000
0.000000
0.000000
0.000000
0.000000
0.000000
0.000000
0.000000
0.000000
0.000000
0.000000
0.000000
0.000000
0.000000
0.000000
0.000000
0.000000
0.000000
0.000000
0.000000
0.000000
0.000000
0.000000
0.000000
0.000000
0.000000
0.000000
0.000000
0.000000
0.000000
0.000000
0.000000
0.000000
0.000000
0.000000
0.000000
0.000000
0.000000
0.000000
0.000000
0.000000
0.000000
0.000000
0.000000
0.000000
0.000000
0.000000
0.000000
0.000000
0.000000
0.000000
0.000000
0.000000
0.000000
0.000000
0.000000
0.000000
0.000000
0.000000
0.000000
0.000000
0.000000
0.000000
0.000000
0.000000
0.000000
0.000000
0.000000
0.000000
0.000000
0.000000
0.000000
0.000000
0.000000
0.000000
0.000000
0.000000
0.000000
0.000000
0.000000
0.000000
0.000000
0.000000
0.000000
0.000000
0.000000
0.000000
0.000000
0.000000
0.000000
0.000000
0.000000
0.000000
0.000000
0.000000
0.000000
0.000000
0.000000
0.000000
0.000000
0.000000
0.000000
0.000000
0.000000
0.000000
0.000000
0.000000
0.000000
0.000000
0.000000
0.000000
