0.002026
0.004053
0.006082
0.008114
0.010151
0.012192
0.014241
0.016296
0.018360
0.020433
0.022517
0.024611
0.026720
0.028840
0.030977
0.033126
0.035295
0.037479
0.039682
0.041904
0.044146
0.046410
0.048694
0.051004
0.053334
0.055691
0.058071
0.060480
0.062912
0.065374
0.067864
0.070381
0.072932
0.075507
0.078119
0.080758
0.083432
0.086137
0.088874
0.091649
0.094452
0.097295
0.100169
0.103079
0.106028
0.109006
0.112027
0.115080
0.118170
0.121301
0.124461
0.127666
0.130903
0.134176
0.137493
0.140838
0.144225
0.147649
0.151104
0.154603
0.158133
0.161697
0.165305
0.168938
0.172609
0.176320
0.180054
0.183828
0.187637
0.191468
0.195339
0.199241
0.203163
0.207123
0.211112
0.215118
0.219160
0.223228
0.227309
0.231423
0.235563
0.239711
0.243886
0.248087
0.252294
0.256517
0.260768
0.265025
0.269285
0.273568
0.277864
0.282155
0.286453
0.290770
0.295084
0.299388
0.303701
0.308023
0.312331
0.316624
0.320922
0.325221
0.329499
0.333755
0.338006
0.342255
0.346478
0.350668
0.354839
0.359002
0.363146
0.367249
0.371311
0.375348
0.379368
0.383360
0.387304
0.391194
0.395041
0.398858
0.402646
0.406393
0.410082
0.413705
0.417266
0.420773
0.424236
0.427655
0.431029
0.434349
0.437607
0.440797
0.443916
0.446962
0.449935
0.452833
0.455656
0.458405
0.461077
0.463672
0.466188
0.468624
0.470979
0.473252
0.475441
0.477545
0.479562
0.481492
0.483334
0.485086
0.486749
0.488319
0.489797
0.491181
0.492472
0.493668
0.494769
0.495774
0.496681
0.497493
0.498207
0.498823
0.499340
0.499760
0.500080
0.500302
0.500425
0.500449
0.500374
0.500201
0.499929
0.499559
0.499090
0.498524
0.497861
0.497100
0.496244
0.495293
0.494247
0.493106
0.491872
0.490546
0.489128
0.487620
0.486021
0.484334
0.482560
0.480700
0.478754
0.476723
0.474612
0.472418
0.470146
0.467795
0.465367
0.462865
0.460289
0.457641
0.454925
0.452139
0.449286
0.446369
0.443388
0.440347
0.437247
0.434090
0.430877
0.427612
0.424295
0.420928
0.417515
0.414057
0.410556
0.407014
0.403433
0.399817
0.396166
0.392483
0.388772
0.385032
0.381266
0.377478
0.373669
0.369841
0.365997
0.362139
0.358270
0.354391
0.350503
0.346612
0.342717
0.338823
0.334928
0.331039
0.327153
0.323277
0.319411
0.315558
0.311720
0.307898
0.304095
0.300313
0.296553
0.292818
0.289111
0.285433
0.281785
0.278171
0.274590
0.271047
0.267542
0.264079
0.260656
0.257279
0.253946
0.250661
0.247425
0.244240
0.241107
0.238029
0.235005
0.232038
0.229130
0.226282
0.223496
0.220772
0.218113
0.215518
0.212989
0.210528
0.208137
0.205817
0.203568
0.201389
0.199285
0.197256
0.195303
0.193424
0.191623
0.189901
0.188257
0.186693
0.185210
0.183807
0.182487
0.181249
0.180093
0.179022
0.178033
0.177130
0.176310
0.175577
0.174928
0.174366
0.173889
0.173499
0.173196
0.172979
0.172849
0.172806
0.172849
0.172979
0.173196
0.173500
0.173889
0.174365
0.174928
0.175576
0.176310
0.177129
0.178032
0.179020
0.180092
0.181247
0.182487
0.183807
0.185209
0.186693
0.188256
0.189900
0.191622
0.193422
0.195300
0.197254
0.199282
0.201386
0.203563
0.205813
0.208133
0.210524
0.212983
0.215512
0.218106
0.220767
0.223490
0.226278
0.229126
0.232033
0.234999
0.238023
0.241102
0.244235
0.247420
0.250657
0.253941
0.257274
0.260652
0.264075
0.267539
0.271043
0.274587
0.278167
0.281782
0.285430
0.289108
0.292815
0.296549
0.300309
0.304091
0.307895
0.311717
0.315555
0.319408
0.323273
0.327148
0.331033
0.334923
0.338817
0.342712
0.346607
0.350499
0.354385
0.358265
0.362135
0.365993
0.369837
0.373665
0.377474
0.381263
0.385027
0.388767
0.392479
0.396162
0.399812
0.403429
0.407009
0.410550
0.414051
0.417510
0.420922
0.424288
0.427606
0.430872
0.434084
0.437242
0.440343
0.443384
0.446364
0.449282
0.452134
0.454921
0.457638
0.460286
0.462863
0.465365
0.467792
0.470143
0.472415
0.474608
0.476720
0.478749
0.480695
0.482556
0.484331
0.486018
0.487616
0.489125
0.490543
0.491869
0.493104
0.494244
0.495291
0.496243
0.497099
0.497859
0.498522
0.499088
0.499556
0.499926
0.500198
0.500372
0.500448
0.500423
0.500301
0.500079
0.499759
0.499341
0.498823
0.498207
0.497494
0.496683
0.495775
0.494771
0.493671
0.492474
0.491184
0.489800
0.488321
0.486751
0.485089
0.483336
0.481495
0.479565
0.477548
0.475444
0.473255
0.470982
0.468627
0.466191
0.463674
0.461080
0.458409
0.455662
0.452841
0.449947
0.446984
0.443951
0.440851
0.437685
0.434456
0.431163
0.427811
0.424399
0.420931
0.417408
0.413831
0.410204
0.406527
0.402803
0.399033
0.395219
0.391363
0.387468
0.383535
0.379565
0.375563
0.371528
0.367463
0.363369
0.359249
0.355105
0.350939
0.346752
0.342547
0.338325
0.334088
0.329839
0.325578
0.321308
0.317031
0.312749
0.308463
0.304174
0.299885
0.295597
0.291313
0.287033
0.282760
0.278494
0.274239
0.269994
0.265761
0.261543
0.257340
0.253154
0.248987
0.244839
0.240712
0.236607
0.232525
0.228469
0.224438
0.220434
0.216459
0.212512
0.208597
0.204712
0.200859
0.197040
0.193254
0.189503
0.185788
0.182109
0.178468
0.174864
0.171299
0.167773
0.164286
0.160840
0.157435
0.154071
0.150749
0.147469
0.144232
0.141037
0.137885
0.134777
0.131713
0.128693
0.125716
0.122784
0.119896
0.117053
0.114255
0.111501
0.108792
0.106127
0.103507
0.100931
0.098400
0.095913
0.093470
0.091072
0.088716
0.086405
0.084137
0.081912
0.079731
0.077591
0.075494
0.073439
0.071426
0.069454
0.067523
0.065632
0.063782
0.061971
0.060200
0.058468
0.056774
0.055118
0.053500
0.051919
0.050375
0.048866
0.047394
0.045957
0.044554
0.043185
0.041851
0.040549
0.039280
0.038043
0.036838
0.035663
0.034520
0.033406
0.032321
0.031266
0.030239
0.029240
0.028268
0.027323
0.026405
0.025512
0.024645
0.023802
0.022983
0.022188
0.021417
0.020668
0.019941
0.019236
0.018552
0.017889
0.017246
0.016623
0.016019
0.015434
0.014868
0.014319
0.013788
0.013274
0.012777
0.012295
0.011830
0.011380
0.010945
0.010524
0.010117
0.009725
0.009345
0.008979
0.008625
0.008284
0.007954
0.007636
0.007329
0.007034
0.006748
0.006473
0.006208
0.005953
0.005707
0.005470
0.005242
0.005023
0.004811
0.004608
0.004412
0.004224
0.004043
0.003869
0.003702
0.003541
0.003386
0.003238
0.003096
0.002959
0.002828
0.002702
0.002581
0.002465
0.002353
0.002247
0.002144
0.002046
0.001952
0.001862
0.001776
0.001694
0.001615
0.001539
0.001467
0.001397
0.001331
0.001268
0.001207
0.001149
0.001094
0.001041
0.000990
0.000942
0.000896
0.000852
0.000810
0.000770
0.000731
0.000695
0.000660
0.000627
0.000595
0.000565
0.000536
0.000509
0.000483
0.000458
0.000434
0.000412
0.000391
0.000370
0.000351
0.000332
0.000315
0.000298
0.000282
0.000267
0.000253
0.000239
0.000226
0.000214
0.000203
0.000192
0.000181
0.000171
0.000162
0.000153
0.000144
0.000136
0.000129
0.000122
0.000115
0.000108
0.000102
0.000096
0.000091
0.000086
0.000081
0.000076
0.000072
0.000068
0.000064
0.000060
0.000056
0.000053
0.000050
0.000047
0.000044
0.000042
0.000039
0.000037
0.000035
0.000033
0.000031
0.000029
0.000027
0.000025
0.000024
0.000022
0.000021
0.000020
0.000018
0.000017
0.000016
0.000015
0.000014
0.000013
0.000013
0.000012
0.000011
0.000010
0.000010
0.000009
0.000008
0.000008
0.000007
0.000007
0.000006
0.000006
0.000006
0.000005
0.000005
0.000005
0.000004
0.000004
0.000004
0.000004
0.000003
0.000003
0.000003
0.000003
0.000002
0.000002
0.000002
0.000002
0.000002
0.000002
0.000002
0.000002
0.000001
0.000001
0.000001
0.000001
0.000001
0.000001
0.000001
0.000001
0.000001
0.000001
0.000001
0.000001
0.000001
0.000001
0.000001
0.000000
0.000000
0.000000
0.000000
0.000000
0.000000
0.000000
0.000000
0.000000
0.000000
0.000000
0.000000
0.000000
0.000000
0.000000
0.000000
0.000000
0.000000
0.000000
0.000000
0.000000
0.000000
0.000000
0.000000
0.000000
0.000000
0.000000
0.000000
0.000000
0.000000
0.000000
0.000000
0.000000
0.000000
0.000000
0.000000
0.000000
0.000000
0.000000
0.000000
0.000000
0.000000
0.000000
0.000000
0.000000
0.000000
0.000000
0.000000
0.000000
0.000000
0.000000
0.000000
0.000000
0.000000
0.000000
0.000000
0.000000
0.000000
0.000000
0.000000
0.000000
0.000000
0.000000
0.000000
0.000000
0.000000
0.000000
0.000000
0.000000
0.000000
0.000000
0.000000
0.000000
0.000000
0.000000
0.000000
0.000000
0.000000
0.000000
0.000000
0.000000
0.000000
0.000000
0.000000
0.000000
0.000000
0.000000
0.000000
0.000000
0.000000
0.000000
0.000000
0.000000
0.000000
0.000000
0.000000
0.000000
0.000000
0.000000
0.000000
0.000000
0.000000
0.000000
0.000000
0.000000
0.000000
0.000000
0.000000
0.000000
0.000000
0.000000
0.000000
0.000000
0.000000
0.000000
0.000000
0.000000
0.000000
0.000000
0.000000
0.000000
0.000000
0.000000
0.000000
0.000000
0.000000
0.000000
0.000000
0.000000
0.000000
0.000000
0.000000
0.000000
0.000000
0.000000
0.000000
0.000000
0.000000
0.000000
0.000000
0.000000
0.000000
0.000000
0.000000
0.000000
0.000000
0.000000
0.000000
0.000000
0.000000
0.000000
0.000000
0.000000
0.000000
0.000000
0.000000
0.000000
0.000000
0.000000
0.000000
0.000000
0.000000
0.000000
0.000000
0.000000
0.000000
0.000000
0.000000
0.000000
0.000000
0.000000
0.000000
0.000000
0.000000
0.000000
0.000000
0.000000
0.000000
0.000000
0.000000
0.000000
0.000000
0.000000
0.000000
0.000000
0.000000
0.000000
0.000000
0.000000
0.000000
0.000000
0.000000
0.000000
0.000000
0.000000
