0.002054
0.004109
0.006166
0.008226
0.010291
0.012360
0.014437
0.016520
0.018612
0.020713
0.022825
0.024948
0.027084
0.029233
0.031397
0.033576
0.035771
0.037984
0.040215
0.042466
0.044735
0.047028
0.049340
0.051677
0.054035
0.056421
0.058829
0.061264
0.063727
0.066215
0.068734
0.071279
0.073857
0.076461
0.079099
0.081768
0.084467
0.087202
0.089965
0.092767
0.095599
0.098467
0.101371
0.104305
0.107282
0.110288
0.113333
0.116415
0.119529
0.122686
0.125874
0.129101
0.132367
0.135664
0.139004
0.142377
0.145784
0.149235
0.152714
0.156233
0.159791
0.163376
0.167004
0.170663
0.174352
0.178084
0.181843
0.185633
0.189463
0.193316
0.197201
0.201124
0.205066
0.209039
0.213047
0.217072
0.221124
0.225210
0.229309
0.233431
0.237585
0.241751
0.245932
0.250143
0.254367
0.258596
0.262851
0.267122
0.271391
0.275674
0.279978
0.284279
0.288578
0.292893
0.297215
0.301524
0.305831
0.310150
0.314464
0.318757
0.323045
0.327338
0.331619
0.335871
0.340109
0.344345
0.348566
0.352753
0.356909
0.361053
0.365184
0.369282
0.373333
0.377349
0.381346
0.385320
0.389252
0.393129
0.396955
0.400743
0.404502
0.408225
0.411896
0.415502
0.419040
0.422519
0.425947
0.429330
0.432668
0.435954
0.439180
0.442340
0.445428
0.448443
0.451382
0.454245
0.457033
0.459744
0.462378
0.464934
0.467410
0.469805
0.472119
0.474350
0.476496
0.478556
0.480530
0.482416
0.484212
0.485919
0.487535
0.489059
0.490489
0.491827
0.493070
0.494217
0.495269
0.496225
0.497084
0.497846
0.498510
0.499076
0.499543
0.499912
0.500183
0.500354
0.500426
0.500400
0.500274
0.500051
0.499728
0.499307
0.498789
0.498172
0.497459
0.496649
0.495743
0.494742
0.493647
0.492458
0.491175
0.489801
0.488335
0.486780
0.485135
0.483401
0.481581
0.479676
0.477684
0.475610
0.473454
0.471218
0.468903
0.466510
0.464040
0.461498
0.458883
0.456196
0.453440
0.450616
0.447726
0.444773
0.441756
0.438681
0.435547
0.432357
0.429111
0.425814
0.422466
0.419070
0.415627
0.412141
0.408613
0.405044
0.401438
0.397796
0.394121
0.390415
0.386682
0.382920
0.379134
0.375326
0.371497
0.367651
0.363790
0.359915
0.356030
0.352136
0.348234
0.344329
0.340422
0.336515
0.332609
0.328709
0.324814
0.320929
0.317055
0.313194
0.309349
0.305521
0.301712
0.297924
0.294160
0.290421
0.286711
0.283029
0.279380
0.275763
0.272181
0.268637
0.265132
0.261668
0.258246
0.254869
0.251537
0.248254
0.245020
0.241836
0.238706
0.235630
0.232609
0.229645
0.226740
0.223896
0.221114
0.218393
0.215737
0.213146
0.210622
0.208165
0.205779
0.203462
0.201217
0.199043
0.196943
0.194919
0.192969
0.191094
0.189297
0.187578
0.185939
0.184379
0.182899
0.181500
0.180183
0.178948
0.177795
0.176726
0.175740
0.174839
0.174022
0.173290
0.172644
0.172083
0.171607
0.171219
0.170916
0.170700
0.170570
0.170527
0.170570
0.170700
0.170917
0.171219
0.171607
0.172082
0.172644
0.173290
0.174022
0.174838
0.175740
0.176725
0.177794
0.178946
0.180182
0.181499
0.182899
0.184378
0.185938
0.187578
0.189296
0.191092
0.192966
0.194916
0.196940
0.199040
0.201213
0.203458
0.205774
0.208161
0.210616
0.213140
0.215731
0.218387
0.221108
0.223891
0.226736
0.229641
0.232604
0.235624
0.238701
0.241831
0.245015
0.248249
0.251533
0.254864
0.258242
0.261664
0.265128
0.268633
0.272178
0.275759
0.279376
0.283026
0.286707
0.290418
0.294156
0.297921
0.301708
0.305517
0.309346
0.313191
0.317052
0.320926
0.324810
0.328704
0.332604
0.336510
0.340417
0.344325
0.348230
0.352131
0.356025
0.359911
0.363785
0.367647
0.371493
0.375322
0.379130
0.382915
0.386677
0.390411
0.394118
0.397792
0.401433
0.405039
0.408607
0.412135
0.415622
0.419064
0.422460
0.425808
0.429106
0.432351
0.435542
0.438677
0.441753
0.444768
0.447723
0.450612
0.453436
0.456192
0.458879
0.461495
0.464038
0.466507
0.468900
0.471215
0.473451
0.475606
0.477680
0.479671
0.481577
0.483398
0.485131
0.486776
0.488332
0.489798
0.491173
0.492455
0.493645
0.494740
0.495742
0.496647
0.497457
0.498170
0.498786
0.499305
0.499725
0.500048
0.500272
0.500398
0.500425
0.500353
0.500181
0.499911
0.499543
0.499076
0.498510
0.497847
0.497085
0.496227
0.495272
0.494220
0.493072
0.491829
0.490492
0.489061
0.487537
0.485922
0.484215
0.482418
0.480533
0.478559
0.476499
0.474353
0.472122
0.469809
0.467413
0.464937
0.462381
0.459749
0.457040
0.454256
0.451399
0.448470
0.445472
0.442406
0.439273
0.436075
0.432814
0.429492
0.426109
0.422670
0.419174
0.415623
0.412021
0.408369
0.404669
0.400922
0.397129
0.393295
0.389419
0.385505
0.381553
0.377567
0.373548
0.369498
0.365418
0.361311
0.357179
0.353024
0.348847
0.344651
0.340437
0.336208
0.331964
0.327709
0.323444
0.319170
0.314890
0.310606
0.306318
0.302029
0.297741
0.293454
0.289172
0.284895
0.280626
0.276365
0.272114
0.267876
0.263650
0.259439
0.255245
0.251068
0.246910
0.242772
0.238656
0.234563
0.230494
0.226450
0.222433
0.218443
0.214482
0.210551
0.206650
0.202781
0.198945
0.195142
0.191374
0.187641
0.183944
0.180284
0.176661
0.173076
0.169531
0.166025
0.162558
0.159132
0.155748
0.152405
0.149104
0.145845
0.142629
0.139456
0.136326
0.133240
0.130197
0.127199
0.124245
0.121335
0.118469
0.115648
0.112872
0.110141
0.107454
0.104811
0.102213
0.099660
0.097151
0.094686
0.092265
0.089889
0.087555
0.085266
0.083019
0.080816
0.078656
0.076537
0.074461
0.072427
0.070435
0.068483
0.066573
0.064702
0.062872
0.061081
0.059329
0.057616
0.055941
0.054305
0.052705
0.051142
0.049616
0.048126
0.046671
0.045251
0.043865
0.042514
0.041196
0.039910
0.038657
0.037436
0.036247
0.035088
0.033959
0.032860
0.031790
0.030749
0.029736
0.028751
0.027793
0.026861
0.025955
0.025075
0.024220
0.023389
0.022583
0.021800
0.021039
0.020302
0.019586
0.018891
0.018218
0.017565
0.016932
0.016319
0.015725
0.015149
0.014591
0.014052
0.013529
0.013023
0.012534
0.012061
0.011603
0.011160
0.010732
0.010319
0.009919
0.009533
0.009160
0.008800
0.008453
0.008117
0.007794
0.007481
0.007180
0.006890
0.006610
0.006340
0.006080
0.005829
0.005588
0.005355
0.005131
0.004916
0.004708
0.004509
0.004317
0.004132
0.003955
0.003784
0.003620
0.003463
0.003312
0.003166
0.003027
0.002893
0.002764
0.002640
0.002522
0.002408
0.002299
0.002195
0.002095
0.001999
0.001907
0.001819
0.001734
0.001654
0.001576
0.001502
0.001431
0.001364
0.001299
0.001237
0.001178
0.001121
0.001067
0.001015
0.000966
0.000919
0.000874
0.000831
0.000789
0.000750
0.000713
0.000677
0.000643
0.000611
0.000580
0.000551
0.000522
0.000496
0.000470
0.000446
0.000423
0.000401
0.000380
0.000360
0.000341
0.000323
0.000306
0.000290
0.000275
0.000260
0.000246
0.000233
0.000220
0.000208
0.000197
0.000186
0.000176
0.000166
0.000157
0.000149
0.000140
0.000132
0.000125
0.000118
0.000111
0.000105
0.000099
0.000094
0.000088
0.000083
0.000078
0.000074
0.000070
0.000066
0.000062
0.000058
0.000055
0.000052
0.000049
0.000046
0.000043
0.000040
0.000038
0.000036
0.000034
0.000032
0.000030
0.000028
0.000026
0.000025
0.000023
0.000022
0.000020
0.000019
0.000018
0.000017
0.000016
0.000015
0.000014
0.000013
0.000012
0.000011
0.000011
0.000010
0.000009
0.000009
0.000008
0.000008
0.000007
0.000007
0.000006
0.000006
0.000005
0.000005
0.000005
0.000004
0.000004
0.000004
0.000004
0.000003
0.000003
0.000003
0.000003
0.000003
0.000002
0.000002
0.000002
0.000002
0.000002
0.000002
0.000002
0.000001
0.000001
0.000001
0.000001
0.000001
0.000001
0.000001
0.000001
0.000001
0.000001
0.000001
0.000001
0.000001
0.000001
0.000001
0.000000
0.000000
0.000000
0.000000
0.000000
0.000000
0.000000
0.000000
0.000000
0.000000
0.000000
0.000000
0.000000
0.000000
0.000000
0.000000
0.000000
0.000000
0.000000
0.000000
0.000000
0.000000
0.000000
0.000000
0.000000
0.000000
0.000000
0.000000
0.000000
0.000000
0.000000
0.000000
0.000000
0.000000
0.000000
0.000000
0.000000
0.000000
0.000000
0.000000
0.000000
0.000000
0.000000
0.000000
0.000000
0.000000
0.000000
0.000000
0.000000
0.000000
0.000000
0.000000
0.000000
0.000000
0.000000
0.000000
0.000000
0.000000
0.000000
0.000000
0.000000
0.000000
0.000000
0.000000
0.000000
0.000000
0.000000
0.000000
0.000000
0.000000
0.000000
0.000000
0.000000
0.000000
0.000000
0.000000
0.000000
0.000000
0.000000
0.000000
0.000000
0.000000
0.000000
0.000000
0.000000
0.000000
0.000000
0.000000
0.000000
0.000000
0.000000
0.000000
0.000000
0.000000
0.000000
0.000000
0.000000
0.000000
0.000000
0.000000
0.000000
0.000000
0.000000
0.000000
0.000000
0.000000
0.000000
0.000000
0.000000
0.000000
0.000000
0.000000
0.000000
0.000000
0.000000
0.000000
0.000000
0.000000
0.000000
0.000000
0.000000
0.000000
0.000000
0.000000
0.000000
0.000000
0.000000
0.000000
0.000000
0.000000
0.000000
0.000000
0.000000
0.000000
0.000000
0.000000
0.000000
0.000000
0.000000
0.000000
0.000000
0.000000
0.000000
0.000000
0.000000
0.000000
0.000000
0.000000
0.000000
0.000000
0.000000
0.000000
0.000000
0.000000
0.000000
0.000000
0.000000
0.000000
0.000000
0.000000
0.000000
0.000000
0.000000
0.000000
0.000000
0.000000
0.000000
0.000000
0.000000
0.000000
0.000000
0.000000
0.000000
0.000000
0.000000
0.000000
0.000000
0.000000
0.000000
0.000000
0.000000
0.000000
0.000000
0.000000
0.000000
0.000000
0.000000
0.000000
0.000000
0.000000
0.000000
0.000000
0.000000
0.000000
0.000000
