0.002082
0.004165
0.006251
0.008339
0.010432
0.012530
0.014635
0.016746
0.018867
0.020996
0.023136
0.025288
0.027452
0.029629
0.031821
0.034029
0.036252
0.038494
0.040752
0.043032
0.045329
0.047650
0.049991
0.052356
0.054744
0.057156
0.059594
0.062056
0.064548
0.067063
0.069611
0.072184
0.074789
0.077424
0.080087
0.082785
0.085511
0.088274
0.091066
0.093893
0.096755
0.099647
0.102580
0.105542
0.108543
0.111579
0.114648
0.117758
0.120899
0.124079
0.127297
0.130546
0.133839
0.137162
0.140523
0.143925
0.147354
0.150828
0.154334
0.157873
0.161455
0.165064
0.168710
0.172396
0.176106
0.179856
0.183640
0.187447
0.191295
0.195173
0.199073
0.203012
0.206977
0.210963
0.214987
0.219033
0.223096
0.227195
0.231314
0.235446
0.239610
0.243794
0.247985
0.252202
0.256441
0.260682
0.264939
0.269219
0.273501
0.277785
0.282090
0.286403
0.290707
0.295017
0.299342
0.303659
0.307964
0.312276
0.316592
0.320888
0.325169
0.329452
0.333731
0.337984
0.342211
0.346432
0.350646
0.354830
0.358976
0.363101
0.367215
0.371303
0.375347
0.379346
0.383318
0.387268
0.391186
0.395051
0.398859
0.402621
0.406349
0.410044
0.413693
0.417281
0.420799
0.424252
0.427647
0.430994
0.434295
0.437545
0.440738
0.443865
0.446922
0.449904
0.452810
0.455639
0.458391
0.461064
0.463660
0.466176
0.468612
0.470967
0.473238
0.475427
0.477530
0.479546
0.481476
0.483317
0.485068
0.486729
0.488299
0.489775
0.491159
0.492449
0.493643
0.494742
0.495745
0.496652
0.497462
0.498174
0.498789
0.499304
0.499722
0.500040
0.500260
0.500381
0.500403
0.500326
0.500150
0.499875
0.499503
0.499031
0.498462
0.497796
0.497032
0.496173
0.495218
0.494168
0.493024
0.491786
0.490455
0.489033
0.487521
0.485918
0.484226
0.482447
0.480581
0.478630
0.476594
0.474476
0.472277
0.469998
0.467641
0.465206
0.462696
0.460113
0.457458
0.454733
0.451939
0.449077
0.446151
0.443161
0.440110
0.437000
0.433833
0.430610
0.427332
0.424004
0.420626
0.417200
0.413729
0.410215
0.406660
0.403064
0.399434
0.395767
0.392069
0.388341
0.384585
0.380801
0.376996
0.373168
0.369321
0.365458
0.361580
0.357689
0.353788
0.349879
0.345964
0.342046
0.338127
0.334208
0.330293
0.326381
0.322478
0.318584
0.314703
0.310834
0.306982
0.303148
0.299334
0.295541
0.291773
0.288031
0.284318
0.280634
0.276983
0.273364
0.269781
0.266236
0.262732
0.259268
0.255847
0.252470
0.249140
0.245859
0.242627
0.239446
0.236319
0.233245
0.230227
0.227267
0.224366
0.221525
0.218746
0.216030
0.213378
0.210792
0.208271
0.205820
0.203437
0.201125
0.198884
0.196715
0.194620
0.192599
0.190654
0.188784
0.186991
0.185276
0.183641
0.182085
0.180608
0.179213
0.177899
0.176667
0.175518
0.174451
0.173468
0.172570
0.171755
0.171025
0.170380
0.169821
0.169347
0.168959
0.168658
0.168442
0.168313
0.168270
0.168312
0.168442
0.168659
0.168960
0.169347
0.169821
0.170380
0.171025
0.171754
0.172569
0.173468
0.174450
0.175517
0.176666
0.177898
0.179212
0.180608
0.182084
0.183640
0.185275
0.186990
0.188782
0.190651
0.192597
0.194617
0.196712
0.198881
0.201121
0.203432
0.205815
0.208266
0.210786
0.213372
0.216024
0.218740
0.221520
0.224361
0.227262
0.230222
0.233239
0.236313
0.239441
0.242622
0.245854
0.249136
0.252466
0.255843
0.259264
0.262728
0.266233
0.269778
0.273360
0.276978
0.280630
0.284314
0.288028
0.291770
0.295538
0.299330
0.303145
0.306979
0.310832
0.314699
0.318581
0.322474
0.326377
0.330287
0.334203
0.338122
0.342041
0.345960
0.349875
0.353783
0.357684
0.361575
0.365454
0.369317
0.373164
0.376991
0.380797
0.384580
0.388336
0.392065
0.395763
0.399429
0.403060
0.406654
0.410210
0.413723
0.417194
0.420619
0.423998
0.427327
0.430604
0.433827
0.436995
0.440106
0.443157
0.446147
0.449073
0.451934
0.454729
0.457454
0.460110
0.462693
0.465203
0.467638
0.469995
0.472274
0.474472
0.476590
0.478625
0.480576
0.482443
0.484222
0.485914
0.487517
0.489030
0.490453
0.491784
0.493022
0.494166
0.495216
0.496172
0.497031
0.497794
0.498460
0.499029
0.499500
0.499873
0.500148
0.500324
0.500401
0.500380
0.500259
0.500040
0.499721
0.499305
0.498789
0.498175
0.497463
0.496654
0.495748
0.494745
0.493646
0.492451
0.491161
0.489778
0.488301
0.486732
0.485071
0.483319
0.481479
0.479549
0.477533
0.475430
0.473242
0.470970
0.468615
0.466179
0.463663
0.461070
0.458399
0.455653
0.452832
0.449939
0.446976
0.443944
0.440844
0.437679
0.434450
0.431158
0.427805
0.424394
0.420926
0.417403
0.413827
0.410200
0.406523
0.402799
0.399029
0.395216
0.391360
0.387465
0.383532
0.379563
0.375560
0.371526
0.367460
0.363367
0.359247
0.355103
0.350937
0.346750
0.342545
0.338323
0.334087
0.329837
0.325577
0.321307
0.317030
0.312748
0.308462
0.304173
0.299884
0.295597
0.291312
0.287032
0.282759
0.278494
0.274238
0.269993
0.265761
0.261543
0.257340
0.253154
0.248986
0.244838
0.240711
0.236606
0.232525
0.228468
0.224438
0.220434
0.216459
0.212512
0.208596
0.204712
0.200859
0.197039
0.193254
0.189503
0.185788
0.182109
0.178467
0.174864
0.171299
0.167773
0.164286
0.160840
0.157435
0.154071
0.150749
0.147469
0.144231
0.141037
0.137885
0.134777
0.131713
0.128692
0.125716
0.122784
0.119896
0.117053
0.114255
0.111501
0.108792
0.106127
0.103507
0.100931
0.098400
0.095913
0.093470
0.091071
0.088716
0.086405
0.084137
0.081912
0.079730
0.077591
0.075494
0.073439
0.071426
0.069454
0.067523
0.065632
0.063782
0.061971
0.060200
0.058468
0.056774
0.055118
0.053500
0.051919
0.050375
0.048866
0.047394
0.045957
0.044554
0.043185
0.041851
0.040549
0.039280
0.038043
0.036838
0.035663
0.034520
0.033406
0.032321
0.031266
0.030239
0.029240
0.028268
0.027323
0.026405
0.025512
0.024645
0.023802
0.022983
0.022188
0.021417
0.020668
0.019941
0.019236
0.018552
0.017889
0.017246
0.016623
0.016019
0.015435
0.014868
0.014319
0.013788
0.013274
0.012777
0.012295
0.011830
0.011380
0.010945
0.010524
0.010117
0.009725
0.009345
0.008979
0.008625
0.008284
0.007954
0.007636
0.007329
0.007034
0.006748
0.006473
0.006208
0.005953
0.005707
0.005470
0.005242
0.005023
0.004811
0.004608
0.004412
0.004224
0.004043
0.003869
0.003702
0.003541
0.003386
0.003238
0.003096
0.002959
0.002828
0.002702
0.002581
0.002465
0.002353
0.002247
0.002144
0.002046
0.001952
0.001862
0.001776
0.001694
0.001615
0.001539
0.001467
0.001397
0.001331
0.001268
0.001207
0.001149
0.001094
0.001041
0.000990
0.000942
0.000896
0.000852
0.000810
0.000770
0.000731
0.000695
0.000660
0.000627
0.000595
0.000565
0.000536
0.000509
0.000483
0.000458
0.000434
0.000412
0.000391
0.000370
0.000351
0.000332
0.000315
0.000298
0.000282
0.000267
0.000253
0.000239
0.000226
0.000214
0.000203
0.000192
0.000181
0.000171
0.000162
0.000153
0.000144
0.000136
0.000129
0.000122
0.000115
0.000108
0.000102
0.000096
0.000091
0.000086
0.000081
0.000076
0.000072
0.000068
0.000064
0.000060
0.000056
0.000053
0.000050
0.000047
0.000044
0.000042
0.000039
0.000037
0.000035
0.000033
0.000031
0.000029
0.000027
0.000025
0.000024
0.000022
0.000021
0.000020
0.000018
0.000017
0.000016
0.000015
0.000014
0.000013
0.000013
0.000012
0.000011
0.000010
0.000010
0.000009
0.000008
0.000008
0.000007
0.000007
0.000006
0.000006
0.000006
0.000005
0.000005
0.000005
0.000004
0.000004
0.000004
0.000004
0.000003
0.000003
0.000003
0.000003
0.000002
0.000002
0.000002
0.000002
0.000002
0.000002
0.000002
0.000002
0.000001
0.000001
0.000001
0.000001
0.000001
0.000001
0.000001
0.000001
0.000001
0.000001
0.000001
0.000001
0.000001
0.000001
0.000001
0.000000
0.000000
0.000000
0.000000
0.000000
0.000000
0.000000
0.000000
0.000000
0.000000
0.000000
0.000000
0.000000
0.000000
0.000000
0.000000
0.000000
0.000000
0.000000
0.000000
0.000000
0.000000
0.000000
0.000000
0.000000
0.000000
0.000000
0.000000
0.000000
0.000000
0.000000
0.000000
0.000000
0.000000
0.000000
0.000000
0.000000
0.000000
0.000000
0.000000
0.000000
0.000000
0.000000
0.000000
0.000000
0.000000
0.000000
0.000000
0.000000
0.000000
0.000000
0.000000
0.000000
0.000000
0.000000
0.000000
0.000000
0.000000
0.000000
0.000000
0.000000
0.000000
0.000000
0.000000
0.000000
0.000000
0.000000
0.000000
0.000000
0.000000
0.000000
0.000000
0.000000
0.000000
0.000000
0.000000
0.000000
0.000000
0.000000
0.000000
0.000000
0.000000
0.000000
0.000000
0.000000
0.000000
0.000000
0.000000
0.000000
0.000000
0.000000
0.000000
0.000000
0.000000
0.000000
0.000000
0.000000
0.000000
0.000000
0.000000
0.000000
0.000000
0.000000
0.000000
0.000000
0.000000
0.000000
0.000000
0.000000
0.000000
0.000000
0.000000
0.000000
0.000000
0.000000
0.000000
0.000000
0.000000
0.000000
0.000000
0.000000
0.000000
0.000000
0.000000
0.000000
0.000000
0.000000
0.000000
0.000000
0.000000
0.000000
0.000000
0.000000
0.000000
0.000000
0.000000
0.000000
0.000000
0.000000
0.000000
0.000000
0.000000
0.000000
0.000000
0.000000
0.000000
0.000000
0.000000
0.000000
0.000000
0.000000
0.000000
0.000000
0.000000
0.000000
0.000000
0.000000
0.000000
0.000000
0.000000
0.000000
0.000000
0.000000
0.000000
0.000000
0.000000
0.000000
0.000000
0.000000
0.000000
0.000000
0.000000
0.000000
0.000000
0.000000
0.000000
0.000000
0.000000
0.000000
0.000000
0.000000
0.000000
0.000000
0.000000
0.000000
0.000000
0.000000
0.000000
0.000000
0.000000
0.000000
0.000000
0.000000
0.000000
