0.002111
0.004223
0.006336
0.008454
0.010575
0.012702
0.014834
0.016975
0.019123
0.021282
0.023450
0.025631
0.027822
0.030029
0.032249
0.034486
0.036737
0.039008
0.041295
0.043603
0.045930
0.048278
0.050649
0.053040
0.055458
0.057897
0.060365
0.062855
0.065375
0.067920
0.070494
0.073098
0.075728
0.078393
0.081083
0.083810
0.086564
0.089353
0.092176
0.095028
0.097919
0.100839
0.103797
0.106789
0.109813
0.112879
0.115973
0.119109
0.122278
0.125482
0.128727
0.132002
0.135318
0.138670
0.142053
0.145480
0.148936
0.152429
0.155963
0.159524
0.163126
0.166763
0.170427
0.174134
0.177869
0.181635
0.185442
0.189272
0.193135
0.197035
0.200954
0.204907
0.208894
0.212897
0.216932
0.220998
0.225077
0.229185
0.233323
0.237470
0.241640
0.245839
0.250045
0.254266
0.258515
0.262771
0.267032
0.271316
0.275611
0.279902
0.284205
0.288525
0.292837
0.297145
0.301468
0.305792
0.310099
0.314403
0.318715
0.323016
0.327294
0.331564
0.335837
0.340090
0.344312
0.348517
0.352717
0.356897
0.361037
0.365146
0.369238
0.373313
0.377349
0.381336
0.385284
0.389209
0.393107
0.396959
0.400752
0.404490
0.408187
0.411851
0.415475
0.419043
0.422542
0.425970
0.429335
0.432646
0.435908
0.439121
0.442278
0.445373
0.448397
0.451347
0.454219
0.457013
0.459729
0.462365
0.464922
0.467398
0.469794
0.472107
0.474337
0.476482
0.478542
0.480515
0.482400
0.484195
0.485901
0.487516
0.489039
0.490468
0.491805
0.493046
0.494193
0.495243
0.496198
0.497055
0.497816
0.498478
0.499043
0.499508
0.499876
0.500144
0.500313
0.500383
0.500355
0.500227
0.500001
0.499676
0.499252
0.498731
0.498112
0.497396
0.496582
0.495674
0.494669
0.493570
0.492377
0.491091
0.489712
0.488243
0.486683
0.485033
0.483296
0.481470
0.479560
0.477563
0.475483
0.473322
0.471079
0.468758
0.466359
0.463883
0.461333
0.458710
0.456016
0.453253
0.450420
0.447522
0.444559
0.441534
0.438449
0.435305
0.432105
0.428849
0.425540
0.422181
0.418773
0.415319
0.411820
0.408279
0.404696
0.401076
0.397420
0.393730
0.390009
0.386259
0.382481
0.378678
0.374852
0.371006
0.367141
0.363260
0.359366
0.355460
0.351544
0.347621
0.343694
0.339763
0.335832
0.331902
0.327977
0.324055
0.320144
0.316242
0.312353
0.308478
0.304620
0.300781
0.296962
0.293165
0.289393
0.285649
0.281932
0.278247
0.274594
0.270974
0.267391
0.263846
0.260342
0.256878
0.253459
0.250083
0.246756
0.243476
0.240247
0.237069
0.233944
0.230874
0.227860
0.224903
0.222006
0.219170
0.216395
0.213683
0.211035
0.208453
0.205938
0.203491
0.201114
0.198806
0.196569
0.194406
0.192315
0.190299
0.188358
0.186492
0.184704
0.182993
0.181362
0.179810
0.178338
0.176947
0.175636
0.174407
0.173261
0.172197
0.171218
0.170321
0.169510
0.168782
0.168138
0.167580
0.167108
0.166722
0.166421
0.166206
0.166077
0.166034
0.166077
0.166206
0.166422
0.166722
0.167108
0.167581
0.168138
0.168781
0.169509
0.170321
0.171217
0.172197
0.173260
0.174406
0.175634
0.176946
0.178338
0.179809
0.181361
0.182993
0.184703
0.186491
0.188355
0.190297
0.192312
0.194402
0.196566
0.198801
0.201109
0.203486
0.205933
0.208448
0.211030
0.213677
0.216389
0.219164
0.222001
0.224899
0.227855
0.230868
0.233938
0.237063
0.240242
0.243471
0.246751
0.250079
0.253454
0.256874
0.260338
0.263843
0.267388
0.270970
0.274589
0.278243
0.281928
0.285645
0.289390
0.293162
0.296958
0.300777
0.304617
0.308476
0.312350
0.316239
0.320140
0.324051
0.327971
0.331897
0.335827
0.339758
0.343689
0.347617
0.351539
0.355455
0.359361
0.363256
0.367137
0.371001
0.374847
0.378673
0.382476
0.386254
0.390004
0.393726
0.397415
0.401071
0.404691
0.408273
0.411813
0.415313
0.418767
0.422175
0.425535
0.428844
0.432099
0.435300
0.438445
0.441530
0.444555
0.447518
0.450416
0.453248
0.456012
0.458706
0.461330
0.463880
0.466356
0.468755
0.471077
0.473318
0.475480
0.477559
0.479555
0.481466
0.483291
0.485030
0.486680
0.488240
0.489710
0.491089
0.492375
0.493568
0.494667
0.495672
0.496580
0.497393
0.498109
0.498728
0.499250
0.499673
0.499998
0.500225
0.500353
0.500382
0.500312
0.500143
0.499875
0.499508
0.499043
0.498479
0.497817
0.497057
0.496200
0.495246
0.494196
0.493049
0.491807
0.490471
0.489042
0.487519
0.485904
0.484198
0.482402
0.480517
0.478545
0.476486
0.474340
0.472110
0.469797
0.467402
0.464926
0.462371
0.459739
0.457031
0.454248
0.451391
0.448463
0.445465
0.442399
0.439267
0.436069
0.432809
0.429486
0.426104
0.422665
0.419169
0.415619
0.412017
0.408366
0.404665
0.400918
0.397126
0.393292
0.389416
0.385502
0.381551
0.377565
0.373546
0.369496
0.365416
0.361309
0.357177
0.353022
0.348845
0.344649
0.340436
0.336206
0.331963
0.327708
0.323443
0.319169
0.314889
0.310605
0.306317
0.302028
0.297740
0.293453
0.289171
0.284894
0.280625
0.276364
0.272114
0.267875
0.263650
0.259439
0.255244
0.251067
0.246909
0.242772
0.238656
0.234562
0.230493
0.226450
0.222432
0.218443
0.214482
0.210550
0.206650
0.202781
0.198945
0.195142
0.191374
0.187641
0.183944
0.180284
0.176661
0.173076
0.169531
0.166024
0.162558
0.159132
0.155748
0.152405
0.149104
0.145845
0.142629
0.139456
0.136326
0.133239
0.130197
0.127199
0.124244
0.121335
0.118469
0.115648
0.112872
0.110141
0.107454
0.104811
0.102213
0.099660
0.097151
0.094686
0.092265
0.089888
0.087555
0.085266
0.083019
0.080816
0.078656
0.076537
0.074461
0.072427
0.070435
0.068483
0.066573
0.064702
0.062872
0.061081
0.059329
0.057616
0.055941
0.054305
0.052705
0.051142
0.049616
0.048126
0.046671
0.045251
0.043865
0.042514
0.041196
0.039910
0.038657
0.037436
0.036247
0.035088
0.033959
0.032860
0.031790
0.030749
0.029736
0.028751
0.027793
0.026861
0.025955
0.025075
0.024220
0.023389
0.022583
0.021800
0.021039
0.020302
0.019586
0.018891
0.018218
0.017565
0.016932
0.016319
0.015725
0.015149
0.014591
0.014052
0.013529
0.013023
0.012534
0.012061
0.011603
0.011160
0.010732
0.010319
0.009919
0.009533
0.009160
0.008800
0.008453
0.008117
0.007794
0.007481
0.007180
0.006890
0.006610
0.006340
0.006080
0.005829
0.005588
0.005355
0.005131
0.004916
0.004708
0.004509
0.004317
0.004133
0.003955
0.003784
0.003620
0.003463
0.003312
0.003166
0.003027
0.002893
0.002764
0.002640
0.002522
0.002408
0.002299
0.002195
0.002095
0.001999
0.001907
0.001819
0.001734
0.001654
0.001576
0.001502
0.001432
0.001364
0.001299
0.001237
0.001178
0.001121
0.001067
0.001015
0.000966
0.000919
0.000874
0.000831
0.000789
0.000750
0.000713
0.000677
0.000643
0.000611
0.000580
0.000551
0.000523
0.000496
0.000470
0.000446
0.000423
0.000401
0.000380
0.000360
0.000341
0.000323
0.000306
0.000290
0.000275
0.000260
0.000246
0.000233
0.000220
0.000208
0.000197
0.000186
0.000176
0.000166
0.000157
0.000149
0.000140
0.000132
0.000125
0.000118
0.000111
0.000105
0.000099
0.000094
0.000088
0.000083
0.000078
0.000074
0.000070
0.000066
0.000062
0.000058
0.000055
0.000052
0.000049
0.000046
0.000043
0.000040
0.000038
0.000036
0.000034
0.000032
0.000030
0.000028
0.000026
0.000025
0.000023
0.000022
0.000020
0.000019
0.000018
0.000017
0.000016
0.000015
0.000014
0.000013
0.000012
0.000011
0.000011
0.000010
0.000009
0.000009
0.000008
0.000008
0.000007
0.000007
0.000006
0.000006
0.000005
0.000005
0.000005
0.000004
0.000004
0.000004
0.000004
0.000003
0.000003
0.000003
0.000003
0.000003
0.000002
0.000002
0.000002
0.000002
0.000002
0.000002
0.000002
0.000001
0.000001
0.000001
0.000001
0.000001
0.000001
0.000001
0.000001
0.000001
0.000001
0.000001
0.000001
0.000001
0.000001
0.000001
0.000000
0.000000
0.000000
0.000000
0.000000
0.000000
0.000000
0.000000
0.000000
0.000000
0.000000
0.000000
0.000000
0.000000
0.000000
0.000000
0.000000
0.000000
0.000000
0.000000
0.000000
0.000000
0.000000
0.000000
0.000000
0.000000
0.000000
0.000000
0.000000
0.000000
0.000000
0.000000
0.000000
0.000000
0.000000
0.000000
0.000000
0.000000
0.000000
0.000000
0.000000
0.000000
0.000000
0.000000
0.000000
0.000000
0.000000
0.000000
0.000000
0.000000
0.000000
0.000000
0.000000
0.000000
0.000000
0.000000
0.000000
0.000000
0.000000
0.000000
0.000000
0.000000
0.000000
0.000000
0.000000
0.000000
0.000000
0.000000
0.000000
0.000000
0.000000
0.000000
0.000000
0.000000
0.000000
0.000000
0.000000
0.000000
0.000000
0.000000
0.000000
0.000000
0.000000
0.000000
0.000000
0.000000
0.000000
0.000000
0.000000
0.000000
0.000000
0.000000
0.000000
0.000000
0.000000
0.000000
0.000000
0.000000
0.000000
0.000000
0.000000
0.000000
0.000000
0.000000
0.000000
0.000000
0.000000
0.000000
0.000000
0.000000
0.000000
0.000000
0.000000
0.000000
0.000000
0.000000
0.000000
0.000000
0.000000
0.000000
0.000000
0.000000
0.000000
0.000000
0.000000
0.000000
0.000000
0.000000
0.000000
0.000000
0.000000
0.000000
0.000000
0.000000
0.000000
0.000000
0.000000
0.000000
0.000000
0.000000
0.000000
0.000000
0.000000
0.000000
0.000000
0.000000
0.000000
0.000000
0.000000
0.000000
0.000000
0.000000
0.000000
0.000000
0.000000
0.000000
0.000000
0.000000
0.000000
0.000000
0.000000
0.000000
0.000000
0.000000
0.000000
0.000000
0.000000
0.000000
0.000000
0.000000
0.000000
0.000000
0.000000
0.000000
0.000000
0.000000
0.000000
0.000000
0.000000
0.000000
0.000000
0.000000
0.000000
0.000000
0.000000
0.000000
0.000000
0.000000
0.000000
0.000000
0.000000
0.000000
0.000000
0.000000
