0.002140
0.004280
0.006423
0.008569
0.010719
0.012875
0.015036
0.017206
0.019383
0.021570
0.023767
0.025976
0.028197
0.030433
0.032681
0.034947
0.037228
0.039526
0.041843
0.044178
0.046535
0.048911
0.051312
0.053731
0.056178
0.058646
0.061142
0.063662
0.066208
0.068784
0.071384
0.074018
0.076676
0.079368
0.082089
0.084841
0.087626
0.090440
0.093292
0.096172
0.099089
0.102039
0.105022
0.108043
0.111094
0.114185
0.117309
0.120468
0.123667
0.126894
0.130165
0.133468
0.136806
0.140185
0.143593
0.147042
0.150526
0.154040
0.157598
0.161185
0.164806
0.168468
0.172154
0.175880
0.179641
0.183425
0.187250
0.191105
0.194983
0.198902
0.202844
0.206810
0.210814
0.214839
0.218885
0.222967
0.227066
0.231183
0.235334
0.239499
0.243677
0.247886
0.252109
0.256338
0.260592
0.264862
0.269131
0.273416
0.277720
0.282021
0.286324
0.290645
0.294966
0.299277
0.303594
0.307920
0.312233
0.316531
0.320835
0.325138
0.329417
0.333678
0.337938
0.342189
0.346409
0.350601
0.354784
0.358955
0.363091
0.367187
0.371258
0.375314
0.379339
0.383316
0.387245
0.391143
0.395017
0.398852
0.402631
0.406349
0.410018
0.413649
0.417243
0.420788
0.424267
0.427673
0.431009
0.434286
0.437510
0.440683
0.443803
0.446863
0.449853
0.452770
0.455609
0.458368
0.461047
0.463646
0.466163
0.468600
0.470955
0.473226
0.475414
0.477517
0.479533
0.481461
0.483301
0.485052
0.486712
0.488280
0.489756
0.491138
0.492427
0.493620
0.494718
0.495720
0.496626
0.497434
0.498145
0.498758
0.499272
0.499688
0.500005
0.500222
0.500341
0.500361
0.500282
0.500104
0.499827
0.499451
0.498978
0.498406
0.497737
0.496971
0.496108
0.495150
0.494097
0.492949
0.491707
0.490373
0.488947
0.487430
0.485824
0.484127
0.482343
0.480473
0.478517
0.476475
0.474352
0.472147
0.469862
0.467499
0.465058
0.462541
0.459952
0.457289
0.454557
0.451755
0.448885
0.445951
0.442952
0.439892
0.436773
0.433596
0.430363
0.427075
0.423736
0.420347
0.416910
0.413427
0.409900
0.406332
0.402723
0.399079
0.395398
0.391686
0.387942
0.384170
0.380371
0.376548
0.372703
0.368839
0.364957
0.361060
0.357149
0.353229
0.349298
0.345362
0.341422
0.337480
0.333537
0.329597
0.325662
0.321732
0.317813
0.313904
0.310008
0.306126
0.302263
0.298418
0.294595
0.290795
0.287020
0.283273
0.279554
0.275868
0.272213
0.268593
0.265010
0.261466
0.257962
0.254500
0.251082
0.247709
0.244383
0.241106
0.237880
0.234705
0.231584
0.228517
0.225507
0.222554
0.219662
0.216830
0.214059
0.211352
0.208709
0.206132
0.203622
0.201180
0.198807
0.196504
0.194273
0.192115
0.190029
0.188017
0.186081
0.184220
0.182436
0.180731
0.179104
0.177556
0.176088
0.174700
0.173393
0.172168
0.171025
0.169964
0.168988
0.168094
0.167285
0.166559
0.165918
0.165361
0.164891
0.164506
0.164206
0.163992
0.163863
0.163820
0.163863
0.163992
0.164206
0.164506
0.164891
0.165362
0.165917
0.166558
0.167284
0.168094
0.168987
0.169964
0.171024
0.172167
0.173392
0.174699
0.176087
0.177555
0.179103
0.180730
0.182436
0.184219
0.186079
0.188015
0.190026
0.192111
0.194269
0.196500
0.198802
0.201174
0.203617
0.206127
0.208704
0.211346
0.214053
0.216824
0.219657
0.222550
0.225502
0.228512
0.231578
0.234700
0.237874
0.241101
0.244379
0.247704
0.251077
0.254496
0.257958
0.261463
0.265007
0.268589
0.272209
0.275863
0.279550
0.283269
0.287017
0.290792
0.294592
0.298415
0.302259
0.306123
0.310004
0.313900
0.317809
0.321728
0.325657
0.329592
0.333533
0.337474
0.341417
0.345358
0.349294
0.353223
0.357145
0.361055
0.364953
0.368834
0.372699
0.376543
0.380366
0.384165
0.387937
0.391681
0.395394
0.399074
0.402719
0.406326
0.409894
0.413420
0.416903
0.420340
0.423730
0.427070
0.430357
0.433590
0.436768
0.439888
0.442948
0.445947
0.448881
0.451750
0.454553
0.457285
0.459948
0.462539
0.465055
0.467496
0.469859
0.472144
0.474349
0.476472
0.478512
0.480468
0.482339
0.484123
0.485820
0.487427
0.488945
0.490371
0.491706
0.492947
0.494094
0.495148
0.496106
0.496969
0.497735
0.498404
0.498975
0.499449
0.499825
0.500102
0.500280
0.500359
0.500340
0.500222
0.500004
0.499687
0.499272
0.498758
0.498146
0.497435
0.496627
0.495723
0.494721
0.493623
0.492429
0.491141
0.489759
0.488283
0.486714
0.485054
0.483304
0.481464
0.479535
0.477520
0.475417
0.473230
0.470959
0.468605
0.466169
0.463654
0.461060
0.458390
0.455645
0.452825
0.449932
0.446969
0.443937
0.440838
0.437673
0.434444
0.431152
0.427800
0.424389
0.420922
0.417399
0.413823
0.410196
0.406520
0.402796
0.399026
0.395213
0.391358
0.387463
0.383530
0.379561
0.375558
0.371523
0.367458
0.363365
0.359245
0.355102
0.350936
0.346749
0.342544
0.338322
0.334086
0.329836
0.325576
0.321306
0.317030
0.312747
0.308461
0.304172
0.299883
0.295596
0.291311
0.287032
0.282759
0.278493
0.274238
0.269993
0.265760
0.261542
0.257339
0.253153
0.248986
0.244838
0.240711
0.236606
0.232525
0.228468
0.224437
0.220434
0.216458
0.212512
0.208596
0.204711
0.200859
0.197039
0.193254
0.189503
0.185788
0.182109
0.178467
0.174864
0.171299
0.167772
0.164286
0.160840
0.157435
0.154071
0.150749
0.147469
0.144231
0.141037
0.137885
0.134777
0.131713
0.128692
0.125716
0.122784
0.119896
0.117053
0.114255
0.111501
0.108792
0.106127
0.103507
0.100931
0.098400
0.095913
0.093470
0.091071
0.088716
0.086405
0.084137
0.081912
0.079730
0.077591
0.075494
0.073439
0.071426
0.069454
0.067523
0.065632
0.063782
0.061971
0.060200
0.058468
0.056774
0.055118
0.053500
0.051919
0.050375
0.048866
0.047394
0.045957
0.044554
0.043185
0.041851
0.040549
0.039280
0.038043
0.036838
0.035663
0.034520
0.033406
0.032322
0.031266
0.030239
0.029240
0.028268
0.027323
0.026405
0.025512
0.024645
0.023802
0.022983
0.022188
0.021417
0.020668
0.019941
0.019236
0.018552
0.017889
0.017246
0.016623
0.016019
0.015435
0.014868
0.014319
0.013788
0.013274
0.012777
0.012295
0.011830
0.011380
0.010945
0.010524
0.010117
0.009725
0.009345
0.008979
0.008625
0.008284
0.007954
0.007636
0.007329
0.007034
0.006748
0.006473
0.006208
0.005953
0.005707
0.005470
0.005242
0.005023
0.004811
0.004608
0.004412
0.004224
0.004043
0.003869
0.003702
0.003541
0.003386
0.003238
0.003096
0.002959
0.002828
0.002702
0.002581
0.002465
0.002353
0.002247
0.002144
0.002046
0.001952
0.001862
0.001776
0.001694
0.001615
0.001539
0.001467
0.001397
0.001331
0.001268
0.001207
0.001149
0.001094
0.001041
0.000990
0.000942
0.000896
0.000852
0.000810
0.000770
0.000731
0.000695
0.000660
0.000627
0.000595
0.000565
0.000536
0.000509
0.000483
0.000458
0.000434
0.000412
0.000391
0.000370
0.000351
0.000332
0.000315
0.000298
0.000282
0.000267
0.000253
0.000239
0.000226
0.000214
0.000203
0.000192
0.000181
0.000171
0.000162
0.000153
0.000144
0.000136
0.000129
0.000122
0.000115
0.000108
0.000102
0.000096
0.000091
0.000086
0.000081
0.000076
0.000072
0.000068
0.000064
0.000060
0.000056
0.000053
0.000050
0.000047
0.000044
0.000042
0.000039
0.000037
0.000035
0.000033
0.000031
0.000029
0.000027
0.000025
0.000024
0.000022
0.000021
0.000020
0.000018
0.000017
0.000016
0.000015
0.000014
0.000013
0.000013
0.000012
0.000011
0.000010
0.000010
0.000009
0.000008
0.000008
0.000007
0.000007
0.000006
0.000006
0.000006
0.000005
0.000005
0.000005
0.000004
0.000004
0.000004
0.000004
0.000003
0.000003
0.000003
0.000003
0.000002
0.000002
0.000002
0.000002
0.000002
0.000002
0.000002
0.000002
0.000001
0.000001
0.000001
0.000001
0.000001
0.000001
0.000001
0.000001
0.000001
0.000001
0.000001
0.000001
0.000001
0.000001
0.000001
0.000000
0.000000
0.000000
0.000000
0.000000
0.000000
0.000000
0.000000
0.000000
0.000000
0.000000
0.000000
0.000000
0.000000
0.000000
0.000000
0.000000
0.000000
0.000000
0.000000
0.000000
0.000000
0.000000
0.000000
0.000000
0.000000
0.000000
0.000000
0.000000
0.000000
0.000000
0.000000
0.000000
0.000000
0.000000
0.000000
0.000000
0.000000
0.000000
0.000000
0.000000
0.000000
0.000000
0.000000
0.000000
0.000000
0.000000
0.000000
0.000000
0.000000
0.000000
0.000000
0.000000
0.000000
0.000000
0.000000
0.000000
0.000000
0.000000
0.000000
0.000000
0.000000
0.000000
0.000000
0.000000
0.000000
0.000000
0.000000
0.000000
0.000000
0.000000
0.000000
0.000000
0.000000
0.000000
0.000000
0.000000
0.000000
0.000000
0.000000
0.000000
0.000000
0.000000
0.000000
0.000000
0.000000
0.000000
0.000000
0.000000
0.000000
0.000000
0.000000
0.000000
0.000000
0.000000
0.000000
0.000000
0.000000
0.000000
0.000000
0.000000
0.000000
0.000000
0.000000
0.000000
0.000000
0.000000
0.000000
0.000000
0.000000
0.000000
0.000000
0.000000
0.000000
0.000000
0.000000
0.000000
0.000000
0.000000
0.000000
0.000000
0.000000
0.000000
0.000000
0.000000
0.000000
0.000000
0.000000
0.000000
0.000000
0.000000
0.000000
0.000000
0.000000
0.000000
0.000000
0.000000
0.000000
0.000000
0.000000
0.000000
0.000000
0.000000
0.000000
0.000000
0.000000
0.000000
0.000000
0.000000
0.000000
0.000000
0.000000
0.000000
0.000000
0.000000
0.000000
0.000000
0.000000
0.000000
0.000000
0.000000
0.000000
0.000000
0.000000
0.000000
0.000000
0.000000
0.000000
0.000000
0.000000
0.000000
0.000000
0.000000
0.000000
0.000000
0.000000
0.000000
0.000000
0.000000
0.000000
0.000000
0.000000
0.000000
0.000000
0.000000
0.000000
0.000000
0.000000
0.000000
0.000000
0.000000
0.000000
0.000000
