0.002169
0.004338
0.006510
0.008685
0.010864
0.013049
0.015240
0.017438
0.019644
0.021861
0.024087
0.026325
0.028576
0.030839
0.033118
0.035411
0.037722
0.040049
0.042396
0.044759
0.047146
0.049550
0.051979
0.054429
0.056903
0.059402
0.061924
0.064475
0.067049
0.069654
0.072283
0.074944
0.077633
0.080351
0.083102
0.085881
0.088696
0.091538
0.094416
0.097326
0.100268
0.103248
0.106256
0.109305
0.112385
0.115500
0.118654
0.121837
0.125062
0.128318
0.131611
0.134943
0.138304
0.141708
0.145143
0.148613
0.152124
0.155662
0.159241
0.162854
0.166496
0.170179
0.173891
0.177634
0.181418
0.185225
0.189066
0.192944
0.196842
0.200774
0.204740
0.208723
0.212740
0.216786
0.220847
0.224940
0.229059
0.233189
0.237348
0.241532
0.245722
0.249936
0.254174
0.258415
0.262672
0.266952
0.271234
0.275521
0.279828
0.284141
0.288447
0.292765
0.297093
0.301410
0.305722
0.310045
0.314363
0.318662
0.322955
0.327254
0.331535
0.335791
0.340037
0.344279
0.348498
0.352682
0.356848
0.361004
0.365134
0.369222
0.373273
0.377306
0.381317
0.385285
0.389198
0.393071
0.396917
0.400731
0.404495
0.408196
0.411839
0.415437
0.418999
0.422517
0.425974
0.429358
0.432669
0.435912
0.439098
0.442232
0.445313
0.448336
0.451291
0.454174
0.456978
0.459703
0.462345
0.464906
0.467385
0.469782
0.472095
0.474325
0.476470
0.478529
0.480501
0.482385
0.484180
0.485885
0.487499
0.489021
0.490449
0.491785
0.493026
0.494171
0.495220
0.496173
0.497029
0.497788
0.498450
0.499013
0.499476
0.499842
0.500109
0.500276
0.500345
0.500314
0.500184
0.499956
0.499628
0.499203
0.498679
0.498057
0.497338
0.496522
0.495610
0.494603
0.493501
0.492304
0.491015
0.489632
0.488159
0.486595
0.484941
0.483199
0.481369
0.479454
0.477453
0.475367
0.473201
0.470953
0.468625
0.466220
0.463738
0.461182
0.458553
0.455851
0.453080
0.450241
0.447334
0.444364
0.441330
0.438236
0.435083
0.431873
0.428607
0.425288
0.421919
0.418500
0.415034
0.411524
0.407970
0.404375
0.400742
0.397073
0.393369
0.389633
0.385868
0.382075
0.378255
0.374413
0.370549
0.366667
0.362769
0.358855
0.354930
0.350995
0.347051
0.343102
0.339150
0.335196
0.331243
0.327293
0.323348
0.319411
0.315484
0.311569
0.307665
0.303779
0.299910
0.296061
0.292234
0.288431
0.284654
0.280904
0.277184
0.273496
0.269841
0.266221
0.262639
0.259095
0.255593
0.252133
0.248716
0.245346
0.242023
0.238749
0.235525
0.232355
0.229236
0.226174
0.223168
0.220221
0.217333
0.214505
0.211739
0.209037
0.206399
0.203827
0.201323
0.198887
0.196519
0.194221
0.191995
0.189841
0.187762
0.185754
0.183823
0.181967
0.180188
0.178488
0.176865
0.175321
0.173858
0.172474
0.171171
0.169949
0.168810
0.167752
0.166779
0.165888
0.165081
0.164358
0.163718
0.163164
0.162695
0.162311
0.162012
0.161799
0.161670
0.161627
0.161670
0.161798
0.162011
0.162311
0.162695
0.163164
0.163718
0.164357
0.165080
0.165887
0.166778
0.167752
0.168809
0.169948
0.171170
0.172473
0.173856
0.175321
0.176864
0.178487
0.180188
0.181966
0.183821
0.185751
0.187758
0.189838
0.191991
0.194217
0.196513
0.198881
0.201318
0.203823
0.206394
0.209031
0.211733
0.214499
0.217327
0.220215
0.223163
0.226169
0.229231
0.232349
0.235520
0.238744
0.242018
0.245341
0.248712
0.252128
0.255589
0.259092
0.262635
0.266218
0.269837
0.273491
0.277180
0.280900
0.284650
0.288428
0.292231
0.296058
0.299907
0.303775
0.307662
0.311564
0.315480
0.319408
0.323344
0.327288
0.331238
0.335191
0.339145
0.343098
0.347047
0.350990
0.354925
0.358851
0.362764
0.366662
0.370545
0.374408
0.378251
0.382069
0.385862
0.389628
0.393364
0.397068
0.400737
0.404369
0.407964
0.411517
0.415028
0.418494
0.421912
0.425283
0.428602
0.431867
0.435077
0.438231
0.441326
0.444359
0.447330
0.450236
0.453075
0.455847
0.458548
0.461179
0.463735
0.466217
0.468623
0.470950
0.473197
0.475364
0.477448
0.479448
0.481365
0.483195
0.484938
0.486592
0.488156
0.489630
0.491012
0.492302
0.493498
0.494601
0.495608
0.496520
0.497336
0.498055
0.498676
0.499200
0.499626
0.499954
0.500182
0.500312
0.500343
0.500275
0.500108
0.499841
0.499477
0.499013
0.498450
0.497790
0.497031
0.496175
0.495223
0.494174
0.493028
0.491787
0.490453
0.489024
0.487502
0.485888
0.484183
0.482388
0.480504
0.478532
0.476473
0.474328
0.472099
0.469787
0.467392
0.464917
0.462362
0.459731
0.457023
0.454240
0.451384
0.448456
0.445459
0.442393
0.439261
0.436064
0.432803
0.429481
0.426100
0.422660
0.419165
0.415615
0.412014
0.408362
0.404662
0.400916
0.397124
0.393289
0.389414
0.385500
0.381549
0.377563
0.373544
0.369494
0.365414
0.361308
0.357176
0.353021
0.348844
0.344648
0.340434
0.336205
0.331962
0.327707
0.323442
0.319168
0.314888
0.310604
0.306316
0.302027
0.297739
0.293453
0.289171
0.284894
0.280625
0.276364
0.272113
0.267875
0.263649
0.259439
0.255244
0.251067
0.246909
0.242772
0.238655
0.234562
0.230493
0.226449
0.222432
0.218442
0.214481
0.210550
0.206650
0.202781
0.198945
0.195142
0.191374
0.187641
0.183944
0.180283
0.176661
0.173076
0.169530
0.166024
0.162558
0.159132
0.155748
0.152405
0.149104
0.145845
0.142629
0.139455
0.136326
0.133239
0.130197
0.127199
0.124244
0.121335
0.118469
0.115648
0.112872
0.110141
0.107454
0.104811
0.102213
0.099660
0.097151
0.094686
0.092265
0.089888
0.087555
0.085266
0.083019
0.080816
0.078655
0.076537
0.074462
0.072427
0.070435
0.068483
0.066573
0.064702
0.062872
0.061081
0.059329
0.057616
0.055941
0.054305
0.052705
0.051142
0.049616
0.048126
0.046671
0.045251
0.043865
0.042514
0.041196
0.039910
0.038657
0.037436
0.036247
0.035088
0.033959
0.032860
0.031790
0.030749
0.029736
0.028751
0.027793
0.026861
0.025955
0.025075
0.024220
0.023389
0.022583
0.021800
0.021039
0.020302
0.019586
0.018891
0.018218
0.017565
0.016932
0.016319
0.015725
0.015149
0.014591
0.014052
0.013529
0.013023
0.012534
0.012061
0.011603
0.011160
0.010732
0.010319
0.009919
0.009533
0.009160
0.008800
0.008453
0.008117
0.007794
0.007481
0.007180
0.006890
0.006610
0.006340
0.006080
0.005829
0.005588
0.005355
0.005131
0.004916
0.004708
0.004509
0.004317
0.004133
0.003955
0.003784
0.003620
0.003463
0.003312
0.003166
0.003027
0.002893
0.002764
0.002640
0.002522
0.002408
0.002299
0.002195
0.002095
0.001999
0.001907
0.001819
0.001734
0.001654
0.001576
0.001502
0.001432
0.001364
0.001299
0.001237
0.001178
0.001121
0.001067
0.001015
0.000966
0.000919
0.000874
0.000831
0.000789
0.000750
0.000713
0.000677
0.000643
0.000611
0.000580
0.000551
0.000523
0.000496
0.000470
0.000446
0.000423
0.000401
0.000380
0.000360
0.000341
0.000323
0.000306
0.000290
0.000275
0.000260
0.000246
0.000233
0.000220
0.000208
0.000197
0.000186
0.000176
0.000166
0.000157
0.000149
0.000140
0.000132
0.000125
0.000118
0.000111
0.000105
0.000099
0.000094
0.000088
0.000083
0.000078
0.000074
0.000070
0.000066
0.000062
0.000058
0.000055
0.000052
0.000049
0.000046
0.000043
0.000040
0.000038
0.000036
0.000034
0.000032
0.000030
0.000028
0.000026
0.000025
0.000023
0.000022
0.000020
0.000019
0.000018
0.000017
0.000016
0.000015
0.000014
0.000013
0.000012
0.000011
0.000011
0.000010
0.000009
0.000009
0.000008
0.000008
0.000007
0.000007
0.000006
0.000006
0.000005
0.000005
0.000005
0.000004
0.000004
0.000004
0.000004
0.000003
0.000003
0.000003
0.000003
0.000003
0.000002
0.000002
0.000002
0.000002
0.000002
0.000002
0.000002
0.000001
0.000001
0.000001
0.000001
0.000001
0.000001
0.000001
0.000001
0.000001
0.000001
0.000001
0.000001
0.000001
0.000001
0.000001
0.000000
0.000000
0.000000
0.000000
0.000000
0.000000
0.000000
0.000000
0.000000
0.000000
0.000000
0.000000
0.000000
0.000000
0.000000
0.000000
0.000000
0.000000
0.000000
0.000000
0.000000
0.000000
0.000000
0.000000
0.000000
0.000000
0.000000
0.000000
0.000000
0.000000
0.000000
0.000000
0.000000
0.000000
0.000000
0.000000
0.000000
0.000000
0.000000
0.000000
0.000000
0.000000
0.000000
0.000000
0.000000
0.000000
0.000000
0.000000
0.000000
0.000000
0.000000
0.000000
0.000000
0.000000
0.000000
0.000000
0.000000
0.000000
0.000000
0.000000
0.000000
0.000000
0.000000
0.000000
0.000000
0.000000
0.000000
0.000000
0.000000
0.000000
0.000000
0.000000
0.000000
0.000000
0.000000
0.000000
0.000000
0.000000
0.000000
0.000000
0.000000
0.000000
0.000000
0.000000
0.000000
0.000000
0.000000
0.000000
0.000000
0.000000
0.000000
0.000000
0.000000
0.000000
0.000000
0.000000
0.000000
0.000000
0.000000
0.000000
0.000000
0.000000
0.000000
0.000000
0.000000
0.000000
0.000000
0.000000
0.000000
0.000000
0.000000
0.000000
0.000000
0.000000
0.000000
0.000000
0.000000
0.000000
0.000000
0.000000
0.000000
0.000000
0.000000
0.000000
0.000000
0.000000
0.000000
0.000000
0.000000
0.000000
0.000000
0.000000
0.000000
0.000000
0.000000
0.000000
0.000000
0.000000
0.000000
0.000000
0.000000
0.000000
0.000000
0.000000
0.000000
0.000000
0.000000
0.000000
0.000000
0.000000
0.000000
0.000000
0.000000
0.000000
0.000000
0.000000
0.000000
0.000000
0.000000
0.000000
0.000000
0.000000
0.000000
0.000000
0.000000
0.000000
0.000000
0.000000
0.000000
0.000000
0.000000
0.000000
0.000000
0.000000
0.000000
0.000000
0.000000
0.000000
0.000000
0.000000
0.000000
0.000000
0.000000
0.000000
0.000000
0.000000
0.000000
0.000000
0.000000
0.000000
0.000000
0.000000
0.000000
