0.000016
0.000033
0.000046
0.000069
0.000075
0.000103
0.000116
0.000121
0.000161
0.000176
0.000163
0.000187
0.000255
0.000324
0.000374
0.000407
0.000433
0.000458
0.000484
0.000511
0.000539
0.000569
0.000600
0.000633
0.000668
0.000705
0.000743
0.000783
0.000825
0.000870
0.000916
0.000965
0.001016
0.001070
0.001126
0.001185
0.001247
0.001312
0.001380
0.001452
0.001526
0.001604
0.001686
0.001772
0.001862
0.001956
0.002054
0.002156
0.002264
0.002376
0.002493
0.002616
0.002744
0.002878
0.003018
0.003164
0.003316
0.003475
0.003641
0.003814
0.003995
0.004183
0.004380
0.004584
0.004798
0.005020
0.005251
0.005493
0.005744
0.006005
0.006277
0.006560
0.006855
0.007161
0.007480
0.007811
0.008156
0.008514
0.008885
0.009272
0.009673
0.010090
0.010522
0.010971
0.011437
0.011921
0.012422
0.012942
0.013481
0.014040
0.014619
0.015219
0.015841
0.016485
0.017151
0.017841
0.018556
0.019295
0.020060
0.020851
0.021669
0.022514
0.023389
0.024292
0.025225
0.026190
0.027185
0.028213
0.029275
0.030370
0.031500
0.032666
0.033869
0.035109
0.036387
0.037705
0.039063
0.040461
0.041902
0.043386
0.044913
0.046485
0.048103
0.049768
0.051480
0.053241
0.055051
0.056912
0.058824
0.060789
0.062807
0.064880
0.067008
0.069193
0.071435
0.073735
0.076095
0.078515
0.080996
0.083540
0.086147
0.088817
0.091553
0.094355
0.097224
0.100161
0.103167
0.106242
0.109387
0.112604
0.115894
0.119256
0.122692
0.126203
0.129789
0.133451
0.137190
0.141006
0.144901
0.148874
0.152927
0.157059
0.161273
0.165567
0.169943
0.174400
0.178940
0.183563
0.188269
0.193058
0.197931
0.202888
0.207928
0.213053
0.218262
0.223555
0.228932
0.234394
0.239939
0.245568
0.251281
0.257077
0.262956
0.268917
0.274961
0.281086
0.287292
0.293579
0.299945
0.306390
0.312913
0.319514
0.326191
0.332943
0.339770
0.346669
0.353641
0.360683
0.367795
0.374974
0.382220
0.389531
0.396905
0.404341
0.411837
0.419391
0.427001
0.434665
0.442382
0.450150
0.457965
0.465826
0.473731
0.481678
0.489663
0.497684
0.505740
0.513828
0.521944
0.530086
0.538252
0.546438
0.554642
0.562861
0.571091
0.579331
0.587576
0.595823
0.604070
0.612314
0.620551
0.628777
0.636990
0.645186
0.653362
0.661513
0.669638
0.677732
0.685792
0.693814
0.701795
0.709732
0.717620
0.725456
0.733237
0.740959
0.748618
0.756211
0.763734
0.771183
0.778555
0.785847
0.793054
0.800174
0.807202
0.814135
0.820971
0.827704
0.834332
0.840852
0.847260
0.853552
0.859726
0.865777
0.871704
0.877503
0.883171
0.888704
0.894101
0.899357
0.904470
0.909437
0.914256
0.918924
0.923438
0.927796
0.931995
0.936034
0.939909
0.943619
0.947162
0.950535
0.953737
0.956766
0.959620
0.962298
0.964797
0.967118
0.969257
0.971215
0.972990
0.974580
0.975986
0.977205
0.978238
0.979085
0.979744
0.980215
0.980498
0.980592
0.980498
0.980215
0.979745
0.979086
0.978240
0.977206
0.975987
0.974581
0.972991
0.971216
0.969258
0.967119
0.964799
0.962300
0.959622
0.956768
0.953739
0.950538
0.947165
0.943622
0.939912
0.936037
0.931999
0.927800
0.923442
0.918928
0.914260
0.909441
0.904474
0.899361
0.894105
0.888708
0.883175
0.877507
0.871709
0.865781
0.859730
0.853556
0.847264
0.840856
0.834337
0.827709
0.820975
0.814140
0.807207
0.800179
0.793059
0.785852
0.778560
0.771188
0.763739
0.756216
0.748624
0.740965
0.733243
0.725463
0.717626
0.709738
0.701802
0.693821
0.685799
0.677739
0.669645
0.661520
0.653368
0.645193
0.636997
0.628784
0.620558
0.612321
0.604078
0.595831
0.587583
0.579338
0.571098
0.562868
0.554650
0.546446
0.538260
0.530094
0.521953
0.513836
0.505749
0.497693
0.489672
0.481687
0.473740
0.465835
0.457974
0.450159
0.442392
0.434675
0.427010
0.419400
0.411846
0.404350
0.396914
0.389540
0.382229
0.374983
0.367804
0.360693
0.353650
0.346679
0.339779
0.332953
0.326200
0.319524
0.312923
0.306400
0.299954
0.293588
0.287302
0.281096
0.274970
0.268927
0.262965
0.257086
0.251290
0.245577
0.239948
0.234403
0.228942
0.223564
0.218271
0.213062
0.207937
0.202897
0.197940
0.193067
0.188278
0.183572
0.178949
0.174409
0.169951
0.165575
0.161281
0.157067
0.152935
0.148882
0.144908
0.141014
0.137197
0.133458
0.129796
0.126210
0.122699
0.119263
0.115901
0.112611
0.109394
0.106248
0.103173
0.100167
0.097230
0.094361
0.091559
0.088823
0.086152
0.083545
0.081002
0.078520
0.076100
0.073741
0.071440
0.069198
0.067013
0.064885
0.062812
0.060794
0.058829
0.056916
0.055055
0.053245
0.051484
0.049772
0.048107
0.046489
0.044917
0.043389
0.041906
0.040465
0.039066
0.037708
0.036391
0.035112
0.033872
0.032669
0.031503
0.030373
0.029278
0.028216
0.027188
0.026192
0.025228
0.024294
0.023391
0.022517
0.021671
0.020853
0.020062
0.019297
0.018558
0.017843
0.017153
0.016487
0.015843
0.015221
0.014621
0.014042
0.013483
0.012944
0.012424
0.011922
0.011439
0.010973
0.010524
0.010091
0.009674
0.009273
0.008887
0.008515
0.008157
0.007812
0.007481
0.007162
0.006856
0.006561
0.006278
0.006006
0.005744
0.005493
0.005252
0.005021
0.004798
0.004585
0.004380
0.004184
0.003996
0.003815
0.003642
0.003476
0.003317
0.003164
0.003018
0.002879
0.002745
0.002616
0.002494
0.002376
0.002264
0.002157
0.002054
0.001956
0.001862
0.001772
0.001687
0.001605
0.001526
0.001452
0.001380
0.001312
0.001248
0.001186
0.001126
0.001070
0.001016
0.000965
0.000916
0.000870
0.000825
0.000783
0.000743
0.000705
0.000668
0.000634
0.000601
0.000569
0.000539
0.000511
0.000484
0.000458
0.000434
0.000411
0.000389
0.000368
0.000348
0.000329
0.000311
0.000294
0.000278
0.000263
0.000249
0.000235
0.000222
0.000209
0.000198
0.000187
0.000176
0.000166
0.000157
0.000148
0.000140
0.000132
0.000124
0.000117
0.000110
0.000104
0.000098
0.000092
0.000087
0.000082
0.000077
0.000072
0.000068
0.000064
0.000060
0.000057
0.000053
0.000050
0.000047
0.000044
0.000042
0.000039
0.000037
0.000034
0.000032
0.000030
0.000028
0.000027
0.000025
0.000023
0.000022
0.000021
0.000019
0.000018
0.000017
0.000016
0.000015
0.000014
0.000013
0.000012
0.000011
0.000011
0.000010
0.000009
0.000009
0.000008
0.000008
0.000007
0.000007
0.000006
0.000006
0.000005
0.000005
0.000005
0.000004
0.000004
0.000004
0.000004
0.000003
0.000003
0.000003
0.000003
0.000003
0.000002
0.000002
0.000002
0.000002
0.000002
0.000002
0.000002
0.000001
0.000001
0.000001
0.000001
0.000001
0.000001
0.000001
0.000001
0.000001
0.000001
0.000001
0.000001
0.000001
0.000001
0.000001
0.000000
0.000000
0.000000
0.000000
0.000000
0.000000
0.000000
0.000000
0.000000
0.000000
0.000000
0.000000
0.000000
0.000000
0.000000
0.000000
0.000000
0.000000
0.000000
0.000000
0.000000
0.000000
0.000000
0.000000
0.000000
0.000000
0.000000
0.000000
0.000000
0.000000
0.000000
0.000000
0.000000
0.000000
0.000000
0.000000
0.000000
0.000000
0.000000
0.000000
0.000000
0.000000
0.000000
0.000000
0.000000
0.000000
0.000000
0.000000
0.000000
0.000000
0.000000
0.000000
0.000000
0.000000
0.000000
0.000000
0.000000
0.000000
0.000000
0.000000
0.000000
0.000000
0.000000
0.000000
0.000000
0.000000
0.000000
0.000000
0.000000
0.000000
0.000000
0.000000
0.000000
0.000000
0.000000
0.000000
0.000000
0.000000
0.000000
0.000000
0.000000
0.000000
0.000000
0.000000
0.000000
0.000000
0.000000
0.000000
0.000000
0.000000
0.000000
0.000000
0.000000
0.000000
0.000000
0.000000
0.000000
0.000000
0.000000
0.000000
0.000000
0.000000
0.000000
0.000000
0.000000
0.000000
0.000000
0.000000
0.000000
0.000000
0.000000
0.000000
0.000000
0.000000
0.000000
0.000000
0.000000
0.000000
0.000000
0.000000
0.000000
0.000000
0.000000
0.000000
0.000000
0.000000
0.000000
0.000000
0.000000
0.000000
0.000000
0.000000
0.000000
0.000000
0.000000
0.000000
0.000000
0.000000
0.000000
0.000000
0.000000
0.000000
0.000000
0.000000
0.000000
0.000000
0.000000
0.000000
0.000000
0.000000
0.000000
0.000000
0.000000
0.000000
0.000000
0.000000
0.000000
0.000000
0.000000
0.000000
0.000000
0.000000
0.000000
0.000000
0.000000
0.000000
0.000000
0.000000
0.000000
0.000000
0.000000
0.000000
0.000000
0.000000
0.000000
0.000000
0.000000
0.000000
0.000000
0.000000
0.000000
0.000000
0.000000
0.000000
0.000000
0.000000
0.000000
0.000000
0.000000
0.000000
0.000000
0.000000
0.000000
0.000000
0.000000
0.000000
0.000000
0.000000
0.000000
0.000000
0.000000
0.000000
0.000000
0.000000
0.000000
0.000000
0.000000
0.000000
0.000000
0.000000
0.000000
0.000000
0.000000
0.000000
0.000000
0.000000
0.000000
0.000000
0.000000
0.000000
0.000000
0.000000
0.000000
0.000000
0.000000
0.000000
0.000000
0.000000
0.000000
0.000000
0.000000
0.000000
0.000000
0.000000
0.000000
0.000000
0.000000
0.000000
0.000000
0.000000
0.000000
0.000000
0.000000
0.000000
0.000000
0.000000
0.000000
0.000000
0.000000
0.000000
0.000000
0.000000
0.000000
0.000000
0.000000
0.000000
0.000000
0.000000
0.000000
0.000000
0.000000
0.000000
0.000000
0.000000
0.000000
0.000000
0.000000
0.000000
0.000000
0.000000
0.000000
0.000000
0.000000
0.000000
0.000000
0.000000
0.000000
0.000000
0.000000
0.000000
0.000000
0.000000
0.000000
0.000000
0.000000
0.000000
0.000000
0.000000
0.000000
0.000000
0.000000
0.000000
0.000000
0.000000
0.000000
0.000000
0.000000
0.000000
0.000000
0.000000
0.000000
0.000000
0.000000
0.000000
0.000000
0.000000
0.000000
0.000000
0.000000
0.000000
0.000000
0.000000
