0.002198
0.004397
0.006598
0.008802
0.011011
0.013225
0.015445
0.017672
0.019909
0.022154
0.024410
0.026677
0.028957
0.031249
0.033558
0.035880
0.038221
0.040577
0.042952
0.045346
0.047761
0.050196
0.052652
0.055133
0.057634
0.060164
0.062714
0.065294
0.067897
0.070530
0.073190
0.075877
0.078597
0.081342
0.084122
0.086929
0.089771
0.092644
0.095548
0.098488
0.101456
0.104464
0.107501
0.110575
0.113684
0.116824
0.120006
0.123216
0.126465
0.129751
0.133067
0.136425
0.139813
0.143239
0.146702
0.150194
0.153729
0.157294
0.160892
0.164531
0.168196
0.171898
0.175636
0.179399
0.183201
0.187034
0.190891
0.194788
0.198709
0.202655
0.206640
0.210644
0.214673
0.218737
0.222817
0.226919
0.231054
0.235202
0.239369
0.243566
0.247773
0.251993
0.256240
0.260497
0.264758
0.269043
0.273338
0.277631
0.281938
0.286259
0.290573
0.294887
0.299217
0.303542
0.307853
0.312169
0.316489
0.320791
0.325077
0.329365
0.333647
0.337901
0.342134
0.346364
0.350580
0.354759
0.358909
0.363047
0.367167
0.371248
0.375284
0.379294
0.383284
0.387240
0.391141
0.394992
0.398809
0.402598
0.406343
0.410028
0.413649
0.417216
0.420744
0.424230
0.427662
0.431025
0.434312
0.437525
0.440674
0.443768
0.446809
0.449792
0.452711
0.455558
0.458328
0.461017
0.463623
0.466146
0.468586
0.470942
0.473214
0.475402
0.477504
0.479520
0.481448
0.483287
0.485036
0.486696
0.488264
0.489739
0.491120
0.492407
0.493600
0.494697
0.495697
0.496602
0.497409
0.498119
0.498730
0.499243
0.499657
0.499972
0.500188
0.500306
0.500323
0.500242
0.500062
0.499783
0.499405
0.498929
0.498355
0.497684
0.496915
0.496049
0.495089
0.494032
0.492881
0.491636
0.490299
0.488868
0.487348
0.485737
0.484037
0.482249
0.480374
0.478413
0.476367
0.474239
0.472029
0.469738
0.467369
0.464922
0.462400
0.459804
0.457135
0.454395
0.451586
0.448709
0.445767
0.442761
0.439692
0.436564
0.433378
0.430136
0.426838
0.423489
0.420090
0.416641
0.413147
0.409610
0.406029
0.402409
0.398751
0.395058
0.391331
0.387573
0.383787
0.379972
0.376134
0.372273
0.368391
0.364492
0.360577
0.356648
0.352708
0.348759
0.344802
0.340841
0.336877
0.332913
0.328950
0.324991
0.321036
0.317093
0.313158
0.309236
0.305328
0.301436
0.297563
0.293710
0.289879
0.286074
0.282294
0.278543
0.274822
0.271133
0.267478
0.263859
0.260277
0.256735
0.253234
0.249776
0.246362
0.242995
0.239674
0.236404
0.233184
0.230017
0.226903
0.223846
0.220844
0.217902
0.215019
0.212196
0.209435
0.206738
0.204106
0.201540
0.199041
0.196610
0.194247
0.191955
0.189735
0.187587
0.185512
0.183510
0.181584
0.179733
0.177960
0.176264
0.174646
0.173107
0.171648
0.170268
0.168969
0.167751
0.166615
0.165561
0.164590
0.163703
0.162898
0.162177
0.161540
0.160988
0.160520
0.160137
0.159839
0.159626
0.159499
0.159456
0.159499
0.159626
0.159839
0.160137
0.160521
0.160988
0.161540
0.162176
0.162897
0.163702
0.164590
0.165561
0.166614
0.167750
0.168968
0.170266
0.171646
0.173106
0.174645
0.176263
0.177959
0.179733
0.181583
0.183508
0.185509
0.187584
0.189731
0.191951
0.194242
0.196605
0.199035
0.201535
0.204101
0.206733
0.209429
0.212190
0.215012
0.217896
0.220839
0.223841
0.226898
0.230012
0.233179
0.236399
0.239670
0.242990
0.246358
0.249772
0.253230
0.256732
0.260274
0.263855
0.267474
0.271128
0.274818
0.278539
0.282290
0.286070
0.289876
0.293707
0.297559
0.301432
0.305324
0.309232
0.313154
0.317089
0.321033
0.324986
0.328945
0.332908
0.336872
0.340837
0.344798
0.348754
0.352703
0.356644
0.360572
0.364487
0.368386
0.372268
0.376129
0.379967
0.383781
0.387568
0.391326
0.395053
0.398746
0.402403
0.406023
0.409603
0.413142
0.416635
0.420083
0.423483
0.426833
0.430130
0.433372
0.436559
0.439688
0.442756
0.445763
0.448705
0.451581
0.454391
0.457131
0.459800
0.462397
0.464920
0.467366
0.469736
0.472025
0.474235
0.476363
0.478408
0.480369
0.482245
0.484033
0.485734
0.487345
0.488866
0.490296
0.491634
0.492879
0.494029
0.495086
0.496047
0.496913
0.497681
0.498353
0.498927
0.499403
0.499781
0.500060
0.500241
0.500322
0.500304
0.500187
0.499971
0.499656
0.499243
0.498730
0.498120
0.497411
0.496604
0.495700
0.494700
0.493603
0.492410
0.491123
0.489741
0.488266
0.486699
0.485039
0.483290
0.481450
0.479523
0.477508
0.475406
0.473219
0.470948
0.468595
0.466160
0.463645
0.461053
0.458383
0.455637
0.452818
0.449926
0.446963
0.443931
0.440832
0.437668
0.434439
0.431147
0.427796
0.424385
0.420918
0.417395
0.413819
0.410193
0.406517
0.402794
0.399024
0.395211
0.391355
0.387461
0.383528
0.379559
0.375556
0.371522
0.367457
0.363363
0.359244
0.355100
0.350935
0.346748
0.342543
0.338321
0.334085
0.329835
0.325575
0.321306
0.317029
0.312746
0.308460
0.304172
0.299883
0.295595
0.291311
0.287031
0.282758
0.278493
0.274237
0.269992
0.265760
0.261542
0.257339
0.253153
0.248985
0.244838
0.240711
0.236606
0.232524
0.228468
0.224437
0.220434
0.216458
0.212512
0.208596
0.204711
0.200859
0.197039
0.193254
0.189503
0.185788
0.182109
0.178467
0.174864
0.171298
0.167772
0.164286
0.160840
0.157435
0.154071
0.150749
0.147469
0.144231
0.141037
0.137885
0.134777
0.131713
0.128692
0.125716
0.122784
0.119896
0.117053
0.114255
0.111501
0.108792
0.106127
0.103507
0.100931
0.098400
0.095913
0.093470
0.091071
0.088716
0.086405
0.084137
0.081912
0.079730
0.077591
0.075494
0.073439
0.071426
0.069454
0.067523
0.065632
0.063782
0.061971
0.060200
0.058468
0.056774
0.055118
0.053500
0.051919
0.050375
0.048866
0.047394
0.045957
0.044554
0.043185
0.041851
0.040549
0.039280
0.038043
0.036838
0.035663
0.034520
0.033406
0.032322
0.031266
0.030239
0.029240
0.028268
0.027324
0.026405
0.025512
0.024645
0.023802
0.022983
0.022188
0.021417
0.020668
0.019941
0.019236
0.018552
0.017889
0.017246
0.016623
0.016019
0.015435
0.014868
0.014319
0.013788
0.013274
0.012777
0.012295
0.011830
0.011380
0.010945
0.010524
0.010117
0.009725
0.009345
0.008979
0.008625
0.008284
0.007954
0.007636
0.007329
0.007034
0.006748
0.006473
0.006208
0.005953
0.005707
0.005470
0.005242
0.005023
0.004811
0.004608
0.004412
0.004224
0.004043
0.003869
0.003702
0.003541
0.003386
0.003238
0.003096
0.002959
0.002828
0.002702
0.002581
0.002465
0.002353
0.002247
0.002144
0.002046
0.001952
0.001862
0.001776
0.001694
0.001615
0.001539
0.001467
0.001397
0.001331
0.001268
0.001207
0.001149
0.001094
0.001041
0.000990
0.000942
0.000896
0.000852
0.000810
0.000770
0.000731
0.000695
0.000660
0.000627
0.000595
0.000565
0.000536
0.000509
0.000483
0.000458
0.000434
0.000412
0.000391
0.000370
0.000351
0.000332
0.000315
0.000298
0.000282
0.000267
0.000253
0.000239
0.000226
0.000214
0.000203
0.000192
0.000181
0.000171
0.000162
0.000153
0.000144
0.000136
0.000129
0.000122
0.000115
0.000108
0.000102
0.000096
0.000091
0.000086
0.000081
0.000076
0.000072
0.000068
0.000064
0.000060
0.000056
0.000053
0.000050
0.000047
0.000044
0.000042
0.000039
0.000037
0.000035
0.000033
0.000031
0.000029
0.000027
0.000025
0.000024
0.000022
0.000021
0.000020
0.000018
0.000017
0.000016
0.000015
0.000014
0.000013
0.000013
0.000012
0.000011
0.000010
0.000010
0.000009
0.000008
0.000008
0.000007
0.000007
0.000006
0.000006
0.000006
0.000005
0.000005
0.000005
0.000004
0.000004
0.000004
0.000004
0.000003
0.000003
0.000003
0.000003
0.000002
0.000002
0.000002
0.000002
0.000002
0.000002
0.000002
0.000002
0.000001
0.000001
0.000001
0.000001
0.000001
0.000001
0.000001
0.000001
0.000001
0.000001
0.000001
0.000001
0.000001
0.000001
0.000001
0.000000
0.000000
0.000000
0.000000
0.000000
0.000000
0.000000
0.000000
0.000000
0.000000
0.000000
0.000000
0.000000
0.000000
0.000000
0.000000
0.000000
0.000000
0.000000
0.000000
0.000000
0.000000
0.000000
0.000000
0.000000
0.000000
0.000000
0.000000
0.000000
0.000000
0.000000
0.000000
0.000000
0.000000
0.000000
0.000000
0.000000
0.000000
0.000000
0.000000
0.000000
0.000000
0.000000
0.000000
0.000000
0.000000
0.000000
0.000000
0.000000
0.000000
0.000000
0.000000
0.000000
0.000000
0.000000
0.000000
0.000000
0.000000
0.000000
0.000000
0.000000
0.000000
0.000000
0.000000
0.000000
0.000000
0.000000
0.000000
0.000000
0.000000
0.000000
0.000000
0.000000
0.000000
0.000000
0.000000
0.000000
0.000000
0.000000
0.000000
0.000000
0.000000
0.000000
0.000000
0.000000
0.000000
0.000000
0.000000
0.000000
0.000000
0.000000
0.000000
0.000000
0.000000
0.000000
0.000000
0.000000
0.000000
0.000000
0.000000
0.000000
0.000000
0.000000
0.000000
0.000000
0.000000
0.000000
0.000000
0.000000
0.000000
0.000000
0.000000
0.000000
0.000000
0.000000
0.000000
0.000000
0.000000
0.000000
0.000000
0.000000
0.000000
0.000000
0.000000
0.000000
0.000000
0.000000
0.000000
0.000000
0.000000
0.000000
0.000000
0.000000
0.000000
0.000000
0.000000
0.000000
0.000000
0.000000
0.000000
0.000000
0.000000
0.000000
0.000000
0.000000
0.000000
0.000000
0.000000
0.000000
0.000000
0.000000
0.000000
0.000000
0.000000
0.000000
0.000000
0.000000
0.000000
0.000000
0.000000
0.000000
0.000000
0.000000
0.000000
0.000000
0.000000
0.000000
0.000000
0.000000
0.000000
0.000000
0.000000
0.000000
0.000000
0.000000
0.000000
0.000000
0.000000
0.000000
0.000000
0.000000
0.000000
0.000000
0.000000
0.000000
0.000000
0.000000
0.000000
0.000000
0.000000
0.000000
0.000000
