0.002228
0.004456
0.006687
0.008921
0.011159
0.013402
0.015653
0.017909
0.020175
0.022450
0.024736
0.027032
0.029342
0.031664
0.034002
0.036354
0.038723
0.041109
0.043514
0.045938
0.048381
0.050846
0.053331
0.055842
0.058373
0.060930
0.063511
0.066119
0.068753
0.071413
0.074103
0.076818
0.079567
0.082342
0.085149
0.087987
0.090855
0.093758
0.096688
0.099657
0.102654
0.105687
0.108755
0.111853
0.114992
0.118159
0.121365
0.124605
0.127877
0.131191
0.134533
0.137915
0.141332
0.144779
0.148268
0.151786
0.155341
0.158934
0.162554
0.166214
0.169905
0.173625
0.177387
0.181173
0.184992
0.188848
0.192726
0.196638
0.200583
0.204546
0.208545
0.212571
0.216614
0.220692
0.224792
0.228907
0.233053
0.237220
0.241397
0.245603
0.249827
0.254056
0.258309
0.262579
0.266850
0.271136
0.275442
0.279744
0.284051
0.288376
0.292699
0.297014
0.301339
0.305670
0.309985
0.314294
0.318610
0.322916
0.327199
0.331475
0.335752
0.340007
0.344231
0.348445
0.352652
0.356829
0.360967
0.365085
0.369190
0.373263
0.377288
0.381276
0.385243
0.389181
0.393071
0.396905
0.400694
0.404453
0.408176
0.411844
0.415446
0.418985
0.422478
0.425930
0.429333
0.432673
0.435936
0.439121
0.442236
0.445290
0.448290
0.451232
0.454112
0.456923
0.459657
0.462310
0.464880
0.467365
0.469766
0.472082
0.474313
0.476458
0.478517
0.480489
0.482372
0.484167
0.485871
0.487484
0.489005
0.490433
0.491767
0.493007
0.494151
0.495199
0.496151
0.497006
0.497764
0.498424
0.498985
0.499448
0.499812
0.500077
0.500243
0.500310
0.500277
0.500146
0.499915
0.499586
0.499158
0.498631
0.498007
0.497286
0.496467
0.495553
0.494543
0.493437
0.492238
0.490945
0.489559
0.488082
0.486515
0.484857
0.483110
0.481277
0.479357
0.477352
0.475261
0.473090
0.470837
0.468504
0.466094
0.463606
0.461043
0.458408
0.455700
0.452922
0.450076
0.447162
0.444184
0.441142
0.438040
0.434878
0.431659
0.428385
0.425056
0.421677
0.418248
0.414772
0.411250
0.407685
0.404079
0.400433
0.396751
0.393034
0.389286
0.385506
0.381699
0.377864
0.374007
0.370127
0.366228
0.362313
0.358382
0.354438
0.350484
0.346521
0.342553
0.338579
0.334605
0.330630
0.326657
0.322689
0.318727
0.314777
0.310835
0.306907
0.302994
0.299098
0.295220
0.291363
0.287531
0.283723
0.279942
0.276189
0.272468
0.268779
0.265124
0.261506
0.257926
0.254385
0.250886
0.247431
0.244019
0.240655
0.237339
0.234072
0.230857
0.227693
0.224584
0.221531
0.218535
0.215598
0.212720
0.209902
0.207147
0.204455
0.201829
0.199269
0.196776
0.194351
0.191994
0.189708
0.187493
0.185350
0.183281
0.181285
0.179364
0.177519
0.175751
0.174060
0.172447
0.170912
0.169457
0.168082
0.166787
0.165573
0.164440
0.163391
0.162423
0.161538
0.160736
0.160018
0.159383
0.158833
0.158367
0.157985
0.157688
0.157476
0.157349
0.157306
0.157348
0.157475
0.157687
0.157985
0.158367
0.158832
0.159383
0.160017
0.160735
0.161537
0.162422
0.163390
0.164440
0.165572
0.166786
0.168080
0.169455
0.170912
0.172446
0.174059
0.175750
0.177518
0.179363
0.181283
0.183278
0.185347
0.187489
0.189703
0.191989
0.194345
0.196770
0.199264
0.201824
0.204450
0.207141
0.209896
0.212713
0.215592
0.218530
0.221526
0.224580
0.227688
0.230851
0.234067
0.237334
0.240651
0.244015
0.247426
0.250883
0.254382
0.257922
0.261502
0.265120
0.268774
0.272463
0.276185
0.279938
0.283719
0.287527
0.291361
0.295216
0.299093
0.302990
0.306903
0.310832
0.314773
0.318725
0.322685
0.326652
0.330626
0.334600
0.338575
0.342548
0.346517
0.350479
0.354434
0.358377
0.362308
0.366223
0.370122
0.374002
0.377859
0.381693
0.385501
0.389281
0.393030
0.396746
0.400427
0.404073
0.407679
0.411244
0.414766
0.418242
0.421671
0.425051
0.428379
0.431654
0.434873
0.438035
0.441138
0.444179
0.447157
0.450070
0.452917
0.455695
0.458404
0.461040
0.463603
0.466090
0.468502
0.470833
0.473086
0.475258
0.477346
0.479352
0.481273
0.483107
0.484854
0.486512
0.488080
0.489557
0.490943
0.492236
0.493434
0.494540
0.495550
0.496465
0.497283
0.498005
0.498629
0.499155
0.499584
0.499913
0.500144
0.500276
0.500308
0.500242
0.500076
0.499812
0.499448
0.498986
0.498425
0.497766
0.497008
0.496153
0.495202
0.494154
0.493009
0.491769
0.490436
0.489008
0.487487
0.485873
0.484169
0.482375
0.480491
0.478521
0.476462
0.474318
0.472089
0.469777
0.467383
0.464908
0.462355
0.459723
0.457016
0.454234
0.451378
0.448450
0.445453
0.442388
0.439256
0.436059
0.432799
0.429477
0.426096
0.422657
0.419161
0.415612
0.412011
0.408360
0.404660
0.400913
0.397121
0.393287
0.389412
0.385498
0.381546
0.377561
0.373542
0.369492
0.365413
0.361306
0.357175
0.353019
0.348843
0.344647
0.340433
0.336204
0.331961
0.327706
0.323441
0.319167
0.314888
0.310603
0.306316
0.302027
0.297738
0.293452
0.289170
0.284893
0.280624
0.276363
0.272113
0.267874
0.263649
0.259438
0.255244
0.251067
0.246909
0.242771
0.238655
0.234562
0.230493
0.226449
0.222432
0.218442
0.214481
0.210550
0.206650
0.202781
0.198945
0.195142
0.191374
0.187641
0.183944
0.180283
0.176661
0.173076
0.169530
0.166024
0.162558
0.159132
0.155748
0.152405
0.149104
0.145845
0.142629
0.139455
0.136326
0.133239
0.130197
0.127199
0.124244
0.121335
0.118469
0.115648
0.112872
0.110141
0.107454
0.104811
0.102213
0.099660
0.097151
0.094686
0.092265
0.089888
0.087555
0.085266
0.083019
0.080816
0.078656
0.076537
0.074462
0.072427
0.070435
0.068483
0.066573
0.064702
0.062872
0.061081
0.059329
0.057616
0.055941
0.054305
0.052705
0.051142
0.049616
0.048126
0.046671
0.045251
0.043865
0.042514
0.041196
0.039910
0.038657
0.037436
0.036247
0.035088
0.033959
0.032860
0.031790
0.030749
0.029736
0.028751
0.027793
0.026861
0.025955
0.025075
0.024220
0.023390
0.022583
0.021800
0.021039
0.020302
0.019586
0.018891
0.018218
0.017565
0.016932
0.016319
0.015725
0.015149
0.014592
0.014052
0.013529
0.013023
0.012534
0.012061
0.011603
0.011160
0.010732
0.010319
0.009919
0.009533
0.009160
0.008800
0.008453
0.008117
0.007794
0.007481
0.007180
0.006890
0.006610
0.006340
0.006080
0.005829
0.005588
0.005355
0.005131
0.004916
0.004709
0.004509
0.004317
0.004133
0.003955
0.003784
0.003620
0.003463
0.003312
0.003166
0.003027
0.002893
0.002764
0.002640
0.002522
0.002408
0.002299
0.002195
0.002095
0.001999
0.001907
0.001819
0.001734
0.001654
0.001576
0.001502
0.001432
0.001364
0.001299
0.001237
0.001178
0.001121
0.001067
0.001015
0.000966
0.000919
0.000874
0.000831
0.000789
0.000750
0.000713
0.000677
0.000643
0.000611
0.000580
0.000551
0.000523
0.000496
0.000470
0.000446
0.000423
0.000401
0.000380
0.000360
0.000341
0.000323
0.000306
0.000290
0.000275
0.000260
0.000246
0.000233
0.000220
0.000208
0.000197
0.000186
0.000176
0.000166
0.000157
0.000149
0.000140
0.000132
0.000125
0.000118
0.000111
0.000105
0.000099
0.000094
0.000088
0.000083
0.000078
0.000074
0.000070
0.000066
0.000062
0.000058
0.000055
0.000052
0.000049
0.000046
0.000043
0.000040
0.000038
0.000036
0.000034
0.000032
0.000030
0.000028
0.000026
0.000025
0.000023
0.000022
0.000020
0.000019
0.000018
0.000017
0.000016
0.000015
0.000014
0.000013
0.000012
0.000011
0.000011
0.000010
0.000009
0.000009
0.000008
0.000008
0.000007
0.000007
0.000006
0.000006
0.000005
0.000005
0.000005
0.000004
0.000004
0.000004
0.000004
0.000003
0.000003
0.000003
0.000003
0.000003
0.000002
0.000002
0.000002
0.000002
0.000002
0.000002
0.000002
0.000001
0.000001
0.000001
0.000001
0.000001
0.000001
0.000001
0.000001
0.000001
0.000001
0.000001
0.000001
0.000001
0.000001
0.000001
0.000000
0.000000
0.000000
0.000000
0.000000
0.000000
0.000000
0.000000
0.000000
0.000000
0.000000
0.000000
0.000000
0.000000
0.000000
0.000000
0.000000
0.000000
0.000000
0.000000
0.000000
0.000000
0.000000
0.000000
0.000000
0.000000
0.000000
0.000000
0.000000
0.000000
0.000000
0.000000
0.000000
0.000000
0.000000
0.000000
0.000000
0.000000
0.000000
0.000000
0.000000
0.000000
0.000000
0.000000
0.000000
0.000000
0.000000
0.000000
0.000000
0.000000
0.000000
0.000000
0.000000
0.000000
0.000000
0.000000
0.000000
0.000000
0.000000
0.000000
0.000000
0.000000
0.000000
0.000000
0.000000
0.000000
0.000000
0.000000
0.000000
0.000000
0.000000
0.000000
0.000000
0.000000
0.000000
0.000000
0.000000
0.000000
0.000000
0.000000
0.000000
0.000000
0.000000
0.000000
0.000000
0.000000
0.000000
0.000000
0.000000
0.000000
0.000000
0.000000
0.000000
0.000000
0.000000
0.000000
0.000000
0.000000
0.000000
0.000000
0.000000
0.000000
0.000000
0.000000
0.000000
0.000000
0.000000
0.000000
0.000000
0.000000
0.000000
0.000000
0.000000
0.000000
0.000000
0.000000
0.000000
0.000000
0.000000
0.000000
0.000000
0.000000
0.000000
0.000000
0.000000
0.000000
0.000000
0.000000
0.000000
0.000000
0.000000
0.000000
0.000000
0.000000
0.000000
0.000000
0.000000
0.000000
0.000000
0.000000
0.000000
0.000000
0.000000
0.000000
0.000000
0.000000
0.000000
0.000000
0.000000
0.000000
0.000000
0.000000
0.000000
0.000000
0.000000
0.000000
0.000000
0.000000
0.000000
0.000000
0.000000
0.000000
0.000000
0.000000
0.000000
0.000000
0.000000
0.000000
0.000000
0.000000
0.000000
0.000000
0.000000
0.000000
0.000000
0.000000
0.000000
0.000000
0.000000
0.000000
0.000000
0.000000
0.000000
0.000000
0.000000
0.000000
0.000000
0.000000
0.000000
0.000000
0.000000
0.000000
