0.002257
0.004516
0.006777
0.009040
0.011309
0.013582
0.015861
0.018148
0.020444
0.022748
0.025064
0.027390
0.029729
0.032082
0.034449
0.036832
0.039230
0.041647
0.044080
0.046534
0.049006
0.051502
0.054017
0.056556
0.059118
0.061703
0.064315
0.066950
0.069615
0.072303
0.075023
0.077768
0.080544
0.083350
0.086184
0.089052
0.091947
0.094879
0.097838
0.100833
0.103861
0.106919
0.110017
0.113142
0.116306
0.119503
0.122733
0.126002
0.129300
0.132638
0.136009
0.139413
0.142858
0.146330
0.149842
0.153388
0.156963
0.160581
0.164226
0.167905
0.171622
0.175363
0.179144
0.182956
0.186792
0.190668
0.194569
0.198496
0.202461
0.206445
0.210457
0.214503
0.218564
0.222652
0.226771
0.230902
0.235057
0.239241
0.243433
0.247644
0.251882
0.256125
0.260381
0.264662
0.268946
0.273235
0.277544
0.281859
0.286168
0.290492
0.294823
0.299143
0.303463
0.307794
0.312116
0.316420
0.320728
0.325035
0.329319
0.333586
0.337852
0.342105
0.346326
0.350525
0.354717
0.358888
0.363020
0.367120
0.371204
0.375266
0.379283
0.383253
0.387194
0.391111
0.394987
0.398806
0.402572
0.406300
0.409996
0.413644
0.417227
0.420743
0.424202
0.427618
0.430989
0.434301
0.437541
0.440700
0.443783
0.446799
0.449756
0.452657
0.455496
0.458269
0.460966
0.463583
0.466116
0.468563
0.470925
0.473200
0.475390
0.477493
0.479508
0.481436
0.483275
0.485023
0.486682
0.488249
0.489723
0.491104
0.492390
0.493582
0.494677
0.495677
0.496580
0.497386
0.498095
0.498705
0.499216
0.499629
0.499943
0.500157
0.500273
0.500289
0.500207
0.500024
0.499743
0.499364
0.498885
0.498309
0.497635
0.496864
0.495996
0.495032
0.493973
0.492819
0.491571
0.490231
0.488797
0.487273
0.485659
0.483955
0.482162
0.480284
0.478319
0.476269
0.474135
0.471921
0.469625
0.467251
0.464799
0.462270
0.459669
0.456994
0.454247
0.451432
0.448548
0.445598
0.442585
0.439508
0.436372
0.433178
0.429927
0.426620
0.423262
0.419853
0.416394
0.412890
0.409342
0.405750
0.402118
0.398448
0.394743
0.391003
0.387233
0.383432
0.379604
0.375750
0.371874
0.367976
0.364061
0.360130
0.356184
0.352226
0.348258
0.344282
0.340302
0.336317
0.332332
0.328347
0.324366
0.320390
0.316421
0.312463
0.308516
0.304582
0.300665
0.296764
0.292883
0.289023
0.285188
0.281378
0.277597
0.273844
0.270122
0.266433
0.262779
0.259162
0.255584
0.252046
0.248549
0.245096
0.241688
0.238328
0.235016
0.231753
0.228542
0.225383
0.222279
0.219231
0.216240
0.213308
0.210436
0.207624
0.204875
0.202189
0.199569
0.197015
0.194528
0.192108
0.189758
0.187478
0.185269
0.183132
0.181068
0.179079
0.177163
0.175323
0.173561
0.171875
0.170267
0.168738
0.167287
0.165916
0.164625
0.163416
0.162287
0.161241
0.160276
0.159394
0.158595
0.157879
0.157247
0.156699
0.156234
0.155854
0.155558
0.155346
0.155219
0.155178
0.155220
0.155346
0.155557
0.155853
0.156234
0.156698
0.157247
0.157879
0.158594
0.159393
0.160276
0.161240
0.162287
0.163415
0.164625
0.165915
0.167285
0.168737
0.170267
0.171874
0.173560
0.175322
0.177162
0.179077
0.181065
0.183129
0.185265
0.187473
0.189753
0.192103
0.194522
0.197009
0.199564
0.202184
0.204869
0.207618
0.210430
0.213302
0.216235
0.219226
0.222275
0.225378
0.228536
0.231747
0.235010
0.238323
0.241685
0.245092
0.248546
0.252042
0.255580
0.259158
0.262775
0.266428
0.270117
0.273839
0.277592
0.281375
0.285185
0.289020
0.292879
0.296759
0.300660
0.304579
0.308512
0.312460
0.316418
0.320386
0.324361
0.328343
0.332327
0.336313
0.340297
0.344278
0.348253
0.352221
0.356178
0.360125
0.364056
0.367972
0.371869
0.375745
0.379599
0.383426
0.387227
0.390998
0.394737
0.398443
0.402113
0.405744
0.409335
0.412884
0.416388
0.419846
0.423256
0.426615
0.429921
0.433172
0.436368
0.439504
0.442580
0.445594
0.448543
0.451427
0.454243
0.456989
0.459665
0.462267
0.464796
0.467248
0.469622
0.471917
0.474131
0.476264
0.478314
0.480279
0.482159
0.483951
0.485656
0.487271
0.488795
0.490228
0.491569
0.492816
0.493970
0.495030
0.495994
0.496862
0.497633
0.498307
0.498883
0.499361
0.499741
0.500022
0.500205
0.500288
0.500272
0.500157
0.499942
0.499629
0.499217
0.498706
0.498096
0.497388
0.496582
0.495680
0.494681
0.493584
0.492393
0.491107
0.489726
0.488252
0.486685
0.485026
0.483277
0.481438
0.479512
0.477497
0.475396
0.473209
0.470939
0.468586
0.466152
0.463638
0.461045
0.458376
0.455631
0.452812
0.449920
0.446957
0.443926
0.440827
0.437663
0.434434
0.431143
0.427792
0.424382
0.420914
0.417392
0.413817
0.410190
0.406514
0.402791
0.399021
0.395209
0.391353
0.387459
0.383526
0.379557
0.375555
0.371520
0.367455
0.363362
0.359243
0.355099
0.350933
0.346747
0.342542
0.338320
0.334084
0.329834
0.325574
0.321305
0.317028
0.312746
0.308459
0.304171
0.299882
0.295595
0.291310
0.287031
0.282758
0.278492
0.274237
0.269992
0.265760
0.261542
0.257339
0.253153
0.248985
0.244837
0.240710
0.236605
0.232524
0.228468
0.224437
0.220433
0.216458
0.212512
0.208596
0.204711
0.200859
0.197039
0.193254
0.189503
0.185788
0.182109
0.178467
0.174864
0.171298
0.167772
0.164286
0.160840
0.157435
0.154071
0.150749
0.147469
0.144231
0.141037
0.137885
0.134777
0.131713
0.128692
0.125716
0.122784
0.119896
0.117053
0.114255
0.111501
0.108791
0.106127
0.103507
0.100931
0.098400
0.095913
0.093470
0.091071
0.088716
0.086405
0.084137
0.081912
0.079731
0.077591
0.075494
0.073439
0.071426
0.069454
0.067523
0.065632
0.063782
0.061971
0.060200
0.058468
0.056774
0.055118
0.053500
0.051919
0.050375
0.048866
0.047394
0.045957
0.044554
0.043185
0.041851
0.040549
0.039280
0.038043
0.036838
0.035663
0.034520
0.033406
0.032322
0.031266
0.030239
0.029240
0.028268
0.027324
0.026405
0.025512
0.024645
0.023802
0.022983
0.022188
0.021417
0.020668
0.019941
0.019236
0.018552
0.017889
0.017246
0.016623
0.016019
0.015435
0.014868
0.014319
0.013788
0.013274
0.012777
0.012295
0.011830
0.011380
0.010945
0.010524
0.010117
0.009725
0.009345
0.008979
0.008625
0.008284
0.007954
0.007636
0.007329
0.007034
0.006748
0.006473
0.006208
0.005953
0.005707
0.005470
0.005242
0.005023
0.004811
0.004608
0.004412
0.004224
0.004043
0.003869
0.003702
0.003541
0.003386
0.003238
0.003096
0.002959
0.002828
0.002702
0.002581
0.002465
0.002353
0.002247
0.002144
0.002046
0.001952
0.001862
0.001776
0.001694
0.001615
0.001539
0.001467
0.001397
0.001331
0.001268
0.001207
0.001149
0.001094
0.001041
0.000990
0.000942
0.000896
0.000852
0.000810
0.000770
0.000731
0.000695
0.000660
0.000627
0.000595
0.000565
0.000536
0.000509
0.000483
0.000458
0.000434
0.000412
0.000391
0.000370
0.000351
0.000332
0.000315
0.000298
0.000282
0.000267
0.000253
0.000239
0.000226
0.000214
0.000203
0.000192
0.000181
0.000171
0.000162
0.000153
0.000144
0.000136
0.000129
0.000122
0.000115
0.000108
0.000102
0.000096
0.000091
0.000086
0.000081
0.000076
0.000072
0.000068
0.000064
0.000060
0.000056
0.000053
0.000050
0.000047
0.000044
0.000042
0.000039
0.000037
0.000035
0.000033
0.000031
0.000029
0.000027
0.000025
0.000024
0.000022
0.000021
0.000020
0.000018
0.000017
0.000016
0.000015
0.000014
0.000013
0.000013
0.000012
0.000011
0.000010
0.000010
0.000009
0.000008
0.000008
0.000007
0.000007
0.000006
0.000006
0.000006
0.000005
0.000005
0.000005
0.000004
0.000004
0.000004
0.000004
0.000003
0.000003
0.000003
0.000003
0.000002
0.000002
0.000002
0.000002
0.000002
0.000002
0.000002
0.000002
0.000001
0.000001
0.000001
0.000001
0.000001
0.000001
0.000001
0.000001
0.000001
0.000001
0.000001
0.000001
0.000001
0.000001
0.000001
0.000000
0.000000
0.000000
0.000000
0.000000
0.000000
0.000000
0.000000
0.000000
0.000000
0.000000
0.000000
0.000000
0.000000
0.000000
0.000000
0.000000
0.000000
0.000000
0.000000
0.000000
0.000000
0.000000
0.000000
0.000000
0.000000
0.000000
0.000000
0.000000
0.000000
0.000000
0.000000
0.000000
0.000000
0.000000
0.000000
0.000000
0.000000
0.000000
0.000000
0.000000
0.000000
0.000000
0.000000
0.000000
0.000000
0.000000
0.000000
0.000000
0.000000
0.000000
0.000000
0.000000
0.000000
0.000000
0.000000
0.000000
0.000000
0.000000
0.000000
0.000000
0.000000
0.000000
0.000000
0.000000
0.000000
0.000000
0.000000
0.000000
0.000000
0.000000
0.000000
0.000000
0.000000
0.000000
0.000000
0.000000
0.000000
0.000000
0.000000
0.000000
0.000000
0.000000
0.000000
0.000000
0.000000
0.000000
0.000000
0.000000
0.000000
0.000000
0.000000
0.000000
0.000000
0.000000
0.000000
0.000000
0.000000
0.000000
0.000000
0.000000
0.000000
0.000000
0.000000
0.000000
0.000000
0.000000
0.000000
0.000000
0.000000
0.000000
0.000000
0.000000
0.000000
0.000000
0.000000
0.000000
0.000000
0.000000
0.000000
0.000000
0.000000
0.000000
0.000000
0.000000
0.000000
0.000000
0.000000
0.000000
0.000000
0.000000
0.000000
0.000000
0.000000
0.000000
0.000000
0.000000
0.000000
0.000000
0.000000
0.000000
0.000000
0.000000
0.000000
0.000000
0.000000
0.000000
0.000000
0.000000
0.000000
0.000000
0.000000
0.000000
0.000000
0.000000
0.000000
0.000000
0.000000
0.000000
0.000000
0.000000
0.000000
0.000000
0.000000
0.000000
0.000000
0.000000
0.000000
0.000000
0.000000
0.000000
0.000000
0.000000
0.000000
0.000000
0.000000
0.000000
0.000000
0.000000
0.000000
0.000000
0.000000
0.000000
0.000000
0.000000
0.000000
0.000000
0.000000
0.000000
0.000000
0.000000
