0.002288
0.004576
0.006867
0.009161
0.011459
0.013763
0.016072
0.018389
0.020715
0.023050
0.025395
0.027752
0.030120
0.032504
0.034900
0.037313
0.039741
0.042188
0.044651
0.047135
0.049638
0.052162
0.054708
0.057276
0.059868
0.062482
0.065125
0.067789
0.070483
0.073202
0.075949
0.078725
0.081528
0.084365
0.087227
0.090124
0.093048
0.096007
0.098997
0.102018
0.105076
0.108161
0.111285
0.114440
0.117629
0.120856
0.124111
0.127406
0.130733
0.134094
0.137494
0.140922
0.144391
0.147891
0.151423
0.154996
0.158596
0.162234
0.165906
0.169605
0.173345
0.177111
0.180909
0.184744
0.188602
0.192494
0.196419
0.200364
0.204344
0.208351
0.212377
0.216438
0.220521
0.224621
0.228753
0.232904
0.237068
0.241264
0.245473
0.249692
0.253938
0.258197
0.262460
0.266746
0.271043
0.275338
0.279648
0.283972
0.288289
0.292610
0.296944
0.301272
0.305590
0.309916
0.314242
0.318548
0.322846
0.327149
0.331435
0.335696
0.339948
0.344195
0.348415
0.352602
0.356776
0.360938
0.365065
0.369151
0.373213
0.377258
0.381266
0.385223
0.389139
0.393030
0.396889
0.400694
0.404440
0.408139
0.411803
0.415427
0.418992
0.422486
0.425915
0.429294
0.432629
0.435912
0.439126
0.442260
0.445313
0.448293
0.451209
0.454066
0.456864
0.459596
0.462255
0.464835
0.467330
0.469740
0.472062
0.474297
0.476445
0.478505
0.480477
0.482360
0.484154
0.485858
0.487471
0.488991
0.490418
0.491751
0.492990
0.494133
0.495180
0.496131
0.496985
0.497742
0.498401
0.498961
0.499422
0.499785
0.500049
0.500213
0.500278
0.500244
0.500111
0.499878
0.499547
0.499117
0.498589
0.497962
0.497238
0.496417
0.495500
0.494488
0.493380
0.492178
0.490882
0.489493
0.488012
0.486442
0.484780
0.483030
0.481193
0.479269
0.477259
0.475165
0.472988
0.470731
0.468393
0.465978
0.463485
0.460917
0.458275
0.455561
0.452777
0.449925
0.447004
0.444019
0.440970
0.437860
0.434691
0.431463
0.428180
0.424843
0.421455
0.418016
0.414529
0.410998
0.407423
0.403805
0.400148
0.396455
0.392726
0.388964
0.385172
0.381351
0.377503
0.373631
0.369736
0.365822
0.361890
0.357943
0.353982
0.350011
0.346030
0.342042
0.338050
0.334055
0.330060
0.326066
0.322076
0.318092
0.314117
0.310152
0.306200
0.302261
0.298339
0.294435
0.290551
0.286689
0.282852
0.279041
0.275258
0.271506
0.267784
0.264096
0.260444
0.256828
0.253253
0.249717
0.246223
0.242773
0.239369
0.236012
0.232705
0.229446
0.226240
0.223086
0.219988
0.216945
0.213960
0.211034
0.208167
0.205362
0.202618
0.199939
0.197325
0.194777
0.192296
0.189883
0.187539
0.185266
0.183063
0.180932
0.178874
0.176891
0.174981
0.173147
0.171390
0.169710
0.168107
0.166583
0.165136
0.163770
0.162484
0.161278
0.160154
0.159111
0.158150
0.157271
0.156475
0.155761
0.155132
0.154586
0.154123
0.153744
0.153449
0.153238
0.153112
0.153070
0.153112
0.153238
0.153448
0.153743
0.154122
0.154585
0.155132
0.155761
0.156474
0.157270
0.158149
0.159110
0.160153
0.161278
0.162483
0.163769
0.165135
0.166581
0.168106
0.169709
0.171389
0.173146
0.174980
0.176889
0.178871
0.180928
0.183059
0.185261
0.187535
0.189878
0.192291
0.194772
0.197320
0.199934
0.202613
0.205355
0.208161
0.211028
0.213955
0.216940
0.219983
0.223081
0.226235
0.229441
0.232700
0.236008
0.239365
0.242770
0.246219
0.249712
0.253248
0.256824
0.260439
0.264092
0.267779
0.271501
0.275254
0.279038
0.282849
0.286686
0.290547
0.294431
0.298335
0.302257
0.306196
0.310149
0.314114
0.318089
0.322072
0.326061
0.330055
0.334050
0.338045
0.342038
0.346025
0.350005
0.353977
0.357938
0.361885
0.365817
0.369730
0.373625
0.377498
0.381345
0.385166
0.388959
0.392720
0.396450
0.400143
0.403800
0.407416
0.410992
0.414524
0.418010
0.421448
0.424838
0.428175
0.431458
0.434685
0.437855
0.440965
0.444014
0.446999
0.449919
0.452772
0.455557
0.458271
0.460913
0.463482
0.465974
0.468391
0.470727
0.472985
0.475161
0.477255
0.479264
0.481189
0.483027
0.484777
0.486439
0.488010
0.489490
0.490879
0.492175
0.493377
0.494486
0.495498
0.496416
0.497236
0.497960
0.498587
0.499115
0.499545
0.499876
0.500109
0.500242
0.500277
0.500212
0.500048
0.499784
0.499423
0.498962
0.498402
0.497744
0.496987
0.496134
0.495183
0.494136
0.492992
0.491754
0.490421
0.488993
0.487473
0.485861
0.484157
0.482363
0.480480
0.478510
0.476452
0.474308
0.472080
0.469769
0.467376
0.464901
0.462348
0.459717
0.457010
0.454228
0.451372
0.448445
0.445448
0.442383
0.439251
0.436055
0.432795
0.429473
0.426092
0.422653
0.419158
0.415609
0.412008
0.408357
0.404657
0.400911
0.397119
0.393285
0.389410
0.385496
0.381545
0.377559
0.373541
0.369491
0.365412
0.361305
0.357173
0.353018
0.348842
0.344646
0.340432
0.336203
0.331960
0.327705
0.323440
0.319167
0.314887
0.310602
0.306315
0.302026
0.297738
0.293452
0.289170
0.284893
0.280624
0.276363
0.272113
0.267874
0.263649
0.259438
0.255243
0.251066
0.246909
0.242771
0.238655
0.234562
0.230493
0.226449
0.222432
0.218442
0.214481
0.210550
0.206649
0.202781
0.198945
0.195142
0.191374
0.187641
0.183944
0.180283
0.176661
0.173076
0.169530
0.166024
0.162558
0.159132
0.155748
0.152405
0.149103
0.145845
0.142629
0.139455
0.136325
0.133239
0.130197
0.127199
0.124244
0.121335
0.118469
0.115648
0.112872
0.110141
0.107454
0.104811
0.102213
0.099660
0.097151
0.094686
0.092265
0.089888
0.087555
0.085266
0.083019
0.080816
0.078656
0.076537
0.074462
0.072427
0.070435
0.068483
0.066572
0.064702
0.062872
0.061081
0.059329
0.057616
0.055941
0.054305
0.052705
0.051142
0.049616
0.048126
0.046671
0.045251
0.043865
0.042514
0.041196
0.039910
0.038657
0.037436
0.036247
0.035088
0.033959
0.032860
0.031790
0.030749
0.029736
0.028751
0.027793
0.026861
0.025955
0.025075
0.024220
0.023390
0.022583
0.021800
0.021039
0.020302
0.019586
0.018891
0.018218
0.017565
0.016932
0.016319
0.015725
0.015149
0.014592
0.014052
0.013529
0.013023
0.012534
0.012061
0.011603
0.011160
0.010732
0.010319
0.009919
0.009533
0.009160
0.008800
0.008453
0.008117
0.007794
0.007481
0.007180
0.006890
0.006610
0.006340
0.006080
0.005829
0.005588
0.005355
0.005131
0.004916
0.004709
0.004509
0.004317
0.004133
0.003955
0.003784
0.003620
0.003463
0.003312
0.003166
0.003027
0.002893
0.002764
0.002640
0.002522
0.002408
0.002299
0.002195
0.002095
0.001999
0.001907
0.001819
0.001734
0.001654
0.001576
0.001502
0.001432
0.001364
0.001299
0.001237
0.001178
0.001121
0.001067
0.001015
0.000966
0.000919
0.000874
0.000831
0.000789
0.000750
0.000713
0.000677
0.000643
0.000611
0.000580
0.000551
0.000523
0.000496
0.000470
0.000446
0.000423
0.000401
0.000380
0.000360
0.000341
0.000323
0.000306
0.000290
0.000275
0.000260
0.000246
0.000233
0.000220
0.000208
0.000197
0.000186
0.000176
0.000166
0.000157
0.000149
0.000140
0.000132
0.000125
0.000118
0.000111
0.000105
0.000099
0.000094
0.000088
0.000083
0.000078
0.000074
0.000070
0.000066
0.000062
0.000058
0.000055
0.000052
0.000049
0.000046
0.000043
0.000040
0.000038
0.000036
0.000034
0.000032
0.000030
0.000028
0.000026
0.000025
0.000023
0.000022
0.000020
0.000019
0.000018
0.000017
0.000016
0.000015
0.000014
0.000013
0.000012
0.000011
0.000011
0.000010
0.000009
0.000009
0.000008
0.000008
0.000007
0.000007
0.000006
0.000006
0.000005
0.000005
0.000005
0.000004
0.000004
0.000004
0.000004
0.000003
0.000003
0.000003
0.000003
0.000003
0.000002
0.000002
0.000002
0.000002
0.000002
0.000002
0.000002
0.000001
0.000001
0.000001
0.000001
0.000001
0.000001
0.000001
0.000001
0.000001
0.000001
0.000001
0.000001
0.000001
0.000001
0.000001
0.000000
0.000000
0.000000
0.000000
0.000000
0.000000
0.000000
0.000000
0.000000
0.000000
0.000000
0.000000
0.000000
0.000000
0.000000
0.000000
0.000000
0.000000
0.000000
0.000000
0.000000
0.000000
0.000000
0.000000
0.000000
0.000000
0.000000
0.000000
0.000000
0.000000
0.000000
0.000000
0.000000
0.000000
0.000000
0.000000
0.000000
0.000000
0.000000
0.000000
0.000000
0.000000
0.000000
0.000000
0.000000
0.000000
0.000000
0.000000
0.000000
0.000000
0.000000
0.000000
0.000000
0.000000
0.000000
0.000000
0.000000
0.000000
0.000000
0.000000
0.000000
0.000000
0.000000
0.000000
0.000000
0.000000
0.000000
0.000000
0.000000
0.000000
0.000000
0.000000
0.000000
0.000000
0.000000
0.000000
0.000000
0.000000
0.000000
0.000000
0.000000
0.000000
0.000000
0.000000
0.000000
0.000000
0.000000
0.000000
0.000000
0.000000
0.000000
0.000000
0.000000
0.000000
0.000000
0.000000
0.000000
0.000000
0.000000
0.000000
0.000000
0.000000
0.000000
0.000000
0.000000
0.000000
0.000000
0.000000
0.000000
0.000000
0.000000
0.000000
0.000000
0.000000
0.000000
0.000000
0.000000
0.000000
0.000000
0.000000
0.000000
0.000000
0.000000
0.000000
0.000000
0.000000
0.000000
0.000000
0.000000
0.000000
0.000000
0.000000
0.000000
0.000000
0.000000
0.000000
0.000000
0.000000
0.000000
0.000000
0.000000
0.000000
0.000000
0.000000
0.000000
0.000000
0.000000
0.000000
0.000000
0.000000
0.000000
0.000000
0.000000
0.000000
0.000000
0.000000
0.000000
0.000000
0.000000
0.000000
0.000000
0.000000
0.000000
0.000000
0.000000
0.000000
0.000000
0.000000
0.000000
0.000000
0.000000
0.000000
0.000000
0.000000
0.000000
0.000000
0.000000
0.000000
0.000000
0.000000
0.000000
0.000000
0.000000
0.000000
0.000000
0.000000
0.000000
0.000000
0.000000
0.000000
0.000000
