0.002318
0.004637
0.006958
0.009283
0.011611
0.013945
0.016285
0.018633
0.020988
0.023354
0.025729
0.028116
0.030515
0.032929
0.035356
0.037799
0.040257
0.042734
0.045228
0.047741
0.050275
0.052828
0.055405
0.058002
0.060625
0.063269
0.065940
0.068635
0.071357
0.074107
0.076882
0.079689
0.082521
0.085386
0.088278
0.091202
0.094158
0.097143
0.100164
0.103212
0.106297
0.109413
0.112561
0.115747
0.118961
0.122215
0.125499
0.128818
0.132174
0.135559
0.138985
0.142440
0.145931
0.149460
0.153015
0.156612
0.160238
0.163896
0.167593
0.171315
0.175074
0.178867
0.182683
0.186539
0.190421
0.194328
0.198274
0.202240
0.206234
0.210262
0.214307
0.218379
0.222482
0.226597
0.230740
0.234909
0.239087
0.243290
0.247516
0.251747
0.255998
0.260271
0.264545
0.268832
0.273140
0.277445
0.281756
0.286084
0.290411
0.294731
0.299064
0.303399
0.307719
0.312038
0.316364
0.320673
0.324965
0.329258
0.333545
0.337803
0.342043
0.346278
0.350495
0.354676
0.358833
0.362979
0.367100
0.371176
0.375218
0.379241
0.383236
0.387182
0.391078
0.394941
0.398777
0.402568
0.406297
0.409969
0.413600
0.417195
0.420739
0.424213
0.427616
0.430960
0.434257
0.437505
0.440691
0.443799
0.446825
0.449771
0.452647
0.455460
0.458214
0.460905
0.463524
0.466065
0.468523
0.470895
0.473178
0.475372
0.477478
0.479496
0.481424
0.483263
0.485011
0.486669
0.488236
0.489709
0.491089
0.492375
0.493566
0.494660
0.495659
0.496561
0.497366
0.498073
0.498682
0.499192
0.499604
0.499916
0.500130
0.500244
0.500259
0.500174
0.499991
0.499708
0.499326
0.498846
0.498267
0.497591
0.496818
0.495947
0.494981
0.493920
0.492763
0.491512
0.490169
0.488732
0.487205
0.485588
0.483880
0.482084
0.480201
0.478232
0.476178
0.474040
0.471822
0.469522
0.467143
0.464686
0.462152
0.459545
0.456864
0.454112
0.451290
0.448400
0.445444
0.442423
0.439340
0.436196
0.432994
0.429735
0.426421
0.423053
0.419635
0.416167
0.412653
0.409095
0.405493
0.401850
0.398169
0.394452
0.390701
0.386918
0.383104
0.379263
0.375396
0.371506
0.367593
0.363663
0.359715
0.355753
0.351778
0.347794
0.343800
0.339801
0.335798
0.331793
0.327788
0.323785
0.319788
0.315797
0.311816
0.307844
0.303887
0.299944
0.296018
0.292111
0.288225
0.284361
0.280523
0.276711
0.272928
0.269176
0.265454
0.261768
0.258117
0.254504
0.250931
0.247398
0.243908
0.240461
0.237062
0.233709
0.230406
0.227153
0.223951
0.220803
0.217710
0.214674
0.211695
0.208774
0.205914
0.203115
0.200378
0.197706
0.195098
0.192557
0.190082
0.187675
0.185339
0.183072
0.180875
0.178751
0.176699
0.174721
0.172818
0.170991
0.169239
0.167564
0.165967
0.164447
0.163006
0.161645
0.160363
0.159161
0.158042
0.157002
0.156045
0.155168
0.154375
0.153665
0.153038
0.152494
0.152033
0.151655
0.151361
0.151151
0.151025
0.150983
0.151025
0.151151
0.151361
0.151654
0.152031
0.152493
0.153037
0.153665
0.154375
0.155168
0.156044
0.157002
0.158041
0.159162
0.160362
0.161644
0.163005
0.164446
0.165966
0.167563
0.169238
0.170989
0.172817
0.174720
0.176696
0.178747
0.180871
0.183067
0.185334
0.187670
0.190077
0.192551
0.195093
0.197701
0.200373
0.203109
0.205908
0.208768
0.211689
0.214669
0.217706
0.220799
0.223946
0.227148
0.230401
0.233705
0.237058
0.240458
0.243904
0.247394
0.250926
0.254500
0.258113
0.261764
0.265450
0.269171
0.272924
0.276707
0.280519
0.284357
0.288221
0.292107
0.296014
0.299940
0.303884
0.307841
0.311812
0.315794
0.319784
0.323781
0.327783
0.331788
0.335793
0.339796
0.343795
0.347788
0.351773
0.355747
0.359710
0.363657
0.367588
0.371500
0.375390
0.379258
0.383098
0.386912
0.390695
0.394447
0.398164
0.401845
0.405487
0.409088
0.412647
0.416161
0.419628
0.423047
0.426415
0.429729
0.432988
0.436192
0.439335
0.442418
0.445439
0.448395
0.451285
0.454107
0.456859
0.459541
0.462149
0.464682
0.467139
0.469518
0.471818
0.474037
0.476174
0.478228
0.480197
0.482081
0.483877
0.485584
0.487202
0.488730
0.490166
0.491510
0.492760
0.493917
0.494979
0.495945
0.496816
0.497589
0.498265
0.498843
0.499324
0.499705
0.499988
0.500172
0.500257
0.500243
0.500129
0.499916
0.499604
0.499193
0.498683
0.498075
0.497368
0.496563
0.495661
0.494663
0.493568
0.492377
0.491092
0.489712
0.488238
0.486672
0.485014
0.483266
0.481428
0.479501
0.477487
0.475386
0.473201
0.470931
0.468579
0.466145
0.463631
0.461039
0.458370
0.455625
0.452806
0.449915
0.446952
0.443921
0.440823
0.437659
0.434431
0.431140
0.427788
0.424378
0.420911
0.417389
0.413814
0.410188
0.406512
0.402789
0.399019
0.395206
0.391351
0.387457
0.383524
0.379555
0.375553
0.371519
0.367454
0.363361
0.359242
0.355098
0.350932
0.346746
0.342541
0.338319
0.334083
0.329834
0.325573
0.321304
0.317027
0.312745
0.308459
0.304170
0.299882
0.295594
0.291310
0.287030
0.282757
0.278492
0.274236
0.269992
0.265759
0.261541
0.257338
0.253152
0.248985
0.244837
0.240710
0.236605
0.232524
0.228467
0.224437
0.220433
0.216458
0.212512
0.208596
0.204711
0.200858
0.197039
0.193253
0.189503
0.185788
0.182109
0.178467
0.174863
0.171298
0.167772
0.164286
0.160840
0.157435
0.154071
0.150749
0.147469
0.144231
0.141037
0.137885
0.134777
0.131713
0.128692
0.125716
0.122784
0.119896
0.117053
0.114255
0.111501
0.108791
0.106127
0.103507
0.100931
0.098400
0.095913
0.093470
0.091071
0.088716
0.086405
0.084137
0.081912
0.079730
0.077591
0.075494
0.073439
0.071426
0.069454
0.067523
0.065632
0.063782
0.061971
0.060200
0.058468
0.056774
0.055118
0.053500
0.051919
0.050375
0.048866
0.047394
0.045957
0.044554
0.043185
0.041851
0.040549
0.039280
0.038043
0.036838
0.035663
0.034520
0.033406
0.032322
0.031266
0.030239
0.029240
0.028268
0.027324
0.026405
0.025512
0.024645
0.023802
0.022983
0.022188
0.021417
0.020668
0.019941
0.019236
0.018552
0.017889
0.017246
0.016623
0.016019
0.015435
0.014868
0.014319
0.013788
0.013274
0.012777
0.012296
0.011830
0.011380
0.010945
0.010524
0.010117
0.009725
0.009345
0.008979
0.008625
0.008284
0.007954
0.007636
0.007329
0.007034
0.006748
0.006473
0.006208
0.005953
0.005707
0.005470
0.005242
0.005023
0.004811
0.004608
0.004412
0.004224
0.004043
0.003869
0.003702
0.003541
0.003386
0.003238
0.003096
0.002959
0.002828
0.002702
0.002581
0.002465
0.002353
0.002247
0.002144
0.002046
0.001952
0.001862
0.001776
0.001694
0.001615
0.001539
0.001467
0.001397
0.001331
0.001268
0.001207
0.001149
0.001094
0.001041
0.000990
0.000942
0.000896
0.000852
0.000810
0.000770
0.000731
0.000695
0.000660
0.000627
0.000595
0.000565
0.000536
0.000509
0.000483
0.000458
0.000434
0.000412
0.000391
0.000370
0.000351
0.000332
0.000315
0.000298
0.000282
0.000267
0.000253
0.000239
0.000226
0.000214
0.000203
0.000192
0.000181
0.000171
0.000162
0.000153
0.000144
0.000136
0.000129
0.000122
0.000115
0.000108
0.000102
0.000096
0.000091
0.000086
0.000081
0.000076
0.000072
0.000068
0.000064
0.000060
0.000056
0.000053
0.000050
0.000047
0.000044
0.000042
0.000039
0.000037
0.000035
0.000033
0.000031
0.000029
0.000027
0.000025
0.000024
0.000022
0.000021
0.000020
0.000018
0.000017
0.000016
0.000015
0.000014
0.000013
0.000013
0.000012
0.000011
0.000010
0.000010
0.000009
0.000008
0.000008
0.000007
0.000007
0.000006
0.000006
0.000006
0.000005
0.000005
0.000005
0.000004
0.000004
0.000004
0.000004
0.000003
0.000003
0.000003
0.000003
0.000002
0.000002
0.000002
0.000002
0.000002
0.000002
0.000002
0.000002
0.000001
0.000001
0.000001
0.000001
0.000001
0.000001
0.000001
0.000001
0.000001
0.000001
0.000001
0.000001
0.000001
0.000001
0.000001
0.000000
0.000000
0.000000
0.000000
0.000000
0.000000
0.000000
0.000000
0.000000
0.000000
0.000000
0.000000
0.000000
0.000000
0.000000
0.000000
0.000000
0.000000
0.000000
0.000000
0.000000
0.000000
0.000000
0.000000
0.000000
0.000000
0.000000
0.000000
0.000000
0.000000
0.000000
0.000000
0.000000
0.000000
0.000000
0.000000
0.000000
0.000000
0.000000
0.000000
0.000000
0.000000
0.000000
0.000000
0.000000
0.000000
0.000000
0.000000
0.000000
0.000000
0.000000
0.000000
0.000000
0.000000
0.000000
0.000000
0.000000
0.000000
0.000000
0.000000
0.000000
0.000000
0.000000
0.000000
0.000000
0.000000
0.000000
0.000000
0.000000
0.000000
0.000000
0.000000
0.000000
0.000000
0.000000
0.000000
0.000000
0.000000
0.000000
0.000000
0.000000
0.000000
0.000000
0.000000
0.000000
0.000000
0.000000
0.000000
0.000000
0.000000
0.000000
0.000000
0.000000
0.000000
0.000000
0.000000
0.000000
0.000000
0.000000
0.000000
0.000000
0.000000
0.000000
0.000000
0.000000
0.000000
0.000000
0.000000
0.000000
0.000000
0.000000
0.000000
0.000000
0.000000
0.000000
0.000000
0.000000
0.000000
0.000000
0.000000
0.000000
0.000000
0.000000
0.000000
0.000000
0.000000
0.000000
0.000000
0.000000
0.000000
0.000000
0.000000
0.000000
0.000000
0.000000
0.000000
0.000000
0.000000
0.000000
0.000000
0.000000
0.000000
0.000000
0.000000
0.000000
0.000000
0.000000
0.000000
0.000000
0.000000
0.000000
0.000000
0.000000
0.000000
0.000000
0.000000
0.000000
0.000000
0.000000
0.000000
0.000000
0.000000
0.000000
0.000000
0.000000
0.000000
0.000000
0.000000
0.000000
0.000000
0.000000
0.000000
0.000000
0.000000
0.000000
0.000000
0.000000
0.000000
0.000000
0.000000
0.000000
0.000000
0.000000
0.000000
0.000000
0.000000
0.000000
0.000000
0.000000
0.000000
