0.002349
0.004698
0.007050
0.009405
0.011764
0.014129
0.016499
0.018878
0.021264
0.023660
0.026066
0.028484
0.030914
0.033357
0.035815
0.038288
0.040778
0.043284
0.045809
0.048352
0.050917
0.053500
0.056107
0.058734
0.061386
0.064062
0.066761
0.069488
0.072238
0.075019
0.077823
0.080659
0.083522
0.086414
0.089338
0.092289
0.095275
0.098288
0.101337
0.104415
0.107526
0.110672
0.113847
0.117061
0.120303
0.123582
0.126896
0.130239
0.133623
0.137035
0.140484
0.143968
0.147481
0.151035
0.154617
0.158234
0.161888
0.165568
0.169287
0.173035
0.176812
0.180628
0.184467
0.188339
0.192246
0.196172
0.200134
0.204124
0.208132
0.212177
0.216243
0.220328
0.224446
0.228581
0.232733
0.236916
0.241112
0.245322
0.249560
0.253807
0.258063
0.262345
0.266633
0.270924
0.275236
0.279554
0.283868
0.288195
0.292531
0.296856
0.301184
0.305522
0.309847
0.314161
0.318481
0.322795
0.327085
0.331366
0.335647
0.339907
0.344136
0.348357
0.352567
0.356744
0.360887
0.365014
0.369124
0.373193
0.377218
0.381217
0.385194
0.389129
0.393009
0.396846
0.400654
0.404426
0.408139
0.411789
0.415388
0.418951
0.422468
0.425922
0.429302
0.432614
0.435872
0.439083
0.442236
0.445318
0.448317
0.451231
0.454069
0.456840
0.459549
0.462196
0.464773
0.467275
0.469694
0.472027
0.474271
0.476425
0.478489
0.480464
0.482348
0.484142
0.485846
0.487458
0.488978
0.490404
0.491736
0.492975
0.494117
0.495163
0.496113
0.496966
0.497722
0.498380
0.498939
0.499399
0.499760
0.500023
0.500186
0.500250
0.500214
0.500079
0.499845
0.499512
0.499080
0.498550
0.497922
0.497196
0.496373
0.495453
0.494438
0.493328
0.492123
0.490824
0.489433
0.487949
0.486375
0.484711
0.482957
0.481116
0.479188
0.477175
0.475077
0.472896
0.470634
0.468292
0.465872
0.463374
0.460801
0.458154
0.455435
0.452645
0.449786
0.446859
0.443868
0.440812
0.437695
0.434518
0.431284
0.427993
0.424647
0.421250
0.417803
0.414307
0.410766
0.407180
0.403553
0.399886
0.396181
0.392441
0.388668
0.384864
0.381029
0.377169
0.373283
0.369375
0.365446
0.361500
0.357537
0.353560
0.349572
0.345574
0.341569
0.337558
0.333545
0.329530
0.325516
0.321506
0.317501
0.313504
0.309517
0.305540
0.301578
0.297632
0.293702
0.289793
0.285904
0.282040
0.278200
0.274388
0.270605
0.266853
0.263133
0.259449
0.255800
0.252190
0.248619
0.245090
0.241603
0.238162
0.234766
0.231419
0.228120
0.224872
0.221676
0.218534
0.215447
0.212417
0.209444
0.206530
0.203676
0.200884
0.198153
0.195488
0.192888
0.190352
0.187885
0.185485
0.183155
0.180895
0.178705
0.176587
0.174542
0.172570
0.170674
0.168853
0.167106
0.165438
0.163846
0.162331
0.160896
0.159539
0.158262
0.157065
0.155949
0.154913
0.153959
0.153087
0.152297
0.151589
0.150964
0.150422
0.149963
0.149587
0.149294
0.149085
0.148959
0.148917
0.148959
0.149085
0.149294
0.149586
0.149962
0.150421
0.150964
0.151589
0.152296
0.153086
0.153958
0.154913
0.155948
0.157065
0.158261
0.159538
0.160895
0.162330
0.163844
0.165436
0.167105
0.168851
0.170672
0.172569
0.174539
0.176583
0.178701
0.180891
0.183151
0.185480
0.187880
0.190347
0.192882
0.195483
0.198149
0.200878
0.203670
0.206524
0.209438
0.212412
0.215442
0.218530
0.221671
0.224867
0.228115
0.231414
0.234762
0.238158
0.241599
0.245086
0.248615
0.252185
0.255796
0.259445
0.263129
0.266848
0.270601
0.274384
0.278196
0.282035
0.285900
0.289789
0.293698
0.297627
0.301575
0.305537
0.309513
0.313501
0.317498
0.321501
0.325512
0.329525
0.333540
0.337553
0.341564
0.345568
0.349566
0.353554
0.357531
0.361493
0.365440
0.369369
0.373277
0.377163
0.381024
0.384857
0.388662
0.392436
0.396176
0.399880
0.403548
0.407174
0.410760
0.414301
0.417796
0.421244
0.424642
0.427987
0.431277
0.434513
0.437690
0.440807
0.443863
0.446854
0.449781
0.452640
0.455430
0.458150
0.460797
0.463370
0.465868
0.468289
0.470631
0.472893
0.475073
0.477171
0.479184
0.481113
0.482954
0.484707
0.486372
0.487946
0.489430
0.490822
0.492120
0.493325
0.494436
0.495451
0.496371
0.497194
0.497919
0.498548
0.499078
0.499510
0.499843
0.500077
0.500212
0.500248
0.500185
0.500022
0.499760
0.499400
0.498940
0.498381
0.497724
0.496968
0.496116
0.495166
0.494120
0.492977
0.491739
0.490407
0.488980
0.487461
0.485849
0.484146
0.482353
0.480471
0.478501
0.476443
0.474300
0.472073
0.469762
0.467368
0.464894
0.462341
0.459711
0.457004
0.454222
0.451367
0.448440
0.445443
0.442378
0.439247
0.436051
0.432791
0.429470
0.426089
0.422651
0.419156
0.415607
0.412006
0.408355
0.404655
0.400908
0.397117
0.393283
0.389408
0.385494
0.381543
0.377558
0.373540
0.369490
0.365410
0.361304
0.357172
0.353017
0.348841
0.344645
0.340432
0.336202
0.331959
0.327704
0.323439
0.319166
0.314886
0.310602
0.306314
0.302026
0.297737
0.293451
0.289169
0.284893
0.280623
0.276363
0.272112
0.267874
0.263648
0.259438
0.255243
0.251066
0.246908
0.242771
0.238655
0.234561
0.230492
0.226449
0.222432
0.218442
0.214481
0.210550
0.206649
0.202781
0.198944
0.195142
0.191374
0.187641
0.183944
0.180283
0.176660
0.173076
0.169530
0.166024
0.162558
0.159132
0.155747
0.152404
0.149103
0.145845
0.142628
0.139455
0.136325
0.133239
0.130197
0.127199
0.124244
0.121334
0.118469
0.115648
0.112872
0.110141
0.107453
0.104811
0.102213
0.099660
0.097151
0.094686
0.092265
0.089888
0.087555
0.085266
0.083019
0.080816
0.078656
0.076537
0.074462
0.072427
0.070435
0.068483
0.066573
0.064702
0.062872
0.061081
0.059329
0.057616
0.055941
0.054305
0.052705
0.051142
0.049616
0.048126
0.046671
0.045251
0.043865
0.042514
0.041196
0.039910
0.038657
0.037436
0.036247
0.035088
0.033959
0.032860
0.031790
0.030749
0.029736
0.028751
0.027793
0.026861
0.025955
0.025075
0.024220
0.023390
0.022583
0.021800
0.021039
0.020302
0.019586
0.018891
0.018218
0.017565
0.016932
0.016319
0.015725
0.015149
0.014592
0.014052
0.013529
0.013023
0.012534
0.012061
0.011603
0.011160
0.010732
0.010319
0.009919
0.009533
0.009160
0.008800
0.008453
0.008117
0.007794
0.007481
0.007180
0.006890
0.006610
0.006340
0.006080
0.005829
0.005588
0.005355
0.005131
0.004916
0.004709
0.004509
0.004317
0.004133
0.003955
0.003784
0.003620
0.003463
0.003312
0.003166
0.003027
0.002893
0.002764
0.002640
0.002522
0.002408
0.002299
0.002195
0.002095
0.001999
0.001907
0.001819
0.001734
0.001654
0.001576
0.001502
0.001432
0.001364
0.001299
0.001237
0.001178
0.001121
0.001067
0.001015
0.000966
0.000919
0.000874
0.000831
0.000789
0.000750
0.000713
0.000677
0.000643
0.000611
0.000580
0.000551
0.000523
0.000496
0.000470
0.000446
0.000423
0.000401
0.000380
0.000360
0.000341
0.000323
0.000306
0.000290
0.000275
0.000260
0.000246
0.000233
0.000220
0.000208
0.000197
0.000186
0.000176
0.000166
0.000157
0.000149
0.000140
0.000132
0.000125
0.000118
0.000111
0.000105
0.000099
0.000094
0.000088
0.000083
0.000078
0.000074
0.000070
0.000066
0.000062
0.000058
0.000055
0.000052
0.000049
0.000046
0.000043
0.000040
0.000038
0.000036
0.000034
0.000032
0.000030
0.000028
0.000026
0.000025
0.000023
0.000022
0.000020
0.000019
0.000018
0.000017
0.000016
0.000015
0.000014
0.000013
0.000012
0.000011
0.000011
0.000010
0.000009
0.000009
0.000008
0.000008
0.000007
0.000007
0.000006
0.000006
0.000005
0.000005
0.000005
0.000004
0.000004
0.000004
0.000004
0.000003
0.000003
0.000003
0.000003
0.000003
0.000002
0.000002
0.000002
0.000002
0.000002
0.000002
0.000002
0.000001
0.000001
0.000001
0.000001
0.000001
0.000001
0.000001
0.000001
0.000001
0.000001
0.000001
0.000001
0.000001
0.000001
0.000001
0.000000
0.000000
0.000000
0.000000
0.000000
0.000000
0.000000
0.000000
0.000000
0.000000
0.000000
0.000000
0.000000
0.000000
0.000000
0.000000
0.000000
0.000000
0.000000
0.000000
0.000000
0.000000
0.000000
0.000000
0.000000
0.000000
0.000000
0.000000
0.000000
0.000000
0.000000
0.000000
0.000000
0.000000
0.000000
0.000000
0.000000
0.000000
0.000000
0.000000
0.000000
0.000000
0.000000
0.000000
0.000000
0.000000
0.000000
0.000000
0.000000
0.000000
0.000000
0.000000
0.000000
0.000000
0.000000
0.000000
0.000000
0.000000
0.000000
0.000000
0.000000
0.000000
0.000000
0.000000
0.000000
0.000000
0.000000
0.000000
0.000000
0.000000
0.000000
0.000000
0.000000
0.000000
0.000000
0.000000
0.000000
0.000000
0.000000
0.000000
0.000000
0.000000
0.000000
0.000000
0.000000
0.000000
0.000000
0.000000
0.000000
0.000000
0.000000
0.000000
0.000000
0.000000
0.000000
0.000000
0.000000
0.000000
0.000000
0.000000
0.000000
0.000000
0.000000
0.000000
0.000000
0.000000
0.000000
0.000000
0.000000
0.000000
0.000000
0.000000
0.000000
0.000000
0.000000
0.000000
0.000000
0.000000
0.000000
0.000000
0.000000
0.000000
0.000000
0.000000
0.000000
0.000000
0.000000
0.000000
0.000000
0.000000
0.000000
0.000000
0.000000
0.000000
0.000000
0.000000
0.000000
0.000000
0.000000
0.000000
0.000000
0.000000
0.000000
0.000000
0.000000
0.000000
0.000000
0.000000
0.000000
0.000000
0.000000
0.000000
0.000000
0.000000
0.000000
0.000000
0.000000
0.000000
0.000000
0.000000
0.000000
0.000000
0.000000
0.000000
0.000000
0.000000
0.000000
0.000000
0.000000
0.000000
0.000000
0.000000
0.000000
0.000000
0.000000
0.000000
0.000000
0.000000
0.000000
0.000000
0.000000
0.000000
0.000000
0.000000
0.000000
0.000000
0.000000
0.000000
0.000000
0.000000
