0.002380
0.004760
0.007143
0.009529
0.011919
0.014314
0.016716
0.019125
0.021542
0.023969
0.026406
0.028854
0.031316
0.033789
0.036278
0.038781
0.041302
0.043839
0.046395
0.048968
0.051563
0.054178
0.056813
0.059473
0.062153
0.064861
0.067589
0.070347
0.073127
0.075937
0.078773
0.081636
0.084530
0.087450
0.090405
0.093384
0.096399
0.099442
0.102517
0.105626
0.108764
0.111939
0.115142
0.118382
0.121655
0.124958
0.128300
0.131670
0.135079
0.138520
0.141991
0.145503
0.149042
0.152618
0.156228
0.159866
0.163545
0.167249
0.170987
0.174762
0.178560
0.182395
0.186260
0.190149
0.194076
0.198025
0.202001
0.206012
0.210040
0.214097
0.218184
0.222285
0.226414
0.230569
0.234734
0.238927
0.243140
0.247361
0.251606
0.255869
0.260135
0.264420
0.268721
0.273021
0.277333
0.281661
0.285983
0.290309
0.294649
0.298982
0.303307
0.307642
0.311973
0.316286
0.320597
0.324910
0.329202
0.333474
0.337745
0.342002
0.346228
0.350433
0.354630
0.358804
0.362937
0.367044
0.371137
0.375198
0.379212
0.383188
0.387142
0.391062
0.394929
0.398743
0.402522
0.406269
0.409965
0.413596
0.417167
0.420695
0.424182
0.427613
0.430971
0.434254
0.437476
0.440646
0.443764
0.446816
0.449788
0.452672
0.455474
0.458204
0.460869
0.463470
0.466004
0.468464
0.470844
0.473138
0.475342
0.477456
0.479478
0.481409
0.483250
0.484999
0.486657
0.488224
0.489696
0.491076
0.492360
0.493551
0.494645
0.495642
0.496543
0.497347
0.498053
0.498662
0.499171
0.499581
0.499892
0.500105
0.500217
0.500231
0.500145
0.499960
0.499675
0.499292
0.498810
0.498230
0.497552
0.496776
0.495903
0.494935
0.493871
0.492712
0.491459
0.490113
0.488674
0.487143
0.485523
0.483812
0.482013
0.480127
0.478154
0.476096
0.473954
0.471731
0.469427
0.467043
0.464582
0.462044
0.459431
0.456746
0.453988
0.451161
0.448265
0.445302
0.442276
0.439185
0.436035
0.432826
0.429559
0.426237
0.422861
0.419435
0.415959
0.412436
0.408868
0.405256
0.401603
0.397912
0.394184
0.390422
0.386627
0.382802
0.378948
0.375068
0.371165
0.367239
0.363294
0.359332
0.355354
0.351364
0.347363
0.343352
0.339336
0.335315
0.331292
0.327268
0.323246
0.319228
0.315216
0.311214
0.307220
0.303240
0.299273
0.295323
0.291391
0.287479
0.283590
0.279724
0.275884
0.272072
0.268290
0.264539
0.260821
0.257139
0.253493
0.249886
0.246318
0.242793
0.239310
0.235874
0.232483
0.229140
0.225847
0.222605
0.219414
0.216279
0.213198
0.210174
0.207208
0.204300
0.201453
0.198668
0.195945
0.193287
0.190693
0.188165
0.185704
0.183312
0.180989
0.178736
0.176553
0.174442
0.172404
0.170438
0.168548
0.166734
0.164994
0.163331
0.161744
0.160235
0.158805
0.157453
0.156181
0.154989
0.153876
0.152845
0.151894
0.151026
0.150238
0.149534
0.148911
0.148371
0.147914
0.147540
0.147248
0.147040
0.146915
0.146872
0.146914
0.147040
0.147248
0.147539
0.147913
0.148370
0.148911
0.149533
0.150238
0.151025
0.151894
0.152845
0.153876
0.154988
0.156180
0.157452
0.158804
0.160234
0.161742
0.163329
0.164992
0.166732
0.168547
0.170436
0.172401
0.174438
0.176549
0.178732
0.180985
0.183308
0.185700
0.188161
0.190688
0.193282
0.195940
0.198663
0.201448
0.204295
0.207202
0.210169
0.213193
0.216274
0.219410
0.222600
0.225842
0.229136
0.232478
0.235869
0.239306
0.242788
0.246313
0.249881
0.253489
0.257135
0.260817
0.264534
0.268286
0.272068
0.275880
0.279719
0.283585
0.287475
0.291387
0.295319
0.299269
0.303236
0.307217
0.311210
0.315213
0.319224
0.323241
0.327263
0.331287
0.335310
0.339331
0.343347
0.347357
0.351358
0.355349
0.359326
0.363288
0.367233
0.371159
0.375063
0.378942
0.382795
0.386621
0.390416
0.394179
0.397906
0.401598
0.405250
0.408861
0.412430
0.415952
0.419428
0.422855
0.426231
0.429553
0.432819
0.436030
0.439180
0.442270
0.445297
0.448259
0.451155
0.453983
0.456741
0.459427
0.462040
0.464578
0.467040
0.469424
0.471728
0.473951
0.476092
0.478150
0.480123
0.482009
0.483809
0.485519
0.487140
0.488671
0.490110
0.491457
0.492709
0.493869
0.494933
0.495902
0.496774
0.497549
0.498228
0.498808
0.499290
0.499673
0.499958
0.500143
0.500229
0.500216
0.500104
0.499892
0.499581
0.499172
0.498663
0.498055
0.497349
0.496546
0.495645
0.494648
0.493553
0.492363
0.491079
0.489699
0.488226
0.486661
0.485004
0.483256
0.481418
0.479492
0.477479
0.475378
0.473193
0.470924
0.468572
0.466138
0.463625
0.461033
0.458364
0.455620
0.452801
0.449910
0.446948
0.443917
0.440819
0.437655
0.434427
0.431137
0.427786
0.424376
0.420909
0.417387
0.413812
0.410185
0.406510
0.402786
0.399017
0.395205
0.391350
0.387455
0.383522
0.379554
0.375552
0.371518
0.367453
0.363360
0.359240
0.355097
0.350931
0.346745
0.342540
0.338318
0.334082
0.329833
0.325573
0.321303
0.317027
0.312744
0.308458
0.304170
0.299881
0.295594
0.291309
0.287030
0.282757
0.278492
0.274236
0.269991
0.265759
0.261541
0.257338
0.253152
0.248985
0.244837
0.240710
0.236605
0.232524
0.228467
0.224437
0.220433
0.216458
0.212511
0.208596
0.204711
0.200858
0.197039
0.193253
0.189503
0.185788
0.182109
0.178467
0.174863
0.171298
0.167772
0.164286
0.160840
0.157435
0.154071
0.150749
0.147469
0.144231
0.141037
0.137885
0.134777
0.131713
0.128692
0.125716
0.122784
0.119896
0.117053
0.114255
0.111501
0.108791
0.106127
0.103507
0.100931
0.098400
0.095913
0.093470
0.091071
0.088716
0.086405
0.084137
0.081912
0.079731
0.077591
0.075494
0.073439
0.071426
0.069454
0.067523
0.065632
0.063782
0.061971
0.060200
0.058468
0.056774
0.055118
0.053500
0.051919
0.050375
0.048867
0.047394
0.045957
0.044554
0.043186
0.041851
0.040549
0.039280
0.038043
0.036838
0.035663
0.034520
0.033406
0.032322
0.031266
0.030239
0.029240
0.028268
0.027324
0.026405
0.025512
0.024645
0.023802
0.022983
0.022188
0.021417
0.020668
0.019941
0.019236
0.018552
0.017889
0.017246
0.016623
0.016019
0.015435
0.014868
0.014319
0.013788
0.013274
0.012777
0.012296
0.011830
0.011380
0.010945
0.010524
0.010117
0.009725
0.009345
0.008979
0.008625
0.008284
0.007954
0.007636
0.007329
0.007034
0.006748
0.006473
0.006208
0.005953
0.005707
0.005470
0.005242
0.005023
0.004811
0.004608
0.004412
0.004224
0.004043
0.003869
0.003702
0.003541
0.003386
0.003238
0.003096
0.002959
0.002828
0.002702
0.002581
0.002465
0.002353
0.002247
0.002144
0.002046
0.001952
0.001862
0.001776
0.001694
0.001615
0.001539
0.001467
0.001397
0.001331
0.001268
0.001207
0.001149
0.001094
0.001041
0.000990
0.000942
0.000896
0.000852
0.000810
0.000770
0.000731
0.000695
0.000660
0.000627
0.000595
0.000565
0.000536
0.000509
0.000483
0.000458
0.000434
0.000412
0.000391
0.000370
0.000351
0.000332
0.000315
0.000298
0.000282
0.000267
0.000253
0.000239
0.000226
0.000214
0.000203
0.000192
0.000181
0.000171
0.000162
0.000153
0.000144
0.000136
0.000129
0.000122
0.000115
0.000108
0.000102
0.000096
0.000091
0.000086
0.000081
0.000076
0.000072
0.000068
0.000064
0.000060
0.000056
0.000053
0.000050
0.000047
0.000044
0.000042
0.000039
0.000037
0.000035
0.000033
0.000031
0.000029
0.000027
0.000025
0.000024
0.000022
0.000021
0.000020
0.000018
0.000017
0.000016
0.000015
0.000014
0.000013
0.000013
0.000012
0.000011
0.000010
0.000010
0.000009
0.000008
0.000008
0.000007
0.000007
0.000006
0.000006
0.000006
0.000005
0.000005
0.000005
0.000004
0.000004
0.000004
0.000004
0.000003
0.000003
0.000003
0.000003
0.000002
0.000002
0.000002
0.000002
0.000002
0.000002
0.000002
0.000002
0.000001
0.000001
0.000001
0.000001
0.000001
0.000001
0.000001
0.000001
0.000001
0.000001
0.000001
0.000001
0.000001
0.000001
0.000001
0.000000
0.000000
0.000000
0.000000
0.000000
0.000000
0.000000
0.000000
0.000000
0.000000
0.000000
0.000000
0.000000
0.000000
0.000000
0.000000
0.000000
0.000000
0.000000
0.000000
0.000000
0.000000
0.000000
0.000000
0.000000
0.000000
0.000000
0.000000
0.000000
0.000000
0.000000
0.000000
0.000000
0.000000
0.000000
0.000000
0.000000
0.000000
0.000000
0.000000
0.000000
0.000000
0.000000
0.000000
0.000000
0.000000
0.000000
0.000000
0.000000
0.000000
0.000000
0.000000
0.000000
0.000000
0.000000
0.000000
0.000000
0.000000
0.000000
0.000000
0.000000
0.000000
0.000000
0.000000
0.000000
0.000000
0.000000
0.000000
0.000000
0.000000
0.000000
0.000000
0.000000
0.000000
0.000000
0.000000
0.000000
0.000000
0.000000
0.000000
0.000000
0.000000
0.000000
0.000000
0.000000
0.000000
0.000000
0.000000
0.000000
0.000000
0.000000
0.000000
0.000000
0.000000
0.000000
0.000000
0.000000
0.000000
0.000000
0.000000
0.000000
0.000000
0.000000
0.000000
0.000000
0.000000
0.000000
0.000000
0.000000
0.000000
0.000000
0.000000
0.000000
0.000000
0.000000
0.000000
0.000000
0.000000
0.000000
0.000000
0.000000
0.000000
0.000000
0.000000
0.000000
0.000000
0.000000
0.000000
0.000000
0.000000
0.000000
0.000000
0.000000
0.000000
0.000000
0.000000
0.000000
0.000000
0.000000
0.000000
0.000000
0.000000
0.000000
0.000000
0.000000
0.000000
0.000000
0.000000
0.000000
0.000000
0.000000
0.000000
0.000000
0.000000
0.000000
0.000000
0.000000
0.000000
0.000000
0.000000
0.000000
0.000000
0.000000
0.000000
0.000000
0.000000
0.000000
0.000000
0.000000
0.000000
0.000000
0.000000
0.000000
0.000000
0.000000
0.000000
0.000000
0.000000
0.000000
0.000000
0.000000
0.000000
0.000000
0.000000
0.000000
0.000000
0.000000
0.000000
0.000000
