0.002411
0.004823
0.007237
0.009653
0.012075
0.014501
0.016934
0.019374
0.021823
0.024280
0.026749
0.029228
0.031720
0.034225
0.036745
0.039279
0.041831
0.044399
0.046985
0.049590
0.052214
0.054861
0.057526
0.060217
0.062928
0.065665
0.068425
0.071211
0.074023
0.076861
0.079729
0.082621
0.085545
0.088495
0.091478
0.094488
0.097530
0.100604
0.103706
0.106845
0.110011
0.113213
0.116447
0.119711
0.123014
0.126343
0.129712
0.133111
0.136542
0.140012
0.143509
0.147045
0.150611
0.154209
0.157846
0.161508
0.165208
0.168939
0.172697
0.176495
0.180317
0.184170
0.188058
0.191968
0.195911
0.199884
0.203877
0.207904
0.211955
0.216025
0.220129
0.224249
0.228389
0.232559
0.236742
0.240943
0.245171
0.249406
0.253657
0.257932
0.262211
0.266500
0.270810
0.275121
0.279435
0.283767
0.288099
0.292426
0.296764
0.301105
0.305432
0.309761
0.314094
0.318410
0.322713
0.327020
0.331314
0.335582
0.339838
0.344090
0.348314
0.352507
0.356688
0.360853
0.364981
0.369071
0.373143
0.377192
0.381196
0.385153
0.389081
0.392982
0.396836
0.400632
0.404382
0.408100
0.411775
0.415389
0.418935
0.422429
0.425882
0.429285
0.432621
0.435879
0.439066
0.442196
0.445275
0.448294
0.451237
0.454093
0.456862
0.459552
0.462172
0.464727
0.467216
0.469633
0.471972
0.474226
0.476390
0.478464
0.480444
0.482333
0.484129
0.485834
0.487446
0.488966
0.490391
0.491724
0.492961
0.494103
0.495148
0.496097
0.496949
0.497704
0.498361
0.498919
0.499378
0.499738
0.500000
0.500161
0.500224
0.500187
0.500050
0.499815
0.499481
0.499047
0.498515
0.497885
0.497157
0.496332
0.495410
0.494393
0.493280
0.492073
0.490772
0.489378
0.487892
0.486315
0.484648
0.482891
0.481046
0.479115
0.477098
0.474997
0.472812
0.470546
0.468200
0.465775
0.463273
0.460695
0.458044
0.455319
0.452524
0.449660
0.446727
0.443729
0.440668
0.437544
0.434360
0.431119
0.427820
0.424468
0.421062
0.417607
0.414103
0.410553
0.406958
0.403321
0.399644
0.395929
0.392179
0.388394
0.384579
0.380733
0.376860
0.372961
0.369041
0.365098
0.361138
0.357161
0.353169
0.349165
0.345152
0.341129
0.337102
0.333071
0.329039
0.325006
0.320976
0.316951
0.312933
0.308926
0.304927
0.300943
0.296972
0.293019
0.289085
0.285171
0.281281
0.277415
0.273575
0.269764
0.265983
0.262233
0.258518
0.254838
0.251195
0.247591
0.244028
0.240506
0.237029
0.233597
0.230211
0.226874
0.223586
0.220350
0.217167
0.214037
0.210963
0.207946
0.204986
0.202086
0.199246
0.196468
0.193753
0.191102
0.188516
0.185995
0.183541
0.181157
0.178841
0.176594
0.174419
0.172315
0.170283
0.168325
0.166442
0.164633
0.162900
0.161243
0.159662
0.158159
0.156734
0.155387
0.154120
0.152932
0.151824
0.150797
0.149850
0.148985
0.148201
0.147499
0.146879
0.146341
0.145886
0.145513
0.145223
0.145015
0.144891
0.144848
0.144890
0.145015
0.145222
0.145512
0.145885
0.146340
0.146879
0.147499
0.148201
0.148985
0.149850
0.150796
0.151824
0.152931
0.154120
0.155387
0.156733
0.158158
0.159660
0.161241
0.162898
0.164632
0.166440
0.168323
0.170281
0.172312
0.174415
0.176591
0.178836
0.181152
0.183537
0.185990
0.188510
0.191096
0.193748
0.196463
0.199241
0.202080
0.204981
0.207940
0.210958
0.214032
0.217162
0.220346
0.223582
0.226870
0.230207
0.233592
0.237024
0.240502
0.244023
0.247586
0.251191
0.254834
0.258514
0.262229
0.265978
0.269759
0.273570
0.277410
0.281277
0.285168
0.289081
0.293015
0.296968
0.300939
0.304924
0.308922
0.312930
0.316948
0.320972
0.325002
0.329033
0.333066
0.337097
0.341124
0.345146
0.349159
0.353163
0.357155
0.361132
0.365092
0.369035
0.372956
0.376854
0.380727
0.384573
0.388389
0.392173
0.395924
0.399639
0.403316
0.406952
0.410547
0.414097
0.417600
0.421056
0.424461
0.427814
0.431112
0.434354
0.437538
0.440662
0.443724
0.446721
0.449654
0.452518
0.455314
0.458038
0.460691
0.463269
0.465772
0.468197
0.470543
0.472809
0.474993
0.477094
0.479111
0.481043
0.482887
0.484644
0.486311
0.487889
0.489375
0.490770
0.492070
0.493278
0.494391
0.495409
0.496330
0.497155
0.497883
0.498513
0.499045
0.499478
0.499813
0.500049
0.500185
0.500223
0.500161
0.499999
0.499738
0.499379
0.498920
0.498362
0.497706
0.496952
0.496100
0.495151
0.494106
0.492963
0.491727
0.490395
0.488969
0.487450
0.485838
0.484136
0.482343
0.480462
0.478492
0.476436
0.474293
0.472065
0.469755
0.467362
0.464888
0.462336
0.459705
0.456999
0.454217
0.451362
0.448435
0.445439
0.442375
0.439244
0.436048
0.432788
0.429467
0.426087
0.422648
0.419153
0.415605
0.412004
0.408353
0.404653
0.400907
0.397116
0.393281
0.389407
0.385493
0.381542
0.377557
0.373538
0.369488
0.365409
0.361303
0.357171
0.353016
0.348840
0.344644
0.340431
0.336202
0.331959
0.327704
0.323439
0.319166
0.314886
0.310601
0.306314
0.302025
0.297737
0.293451
0.289169
0.284892
0.280623
0.276362
0.272112
0.267873
0.263648
0.259437
0.255243
0.251066
0.246908
0.242770
0.238654
0.234561
0.230492
0.226449
0.222431
0.218442
0.214481
0.210550
0.206649
0.202780
0.198944
0.195142
0.191374
0.187641
0.183943
0.180283
0.176660
0.173076
0.169530
0.166024
0.162558
0.159132
0.155747
0.152404
0.149103
0.145845
0.142628
0.139455
0.136325
0.133239
0.130197
0.127199
0.124244
0.121334
0.118469
0.115648
0.112872
0.110140
0.107454
0.104811
0.102213
0.099660
0.097151
0.094686
0.092265
0.089888
0.087555
0.085266
0.083019
0.080816
0.078656
0.076537
0.074462
0.072427
0.070435
0.068483
0.066573
0.064702
0.062872
0.061081
0.059329
0.057616
0.055941
0.054305
0.052705
0.051142
0.049616
0.048126
0.046671
0.045251
0.043866
0.042514
0.041196
0.039910
0.038658
0.037436
0.036247
0.035088
0.033959
0.032860
0.031790
0.030749
0.029736
0.028751
0.027793
0.026861
0.025955
0.025075
0.024220
0.023390
0.022583
0.021800
0.021039
0.020302
0.019586
0.018892
0.018218
0.017565
0.016932
0.016319
0.015725
0.015149
0.014592
0.014052
0.013529
0.013023
0.012534
0.012061
0.011603
0.011160
0.010733
0.010319
0.009919
0.009533
0.009160
0.008800
0.008453
0.008117
0.007794
0.007481
0.007180
0.006890
0.006610
0.006340
0.006080
0.005829
0.005588
0.005355
0.005131
0.004916
0.004709
0.004509
0.004317
0.004133
0.003955
0.003784
0.003620
0.003463
0.003312
0.003166
0.003027
0.002893
0.002764
0.002640
0.002522
0.002408
0.002299
0.002195
0.002095
0.001999
0.001907
0.001819
0.001734
0.001654
0.001576
0.001502
0.001432
0.001364
0.001299
0.001237
0.001178
0.001121
0.001067
0.001015
0.000966
0.000919
0.000874
0.000831
0.000789
0.000750
0.000713
0.000677
0.000643
0.000611
0.000580
0.000551
0.000523
0.000496
0.000470
0.000446
0.000423
0.000401
0.000380
0.000360
0.000341
0.000323
0.000306
0.000290
0.000275
0.000260
0.000246
0.000233
0.000220
0.000208
0.000197
0.000186
0.000176
0.000166
0.000157
0.000149
0.000140
0.000132
0.000125
0.000118
0.000111
0.000105
0.000099
0.000094
0.000088
0.000083
0.000078
0.000074
0.000070
0.000066
0.000062
0.000058
0.000055
0.000052
0.000049
0.000046
0.000043
0.000040
0.000038
0.000036
0.000034
0.000032
0.000030
0.000028
0.000026
0.000025
0.000023
0.000022
0.000020
0.000019
0.000018
0.000017
0.000016
0.000015
0.000014
0.000013
0.000012
0.000011
0.000011
0.000010
0.000009
0.000009
0.000008
0.000008
0.000007
0.000007
0.000006
0.000006
0.000005
0.000005
0.000005
0.000004
0.000004
0.000004
0.000004
0.000003
0.000003
0.000003
0.000003
0.000003
0.000002
0.000002
0.000002
0.000002
0.000002
0.000002
0.000002
0.000001
0.000001
0.000001
0.000001
0.000001
0.000001
0.000001
0.000001
0.000001
0.000001
0.000001
0.000001
0.000001
0.000001
0.000001
0.000000
0.000000
0.000000
0.000000
0.000000
0.000000
0.000000
0.000000
0.000000
0.000000
0.000000
0.000000
0.000000
0.000000
0.000000
0.000000
0.000000
0.000000
0.000000
0.000000
0.000000
0.000000
0.000000
0.000000
0.000000
0.000000
0.000000
0.000000
0.000000
0.000000
0.000000
0.000000
0.000000
0.000000
0.000000
0.000000
0.000000
0.000000
0.000000
0.000000
0.000000
0.000000
0.000000
0.000000
0.000000
0.000000
0.000000
0.000000
0.000000
0.000000
0.000000
0.000000
0.000000
0.000000
0.000000
0.000000
0.000000
0.000000
0.000000
0.000000
0.000000
0.000000
0.000000
0.000000
0.000000
0.000000
0.000000
0.000000
0.000000
0.000000
0.000000
0.000000
0.000000
0.000000
0.000000
0.000000
0.000000
0.000000
0.000000
0.000000
0.000000
0.000000
0.000000
0.000000
0.000000
0.000000
0.000000
0.000000
0.000000
0.000000
0.000000
0.000000
0.000000
0.000000
0.000000
0.000000
0.000000
0.000000
0.000000
0.000000
0.000000
0.000000
0.000000
0.000000
0.000000
0.000000
0.000000
0.000000
0.000000
0.000000
0.000000
0.000000
0.000000
0.000000
0.000000
0.000000
0.000000
0.000000
0.000000
0.000000
0.000000
0.000000
0.000000
0.000000
0.000000
0.000000
0.000000
0.000000
0.000000
0.000000
0.000000
0.000000
0.000000
0.000000
0.000000
0.000000
0.000000
0.000000
0.000000
0.000000
0.000000
0.000000
0.000000
0.000000
0.000000
0.000000
0.000000
0.000000
0.000000
0.000000
0.000000
0.000000
0.000000
0.000000
0.000000
0.000000
0.000000
0.000000
0.000000
0.000000
0.000000
0.000000
0.000000
0.000000
0.000000
0.000000
0.000000
0.000000
0.000000
0.000000
0.000000
0.000000
0.000000
0.000000
0.000000
0.000000
0.000000
0.000000
0.000000
0.000000
0.000000
0.000000
0.000000
0.000000
0.000000
0.000000
0.000000
0.000000
0.000000
