0.002442
0.004885
0.007331
0.009779
0.012232
0.014690
0.017154
0.019626
0.022106
0.024595
0.027094
0.029605
0.032128
0.034665
0.037215
0.039782
0.042363
0.044963
0.047579
0.050217
0.052871
0.055549
0.058245
0.060966
0.063708
0.066475
0.069267
0.072082
0.074926
0.077793
0.080691
0.083613
0.086567
0.089548
0.092558
0.095600
0.098669
0.101773
0.104904
0.108070
0.111267
0.114495
0.117759
0.121050
0.124379
0.127738
0.131131
0.134560
0.138016
0.141512
0.145036
0.148594
0.152189
0.155810
0.159470
0.163160
0.166879
0.170636
0.174417
0.178233
0.182082
0.185953
0.189862
0.193795
0.197754
0.201749
0.205761
0.209803
0.213874
0.217961
0.222077
0.226218
0.230371
0.234553
0.238754
0.242965
0.247203
0.251455
0.255713
0.259996
0.264289
0.268584
0.272898
0.277222
0.281541
0.285873
0.290214
0.294546
0.298880
0.303225
0.307558
0.311881
0.316211
0.320531
0.324831
0.329127
0.333420
0.337686
0.341931
0.346171
0.350393
0.354578
0.358741
0.362893
0.367015
0.371093
0.375143
0.379174
0.383168
0.387111
0.391013
0.394890
0.398729
0.402509
0.406234
0.409920
0.413570
0.417164
0.420690
0.424153
0.427569
0.430941
0.434252
0.437486
0.440643
0.443734
0.446771
0.449753
0.452664
0.455492
0.458230
0.460882
0.463459
0.465968
0.468410
0.470783
0.473079
0.475292
0.477416
0.479448
0.481387
0.483233
0.484985
0.486645
0.488212
0.489685
0.491063
0.492348
0.493538
0.494631
0.495628
0.496528
0.497331
0.498036
0.498643
0.499151
0.499561
0.499871
0.500082
0.500193
0.500205
0.500118
0.499932
0.499646
0.499261
0.498778
0.498196
0.497516
0.496738
0.495864
0.494894
0.493827
0.492666
0.491410
0.490062
0.488620
0.487087
0.485464
0.483750
0.481948
0.480059
0.478083
0.476021
0.473876
0.471649
0.469341
0.466953
0.464488
0.461945
0.459328
0.456638
0.453875
0.451042
0.448141
0.445173
0.442140
0.439044
0.435887
0.432671
0.429397
0.426068
0.422685
0.419251
0.415767
0.412235
0.408659
0.405038
0.401376
0.397675
0.393937
0.390165
0.386359
0.382523
0.378657
0.374766
0.370849
0.366912
0.362953
0.358978
0.354986
0.350981
0.346964
0.342938
0.338905
0.334868
0.330827
0.326786
0.322745
0.318708
0.314676
0.310654
0.306640
0.302637
0.298649
0.294676
0.290720
0.286784
0.282869
0.278979
0.275112
0.271274
0.267463
0.263683
0.259935
0.256223
0.252546
0.248907
0.245307
0.241748
0.238231
0.234759
0.231332
0.227952
0.224620
0.221339
0.218108
0.214932
0.211809
0.208743
0.205732
0.202780
0.199887
0.197055
0.194284
0.191577
0.188933
0.186354
0.183841
0.181395
0.179018
0.176710
0.174471
0.172302
0.170206
0.168181
0.166231
0.164354
0.162552
0.160825
0.159174
0.157599
0.156102
0.154682
0.153341
0.152079
0.150896
0.149792
0.148769
0.147826
0.146964
0.146184
0.145485
0.144868
0.144332
0.143878
0.143507
0.143218
0.143011
0.142887
0.142846
0.142887
0.143011
0.143218
0.143506
0.143878
0.144331
0.144867
0.145485
0.146184
0.146964
0.147826
0.148769
0.149792
0.150895
0.152079
0.153341
0.154681
0.156101
0.157597
0.159171
0.160823
0.162550
0.164352
0.166228
0.168179
0.170203
0.172299
0.174467
0.176706
0.179014
0.181391
0.183837
0.186349
0.188927
0.191571
0.194279
0.197049
0.199881
0.202774
0.205726
0.208737
0.211804
0.214928
0.218105
0.221334
0.224616
0.227947
0.231326
0.234754
0.238226
0.241743
0.245302
0.248903
0.252542
0.256219
0.259932
0.263679
0.267458
0.271268
0.275108
0.278974
0.282866
0.286781
0.290716
0.294672
0.298645
0.302634
0.306636
0.310650
0.314674
0.318704
0.322740
0.326780
0.330822
0.334862
0.338900
0.342932
0.346958
0.350974
0.354980
0.358971
0.362947
0.366905
0.370843
0.374760
0.378651
0.382517
0.386353
0.390159
0.393932
0.397670
0.401371
0.405032
0.408652
0.412229
0.415761
0.419244
0.422679
0.426062
0.429391
0.432665
0.435882
0.439038
0.442135
0.445167
0.448135
0.451037
0.453869
0.456632
0.459323
0.461941
0.464484
0.466951
0.469338
0.471646
0.473873
0.476018
0.478078
0.480054
0.481944
0.483746
0.485460
0.487084
0.488617
0.490059
0.491408
0.492664
0.493825
0.494892
0.495862
0.496736
0.497514
0.498193
0.498775
0.499259
0.499644
0.499930
0.500117
0.500204
0.500193
0.500081
0.499871
0.499561
0.499152
0.498645
0.498038
0.497333
0.496530
0.495631
0.494634
0.493540
0.492351
0.491067
0.489688
0.488216
0.486650
0.484994
0.483246
0.481409
0.479484
0.477471
0.475371
0.473186
0.470918
0.468566
0.466132
0.463619
0.461028
0.458359
0.455615
0.452797
0.449906
0.446944
0.443914
0.440816
0.437652
0.434424
0.431134
0.427783
0.424373
0.420906
0.417385
0.413810
0.410183
0.406508
0.402785
0.399016
0.395203
0.391348
0.387454
0.383521
0.379553
0.375551
0.371516
0.367452
0.363359
0.359239
0.355096
0.350930
0.346744
0.342539
0.338318
0.334081
0.329832
0.325572
0.321303
0.317026
0.312744
0.308458
0.304169
0.299881
0.295593
0.291309
0.287030
0.282757
0.278491
0.274236
0.269991
0.265759
0.261541
0.257338
0.253152
0.248984
0.244837
0.240710
0.236605
0.232524
0.228467
0.224437
0.220433
0.216457
0.212511
0.208595
0.204711
0.200858
0.197039
0.193253
0.189503
0.185787
0.182109
0.178467
0.174863
0.171298
0.167772
0.164286
0.160840
0.157435
0.154071
0.150749
0.147469
0.144231
0.141037
0.137885
0.134777
0.131713
0.128692
0.125716
0.122784
0.119896
0.117053
0.114255
0.111501
0.108791
0.106127
0.103507
0.100931
0.098400
0.095913
0.093470
0.091071
0.088716
0.086405
0.084137
0.081912
0.079731
0.077591
0.075494
0.073439
0.071426
0.069454
0.067523
0.065632
0.063782
0.061971
0.060200
0.058468
0.056774
0.055118
0.053500
0.051919
0.050375
0.048867
0.047394
0.045957
0.044554
0.043186
0.041851
0.040549
0.039280
0.038043
0.036838
0.035663
0.034520
0.033406
0.032322
0.031266
0.030239
0.029240
0.028268
0.027324
0.026405
0.025512
0.024645
0.023802
0.022983
0.022188
0.021417
0.020668
0.019941
0.019236
0.018552
0.017889
0.017246
0.016623
0.016019
0.015435
0.014868
0.014319
0.013788
0.013274
0.012777
0.012296
0.011830
0.011380
0.010945
0.010524
0.010117
0.009725
0.009345
0.008979
0.008625
0.008284
0.007954
0.007636
0.007329
0.007034
0.006748
0.006473
0.006208
0.005953
0.005707
0.005470
0.005242
0.005023
0.004811
0.004608
0.004412
0.004224
0.004043
0.003869
0.003702
0.003541
0.003386
0.003238
0.003096
0.002959
0.002828
0.002702
0.002581
0.002465
0.002353
0.002247
0.002144
0.002046
0.001952
0.001862
0.001776
0.001694
0.001615
0.001539
0.001467
0.001397
0.001331
0.001268
0.001207
0.001149
0.001094
0.001041
0.000990
0.000942
0.000896
0.000852
0.000810
0.000770
0.000731
0.000695
0.000660
0.000627
0.000595
0.000565
0.000536
0.000509
0.000483
0.000458
0.000434
0.000412
0.000391
0.000370
0.000351
0.000332
0.000315
0.000298
0.000282
0.000267
0.000253
0.000239
0.000226
0.000214
0.000203
0.000192
0.000181
0.000171
0.000162
0.000153
0.000144
0.000136
0.000129
0.000122
0.000115
0.000108
0.000102
0.000096
0.000091
0.000086
0.000081
0.000076
0.000072
0.000068
0.000064
0.000060
0.000056
0.000053
0.000050
0.000047
0.000044
0.000042
0.000039
0.000037
0.000035
0.000033
0.000031
0.000029
0.000027
0.000025
0.000024
0.000022
0.000021
0.000020
0.000018
0.000017
0.000016
0.000015
0.000014
0.000013
0.000013
0.000012
0.000011
0.000010
0.000010
0.000009
0.000008
0.000008
0.000007
0.000007
0.000006
0.000006
0.000006
0.000005
0.000005
0.000005
0.000004
0.000004
0.000004
0.000004
0.000003
0.000003
0.000003
0.000003
0.000002
0.000002
0.000002
0.000002
0.000002
0.000002
0.000002
0.000002
0.000001
0.000001
0.000001
0.000001
0.000001
0.000001
0.000001
0.000001
0.000001
0.000001
0.000001
0.000001
0.000001
0.000001
0.000001
0.000000
0.000000
0.000000
0.000000
0.000000
0.000000
0.000000
0.000000
0.000000
0.000000
0.000000
0.000000
0.000000
0.000000
0.000000
0.000000
0.000000
0.000000
0.000000
0.000000
0.000000
0.000000
0.000000
0.000000
0.000000
0.000000
0.000000
0.000000
0.000000
0.000000
0.000000
0.000000
0.000000
0.000000
0.000000
0.000000
0.000000
0.000000
0.000000
0.000000
0.000000
0.000000
0.000000
0.000000
0.000000
0.000000
0.000000
0.000000
0.000000
0.000000
0.000000
0.000000
0.000000
0.000000
0.000000
0.000000
0.000000
0.000000
0.000000
0.000000
0.000000
0.000000
0.000000
0.000000
0.000000
0.000000
0.000000
0.000000
0.000000
0.000000
0.000000
0.000000
0.000000
0.000000
0.000000
0.000000
0.000000
0.000000
0.000000
0.000000
0.000000
0.000000
0.000000
0.000000
0.000000
0.000000
0.000000
0.000000
0.000000
0.000000
0.000000
0.000000
0.000000
0.000000
0.000000
0.000000
0.000000
0.000000
0.000000
0.000000
0.000000
0.000000
0.000000
0.000000
0.000000
0.000000
0.000000
0.000000
0.000000
0.000000
0.000000
0.000000
0.000000
0.000000
0.000000
0.000000
0.000000
0.000000
0.000000
0.000000
0.000000
0.000000
0.000000
0.000000
0.000000
0.000000
0.000000
0.000000
0.000000
0.000000
0.000000
0.000000
0.000000
0.000000
0.000000
0.000000
0.000000
0.000000
0.000000
0.000000
0.000000
0.000000
0.000000
0.000000
0.000000
0.000000
0.000000
0.000000
0.000000
0.000000
0.000000
0.000000
0.000000
0.000000
0.000000
0.000000
0.000000
0.000000
0.000000
0.000000
0.000000
0.000000
0.000000
0.000000
0.000000
0.000000
0.000000
0.000000
0.000000
0.000000
0.000000
0.000000
0.000000
0.000000
0.000000
0.000000
0.000000
0.000000
0.000000
0.000000
0.000000
0.000000
0.000000
0.000000
0.000000
0.000000
0.000000
0.000000
