0.002474
0.004949
0.007426
0.009906
0.012390
0.014880
0.017376
0.019879
0.022390
0.024912
0.027442
0.029985
0.032539
0.035108
0.037689
0.040288
0.042900
0.045532
0.048179
0.050847
0.053534
0.056241
0.058970
0.061720
0.064495
0.067291
0.070115
0.072960
0.075834
0.078732
0.081659
0.084614
0.087595
0.090608
0.093646
0.096718
0.099817
0.102949
0.106111
0.109303
0.112531
0.115785
0.119077
0.122398
0.125752
0.129142
0.132559
0.136015
0.139499
0.143018
0.146572
0.150153
0.153773
0.157421
0.161102
0.164818
0.168559
0.172339
0.176145
0.179980
0.183852
0.187746
0.191672
0.195629
0.199606
0.203617
0.207653
0.211708
0.215798
0.219904
0.224032
0.228190
0.232360
0.236551
0.240769
0.244994
0.249238
0.253506
0.257776
0.262063
0.266368
0.270674
0.274989
0.279321
0.283650
0.287981
0.292327
0.296666
0.300999
0.305342
0.309681
0.314003
0.318325
0.322647
0.326947
0.331233
0.335519
0.339786
0.344022
0.348247
0.352462
0.356644
0.360792
0.364926
0.369038
0.373108
0.377138
0.381147
0.385128
0.389058
0.392939
0.396788
0.400606
0.404372
0.408076
0.411731
0.415350
0.418923
0.422429
0.425865
0.429245
0.432581
0.435864
0.439074
0.442203
0.445258
0.448253
0.451194
0.454071
0.456868
0.459576
0.462194
0.464729
0.467192
0.469587
0.471913
0.474165
0.476335
0.478419
0.480409
0.482307
0.484110
0.485818
0.487433
0.488954
0.490380
0.491712
0.492949
0.494090
0.495135
0.496083
0.496934
0.497688
0.498344
0.498901
0.499359
0.499718
0.499979
0.500139
0.500200
0.500162
0.500025
0.499788
0.499452
0.499017
0.498483
0.497852
0.497122
0.496295
0.495372
0.494353
0.493238
0.492028
0.490725
0.489328
0.487840
0.486260
0.484590
0.482831
0.480983
0.479049
0.477029
0.474923
0.472735
0.470466
0.468116
0.465687
0.463181
0.460598
0.457942
0.455213
0.452413
0.449544
0.446606
0.443602
0.440535
0.437405
0.434216
0.430968
0.427662
0.424303
0.420890
0.417428
0.413915
0.410357
0.406754
0.403108
0.399422
0.395697
0.391937
0.388142
0.384316
0.380460
0.376575
0.372665
0.368732
0.364777
0.360803
0.356813
0.352808
0.348790
0.344761
0.340723
0.336680
0.332632
0.328582
0.324533
0.320485
0.316441
0.312404
0.308376
0.304357
0.300351
0.296359
0.292384
0.288425
0.284489
0.280573
0.276682
0.272817
0.268979
0.265170
0.261392
0.257647
0.253937
0.250264
0.246629
0.243033
0.239478
0.235966
0.232500
0.229078
0.225705
0.222379
0.219104
0.215881
0.212711
0.209595
0.206536
0.203533
0.200588
0.197703
0.194878
0.192116
0.189416
0.186781
0.184209
0.181704
0.179267
0.176897
0.174596
0.172365
0.170204
0.168115
0.166098
0.164155
0.162284
0.160489
0.158769
0.157124
0.155555
0.154064
0.152650
0.151315
0.150058
0.148879
0.147780
0.146761
0.145823
0.144964
0.144188
0.143491
0.142876
0.142343
0.141891
0.141522
0.141235
0.141028
0.140904
0.140863
0.140904
0.141028
0.141234
0.141521
0.141891
0.142342
0.142875
0.143491
0.144187
0.144964
0.145822
0.146761
0.147780
0.148879
0.150057
0.151315
0.152649
0.154063
0.155554
0.157122
0.158767
0.160487
0.162282
0.164152
0.166095
0.168112
0.170201
0.172361
0.174592
0.176893
0.179263
0.181700
0.184205
0.186775
0.189411
0.192111
0.194873
0.197698
0.200583
0.203527
0.206531
0.209590
0.212707
0.215877
0.219100
0.222374
0.225699
0.229073
0.232494
0.235962
0.239473
0.243028
0.246624
0.250260
0.253933
0.257643
0.261387
0.265165
0.268973
0.272812
0.276678
0.280569
0.284485
0.288422
0.292379
0.296355
0.300348
0.304353
0.308372
0.312401
0.316438
0.320480
0.324528
0.328577
0.332626
0.336674
0.340717
0.344755
0.348783
0.352801
0.356807
0.360798
0.364771
0.368725
0.372659
0.376569
0.380453
0.384310
0.388137
0.391932
0.395692
0.399416
0.403102
0.406747
0.410350
0.413909
0.417420
0.420883
0.424296
0.427656
0.430961
0.434210
0.437400
0.440529
0.443597
0.446600
0.449538
0.452407
0.455208
0.457937
0.460595
0.463177
0.465684
0.468113
0.470463
0.472733
0.474920
0.477024
0.479044
0.480979
0.482827
0.484586
0.486257
0.487837
0.489325
0.490723
0.492026
0.493235
0.494350
0.495370
0.496293
0.497120
0.497850
0.498481
0.499015
0.499449
0.499786
0.500023
0.500161
0.500200
0.500139
0.499978
0.499719
0.499360
0.498902
0.498345
0.497690
0.496936
0.496085
0.495138
0.494093
0.492951
0.491715
0.490384
0.488958
0.487440
0.485829
0.484127
0.482335
0.480454
0.478485
0.476428
0.474286
0.472059
0.469749
0.467356
0.464883
0.462331
0.459701
0.456994
0.454213
0.451358
0.448432
0.445436
0.442371
0.439241
0.436045
0.432786
0.429465
0.426084
0.422646
0.419151
0.415603
0.412002
0.408351
0.404651
0.400905
0.397114
0.393280
0.389405
0.385492
0.381541
0.377555
0.373537
0.369487
0.365408
0.361302
0.357170
0.353016
0.348839
0.344643
0.340430
0.336201
0.331958
0.327703
0.323438
0.319165
0.314885
0.310601
0.306314
0.302025
0.297737
0.293451
0.289169
0.284892
0.280623
0.276362
0.272112
0.267873
0.263648
0.259437
0.255242
0.251066
0.246908
0.242770
0.238654
0.234561
0.230492
0.226448
0.222431
0.218442
0.214481
0.210549
0.206649
0.202780
0.198944
0.195142
0.191374
0.187641
0.183943
0.180283
0.176660
0.173076
0.169530
0.166024
0.162558
0.159132
0.155747
0.152404
0.149103
0.145845
0.142628
0.139455
0.136325
0.133239
0.130197
0.127198
0.124244
0.121334
0.118469
0.115648
0.112872
0.110140
0.107453
0.104811
0.102213
0.099660
0.097151
0.094686
0.092265
0.089888
0.087555
0.085266
0.083019
0.080816
0.078656
0.076537
0.074462
0.072427
0.070435
0.068483
0.066573
0.064702
0.062872
0.061081
0.059329
0.057616
0.055941
0.054305
0.052705
0.051142
0.049616
0.048126
0.046671
0.045251
0.043866
0.042514
0.041196
0.039910
0.038658
0.037436
0.036247
0.035088
0.033959
0.032860
0.031790
0.030749
0.029736
0.028751
0.027793
0.026861
0.025955
0.025075
0.024220
0.023390
0.022583
0.021800
0.021039
0.020302
0.019586
0.018892
0.018218
0.017565
0.016932
0.016319
0.015725
0.015149
0.014592
0.014052
0.013529
0.013023
0.012534
0.012061
0.011603
0.011160
0.010733
0.010319
0.009919
0.009533
0.009160
0.008800
0.008453
0.008117
0.007794
0.007481
0.007180
0.006890
0.006610
0.006340
0.006080
0.005829
0.005588
0.005355
0.005131
0.004916
0.004709
0.004509
0.004317
0.004133
0.003955
0.003784
0.003620
0.003463
0.003312
0.003166
0.003027
0.002893
0.002764
0.002640
0.002522
0.002408
0.002299
0.002195
0.002095
0.001999
0.001907
0.001819
0.001734
0.001654
0.001576
0.001502
0.001432
0.001364
0.001299
0.001237
0.001178
0.001121
0.001067
0.001015
0.000966
0.000919
0.000874
0.000831
0.000789
0.000750
0.000713
0.000677
0.000643
0.000611
0.000580
0.000551
0.000523
0.000496
0.000470
0.000446
0.000423
0.000401
0.000380
0.000360
0.000341
0.000323
0.000306
0.000290
0.000275
0.000260
0.000246
0.000233
0.000220
0.000208
0.000197
0.000186
0.000176
0.000166
0.000157
0.000149
0.000140
0.000132
0.000125
0.000118
0.000111
0.000105
0.000099
0.000094
0.000088
0.000083
0.000078
0.000074
0.000070
0.000066
0.000062
0.000058
0.000055
0.000052
0.000049
0.000046
0.000043
0.000040
0.000038
0.000036
0.000034
0.000032
0.000030
0.000028
0.000026
0.000025
0.000023
0.000022
0.000020
0.000019
0.000018
0.000017
0.000016
0.000015
0.000014
0.000013
0.000012
0.000011
0.000011
0.000010
0.000009
0.000009
0.000008
0.000008
0.000007
0.000007
0.000006
0.000006
0.000005
0.000005
0.000005
0.000004
0.000004
0.000004
0.000004
0.000003
0.000003
0.000003
0.000003
0.000003
0.000002
0.000002
0.000002
0.000002
0.000002
0.000002
0.000002
0.000001
0.000001
0.000001
0.000001
0.000001
0.000001
0.000001
0.000001
0.000001
0.000001
0.000001
0.000001
0.000001
0.000001
0.000001
0.000000
0.000000
0.000000
0.000000
0.000000
0.000000
0.000000
0.000000
0.000000
0.000000
0.000000
0.000000
0.000000
0.000000
0.000000
0.000000
0.000000
0.000000
0.000000
0.000000
0.000000
0.000000
0.000000
0.000000
0.000000
0.000000
0.000000
0.000000
0.000000
0.000000
0.000000
0.000000
0.000000
0.000000
0.000000
0.000000
0.000000
0.000000
0.000000
0.000000
0.000000
0.000000
0.000000
0.000000
0.000000
0.000000
0.000000
0.000000
0.000000
0.000000
0.000000
0.000000
0.000000
0.000000
0.000000
0.000000
0.000000
0.000000
0.000000
0.000000
0.000000
0.000000
0.000000
0.000000
0.000000
0.000000
0.000000
0.000000
0.000000
0.000000
0.000000
0.000000
0.000000
0.000000
0.000000
0.000000
0.000000
0.000000
0.000000
0.000000
0.000000
0.000000
0.000000
0.000000
0.000000
0.000000
0.000000
0.000000
0.000000
0.000000
0.000000
0.000000
0.000000
0.000000
0.000000
0.000000
0.000000
0.000000
0.000000
0.000000
0.000000
0.000000
0.000000
0.000000
0.000000
0.000000
0.000000
0.000000
0.000000
0.000000
0.000000
0.000000
0.000000
0.000000
0.000000
0.000000
0.000000
0.000000
0.000000
0.000000
0.000000
0.000000
0.000000
0.000000
0.000000
0.000000
0.000000
0.000000
0.000000
0.000000
0.000000
0.000000
0.000000
0.000000
0.000000
0.000000
0.000000
0.000000
0.000000
0.000000
0.000000
0.000000
0.000000
0.000000
0.000000
0.000000
0.000000
0.000000
0.000000
0.000000
0.000000
0.000000
0.000000
0.000000
0.000000
0.000000
0.000000
0.000000
0.000000
0.000000
0.000000
0.000000
0.000000
0.000000
0.000000
0.000000
0.000000
0.000000
0.000000
0.000000
0.000000
0.000000
0.000000
0.000000
0.000000
0.000000
0.000000
0.000000
0.000000
0.000000
0.000000
0.000000
0.000000
0.000000
0.000000
0.000000
0.000000
0.000000
