0.000015
0.000035
0.000047
0.000070
0.000081
0.000098
0.000126
0.000126
0.000153
0.000188
0.000182
0.000183
0.000235
0.000308
0.000369
0.000410
0.000440
0.000466
0.000492
0.000520
0.000549
0.000579
0.000611
0.000644
0.000679
0.000716
0.000755
0.000796
0.000839
0.000884
0.000931
0.000980
0.001032
0.001087
0.001144
0.001204
0.001266
0.001332
0.001401
0.001473
0.001549
0.001628
0.001711
0.001798
0.001889
0.001984
0.002083
0.002187
0.002296
0.002409
0.002528
0.002652
0.002782
0.002917
0.003058
0.003206
0.003360
0.003521
0.003689
0.003864
0.004046
0.004236
0.004435
0.004642
0.004857
0.005082
0.005315
0.005559
0.005812
0.006076
0.006351
0.006637
0.006934
0.007243
0.007565
0.007899
0.008247
0.008608
0.008983
0.009373
0.009777
0.010197
0.010634
0.011086
0.011556
0.012043
0.012548
0.013072
0.013616
0.014179
0.014762
0.015367
0.015993
0.016641
0.017312
0.018007
0.018727
0.019471
0.020241
0.021037
0.021860
0.022711
0.023591
0.024500
0.025439
0.026409
0.027410
0.028444
0.029512
0.030613
0.031749
0.032922
0.034130
0.035377
0.036662
0.037986
0.039350
0.040756
0.042203
0.043694
0.045228
0.046807
0.048432
0.050104
0.051823
0.053591
0.055409
0.057277
0.059196
0.061169
0.063194
0.065274
0.067410
0.069602
0.071851
0.074159
0.076526
0.078953
0.081442
0.083992
0.086606
0.089284
0.092028
0.094837
0.097713
0.100656
0.103669
0.106750
0.109903
0.113126
0.116422
0.119790
0.123232
0.126749
0.130341
0.134009
0.137753
0.141575
0.145475
0.149453
0.153510
0.157648
0.161865
0.166163
0.170543
0.175004
0.179548
0.184173
0.188882
0.193674
0.198549
0.203507
0.208549
0.213675
0.218885
0.224178
0.229555
0.235017
0.240561
0.246189
0.251900
0.257694
0.263571
0.269530
0.275570
0.281692
0.287894
0.294176
0.300537
0.306977
0.313495
0.320089
0.326759
0.333504
0.340323
0.347214
0.354177
0.361210
0.368312
0.375481
0.382716
0.390015
0.397378
0.404801
0.412284
0.419825
0.427421
0.435071
0.442773
0.450525
0.458325
0.466170
0.474058
0.481987
0.489954
0.497958
0.505994
0.514063
0.522159
0.530281
0.538426
0.546592
0.554774
0.562971
0.571179
0.579396
0.587618
0.595843
0.604066
0.612285
0.620498
0.628700
0.636888
0.645058
0.653208
0.661334
0.669433
0.677501
0.685535
0.693531
0.701485
0.709395
0.717256
0.725065
0.732819
0.740514
0.748146
0.755712
0.763208
0.770630
0.777975
0.785240
0.792420
0.799514
0.806515
0.813422
0.820231
0.826939
0.833542
0.840036
0.846418
0.852686
0.858835
0.864863
0.870766
0.876541
0.882186
0.887697
0.893072
0.898306
0.903398
0.908345
0.913144
0.917792
0.922287
0.926627
0.930808
0.934830
0.938689
0.942383
0.945910
0.949269
0.952458
0.955474
0.958315
0.960981
0.963470
0.965780
0.967911
0.969860
0.971626
0.973210
0.974609
0.975824
0.976852
0.977695
0.978351
0.978820
0.979102
0.979196
0.979102
0.978821
0.978352
0.977697
0.976854
0.975825
0.974611
0.973211
0.971628
0.969861
0.967912
0.965782
0.963472
0.960983
0.958317
0.955475
0.952460
0.949272
0.945913
0.942386
0.938692
0.934833
0.930812
0.926630
0.922291
0.917796
0.913147
0.908349
0.903402
0.898310
0.893075
0.887701
0.882190
0.876545
0.870770
0.864867
0.858839
0.852690
0.846423
0.840040
0.833546
0.826944
0.820236
0.813427
0.806520
0.799519
0.792426
0.785245
0.777981
0.770635
0.763213
0.755717
0.748152
0.740520
0.732826
0.725072
0.717263
0.709401
0.701491
0.693537
0.685542
0.677508
0.669440
0.661341
0.653215
0.645065
0.636894
0.628706
0.620505
0.612293
0.604073
0.595850
0.587625
0.579403
0.571186
0.562978
0.554782
0.546599
0.538434
0.530290
0.522168
0.514071
0.506003
0.497966
0.489963
0.481996
0.474067
0.466179
0.458334
0.450534
0.442783
0.435081
0.427430
0.419834
0.412294
0.404811
0.397387
0.390025
0.382725
0.375490
0.368321
0.361219
0.354186
0.347223
0.340332
0.333514
0.326769
0.320099
0.313504
0.306987
0.300547
0.294186
0.287904
0.281702
0.275580
0.269540
0.263581
0.257704
0.251910
0.246198
0.240570
0.235026
0.229565
0.224187
0.218894
0.213684
0.208558
0.203516
0.198558
0.193683
0.188891
0.184182
0.179556
0.175013
0.170552
0.166172
0.161873
0.157656
0.153518
0.149461
0.145482
0.141583
0.137761
0.134016
0.130348
0.126756
0.123240
0.119797
0.116429
0.113133
0.109909
0.106757
0.103675
0.100662
0.097719
0.094843
0.092033
0.089290
0.086612
0.083998
0.081447
0.078959
0.076531
0.074164
0.071856
0.069607
0.067415
0.065279
0.063199
0.061173
0.059201
0.057281
0.055413
0.053595
0.051827
0.050108
0.048436
0.046811
0.045232
0.043697
0.042207
0.040759
0.039354
0.037989
0.036665
0.035380
0.034134
0.032925
0.031752
0.030616
0.029514
0.028447
0.027413
0.026411
0.025441
0.024502
0.023593
0.022713
0.021862
0.021039
0.020243
0.019473
0.018729
0.018009
0.017314
0.016643
0.015995
0.015368
0.014764
0.014180
0.013617
0.013074
0.012550
0.012044
0.011557
0.011088
0.010635
0.010199
0.009778
0.009374
0.008984
0.008609
0.008248
0.007900
0.007566
0.007244
0.006935
0.006638
0.006352
0.006077
0.005813
0.005560
0.005316
0.005082
0.004858
0.004642
0.004435
0.004237
0.004047
0.003864
0.003689
0.003521
0.003361
0.003207
0.003059
0.002918
0.002782
0.002652
0.002528
0.002410
0.002296
0.002187
0.002083
0.001984
0.001889
0.001798
0.001711
0.001628
0.001549
0.001474
0.001401
0.001332
0.001267
0.001204
0.001144
0.001087
0.001032
0.000980
0.000931
0.000884
0.000839
0.000796
0.000755
0.000716
0.000679
0.000644
0.000611
0.000579
0.000549
0.000520
0.000492
0.000466
0.000442
0.000418
0.000396
0.000375
0.000354
0.000335
0.000317
0.000300
0.000283
0.000268
0.000253
0.000239
0.000226
0.000213
0.000202
0.000190
0.000180
0.000170
0.000160
0.000151
0.000142
0.000134
0.000127
0.000119
0.000112
0.000106
0.000100
0.000094
0.000089
0.000083
0.000079
0.000074
0.000070
0.000065
0.000062
0.000058
0.000054
0.000051
0.000048
0.000045
0.000042
0.000040
0.000037
0.000035
0.000033
0.000031
0.000029
0.000027
0.000026
0.000024
0.000023
0.000021
0.000020
0.000019
0.000017
0.000016
0.000015
0.000014
0.000013
0.000013
0.000012
0.000011
0.000010
0.000010
0.000009
0.000008
0.000008
0.000007
0.000007
0.000006
0.000006
0.000006
0.000005
0.000005
0.000005
0.000004
0.000004
0.000004
0.000003
0.000003
0.000003
0.000003
0.000003
0.000002
0.000002
0.000002
0.000002
0.000002
0.000002
0.000002
0.000001
0.000001
0.000001
0.000001
0.000001
0.000001
0.000001
0.000001
0.000001
0.000001
0.000001
0.000001
0.000001
0.000001
0.000001
0.000000
0.000000
0.000000
0.000000
0.000000
0.000000
0.000000
0.000000
0.000000
0.000000
0.000000
0.000000
0.000000
0.000000
0.000000
0.000000
0.000000
0.000000
0.000000
0.000000
0.000000
0.000000
0.000000
0.000000
0.000000
0.000000
0.000000
0.000000
0.000000
0.000000
0.000000
0.000000
0.000000
0.000000
0.000000
0.000000
0.000000
0.000000
0.000000
0.000000
0.000000
0.000000
0.000000
0.000000
0.000000
0.000000
0.000000
0.000000
0.000000
0.000000
0.000000
0.000000
0.000000
0.000000
0.000000
0.000000
0.000000
0.000000
0.000000
0.000000
0.000000
0.000000
0.000000
0.000000
0.000000
0.000000
0.000000
0.000000
0.000000
0.000000
0.000000
0.000000
0.000000
0.000000
0.000000
0.000000
0.000000
0.000000
0.000000
0.000000
0.000000
0.000000
0.000000
0.000000
0.000000
0.000000
0.000000
0.000000
0.000000
0.000000
0.000000
0.000000
0.000000
0.000000
0.000000
0.000000
0.000000
0.000000
0.000000
0.000000
0.000000
0.000000
0.000000
0.000000
0.000000
0.000000
0.000000
0.000000
0.000000
0.000000
0.000000
0.000000
0.000000
0.000000
0.000000
0.000000
0.000000
0.000000
0.000000
0.000000
0.000000
0.000000
0.000000
0.000000
0.000000
0.000000
0.000000
0.000000
0.000000
0.000000
0.000000
0.000000
0.000000
0.000000
0.000000
0.000000
0.000000
0.000000
0.000000
0.000000
0.000000
0.000000
0.000000
0.000000
0.000000
0.000000
0.000000
0.000000
0.000000
0.000000
0.000000
0.000000
0.000000
0.000000
0.000000
0.000000
0.000000
0.000000
0.000000
0.000000
0.000000
0.000000
0.000000
0.000000
0.000000
0.000000
0.000000
0.000000
0.000000
0.000000
0.000000
0.000000
0.000000
0.000000
0.000000
0.000000
0.000000
0.000000
0.000000
0.000000
0.000000
0.000000
0.000000
0.000000
0.000000
0.000000
0.000000
0.000000
0.000000
0.000000
0.000000
0.000000
0.000000
0.000000
0.000000
0.000000
0.000000
0.000000
0.000000
0.000000
0.000000
0.000000
0.000000
0.000000
0.000000
0.000000
0.000000
0.000000
0.000000
0.000000
0.000000
0.000000
0.000000
0.000000
0.000000
0.000000
0.000000
0.000000
0.000000
0.000000
0.000000
0.000000
0.000000
0.000000
0.000000
0.000000
0.000000
0.000000
0.000000
0.000000
0.000000
0.000000
0.000000
0.000000
0.000000
0.000000
0.000000
0.000000
0.000000
0.000000
0.000000
0.000000
0.000000
0.000000
0.000000
0.000000
0.000000
0.000000
0.000000
0.000000
0.000000
0.000000
0.000000
0.000000
0.000000
0.000000
0.000000
0.000000
0.000000
0.000000
0.000000
0.000000
0.000000
0.000000
0.000000
0.000000
0.000000
0.000000
0.000000
0.000000
0.000000
0.000000
0.000000
0.000000
0.000000
0.000000
0.000000
0.000000
0.000000
0.000000
0.000000
0.000000
0.000000
0.000000
0.000000
0.000000
0.000000
0.000000
0.000000
0.000000
0.000000
0.000000
0.000000
0.000000
0.000000
0.000000
0.000000
0.000000
0.000000
0.000000
0.000000
0.000000
0.000000
0.000000
0.000000
0.000000
0.000000
0.000000
0.000000
0.000000
0.000000
0.000000
