0.002506
0.005013
0.007522
0.010034
0.012550
0.015072
0.017599
0.020135
0.022678
0.025231
0.027793
0.030368
0.032954
0.035554
0.038168
0.040797
0.043442
0.046104
0.048785
0.051483
0.054202
0.056939
0.059701
0.062481
0.065287
0.068114
0.070968
0.073845
0.076749
0.079679
0.082634
0.085621
0.088631
0.091674
0.094742
0.097843
0.100973
0.104132
0.107326
0.110545
0.113802
0.117086
0.120403
0.123755
0.127134
0.130552
0.133997
0.137478
0.140991
0.144533
0.148114
0.151721
0.155364
0.159040
0.162742
0.166483
0.170249
0.174048
0.177881
0.181736
0.185628
0.189547
0.193489
0.197468
0.201466
0.205492
0.209550
0.213623
0.217725
0.221853
0.225994
0.230165
0.234355
0.238556
0.242786
0.247028
0.251280
0.255557
0.259843
0.264134
0.268447
0.272765
0.277084
0.281420
0.285760
0.290093
0.294437
0.298785
0.303120
0.307458
0.311800
0.316125
0.320439
0.324757
0.329060
0.333339
0.337613
0.341878
0.346111
0.350321
0.354523
0.358701
0.362839
0.366953
0.371051
0.375113
0.379128
0.383113
0.387075
0.390994
0.394857
0.398679
0.402471
0.406220
0.409906
0.413533
0.417119
0.420665
0.424151
0.427563
0.430910
0.434208
0.437457
0.440641
0.443744
0.446767
0.449722
0.452620
0.455457
0.458222
0.460900
0.463484
0.465981
0.468399
0.470746
0.473025
0.475231
0.477357
0.479398
0.481347
0.483203
0.484963
0.486627
0.488197
0.489672
0.491051
0.492336
0.493525
0.494618
0.495614
0.496514
0.497316
0.498021
0.498627
0.499134
0.499542
0.499851
0.500062
0.500172
0.500183
0.500094
0.499906
0.499619
0.499233
0.498748
0.498165
0.497484
0.496704
0.495828
0.494856
0.493788
0.492624
0.491366
0.490016
0.488572
0.487036
0.485410
0.483694
0.481889
0.479997
0.478018
0.475953
0.473805
0.471574
0.469263
0.466871
0.464401
0.461855
0.459233
0.456539
0.453771
0.450934
0.448028
0.445054
0.442016
0.438914
0.435751
0.432530
0.429250
0.425914
0.422524
0.419082
0.415591
0.412052
0.408467
0.404838
0.401168
0.397457
0.393710
0.389927
0.386112
0.382266
0.378389
0.374486
0.370559
0.366609
0.362638
0.358650
0.354645
0.350626
0.346596
0.342555
0.338507
0.334453
0.330396
0.326338
0.322280
0.318226
0.314176
0.310134
0.306101
0.302077
0.298068
0.294073
0.290096
0.286136
0.282198
0.278283
0.274392
0.270528
0.266692
0.262885
0.259109
0.255368
0.251661
0.247992
0.244361
0.240769
0.237220
0.233713
0.230252
0.226837
0.223469
0.220150
0.216882
0.213666
0.210504
0.207396
0.204344
0.201348
0.198411
0.195534
0.192717
0.189963
0.187272
0.184644
0.182081
0.179584
0.177155
0.174793
0.172500
0.170276
0.168123
0.166042
0.164033
0.162097
0.160234
0.158445
0.156732
0.155094
0.153531
0.152046
0.150638
0.149308
0.148056
0.146882
0.145788
0.144773
0.143839
0.142985
0.142211
0.141518
0.140906
0.140375
0.139925
0.139557
0.139271
0.139066
0.138942
0.138902
0.138943
0.139065
0.139270
0.139557
0.139924
0.140374
0.140904
0.141517
0.142211
0.142985
0.143839
0.144773
0.145787
0.146882
0.148055
0.149308
0.150637
0.152045
0.153530
0.155091
0.156729
0.158443
0.160231
0.162094
0.164030
0.166039
0.168121
0.170272
0.172496
0.174789
0.177151
0.179580
0.182076
0.184639
0.187266
0.189958
0.192713
0.195529
0.198406
0.201343
0.204338
0.207391
0.210499
0.213662
0.216878
0.220146
0.223464
0.226831
0.230246
0.233708
0.237215
0.240765
0.244356
0.247987
0.251657
0.255363
0.259104
0.262879
0.266686
0.270523
0.274388
0.278279
0.282195
0.286133
0.290092
0.294070
0.298065
0.302074
0.306097
0.310130
0.314173
0.318221
0.322275
0.326332
0.330391
0.334447
0.338501
0.342549
0.346589
0.350620
0.354639
0.358644
0.362632
0.366602
0.370553
0.374481
0.378383
0.382259
0.386106
0.389923
0.393705
0.397452
0.401162
0.404832
0.408460
0.412045
0.415584
0.419075
0.422517
0.425907
0.429243
0.432523
0.435746
0.438909
0.442011
0.445049
0.448022
0.450928
0.453766
0.456533
0.459229
0.461851
0.464398
0.466869
0.469260
0.471571
0.473802
0.475949
0.478013
0.479992
0.481885
0.483690
0.485407
0.487033
0.488569
0.490013
0.491364
0.492622
0.493785
0.494854
0.495826
0.496702
0.497481
0.498163
0.498746
0.499231
0.499617
0.499905
0.500093
0.500182
0.500171
0.500061
0.499851
0.499543
0.499135
0.498628
0.498022
0.497318
0.496516
0.495617
0.494621
0.493528
0.492339
0.491056
0.489678
0.488206
0.486641
0.484985
0.483238
0.481402
0.479477
0.477464
0.475365
0.473180
0.470912
0.468560
0.466127
0.463614
0.461023
0.458355
0.455611
0.452793
0.449902
0.446941
0.443910
0.440813
0.437650
0.434422
0.431131
0.427781
0.424371
0.420904
0.417382
0.413807
0.410182
0.406506
0.402783
0.399014
0.395202
0.391347
0.387453
0.383520
0.379552
0.375550
0.371516
0.367451
0.363358
0.359239
0.355095
0.350930
0.346743
0.342539
0.338317
0.334081
0.329832
0.325572
0.321302
0.317026
0.312744
0.308457
0.304169
0.299881
0.295593
0.291309
0.287029
0.282756
0.278491
0.274235
0.269991
0.265759
0.261540
0.257337
0.253152
0.248984
0.244836
0.240709
0.236605
0.232523
0.228467
0.224436
0.220433
0.216457
0.212511
0.208595
0.204711
0.200858
0.197039
0.193253
0.189503
0.185787
0.182108
0.178467
0.174863
0.171298
0.167772
0.164286
0.160840
0.157434
0.154071
0.150749
0.147469
0.144231
0.141036
0.137885
0.134777
0.131713
0.128692
0.125716
0.122784
0.119896
0.117053
0.114255
0.111501
0.108791
0.106127
0.103507
0.100931
0.098400
0.095913
0.093470
0.091071
0.088716
0.086405
0.084137
0.081912
0.079731
0.077591
0.075494
0.073439
0.071426
0.069454
0.067523
0.065632
0.063782
0.061971
0.060200
0.058468
0.056774
0.055118
0.053500
0.051919
0.050375
0.048867
0.047394
0.045957
0.044554
0.043186
0.041851
0.040549
0.039280
0.038043
0.036838
0.035663
0.034520
0.033406
0.032322
0.031266
0.030239
0.029240
0.028268
0.027324
0.026405
0.025512
0.024645
0.023802
0.022983
0.022188
0.021417
0.020668
0.019941
0.019236
0.018552
0.017889
0.017246
0.016623
0.016020
0.015435
0.014868
0.014319
0.013788
0.013274
0.012777
0.012296
0.011830
0.011380
0.010945
0.010524
0.010117
0.009725
0.009345
0.008979
0.008625
0.008284
0.007954
0.007636
0.007329
0.007034
0.006748
0.006473
0.006208
0.005953
0.005707
0.005470
0.005242
0.005023
0.004811
0.004608
0.004412
0.004224
0.004043
0.003869
0.003702
0.003541
0.003386
0.003238
0.003096
0.002959
0.002828
0.002702
0.002581
0.002465
0.002353
0.002247
0.002144
0.002046
0.001952
0.001862
0.001776
0.001694
0.001615
0.001539
0.001467
0.001397
0.001331
0.001268
0.001207
0.001149
0.001094
0.001041
0.000990
0.000942
0.000896
0.000852
0.000810
0.000770
0.000731
0.000695
0.000660
0.000627
0.000595
0.000565
0.000536
0.000509
0.000483
0.000458
0.000434
0.000412
0.000391
0.000370
0.000351
0.000332
0.000315
0.000298
0.000282
0.000267
0.000253
0.000239
0.000226
0.000214
0.000203
0.000192
0.000181
0.000171
0.000162
0.000153
0.000144
0.000136
0.000129
0.000122
0.000115
0.000108
0.000102
0.000096
0.000091
0.000086
0.000081
0.000076
0.000072
0.000068
0.000064
0.000060
0.000056
0.000053
0.000050
0.000047
0.000044
0.000042
0.000039
0.000037
0.000035
0.000033
0.000031
0.000029
0.000027
0.000025
0.000024
0.000022
0.000021
0.000020
0.000018
0.000017
0.000016
0.000015
0.000014
0.000013
0.000013
0.000012
0.000011
0.000010
0.000010
0.000009
0.000008
0.000008
0.000007
0.000007
0.000006
0.000006
0.000006
0.000005
0.000005
0.000005
0.000004
0.000004
0.000004
0.000004
0.000003
0.000003
0.000003
0.000003
0.000002
0.000002
0.000002
0.000002
0.000002
0.000002
0.000002
0.000002
0.000001
0.000001
0.000001
0.000001
0.000001
0.000001
0.000001
0.000001
0.000001
0.000001
0.000001
0.000001
0.000001
0.000001
0.000001
0.000000
0.000000
0.000000
0.000000
0.000000
0.000000
0.000000
0.000000
0.000000
0.000000
0.000000
0.000000
0.000000
0.000000
0.000000
0.000000
0.000000
0.000000
0.000000
0.000000
0.000000
0.000000
0.000000
0.000000
0.000000
0.000000
0.000000
0.000000
0.000000
0.000000
0.000000
0.000000
0.000000
0.000000
0.000000
0.000000
0.000000
0.000000
0.000000
0.000000
0.000000
0.000000
0.000000
0.000000
0.000000
0.000000
0.000000
0.000000
0.000000
0.000000
0.000000
0.000000
0.000000
0.000000
0.000000
0.000000
0.000000
0.000000
0.000000
0.000000
0.000000
0.000000
0.000000
0.000000
0.000000
0.000000
0.000000
0.000000
0.000000
0.000000
0.000000
0.000000
0.000000
0.000000
0.000000
0.000000
0.000000
0.000000
0.000000
0.000000
0.000000
0.000000
0.000000
0.000000
0.000000
0.000000
0.000000
0.000000
0.000000
0.000000
0.000000
0.000000
0.000000
0.000000
0.000000
0.000000
0.000000
0.000000
0.000000
0.000000
0.000000
0.000000
0.000000
0.000000
0.000000
0.000000
0.000000
0.000000
0.000000
0.000000
0.000000
0.000000
0.000000
0.000000
0.000000
0.000000
0.000000
0.000000
0.000000
0.000000
0.000000
0.000000
0.000000
0.000000
0.000000
0.000000
0.000000
0.000000
0.000000
0.000000
0.000000
0.000000
0.000000
0.000000
0.000000
0.000000
0.000000
0.000000
0.000000
0.000000
0.000000
0.000000
0.000000
0.000000
0.000000
0.000000
0.000000
0.000000
0.000000
0.000000
0.000000
0.000000
0.000000
0.000000
0.000000
0.000000
0.000000
0.000000
0.000000
0.000000
0.000000
0.000000
0.000000
0.000000
0.000000
0.000000
0.000000
0.000000
0.000000
0.000000
0.000000
0.000000
0.000000
0.000000
0.000000
0.000000
0.000000
0.000000
0.000000
0.000000
0.000000
0.000000
0.000000
0.000000
0.000000
0.000000
0.000000
