0.002538
0.005077
0.007619
0.010163
0.012711
0.015265
0.017825
0.020393
0.022968
0.025553
0.028148
0.030754
0.033373
0.036004
0.038650
0.041311
0.043988
0.046681
0.049394
0.052123
0.054874
0.057643
0.060436
0.063248
0.066085
0.068944
0.071827
0.074737
0.077670
0.080632
0.083617
0.086634
0.089675
0.092746
0.095847
0.098975
0.102137
0.105324
0.108546
0.111796
0.115079
0.118394
0.121738
0.125119
0.128526
0.131969
0.135444
0.138948
0.142490
0.146058
0.149663
0.153298
0.156963
0.160666
0.164392
0.168154
0.171948
0.175766
0.179622
0.183502
0.187411
0.191354
0.195316
0.199312
0.203334
0.207375
0.211450
0.215544
0.219659
0.223805
0.227964
0.232145
0.236352
0.240568
0.244805
0.249064
0.253328
0.257610
0.261911
0.266211
0.270527
0.274857
0.279184
0.283520
0.287868
0.292208
0.296549
0.300901
0.305242
0.309575
0.313915
0.318244
0.322554
0.326864
0.331167
0.335444
0.339705
0.343962
0.348194
0.352393
0.356578
0.360748
0.364880
0.368976
0.373055
0.377106
0.381111
0.385073
0.389011
0.392915
0.396765
0.400562
0.404325
0.408052
0.411721
0.415325
0.418878
0.422392
0.425854
0.429245
0.432563
0.435823
0.439035
0.442188
0.445266
0.448259
0.451176
0.454030
0.456826
0.459554
0.462200
0.464753
0.467213
0.469589
0.471889
0.474118
0.476276
0.478358
0.480354
0.482262
0.484075
0.485792
0.487413
0.488938
0.490366
0.491699
0.492937
0.494078
0.495122
0.496070
0.496921
0.497673
0.498329
0.498885
0.499342
0.499700
0.499960
0.500119
0.500179
0.500140
0.500001
0.499763
0.499426
0.498990
0.498455
0.497822
0.497091
0.496262
0.495337
0.494316
0.493199
0.491987
0.490682
0.489283
0.487792
0.486210
0.484538
0.482776
0.480926
0.478989
0.476965
0.474857
0.472666
0.470392
0.468039
0.465606
0.463097
0.460510
0.457850
0.455117
0.452312
0.449438
0.446495
0.443486
0.440414
0.437278
0.434083
0.430829
0.427518
0.424152
0.420732
0.417262
0.413743
0.410177
0.406566
0.402912
0.399217
0.395484
0.391715
0.387910
0.384074
0.380208
0.376312
0.372392
0.368447
0.364481
0.360494
0.356492
0.352473
0.348442
0.344399
0.340347
0.336289
0.332226
0.328160
0.324094
0.320029
0.315968
0.311912
0.307866
0.303828
0.299801
0.295789
0.291792
0.287813
0.283853
0.279914
0.275999
0.272109
0.268246
0.264412
0.260607
0.256834
0.253097
0.249394
0.245729
0.242102
0.238516
0.234972
0.231472
0.228016
0.224607
0.221246
0.217934
0.214673
0.211465
0.208310
0.205210
0.202165
0.199178
0.196249
0.193380
0.190572
0.187827
0.185143
0.182524
0.179969
0.177481
0.175060
0.172706
0.170421
0.168205
0.166061
0.163987
0.161986
0.160057
0.158202
0.156420
0.154713
0.153082
0.151527
0.150047
0.148645
0.147321
0.146074
0.144905
0.143816
0.142806
0.141876
0.141025
0.140255
0.139565
0.138955
0.138426
0.137979
0.137613
0.137328
0.137124
0.137001
0.136960
0.137001
0.137123
0.137327
0.137612
0.137978
0.138426
0.138954
0.139564
0.140254
0.141025
0.141876
0.142806
0.143815
0.144906
0.146073
0.147320
0.148644
0.150046
0.151525
0.153080
0.154711
0.156417
0.158199
0.160055
0.161983
0.163985
0.166058
0.168203
0.170417
0.172702
0.175056
0.177476
0.179965
0.182519
0.185138
0.187821
0.190568
0.193376
0.196244
0.199173
0.202160
0.205205
0.208305
0.211461
0.214670
0.217930
0.221241
0.224602
0.228010
0.231466
0.234967
0.238511
0.242097
0.245724
0.249390
0.253092
0.256830
0.260601
0.264406
0.268241
0.272105
0.275995
0.279910
0.283849
0.287809
0.291788
0.295785
0.299798
0.303824
0.307862
0.311909
0.315963
0.320024
0.324088
0.328154
0.332219
0.336283
0.340341
0.344393
0.348435
0.352467
0.356486
0.360488
0.364474
0.368441
0.372386
0.376307
0.380201
0.384068
0.387905
0.391709
0.395478
0.399212
0.402906
0.406560
0.410170
0.413736
0.417255
0.420725
0.424145
0.427511
0.430822
0.434077
0.437273
0.440408
0.443481
0.446489
0.449432
0.452306
0.455111
0.457845
0.460507
0.463093
0.465604
0.468037
0.470390
0.472663
0.474853
0.476961
0.478984
0.480921
0.482772
0.484534
0.486207
0.487789
0.489281
0.490680
0.491985
0.493197
0.494314
0.495335
0.496260
0.497088
0.497820
0.498453
0.498988
0.499424
0.499762
0.500000
0.500139
0.500179
0.500119
0.499959
0.499701
0.499343
0.498886
0.498330
0.497675
0.496923
0.496073
0.495126
0.494081
0.492940
0.491704
0.490374
0.488949
0.487431
0.485821
0.484119
0.482328
0.480447
0.478478
0.476422
0.474280
0.472054
0.469744
0.467351
0.464878
0.462326
0.459696
0.456990
0.454209
0.451355
0.448429
0.445433
0.442369
0.439238
0.436042
0.432783
0.429462
0.426082
0.422644
0.419149
0.415601
0.412000
0.408349
0.404650
0.400904
0.397113
0.393279
0.389404
0.385490
0.381540
0.377554
0.373536
0.369486
0.365407
0.361301
0.357170
0.353015
0.348839
0.344643
0.340429
0.336200
0.331958
0.327703
0.323438
0.319165
0.314885
0.310601
0.306313
0.302025
0.297736
0.293450
0.289168
0.284892
0.280622
0.276362
0.272111
0.267873
0.263647
0.259437
0.255242
0.251065
0.246908
0.242770
0.238654
0.234561
0.230492
0.226448
0.222431
0.218441
0.214481
0.210549
0.206649
0.202780
0.198944
0.195142
0.191373
0.187640
0.183943
0.180283
0.176660
0.173076
0.169530
0.166024
0.162558
0.159132
0.155747
0.152404
0.149103
0.145845
0.142628
0.139455
0.136325
0.133239
0.130197
0.127198
0.124244
0.121334
0.118469
0.115648
0.112872
0.110140
0.107453
0.104811
0.102213
0.099660
0.097151
0.094686
0.092265
0.089888
0.087555
0.085266
0.083019
0.080816
0.078656
0.076537
0.074462
0.072427
0.070435
0.068483
0.066572
0.064702
0.062872
0.061081
0.059329
0.057616
0.055941
0.054305
0.052705
0.051142
0.049616
0.048126
0.046671
0.045251
0.043866
0.042514
0.041196
0.039910
0.038658
0.037436
0.036247
0.035088
0.033959
0.032860
0.031790
0.030749
0.029736
0.028751
0.027793
0.026861
0.025955
0.025075
0.024220
0.023390
0.022583
0.021800
0.021040
0.020302
0.019586
0.018892
0.018218
0.017565
0.016932
0.016319
0.015725
0.015149
0.014592
0.014052
0.013529
0.013024
0.012534
0.012061
0.011603
0.011160
0.010733
0.010319
0.009919
0.009533
0.009160
0.008800
0.008453
0.008117
0.007794
0.007481
0.007180
0.006890
0.006610
0.006340
0.006080
0.005829
0.005588
0.005355
0.005131
0.004916
0.004709
0.004509
0.004317
0.004133
0.003955
0.003784
0.003621
0.003463
0.003312
0.003166
0.003027
0.002893
0.002764
0.002640
0.002522
0.002408
0.002299
0.002195
0.002095
0.001999
0.001907
0.001819
0.001734
0.001654
0.001576
0.001502
0.001432
0.001364
0.001299
0.001237
0.001178
0.001121
0.001067
0.001015
0.000966
0.000919
0.000874
0.000831
0.000789
0.000750
0.000713
0.000677
0.000643
0.000611
0.000580
0.000551
0.000523
0.000496
0.000470
0.000446
0.000423
0.000401
0.000380
0.000360
0.000341
0.000323
0.000306
0.000290
0.000275
0.000260
0.000246
0.000233
0.000220
0.000208
0.000197
0.000186
0.000176
0.000166
0.000157
0.000149
0.000140
0.000132
0.000125
0.000118
0.000111
0.000105
0.000099
0.000094
0.000088
0.000083
0.000078
0.000074
0.000070
0.000066
0.000062
0.000058
0.000055
0.000052
0.000049
0.000046
0.000043
0.000040
0.000038
0.000036
0.000034
0.000032
0.000030
0.000028
0.000026
0.000025
0.000023
0.000022
0.000020
0.000019
0.000018
0.000017
0.000016
0.000015
0.000014
0.000013
0.000012
0.000011
0.000011
0.000010
0.000009
0.000009
0.000008
0.000008
0.000007
0.000007
0.000006
0.000006
0.000005
0.000005
0.000005
0.000004
0.000004
0.000004
0.000004
0.000003
0.000003
0.000003
0.000003
0.000003
0.000002
0.000002
0.000002
0.000002
0.000002
0.000002
0.000002
0.000001
0.000001
0.000001
0.000001
0.000001
0.000001
0.000001
0.000001
0.000001
0.000001
0.000001
0.000001
0.000001
0.000001
0.000001
0.000000
0.000000
0.000000
0.000000
0.000000
0.000000
0.000000
0.000000
0.000000
0.000000
0.000000
0.000000
0.000000
0.000000
0.000000
0.000000
0.000000
0.000000
0.000000
0.000000
0.000000
0.000000
0.000000
0.000000
0.000000
0.000000
0.000000
0.000000
0.000000
0.000000
0.000000
0.000000
0.000000
0.000000
0.000000
0.000000
0.000000
0.000000
0.000000
0.000000
0.000000
0.000000
0.000000
0.000000
0.000000
0.000000
0.000000
0.000000
0.000000
0.000000
0.000000
0.000000
0.000000
0.000000
0.000000
0.000000
0.000000
0.000000
0.000000
0.000000
0.000000
0.000000
0.000000
0.000000
0.000000
0.000000
0.000000
0.000000
0.000000
0.000000
0.000000
0.000000
0.000000
0.000000
0.000000
0.000000
0.000000
0.000000
0.000000
0.000000
0.000000
0.000000
0.000000
0.000000
0.000000
0.000000
0.000000
0.000000
0.000000
0.000000
0.000000
0.000000
0.000000
0.000000
0.000000
0.000000
0.000000
0.000000
0.000000
0.000000
0.000000
0.000000
0.000000
0.000000
0.000000
0.000000
0.000000
0.000000
0.000000
0.000000
0.000000
0.000000
0.000000
0.000000
0.000000
0.000000
0.000000
0.000000
0.000000
0.000000
0.000000
0.000000
0.000000
0.000000
0.000000
0.000000
0.000000
0.000000
0.000000
0.000000
0.000000
0.000000
0.000000
0.000000
0.000000
0.000000
0.000000
0.000000
0.000000
0.000000
0.000000
0.000000
0.000000
0.000000
0.000000
0.000000
0.000000
0.000000
0.000000
0.000000
0.000000
0.000000
0.000000
0.000000
0.000000
0.000000
0.000000
0.000000
0.000000
0.000000
0.000000
0.000000
0.000000
0.000000
0.000000
0.000000
0.000000
0.000000
0.000000
0.000000
0.000000
0.000000
0.000000
0.000000
0.000000
0.000000
0.000000
0.000000
0.000000
0.000000
0.000000
0.000000
0.000000
0.000000
0.000000
0.000000
0.000000
