0.002571
0.005142
0.007716
0.010293
0.012874
0.015460
0.018053
0.020652
0.023260
0.025877
0.028505
0.031143
0.033794
0.036457
0.039136
0.041828
0.044538
0.047263
0.050008
0.052769
0.055551
0.058353
0.061176
0.064021
0.066888
0.069780
0.072693
0.075635
0.078598
0.081591
0.084608
0.087653
0.090727
0.093826
0.096959
0.100116
0.103307
0.106525
0.109774
0.113056
0.116365
0.119710
0.123081
0.126489
0.129926
0.133394
0.136898
0.140428
0.143996
0.147592
0.151220
0.154883
0.158572
0.162297
0.166051
0.169833
0.173652
0.177493
0.181369
0.185274
0.189202
0.193166
0.197151
0.201162
0.205206
0.209266
0.213356
0.217471
0.221601
0.225760
0.229939
0.234131
0.238352
0.242585
0.246831
0.251102
0.255380
0.259668
0.263979
0.268292
0.272611
0.276948
0.281286
0.285622
0.289974
0.294323
0.298663
0.303014
0.307362
0.311694
0.316027
0.320359
0.324669
0.328969
0.333268
0.337545
0.341796
0.346039
0.350268
0.354461
0.358630
0.362786
0.366912
0.370995
0.375052
0.379088
0.383083
0.387027
0.390939
0.394823
0.398659
0.402437
0.406170
0.409869
0.413520
0.417104
0.420627
0.424106
0.427539
0.430909
0.434201
0.437426
0.440598
0.443716
0.446766
0.449732
0.452614
0.455426
0.458177
0.460866
0.463478
0.465999
0.468424
0.470759
0.473013
0.475194
0.477303
0.479337
0.481289
0.483153
0.484923
0.486597
0.488175
0.489655
0.491037
0.492323
0.493513
0.494606
0.495602
0.496502
0.497303
0.498007
0.498612
0.499119
0.499526
0.499834
0.500043
0.500152
0.500162
0.500073
0.499884
0.499596
0.499208
0.498722
0.498137
0.497454
0.496674
0.495796
0.494822
0.493752
0.492587
0.491327
0.489974
0.488528
0.486990
0.485362
0.483643
0.481835
0.479941
0.477959
0.475892
0.473740
0.471506
0.469191
0.466796
0.464323
0.461772
0.459147
0.456448
0.453677
0.450835
0.447925
0.444946
0.441903
0.438796
0.435628
0.432400
0.429114
0.425772
0.422376
0.418928
0.415430
0.411883
0.408291
0.404655
0.400976
0.397257
0.393501
0.389710
0.385885
0.382028
0.378143
0.374229
0.370291
0.366330
0.362348
0.358347
0.354330
0.350298
0.346255
0.342200
0.338138
0.334070
0.329998
0.325924
0.321850
0.317778
0.313711
0.309651
0.305600
0.301557
0.297529
0.293513
0.289515
0.285534
0.281574
0.277636
0.273722
0.269833
0.265972
0.262139
0.258337
0.254569
0.250834
0.247136
0.243475
0.239854
0.236273
0.232735
0.229241
0.225791
0.222390
0.219035
0.215731
0.212478
0.209277
0.206130
0.203038
0.200001
0.197023
0.194102
0.191242
0.188443
0.185705
0.183031
0.180419
0.177874
0.175395
0.172982
0.170636
0.168359
0.166152
0.164016
0.161951
0.159958
0.158036
0.156189
0.154414
0.152714
0.151090
0.149541
0.148067
0.146672
0.145353
0.144112
0.142948
0.141863
0.140858
0.139932
0.139086
0.138318
0.137632
0.137025
0.136499
0.136053
0.135689
0.135405
0.135202
0.135080
0.135039
0.135080
0.135201
0.135404
0.135688
0.136053
0.136498
0.137024
0.137630
0.138318
0.139085
0.139932
0.140858
0.141864
0.142948
0.144111
0.145352
0.146671
0.148066
0.149539
0.151088
0.152711
0.154410
0.156185
0.158033
0.159955
0.161948
0.164013
0.166150
0.168356
0.170633
0.172978
0.175390
0.177869
0.180415
0.183025
0.185700
0.188438
0.191237
0.194097
0.197017
0.199996
0.203033
0.206125
0.209273
0.212474
0.215726
0.219030
0.222384
0.225786
0.229235
0.232730
0.236268
0.239849
0.243470
0.247131
0.250829
0.254564
0.258332
0.262134
0.265966
0.269828
0.273717
0.277632
0.281570
0.285531
0.289511
0.293510
0.297525
0.301554
0.305596
0.309647
0.313707
0.317773
0.321844
0.325918
0.329991
0.334064
0.338132
0.342194
0.346248
0.350292
0.354323
0.358340
0.362341
0.366323
0.370285
0.374223
0.378136
0.382023
0.385879
0.389705
0.393496
0.397252
0.400970
0.404648
0.408284
0.411877
0.415422
0.418920
0.422369
0.425766
0.429107
0.432394
0.435622
0.438790
0.441897
0.444940
0.447918
0.450829
0.453672
0.456443
0.459143
0.461769
0.464320
0.466794
0.469188
0.471503
0.473737
0.475887
0.477954
0.479936
0.481832
0.483639
0.485358
0.486987
0.488525
0.489972
0.491325
0.492584
0.493750
0.494819
0.495794
0.496671
0.497452
0.498135
0.498720
0.499206
0.499594
0.499882
0.500072
0.500161
0.500152
0.500043
0.499834
0.499527
0.499119
0.498613
0.498008
0.497305
0.496504
0.495606
0.494610
0.493517
0.492329
0.491046
0.489669
0.488197
0.486634
0.484978
0.483231
0.481395
0.479471
0.477458
0.475359
0.473175
0.470907
0.468555
0.466122
0.463610
0.461019
0.458351
0.455607
0.452789
0.449899
0.446938
0.443908
0.440810
0.437647
0.434419
0.431129
0.427779
0.424369
0.420902
0.417381
0.413806
0.410180
0.406505
0.402782
0.399013
0.395200
0.391346
0.387451
0.383519
0.379551
0.375549
0.371514
0.367450
0.363357
0.359238
0.355095
0.350929
0.346743
0.342538
0.338317
0.334080
0.329831
0.325571
0.321302
0.317025
0.312743
0.308457
0.304169
0.299880
0.295593
0.291309
0.287029
0.282756
0.278491
0.274235
0.269990
0.265758
0.261540
0.257337
0.253151
0.248984
0.244836
0.240709
0.236605
0.232523
0.228467
0.224436
0.220433
0.216457
0.212511
0.208595
0.204711
0.200858
0.197039
0.193253
0.189502
0.185787
0.182108
0.178467
0.174863
0.171298
0.167772
0.164286
0.160840
0.157434
0.154071
0.150749
0.147469
0.144231
0.141036
0.137885
0.134777
0.131712
0.128692
0.125716
0.122784
0.119896
0.117053
0.114255
0.111501
0.108791
0.106127
0.103507
0.100931
0.098400
0.095913
0.093470
0.091071
0.088716
0.086405
0.084137
0.081912
0.079731
0.077591
0.075494
0.073439
0.071426
0.069454
0.067523
0.065632
0.063782
0.061971
0.060200
0.058468
0.056774
0.055118
0.053500
0.051919
0.050375
0.048867
0.047394
0.045957
0.044554
0.043186
0.041851
0.040549
0.039280
0.038043
0.036838
0.035663
0.034520
0.033406
0.032322
0.031266
0.030239
0.029240
0.028268
0.027324
0.026405
0.025512
0.024645
0.023802
0.022983
0.022188
0.021417
0.020668
0.019941
0.019236
0.018552
0.017889
0.017246
0.016623
0.016020
0.015435
0.014868
0.014319
0.013788
0.013274
0.012777
0.012296
0.011830
0.011380
0.010945
0.010524
0.010117
0.009725
0.009345
0.008979
0.008625
0.008284
0.007954
0.007636
0.007329
0.007034
0.006748
0.006473
0.006208
0.005953
0.005707
0.005470
0.005242
0.005023
0.004811
0.004608
0.004412
0.004224
0.004043
0.003869
0.003702
0.003541
0.003387
0.003238
0.003096
0.002959
0.002828
0.002702
0.002581
0.002465
0.002353
0.002247
0.002144
0.002046
0.001952
0.001862
0.001776
0.001694
0.001615
0.001539
0.001467
0.001397
0.001331
0.001268
0.001207
0.001149
0.001094
0.001041
0.000990
0.000942
0.000896
0.000852
0.000810
0.000770
0.000731
0.000695
0.000660
0.000627
0.000595
0.000565
0.000536
0.000509
0.000483
0.000458
0.000434
0.000412
0.000391
0.000370
0.000351
0.000332
0.000315
0.000298
0.000282
0.000267
0.000253
0.000239
0.000226
0.000214
0.000203
0.000192
0.000181
0.000171
0.000162
0.000153
0.000144
0.000136
0.000129
0.000122
0.000115
0.000108
0.000102
0.000096
0.000091
0.000086
0.000081
0.000076
0.000072
0.000068
0.000064
0.000060
0.000056
0.000053
0.000050
0.000047
0.000044
0.000042
0.000039
0.000037
0.000035
0.000033
0.000031
0.000029
0.000027
0.000025
0.000024
0.000022
0.000021
0.000020
0.000018
0.000017
0.000016
0.000015
0.000014
0.000013
0.000013
0.000012
0.000011
0.000010
0.000010
0.000009
0.000008
0.000008
0.000007
0.000007
0.000006
0.000006
0.000006
0.000005
0.000005
0.000005
0.000004
0.000004
0.000004
0.000004
0.000003
0.000003
0.000003
0.000003
0.000002
0.000002
0.000002
0.000002
0.000002
0.000002
0.000002
0.000002
0.000001
0.000001
0.000001
0.000001
0.000001
0.000001
0.000001
0.000001
0.000001
0.000001
0.000001
0.000001
0.000001
0.000001
0.000001
0.000000
0.000000
0.000000
0.000000
0.000000
0.000000
0.000000
0.000000
0.000000
0.000000
0.000000
0.000000
0.000000
0.000000
0.000000
0.000000
0.000000
0.000000
0.000000
0.000000
0.000000
0.000000
0.000000
0.000000
0.000000
0.000000
0.000000
0.000000
0.000000
0.000000
0.000000
0.000000
0.000000
0.000000
0.000000
0.000000
0.000000
0.000000
0.000000
0.000000
0.000000
0.000000
0.000000
0.000000
0.000000
0.000000
0.000000
0.000000
0.000000
0.000000
0.000000
0.000000
0.000000
0.000000
0.000000
0.000000
0.000000
0.000000
0.000000
0.000000
0.000000
0.000000
0.000000
0.000000
0.000000
0.000000
0.000000
0.000000
0.000000
0.000000
0.000000
0.000000
0.000000
0.000000
0.000000
0.000000
0.000000
0.000000
0.000000
0.000000
0.000000
0.000000
0.000000
0.000000
0.000000
0.000000
0.000000
0.000000
0.000000
0.000000
0.000000
0.000000
0.000000
0.000000
0.000000
0.000000
0.000000
0.000000
0.000000
0.000000
0.000000
0.000000
0.000000
0.000000
0.000000
0.000000
0.000000
0.000000
0.000000
0.000000
0.000000
0.000000
0.000000
0.000000
0.000000
0.000000
0.000000
0.000000
0.000000
0.000000
0.000000
0.000000
0.000000
0.000000
0.000000
0.000000
0.000000
0.000000
0.000000
0.000000
0.000000
0.000000
0.000000
0.000000
0.000000
0.000000
0.000000
0.000000
0.000000
0.000000
0.000000
0.000000
0.000000
0.000000
0.000000
0.000000
0.000000
0.000000
0.000000
0.000000
0.000000
0.000000
0.000000
0.000000
0.000000
0.000000
0.000000
0.000000
0.000000
0.000000
0.000000
0.000000
0.000000
0.000000
0.000000
0.000000
0.000000
0.000000
0.000000
0.000000
0.000000
0.000000
0.000000
0.000000
0.000000
0.000000
0.000000
0.000000
0.000000
0.000000
0.000000
0.000000
0.000000
0.000000
0.000000
0.000000
