0.002603
0.005208
0.007814
0.010424
0.013038
0.015656
0.018282
0.020914
0.023555
0.026204
0.028864
0.031535
0.034219
0.036915
0.039626
0.042351
0.045092
0.047850
0.050626
0.053420
0.056233
0.059068
0.061921
0.064800
0.067697
0.070621
0.073566
0.076538
0.079534
0.082555
0.085606
0.088679
0.091785
0.094915
0.098076
0.101265
0.104483
0.107733
0.111010
0.114322
0.117659
0.121032
0.124434
0.127867
0.131335
0.134828
0.138359
0.141918
0.145509
0.149134
0.152785
0.156474
0.160190
0.163936
0.167717
0.171521
0.175362
0.179230
0.183123
0.187053
0.191002
0.194983
0.198992
0.203020
0.207082
0.211165
0.215267
0.219402
0.223550
0.227720
0.231918
0.236125
0.240355
0.244606
0.248862
0.253141
0.257435
0.261732
0.266048
0.270374
0.274699
0.279039
0.283388
0.287729
0.292079
0.296436
0.300780
0.305126
0.309478
0.313813
0.318139
0.322468
0.326781
0.331074
0.335363
0.339639
0.343885
0.348114
0.352334
0.356523
0.360678
0.364816
0.368933
0.373008
0.377044
0.381059
0.385042
0.388973
0.392860
0.396719
0.400539
0.404300
0.408006
0.411675
0.415302
0.418868
0.422365
0.425808
0.429209
0.432553
0.435822
0.439015
0.442147
0.445227
0.448246
0.451184
0.454035
0.456807
0.459513
0.462158
0.464732
0.467220
0.469613
0.471910
0.474120
0.476252
0.478311
0.480296
0.482201
0.484020
0.485747
0.487378
0.488912
0.490347
0.491684
0.492923
0.494066
0.495111
0.496058
0.496908
0.497661
0.498315
0.498871
0.499327
0.499684
0.499943
0.500101
0.500160
0.500120
0.499981
0.499741
0.499403
0.498965
0.498429
0.497794
0.497062
0.496232
0.495305
0.494283
0.493164
0.491951
0.490643
0.489243
0.487750
0.486165
0.484491
0.482726
0.480873
0.478934
0.476908
0.474797
0.472602
0.470326
0.467970
0.465533
0.463020
0.460430
0.457765
0.455029
0.452219
0.449341
0.446394
0.443381
0.440303
0.437163
0.433962
0.430703
0.427385
0.424013
0.420588
0.417111
0.413585
0.410012
0.406394
0.402732
0.399030
0.395288
0.391510
0.387697
0.383852
0.379976
0.376071
0.372140
0.368184
0.364207
0.360210
0.356196
0.352165
0.348121
0.344065
0.340000
0.335927
0.331850
0.327769
0.323687
0.319606
0.315529
0.311456
0.307392
0.303336
0.299291
0.295260
0.291242
0.287243
0.283261
0.279301
0.275364
0.271450
0.267563
0.263704
0.259874
0.256076
0.252311
0.248581
0.244888
0.241231
0.237615
0.234041
0.230509
0.227021
0.223579
0.220184
0.216837
0.213540
0.210295
0.207102
0.203964
0.200880
0.197852
0.194882
0.191970
0.189119
0.186328
0.183600
0.180934
0.178332
0.175796
0.173325
0.170921
0.168584
0.166316
0.164117
0.161989
0.159932
0.157947
0.156033
0.154194
0.152427
0.150733
0.149116
0.147574
0.146107
0.144718
0.143405
0.142169
0.141011
0.139931
0.138931
0.138008
0.137166
0.136402
0.135719
0.135115
0.134591
0.134148
0.133785
0.133502
0.133300
0.133180
0.133139
0.133179
0.133300
0.133502
0.133784
0.134147
0.134590
0.135114
0.135718
0.136402
0.137165
0.138008
0.138930
0.139931
0.141010
0.142168
0.143403
0.144716
0.146106
0.147572
0.149114
0.150731
0.152423
0.154190
0.156030
0.157944
0.159929
0.161986
0.164115
0.166313
0.168580
0.170916
0.173321
0.175791
0.178328
0.180929
0.183595
0.186323
0.189114
0.191966
0.194877
0.197847
0.200874
0.203959
0.207098
0.210291
0.213536
0.216832
0.220178
0.223573
0.227016
0.230504
0.234036
0.237611
0.241227
0.244882
0.248576
0.252306
0.256071
0.259869
0.263699
0.267558
0.271446
0.275359
0.279297
0.283258
0.287239
0.291238
0.295256
0.299287
0.303332
0.307388
0.311453
0.315524
0.319601
0.323681
0.327763
0.331843
0.335921
0.339994
0.344058
0.348114
0.352158
0.356189
0.360204
0.364201
0.368178
0.372134
0.376065
0.379970
0.383845
0.387692
0.391504
0.395282
0.399024
0.402726
0.406387
0.410005
0.413578
0.417104
0.420580
0.424006
0.427378
0.430695
0.433956
0.437157
0.440297
0.443375
0.446388
0.449335
0.452214
0.455023
0.457761
0.460427
0.463017
0.465531
0.467967
0.470323
0.472599
0.474792
0.476903
0.478929
0.480869
0.482722
0.484487
0.486163
0.487747
0.489240
0.490641
0.491948
0.493162
0.494280
0.495304
0.496230
0.497060
0.497792
0.498427
0.498964
0.499401
0.499740
0.499979
0.500119
0.500160
0.500101
0.499942
0.499685
0.499328
0.498872
0.498317
0.497663
0.496911
0.496061
0.495115
0.494070
0.492930
0.491695
0.490365
0.488941
0.487423
0.485813
0.484112
0.482321
0.480441
0.478472
0.476417
0.474275
0.472049
0.469739
0.467346
0.464874
0.462322
0.459693
0.456987
0.454206
0.451352
0.448426
0.445430
0.442366
0.439236
0.436040
0.432781
0.429460
0.426080
0.422642
0.419147
0.415599
0.411998
0.408348
0.404649
0.400903
0.397111
0.393278
0.389403
0.385489
0.381539
0.377553
0.373535
0.369485
0.365407
0.361300
0.357169
0.353014
0.348838
0.344642
0.340429
0.336200
0.331957
0.327702
0.323437
0.319164
0.314885
0.310600
0.306313
0.302024
0.297736
0.293450
0.289168
0.284891
0.280622
0.276362
0.272111
0.267873
0.263647
0.259437
0.255242
0.251065
0.246908
0.242770
0.238654
0.234561
0.230492
0.226448
0.222431
0.218441
0.214481
0.210549
0.206649
0.202780
0.198944
0.195141
0.191373
0.187640
0.183943
0.180283
0.176660
0.173076
0.169530
0.166024
0.162558
0.159132
0.155747
0.152404
0.149103
0.145845
0.142628
0.139455
0.136325
0.133239
0.130197
0.127198
0.124244
0.121334
0.118469
0.115648
0.112872
0.110140
0.107453
0.104811
0.102213
0.099660
0.097151
0.094686
0.092265
0.089888
0.087555
0.085266
0.083019
0.080816
0.078656
0.076537
0.074462
0.072427
0.070435
0.068483
0.066573
0.064702
0.062872
0.061081
0.059329
0.057616
0.055941
0.054305
0.052705
0.051142
0.049616
0.048126
0.046671
0.045251
0.043866
0.042514
0.041196
0.039910
0.038658
0.037436
0.036247
0.035088
0.033959
0.032860
0.031790
0.030749
0.029736
0.028751
0.027793
0.026861
0.025955
0.025075
0.024220
0.023390
0.022583
0.021800
0.021040
0.020302
0.019586
0.018892
0.018218
0.017565
0.016932
0.016319
0.015725
0.015149
0.014592
0.014052
0.013529
0.013024
0.012534
0.012061
0.011603
0.011160
0.010733
0.010319
0.009919
0.009533
0.009160
0.008800
0.008453
0.008117
0.007794
0.007481
0.007180
0.006890
0.006610
0.006340
0.006080
0.005829
0.005588
0.005355
0.005131
0.004916
0.004709
0.004509
0.004317
0.004133
0.003955
0.003784
0.003621
0.003463
0.003312
0.003166
0.003027
0.002893
0.002764
0.002640
0.002522
0.002408
0.002299
0.002195
0.002095
0.001999
0.001907
0.001819
0.001734
0.001654
0.001576
0.001502
0.001432
0.001364
0.001299
0.001237
0.001178
0.001121
0.001067
0.001015
0.000966
0.000919
0.000874
0.000831
0.000789
0.000750
0.000713
0.000677
0.000643
0.000611
0.000580
0.000551
0.000523
0.000496
0.000470
0.000446
0.000423
0.000401
0.000380
0.000360
0.000341
0.000323
0.000306
0.000290
0.000275
0.000260
0.000246
0.000233
0.000220
0.000208
0.000197
0.000186
0.000176
0.000166
0.000157
0.000149
0.000140
0.000132
0.000125
0.000118
0.000111
0.000105
0.000099
0.000094
0.000088
0.000083
0.000078
0.000074
0.000070
0.000066
0.000062
0.000058
0.000055
0.000052
0.000049
0.000046
0.000043
0.000040
0.000038
0.000036
0.000034
0.000032
0.000030
0.000028
0.000026
0.000025
0.000023
0.000022
0.000020
0.000019
0.000018
0.000017
0.000016
0.000015
0.000014
0.000013
0.000012
0.000011
0.000011
0.000010
0.000009
0.000009
0.000008
0.000008
0.000007
0.000007
0.000006
0.000006
0.000005
0.000005
0.000005
0.000004
0.000004
0.000004
0.000004
0.000003
0.000003
0.000003
0.000003
0.000003
0.000002
0.000002
0.000002
0.000002
0.000002
0.000002
0.000002
0.000001
0.000001
0.000001
0.000001
0.000001
0.000001
0.000001
0.000001
0.000001
0.000001
0.000001
0.000001
0.000001
0.000001
0.000001
0.000000
0.000000
0.000000
0.000000
0.000000
0.000000
0.000000
0.000000
0.000000
0.000000
0.000000
0.000000
0.000000
0.000000
0.000000
0.000000
0.000000
0.000000
0.000000
0.000000
0.000000
0.000000
0.000000
0.000000
0.000000
0.000000
0.000000
0.000000
0.000000
0.000000
0.000000
0.000000
0.000000
0.000000
0.000000
0.000000
0.000000
0.000000
0.000000
0.000000
0.000000
0.000000
0.000000
0.000000
0.000000
0.000000
0.000000
0.000000
0.000000
0.000000
0.000000
0.000000
0.000000
0.000000
0.000000
0.000000
0.000000
0.000000
0.000000
0.000000
0.000000
0.000000
0.000000
0.000000
0.000000
0.000000
0.000000
0.000000
0.000000
0.000000
0.000000
0.000000
0.000000
0.000000
0.000000
0.000000
0.000000
0.000000
0.000000
0.000000
0.000000
0.000000
0.000000
0.000000
0.000000
0.000000
0.000000
0.000000
0.000000
0.000000
0.000000
0.000000
0.000000
0.000000
0.000000
0.000000
0.000000
0.000000
0.000000
0.000000
0.000000
0.000000
0.000000
0.000000
0.000000
0.000000
0.000000
0.000000
0.000000
0.000000
0.000000
0.000000
0.000000
0.000000
0.000000
0.000000
0.000000
0.000000
0.000000
0.000000
0.000000
0.000000
0.000000
0.000000
0.000000
0.000000
0.000000
0.000000
0.000000
0.000000
0.000000
0.000000
0.000000
0.000000
0.000000
0.000000
0.000000
0.000000
0.000000
0.000000
0.000000
0.000000
0.000000
0.000000
0.000000
0.000000
0.000000
0.000000
0.000000
0.000000
0.000000
0.000000
0.000000
0.000000
0.000000
0.000000
0.000000
0.000000
0.000000
0.000000
0.000000
0.000000
0.000000
0.000000
0.000000
0.000000
0.000000
0.000000
0.000000
0.000000
0.000000
0.000000
0.000000
0.000000
0.000000
0.000000
0.000000
0.000000
0.000000
0.000000
0.000000
0.000000
0.000000
0.000000
0.000000
0.000000
