0.002636
0.005274
0.007913
0.010556
0.013203
0.015854
0.018513
0.021178
0.023851
0.026534
0.029227
0.031931
0.034646
0.037376
0.040118
0.042877
0.045650
0.048441
0.051248
0.054076
0.056921
0.059788
0.062673
0.065583
0.068513
0.071467
0.074446
0.077447
0.080476
0.083527
0.086609
0.089714
0.092849
0.096011
0.099201
0.102422
0.105668
0.108949
0.112254
0.115594
0.118963
0.122362
0.125795
0.129253
0.132749
0.136272
0.139827
0.143415
0.147030
0.150683
0.154360
0.158072
0.161815
0.165584
0.169389
0.173219
0.177079
0.180972
0.184887
0.188836
0.192810
0.196807
0.200838
0.204887
0.208964
0.213068
0.217187
0.221336
0.225505
0.229687
0.233899
0.238124
0.242363
0.246627
0.250900
0.255184
0.259491
0.263800
0.268119
0.272456
0.276791
0.281132
0.285488
0.289837
0.294186
0.298546
0.302897
0.307240
0.311589
0.315930
0.320252
0.324573
0.328888
0.333177
0.337454
0.341726
0.345970
0.350186
0.354392
0.358577
0.362722
0.366841
0.370944
0.375010
0.379030
0.383022
0.386989
0.390908
0.394774
0.398605
0.402404
0.406150
0.409833
0.413470
0.417069
0.420615
0.424090
0.427500
0.430864
0.434179
0.437425
0.440590
0.443684
0.446723
0.449705
0.452615
0.455436
0.458171
0.460834
0.463433
0.465965
0.468418
0.470777
0.473038
0.475207
0.477291
0.479300
0.481234
0.483092
0.484864
0.486547
0.488135
0.489625
0.491015
0.492306
0.493499
0.494594
0.495590
0.496489
0.497291
0.497994
0.498599
0.499104
0.499511
0.499818
0.500027
0.500135
0.500144
0.500053
0.499863
0.499574
0.499185
0.498698
0.498112
0.497428
0.496646
0.495766
0.494791
0.493720
0.492553
0.491291
0.489936
0.488488
0.486948
0.485318
0.483597
0.481787
0.479890
0.477906
0.475835
0.473681
0.471444
0.469126
0.466729
0.464251
0.461698
0.459068
0.456366
0.453591
0.450745
0.447830
0.444847
0.441799
0.438688
0.435514
0.432282
0.428991
0.425643
0.422241
0.418787
0.415282
0.411729
0.408129
0.404486
0.400800
0.397074
0.393310
0.389510
0.385676
0.381811
0.377916
0.373992
0.370044
0.366072
0.362080
0.358068
0.354040
0.349996
0.345940
0.341873
0.337797
0.333715
0.329629
0.325540
0.321451
0.317364
0.313280
0.309203
0.305135
0.301075
0.297027
0.292994
0.288975
0.284974
0.280993
0.277034
0.273097
0.269185
0.265301
0.261444
0.257617
0.253823
0.250063
0.246337
0.242649
0.238998
0.235388
0.231819
0.228294
0.224813
0.221378
0.217990
0.214651
0.211363
0.208126
0.204941
0.201811
0.198735
0.195717
0.192756
0.189853
0.187011
0.184230
0.181510
0.178853
0.176261
0.173734
0.171272
0.168876
0.166548
0.164289
0.162099
0.159980
0.157931
0.155954
0.154049
0.152217
0.150457
0.148772
0.147161
0.145626
0.144166
0.142783
0.141475
0.140245
0.139093
0.138018
0.137022
0.136105
0.135266
0.134506
0.133825
0.133225
0.132703
0.132262
0.131901
0.131620
0.131419
0.131299
0.131258
0.131298
0.131419
0.131619
0.131900
0.132262
0.132703
0.133224
0.133825
0.134505
0.135265
0.136104
0.137022
0.138019
0.139092
0.140245
0.141474
0.142781
0.144165
0.145624
0.147159
0.148769
0.150454
0.152213
0.154046
0.155951
0.157928
0.159977
0.162097
0.164287
0.166545
0.168872
0.171268
0.173729
0.176256
0.178849
0.181505
0.184224
0.187006
0.189849
0.192751
0.195712
0.198730
0.201806
0.204936
0.208121
0.211358
0.214646
0.217985
0.221373
0.224808
0.228289
0.231814
0.235383
0.238993
0.242643
0.246332
0.250057
0.253818
0.257612
0.261439
0.265295
0.269181
0.273093
0.277030
0.280990
0.284971
0.288971
0.292990
0.297024
0.301071
0.305130
0.309200
0.313276
0.317359
0.321445
0.325534
0.329622
0.333709
0.337791
0.341866
0.345933
0.349989
0.354033
0.358061
0.362073
0.366066
0.370038
0.373987
0.377909
0.381805
0.385670
0.389504
0.393304
0.397068
0.400794
0.404479
0.408123
0.411722
0.415274
0.418779
0.422234
0.425636
0.428983
0.432275
0.435508
0.438681
0.441794
0.444841
0.447824
0.450739
0.453586
0.456361
0.459065
0.461694
0.464249
0.466725
0.469123
0.471441
0.473677
0.475831
0.477901
0.479885
0.481783
0.483593
0.485315
0.486946
0.488485
0.489934
0.491289
0.492550
0.493717
0.494789
0.495765
0.496643
0.497426
0.498110
0.498696
0.499184
0.499572
0.499862
0.500052
0.500143
0.500135
0.500026
0.499819
0.499512
0.499105
0.498600
0.497996
0.497293
0.496492
0.495595
0.494600
0.493508
0.492320
0.491037
0.489661
0.488190
0.486626
0.484971
0.483225
0.481389
0.479465
0.477453
0.475354
0.473170
0.470902
0.468551
0.466118
0.463606
0.461015
0.458348
0.455604
0.452787
0.449896
0.446935
0.443905
0.440808
0.437645
0.434417
0.431127
0.427777
0.424367
0.420901
0.417379
0.413804
0.410179
0.406504
0.402781
0.399012
0.395199
0.391345
0.387450
0.383518
0.379550
0.375548
0.371514
0.367449
0.363356
0.359237
0.355094
0.350928
0.346742
0.342538
0.338316
0.334080
0.329831
0.325571
0.321302
0.317025
0.312743
0.308457
0.304169
0.299880
0.295593
0.291308
0.287029
0.282756
0.278491
0.274235
0.269990
0.265758
0.261540
0.257337
0.253151
0.248984
0.244836
0.240709
0.236604
0.232523
0.228467
0.224436
0.220433
0.216457
0.212511
0.208595
0.204710
0.200858
0.197038
0.193253
0.189502
0.185787
0.182108
0.178467
0.174863
0.171298
0.167772
0.164286
0.160840
0.157434
0.154071
0.150748
0.147469
0.144231
0.141036
0.137885
0.134777
0.131712
0.128692
0.125716
0.122784
0.119896
0.117053
0.114254
0.111501
0.108791
0.106127
0.103507
0.100931
0.098400
0.095913
0.093470
0.091071
0.088716
0.086405
0.084137
0.081912
0.079731
0.077591
0.075494
0.073439
0.071426
0.069454
0.067523
0.065632
0.063782
0.061971
0.060200
0.058468
0.056774
0.055118
0.053500
0.051919
0.050375
0.048867
0.047394
0.045957
0.044554
0.043186
0.041851
0.040549
0.039280
0.038043
0.036838
0.035663
0.034520
0.033406
0.032322
0.031266
0.030239
0.029240
0.028269
0.027324
0.026405
0.025512
0.024645
0.023802
0.022983
0.022188
0.021417
0.020668
0.019941
0.019236
0.018552
0.017889
0.017246
0.016623
0.016020
0.015435
0.014868
0.014319
0.013788
0.013274
0.012777
0.012296
0.011830
0.011380
0.010945
0.010524
0.010117
0.009725
0.009345
0.008979
0.008625
0.008284
0.007954
0.007636
0.007329
0.007034
0.006748
0.006473
0.006209
0.005953
0.005707
0.005470
0.005242
0.005023
0.004811
0.004608
0.004412
0.004224
0.004043
0.003869
0.003702
0.003541
0.003387
0.003238
0.003096
0.002959
0.002828
0.002702
0.002581
0.002465
0.002353
0.002247
0.002144
0.002046
0.001952
0.001862
0.001776
0.001694
0.001615
0.001539
0.001467
0.001397
0.001331
0.001268
0.001207
0.001149
0.001094
0.001041
0.000990
0.000942
0.000896
0.000852
0.000810
0.000770
0.000731
0.000695
0.000660
0.000627
0.000595
0.000565
0.000536
0.000509
0.000483
0.000458
0.000434
0.000412
0.000391
0.000370
0.000351
0.000332
0.000315
0.000298
0.000282
0.000267
0.000253
0.000239
0.000226
0.000214
0.000203
0.000192
0.000181
0.000171
0.000162
0.000153
0.000144
0.000136
0.000129
0.000122
0.000115
0.000108
0.000102
0.000096
0.000091
0.000086
0.000081
0.000076
0.000072
0.000068
0.000064
0.000060
0.000056
0.000053
0.000050
0.000047
0.000044
0.000042
0.000039
0.000037
0.000035
0.000033
0.000031
0.000029
0.000027
0.000025
0.000024
0.000022
0.000021
0.000020
0.000018
0.000017
0.000016
0.000015
0.000014
0.000013
0.000013
0.000012
0.000011
0.000010
0.000010
0.000009
0.000008
0.000008
0.000007
0.000007
0.000006
0.000006
0.000006
0.000005
0.000005
0.000005
0.000004
0.000004
0.000004
0.000004
0.000003
0.000003
0.000003
0.000003
0.000002
0.000002
0.000002
0.000002
0.000002
0.000002
0.000002
0.000002
0.000001
0.000001
0.000001
0.000001
0.000001
0.000001
0.000001
0.000001
0.000001
0.000001
0.000001
0.000001
0.000001
0.000001
0.000001
0.000000
0.000000
0.000000
0.000000
0.000000
0.000000
0.000000
0.000000
0.000000
0.000000
0.000000
0.000000
0.000000
0.000000
0.000000
0.000000
0.000000
0.000000
0.000000
0.000000
0.000000
0.000000
0.000000
0.000000
0.000000
0.000000
0.000000
0.000000
0.000000
0.000000
0.000000
0.000000
0.000000
0.000000
0.000000
0.000000
0.000000
0.000000
0.000000
0.000000
0.000000
0.000000
0.000000
0.000000
0.000000
0.000000
0.000000
0.000000
0.000000
0.000000
0.000000
0.000000
0.000000
0.000000
0.000000
0.000000
0.000000
0.000000
0.000000
0.000000
0.000000
0.000000
0.000000
0.000000
0.000000
0.000000
0.000000
0.000000
0.000000
0.000000
0.000000
0.000000
0.000000
0.000000
0.000000
0.000000
0.000000
0.000000
0.000000
0.000000
0.000000
0.000000
0.000000
0.000000
0.000000
0.000000
0.000000
0.000000
0.000000
0.000000
0.000000
0.000000
0.000000
0.000000
0.000000
0.000000
0.000000
0.000000
0.000000
0.000000
0.000000
0.000000
0.000000
0.000000
0.000000
0.000000
0.000000
0.000000
0.000000
0.000000
0.000000
0.000000
0.000000
0.000000
0.000000
0.000000
0.000000
0.000000
0.000000
0.000000
0.000000
0.000000
0.000000
0.000000
0.000000
0.000000
0.000000
0.000000
0.000000
0.000000
0.000000
0.000000
0.000000
0.000000
0.000000
0.000000
0.000000
0.000000
0.000000
0.000000
0.000000
0.000000
0.000000
0.000000
0.000000
0.000000
0.000000
0.000000
0.000000
0.000000
0.000000
0.000000
0.000000
0.000000
0.000000
0.000000
0.000000
0.000000
0.000000
0.000000
0.000000
0.000000
0.000000
0.000000
0.000000
0.000000
0.000000
0.000000
0.000000
0.000000
0.000000
0.000000
0.000000
0.000000
0.000000
0.000000
0.000000
0.000000
0.000000
0.000000
0.000000
0.000000
0.000000
0.000000
0.000000
