0.002670
0.005340
0.008013
0.010689
0.013369
0.016054
0.018745
0.021444
0.024150
0.026866
0.029592
0.032329
0.035077
0.037840
0.040615
0.043407
0.046212
0.049037
0.051876
0.054736
0.057614
0.060512
0.063431
0.066371
0.069335
0.072320
0.075331
0.078363
0.081424
0.084507
0.087618
0.090756
0.093920
0.097114
0.100333
0.103585
0.106861
0.110170
0.113508
0.116874
0.120274
0.123700
0.127161
0.130649
0.134170
0.137723
0.141303
0.144920
0.148561
0.152237
0.155944
0.159677
0.163447
0.167240
0.171067
0.174924
0.178804
0.182720
0.186659
0.190625
0.194624
0.198640
0.202689
0.206761
0.210852
0.214975
0.219114
0.223275
0.227463
0.231661
0.235883
0.240127
0.244378
0.248651
0.252940
0.257233
0.261547
0.265871
0.270195
0.274537
0.278885
0.283229
0.287586
0.291946
0.296296
0.300654
0.305012
0.309355
0.313699
0.318042
0.322364
0.326677
0.330989
0.335278
0.339545
0.343806
0.348047
0.352255
0.356445
0.360620
0.364760
0.368862
0.372945
0.377002
0.381010
0.384979
0.388923
0.392830
0.396680
0.400483
0.404256
0.407984
0.411649
0.415256
0.418823
0.422344
0.425798
0.429181
0.432507
0.435787
0.439006
0.442146
0.445207
0.448204
0.451146
0.454023
0.456815
0.459518
0.462139
0.464691
0.467179
0.469592
0.471918
0.474144
0.476273
0.478312
0.480271
0.482154
0.483961
0.485686
0.487324
0.488867
0.490312
0.491658
0.492904
0.494050
0.495097
0.496046
0.496897
0.497649
0.498303
0.498858
0.499314
0.499670
0.499928
0.500086
0.500144
0.500102
0.499962
0.499721
0.499382
0.498943
0.498406
0.497770
0.497036
0.496205
0.495277
0.494253
0.493133
0.491918
0.490608
0.489206
0.487711
0.486125
0.484448
0.482681
0.480826
0.478884
0.476856
0.474742
0.472545
0.470266
0.467907
0.465467
0.462950
0.460357
0.457689
0.454948
0.452135
0.449253
0.446302
0.443284
0.440202
0.437057
0.433851
0.430587
0.427264
0.423886
0.420455
0.416973
0.413441
0.409861
0.406236
0.402567
0.398857
0.395108
0.391322
0.387501
0.383647
0.379763
0.375848
0.371907
0.367943
0.363955
0.359947
0.355922
0.351880
0.347824
0.343756
0.339678
0.335593
0.331502
0.327408
0.323311
0.319215
0.315122
0.311034
0.306953
0.302880
0.298817
0.294768
0.290732
0.286713
0.282711
0.278731
0.274772
0.270837
0.266927
0.263045
0.259191
0.255368
0.251578
0.247823
0.244102
0.240419
0.236774
0.233170
0.229608
0.226091
0.222616
0.219189
0.215809
0.212478
0.209198
0.205970
0.202794
0.199673
0.196605
0.193596
0.190644
0.187751
0.184918
0.182146
0.179436
0.176789
0.174206
0.171688
0.169235
0.166848
0.164530
0.162280
0.160099
0.157988
0.155948
0.153979
0.152083
0.150258
0.148506
0.146829
0.145225
0.143697
0.142244
0.140867
0.139566
0.138341
0.137194
0.136125
0.135134
0.134221
0.133385
0.132630
0.131952
0.131354
0.130836
0.130397
0.130037
0.129757
0.129558
0.129438
0.129398
0.129438
0.129558
0.129757
0.130037
0.130396
0.130836
0.131354
0.131952
0.132629
0.133385
0.134220
0.135134
0.136125
0.137194
0.138340
0.139565
0.140865
0.142243
0.143695
0.145222
0.146826
0.148503
0.150254
0.152079
0.153976
0.155945
0.157986
0.160096
0.162278
0.164527
0.166845
0.169231
0.171684
0.174201
0.176785
0.179431
0.182141
0.184914
0.187747
0.190640
0.193591
0.196601
0.199667
0.202789
0.205964
0.209193
0.212473
0.215804
0.219184
0.222611
0.226085
0.229603
0.233166
0.236769
0.240413
0.244096
0.247817
0.251574
0.255364
0.259186
0.263040
0.266922
0.270833
0.274768
0.278727
0.282708
0.286709
0.290728
0.294764
0.298813
0.302876
0.306948
0.311030
0.315117
0.319210
0.323305
0.327401
0.331496
0.335587
0.339672
0.343749
0.347817
0.351873
0.355915
0.359941
0.363949
0.367936
0.371902
0.375842
0.379756
0.383641
0.387496
0.391316
0.395103
0.398851
0.402561
0.406229
0.409854
0.413433
0.416965
0.420448
0.423879
0.427257
0.430579
0.433845
0.437051
0.440196
0.443278
0.446296
0.449247
0.452130
0.454943
0.457685
0.460353
0.462947
0.465464
0.467903
0.470263
0.472542
0.474738
0.476851
0.478880
0.480822
0.482678
0.484444
0.486122
0.487708
0.489203
0.490606
0.491915
0.493130
0.494250
0.495275
0.496203
0.497035
0.497768
0.498404
0.498941
0.499380
0.499720
0.499960
0.500101
0.500143
0.500085
0.499927
0.499671
0.499314
0.498859
0.498304
0.497651
0.496899
0.496051
0.495105
0.494061
0.492921
0.491687
0.490357
0.488933
0.487416
0.485807
0.484106
0.482315
0.480435
0.478467
0.476411
0.474270
0.472044
0.469734
0.467342
0.464870
0.462318
0.459689
0.456984
0.454203
0.451349
0.448423
0.445428
0.442364
0.439234
0.436038
0.432779
0.429458
0.426078
0.422640
0.419146
0.415597
0.411997
0.408347
0.404648
0.400901
0.397110
0.393277
0.389402
0.385488
0.381538
0.377553
0.373534
0.369485
0.365406
0.361300
0.357168
0.353014
0.348838
0.344642
0.340429
0.336199
0.331957
0.327702
0.323437
0.319164
0.314885
0.310600
0.306313
0.302024
0.297736
0.293450
0.289168
0.284891
0.280622
0.276361
0.272111
0.267872
0.263647
0.259436
0.255242
0.251065
0.246907
0.242770
0.238654
0.234561
0.230492
0.226448
0.222431
0.218441
0.214480
0.210549
0.206649
0.202780
0.198944
0.195141
0.191373
0.187640
0.183943
0.180283
0.176660
0.173076
0.169530
0.166024
0.162557
0.159132
0.155747
0.152404
0.149103
0.145844
0.142628
0.139455
0.136325
0.133239
0.130197
0.127198
0.124244
0.121334
0.118469
0.115648
0.112872
0.110140
0.107453
0.104811
0.102213
0.099660
0.097151
0.094686
0.092265
0.089888
0.087555
0.085266
0.083019
0.080816
0.078656
0.076537
0.074462
0.072427
0.070435
0.068483
0.066573
0.064702
0.062872
0.061081
0.059329
0.057616
0.055941
0.054305
0.052705
0.051142
0.049616
0.048126
0.046671
0.045251
0.043866
0.042514
0.041196
0.039911
0.038658
0.037436
0.036247
0.035088
0.033959
0.032860
0.031790
0.030749
0.029736
0.028751
0.027793
0.026861
0.025955
0.025075
0.024220
0.023390
0.022583
0.021800
0.021040
0.020302
0.019586
0.018892
0.018218
0.017565
0.016932
0.016319
0.015725
0.015149
0.014592
0.014052
0.013529
0.013024
0.012534
0.012061
0.011603
0.011160
0.010733
0.010319
0.009919
0.009533
0.009161
0.008800
0.008453
0.008117
0.007794
0.007481
0.007180
0.006890
0.006610
0.006340
0.006080
0.005829
0.005588
0.005355
0.005131
0.004916
0.004709
0.004509
0.004317
0.004133
0.003955
0.003784
0.003621
0.003463
0.003312
0.003166
0.003027
0.002893
0.002764
0.002640
0.002522
0.002408
0.002299
0.002195
0.002095
0.001999
0.001907
0.001819
0.001735
0.001654
0.001576
0.001502
0.001432
0.001364
0.001299
0.001237
0.001178
0.001121
0.001067
0.001015
0.000966
0.000919
0.000874
0.000831
0.000789
0.000750
0.000713
0.000677
0.000643
0.000611
0.000580
0.000551
0.000523
0.000496
0.000470
0.000446
0.000423
0.000401
0.000380
0.000360
0.000341
0.000323
0.000306
0.000290
0.000275
0.000260
0.000246
0.000233
0.000220
0.000208
0.000197
0.000186
0.000176
0.000166
0.000157
0.000149
0.000140
0.000132
0.000125
0.000118
0.000111
0.000105
0.000099
0.000094
0.000088
0.000083
0.000078
0.000074
0.000070
0.000066
0.000062
0.000058
0.000055
0.000052
0.000049
0.000046
0.000043
0.000040
0.000038
0.000036
0.000034
0.000032
0.000030
0.000028
0.000026
0.000025
0.000023
0.000022
0.000020
0.000019
0.000018
0.000017
0.000016
0.000015
0.000014
0.000013
0.000012
0.000011
0.000011
0.000010
0.000009
0.000009
0.000008
0.000008
0.000007
0.000007
0.000006
0.000006
0.000005
0.000005
0.000005
0.000004
0.000004
0.000004
0.000004
0.000003
0.000003
0.000003
0.000003
0.000003
0.000002
0.000002
0.000002
0.000002
0.000002
0.000002
0.000002
0.000001
0.000001
0.000001
0.000001
0.000001
0.000001
0.000001
0.000001
0.000001
0.000001
0.000001
0.000001
0.000001
0.000001
0.000001
0.000000
0.000000
0.000000
0.000000
0.000000
0.000000
0.000000
0.000000
0.000000
0.000000
0.000000
0.000000
0.000000
0.000000
0.000000
0.000000
0.000000
0.000000
0.000000
0.000000
0.000000
0.000000
0.000000
0.000000
0.000000
0.000000
0.000000
0.000000
0.000000
0.000000
0.000000
0.000000
0.000000
0.000000
0.000000
0.000000
0.000000
0.000000
0.000000
0.000000
0.000000
0.000000
0.000000
0.000000
0.000000
0.000000
0.000000
0.000000
0.000000
0.000000
0.000000
0.000000
0.000000
0.000000
0.000000
0.000000
0.000000
0.000000
0.000000
0.000000
0.000000
0.000000
0.000000
0.000000
0.000000
0.000000
0.000000
0.000000
0.000000
0.000000
0.000000
0.000000
0.000000
0.000000
0.000000
0.000000
0.000000
0.000000
0.000000
0.000000
0.000000
0.000000
0.000000
0.000000
0.000000
0.000000
0.000000
0.000000
0.000000
0.000000
0.000000
0.000000
0.000000
0.000000
0.000000
0.000000
0.000000
0.000000
0.000000
0.000000
0.000000
0.000000
0.000000
0.000000
0.000000
0.000000
0.000000
0.000000
0.000000
0.000000
0.000000
0.000000
0.000000
0.000000
0.000000
0.000000
0.000000
0.000000
0.000000
0.000000
0.000000
0.000000
0.000000
0.000000
0.000000
0.000000
0.000000
0.000000
0.000000
0.000000
0.000000
0.000000
0.000000
0.000000
0.000000
0.000000
0.000000
0.000000
0.000000
0.000000
0.000000
0.000000
0.000000
0.000000
0.000000
0.000000
0.000000
0.000000
0.000000
0.000000
0.000000
0.000000
0.000000
0.000000
0.000000
0.000000
0.000000
0.000000
0.000000
0.000000
0.000000
0.000000
0.000000
0.000000
0.000000
0.000000
0.000000
0.000000
0.000000
0.000000
0.000000
0.000000
0.000000
0.000000
0.000000
0.000000
0.000000
0.000000
0.000000
0.000000
0.000000
0.000000
0.000000
0.000000
0.000000
