0.002703
0.005408
0.008114
0.010823
0.013536
0.016255
0.018980
0.021712
0.024451
0.027201
0.029959
0.032730
0.035512
0.038308
0.041116
0.043940
0.046780
0.049636
0.052509
0.055400
0.058312
0.061242
0.064194
0.067166
0.070162
0.073179
0.076221
0.079286
0.082377
0.085494
0.088634
0.091805
0.094998
0.098224
0.101473
0.104754
0.108062
0.111399
0.114768
0.118162
0.121592
0.125047
0.128535
0.132054
0.135600
0.139182
0.142788
0.146430
0.150100
0.153799
0.157534
0.161292
0.165085
0.168905
0.172752
0.176634
0.180538
0.184474
0.188438
0.192423
0.196442
0.200481
0.204545
0.208639
0.212749
0.216887
0.221047
0.225221
0.229423
0.233641
0.237873
0.242131
0.246398
0.250679
0.254981
0.259287
0.263606
0.267942
0.272276
0.276620
0.280978
0.285329
0.289686
0.294052
0.298408
0.302762
0.307123
0.311471
0.315808
0.320149
0.324474
0.328780
0.333084
0.337374
0.341634
0.345881
0.350117
0.354320
0.358494
0.362655
0.366788
0.370878
0.374940
0.378981
0.382980
0.386930
0.390848
0.394737
0.398573
0.402354
0.406096
0.409802
0.413450
0.417032
0.420564
0.424056
0.427489
0.430847
0.434139
0.437381
0.440568
0.443683
0.446714
0.449672
0.452571
0.455410
0.458172
0.460844
0.463426
0.465933
0.468373
0.470745
0.473033
0.475225
0.477316
0.479312
0.481222
0.483054
0.484810
0.486486
0.488077
0.489575
0.490975
0.492276
0.493476
0.494576
0.495576
0.496477
0.497279
0.497982
0.498587
0.499092
0.499498
0.499804
0.500012
0.500119
0.500127
0.500036
0.499845
0.499555
0.499165
0.498676
0.498089
0.497404
0.496621
0.495740
0.494763
0.493690
0.492522
0.491259
0.489902
0.488453
0.486911
0.485278
0.483556
0.481743
0.479843
0.477857
0.475785
0.473628
0.471388
0.469068
0.466667
0.464187
0.461630
0.458997
0.456291
0.453512
0.450662
0.447744
0.444757
0.441705
0.438589
0.435411
0.432173
0.428877
0.425524
0.422117
0.418657
0.415147
0.411588
0.407982
0.404332
0.400638
0.396905
0.393134
0.389326
0.385484
0.381611
0.377707
0.373775
0.369817
0.365835
0.361833
0.357811
0.353772
0.349717
0.345650
0.341570
0.337482
0.333388
0.329289
0.325186
0.321082
0.316980
0.312882
0.308789
0.304704
0.300628
0.296563
0.292512
0.288474
0.284455
0.280454
0.276474
0.272516
0.268583
0.264676
0.260796
0.256946
0.253127
0.249343
0.245591
0.241877
0.238199
0.234561
0.230963
0.227409
0.223898
0.220431
0.217012
0.213640
0.210318
0.207046
0.203827
0.200660
0.197547
0.194490
0.191490
0.188547
0.185664
0.182841
0.180078
0.177377
0.174740
0.172167
0.169658
0.167215
0.164838
0.162529
0.160288
0.158116
0.156015
0.153983
0.152022
0.150135
0.148318
0.146574
0.144905
0.143308
0.141786
0.140341
0.138970
0.137675
0.136457
0.135315
0.134252
0.133265
0.132356
0.131525
0.130773
0.130099
0.129504
0.128988
0.128551
0.128193
0.127915
0.127717
0.127597
0.127558
0.127597
0.127716
0.127915
0.128193
0.128551
0.128988
0.129504
0.130099
0.130772
0.131524
0.132355
0.133265
0.134251
0.135315
0.136456
0.137674
0.138968
0.140339
0.141785
0.143305
0.144901
0.146571
0.148314
0.150131
0.152020
0.153980
0.156012
0.158113
0.160286
0.162526
0.164835
0.167211
0.169654
0.172162
0.174736
0.177373
0.180074
0.182836
0.185659
0.188543
0.191485
0.194485
0.197542
0.200654
0.203821
0.207041
0.210313
0.213635
0.217007
0.220426
0.223892
0.227403
0.230958
0.234556
0.238193
0.241871
0.245586
0.249337
0.253123
0.256942
0.260791
0.264671
0.268579
0.272512
0.276470
0.280450
0.284451
0.288470
0.292507
0.296558
0.300624
0.304699
0.308785
0.312877
0.316975
0.321076
0.325180
0.329282
0.333381
0.337476
0.341563
0.345642
0.349710
0.353765
0.357804
0.361826
0.365829
0.369811
0.373768
0.377700
0.381604
0.385478
0.389320
0.393128
0.396899
0.400632
0.404324
0.407975
0.411580
0.415139
0.418649
0.422110
0.425517
0.428870
0.432166
0.435405
0.438583
0.441699
0.444752
0.447738
0.450657
0.453507
0.456287
0.458994
0.461626
0.464184
0.466663
0.469064
0.471385
0.473624
0.475780
0.477852
0.479839
0.481740
0.483552
0.485275
0.486908
0.488450
0.489900
0.491256
0.492520
0.493688
0.494761
0.495738
0.496619
0.497402
0.498088
0.498675
0.499163
0.499553
0.499844
0.500035
0.500127
0.500119
0.500011
0.499805
0.499498
0.499093
0.498588
0.497985
0.497282
0.496482
0.495585
0.494591
0.493499
0.492312
0.491030
0.489653
0.488183
0.486620
0.484965
0.483219
0.481384
0.479460
0.477448
0.475349
0.473165
0.470898
0.468547
0.466114
0.463602
0.461012
0.458345
0.455602
0.452784
0.449894
0.446933
0.443903
0.440806
0.437643
0.434415
0.431125
0.427775
0.424366
0.420899
0.417378
0.413803
0.410178
0.406503
0.402780
0.399011
0.395198
0.391344
0.387449
0.383517
0.379549
0.375547
0.371513
0.367449
0.363356
0.359237
0.355094
0.350928
0.346742
0.342537
0.338316
0.334079
0.329831
0.325571
0.321302
0.317025
0.312743
0.308457
0.304168
0.299880
0.295592
0.291308
0.287029
0.282755
0.278490
0.274235
0.269990
0.265758
0.261540
0.257337
0.253151
0.248984
0.244836
0.240709
0.236604
0.232523
0.228467
0.224436
0.220433
0.216457
0.212511
0.208595
0.204710
0.200858
0.197038
0.193253
0.189502
0.185787
0.182108
0.178467
0.174863
0.171298
0.167772
0.164286
0.160840
0.157434
0.154071
0.150748
0.147468
0.144231
0.141036
0.137885
0.134777
0.131712
0.128692
0.125716
0.122784
0.119896
0.117053
0.114255
0.111501
0.108791
0.106127
0.103507
0.100931
0.098400
0.095913
0.093470
0.091071
0.088716
0.086405
0.084137
0.081912
0.079731
0.077591
0.075494
0.073439
0.071426
0.069454
0.067523
0.065632
0.063782
0.061971
0.060200
0.058468
0.056774
0.055118
0.053500
0.051919
0.050375
0.048867
0.047394
0.045957
0.044554
0.043186
0.041851
0.040549
0.039280
0.038043
0.036838
0.035663
0.034520
0.033406
0.032322
0.031266
0.030239
0.029240
0.028269
0.027324
0.026405
0.025512
0.024645
0.023802
0.022983
0.022188
0.021417
0.020668
0.019941
0.019236
0.018552
0.017889
0.017246
0.016623
0.016020
0.015435
0.014868
0.014320
0.013788
0.013274
0.012777
0.012296
0.011830
0.011380
0.010945
0.010524
0.010117
0.009725
0.009345
0.008979
0.008625
0.008284
0.007954
0.007636
0.007329
0.007034
0.006748
0.006474
0.006209
0.005953
0.005707
0.005470
0.005242
0.005023
0.004811
0.004608
0.004412
0.004224
0.004043
0.003869
0.003702
0.003541
0.003387
0.003238
0.003096
0.002959
0.002828
0.002702
0.002581
0.002465
0.002353
0.002247
0.002144
0.002046
0.001952
0.001862
0.001776
0.001694
0.001615
0.001539
0.001467
0.001397
0.001331
0.001268
0.001207
0.001149
0.001094
0.001041
0.000990
0.000942
0.000896
0.000852
0.000810
0.000770
0.000731
0.000695
0.000660
0.000627
0.000595
0.000565
0.000536
0.000509
0.000483
0.000458
0.000434
0.000412
0.000391
0.000370
0.000351
0.000332
0.000315
0.000298
0.000282
0.000267
0.000253
0.000239
0.000226
0.000214
0.000203
0.000192
0.000181
0.000171
0.000162
0.000153
0.000144
0.000136
0.000129
0.000122
0.000115
0.000108
0.000102
0.000096
0.000091
0.000086
0.000081
0.000076
0.000072
0.000068
0.000064
0.000060
0.000056
0.000053
0.000050
0.000047
0.000044
0.000042
0.000039
0.000037
0.000035
0.000033
0.000031
0.000029
0.000027
0.000025
0.000024
0.000022
0.000021
0.000020
0.000018
0.000017
0.000016
0.000015
0.000014
0.000013
0.000013
0.000012
0.000011
0.000010
0.000010
0.000009
0.000008
0.000008
0.000007
0.000007
0.000006
0.000006
0.000006
0.000005
0.000005
0.000005
0.000004
0.000004
0.000004
0.000004
0.000003
0.000003
0.000003
0.000003
0.000002
0.000002
0.000002
0.000002
0.000002
0.000002
0.000002
0.000002
0.000001
0.000001
0.000001
0.000001
0.000001
0.000001
0.000001
0.000001
0.000001
0.000001
0.000001
0.000001
0.000001
0.000001
0.000001
0.000000
0.000000
0.000000
0.000000
0.000000
0.000000
0.000000
0.000000
0.000000
0.000000
0.000000
0.000000
0.000000
0.000000
0.000000
0.000000
0.000000
0.000000
0.000000
0.000000
0.000000
0.000000
0.000000
0.000000
0.000000
0.000000
0.000000
0.000000
0.000000
0.000000
0.000000
0.000000
0.000000
0.000000
0.000000
0.000000
0.000000
0.000000
0.000000
0.000000
0.000000
0.000000
0.000000
0.000000
0.000000
0.000000
0.000000
0.000000
0.000000
0.000000
0.000000
0.000000
0.000000
0.000000
0.000000
0.000000
0.000000
0.000000
0.000000
0.000000
0.000000
0.000000
0.000000
0.000000
0.000000
0.000000
0.000000
0.000000
0.000000
0.000000
0.000000
0.000000
0.000000
0.000000
0.000000
0.000000
0.000000
0.000000
0.000000
0.000000
0.000000
0.000000
0.000000
0.000000
0.000000
0.000000
0.000000
0.000000
0.000000
0.000000
0.000000
0.000000
0.000000
0.000000
0.000000
0.000000
0.000000
0.000000
0.000000
0.000000
0.000000
0.000000
0.000000
0.000000
0.000000
0.000000
0.000000
0.000000
0.000000
0.000000
0.000000
0.000000
0.000000
0.000000
0.000000
0.000000
0.000000
0.000000
0.000000
0.000000
0.000000
0.000000
0.000000
0.000000
0.000000
0.000000
0.000000
0.000000
0.000000
0.000000
0.000000
0.000000
0.000000
0.000000
0.000000
0.000000
0.000000
0.000000
0.000000
0.000000
0.000000
0.000000
0.000000
0.000000
0.000000
0.000000
0.000000
0.000000
0.000000
0.000000
0.000000
0.000000
0.000000
0.000000
0.000000
0.000000
0.000000
0.000000
0.000000
0.000000
0.000000
0.000000
0.000000
0.000000
0.000000
0.000000
0.000000
0.000000
0.000000
0.000000
0.000000
0.000000
0.000000
0.000000
0.000000
0.000000
0.000000
0.000000
0.000000
0.000000
0.000000
0.000000
0.000000
0.000000
