0.002737
0.005475
0.008215
0.010958
0.013705
0.016458
0.019216
0.021982
0.024755
0.027538
0.030331
0.033134
0.035950
0.038778
0.041621
0.044478
0.047351
0.050239
0.053147
0.056070
0.059015
0.061977
0.064962
0.067966
0.070994
0.074044
0.077117
0.080216
0.083337
0.086486
0.089658
0.092859
0.096084
0.099339
0.102621
0.105930
0.109271
0.112636
0.116035
0.119459
0.122916
0.126402
0.129916
0.133465
0.137038
0.140646
0.144282
0.147948
0.151647
0.155371
0.159130
0.162915
0.166729
0.170577
0.174446
0.178351
0.182280
0.186234
0.190222
0.194229
0.198265
0.202328
0.206409
0.210522
0.214652
0.218803
0.222983
0.227174
0.231388
0.235625
0.239870
0.244138
0.248422
0.252712
0.257023
0.261344
0.265669
0.270012
0.274359
0.278706
0.283069
0.287430
0.291787
0.296155
0.300519
0.304872
0.309231
0.313584
0.317918
0.322252
0.326580
0.330883
0.335175
0.339461
0.343720
0.347953
0.352178
0.356378
0.360540
0.364682
0.368805
0.372887
0.376929
0.380950
0.384937
0.388872
0.392766
0.396631
0.400453
0.404215
0.407928
0.411606
0.415234
0.418795
0.422296
0.425754
0.429161
0.432497
0.435758
0.438960
0.442112
0.445199
0.448203
0.451125
0.453981
0.456778
0.459506
0.462148
0.464695
0.467158
0.469551
0.471876
0.474124
0.476281
0.478336
0.480291
0.482154
0.483936
0.485640
0.487265
0.488806
0.490258
0.491613
0.492869
0.494024
0.495077
0.496030
0.496883
0.497636
0.498291
0.498846
0.499301
0.499657
0.499914
0.500071
0.500128
0.500086
0.499945
0.499703
0.499363
0.498923
0.498385
0.497748
0.497013
0.496180
0.495251
0.494225
0.493104
0.491888
0.490577
0.489173
0.487676
0.486088
0.484409
0.482641
0.480783
0.478839
0.476808
0.474692
0.472493
0.470211
0.467849
0.465407
0.462887
0.460291
0.457619
0.454875
0.452059
0.449172
0.446218
0.443196
0.440109
0.436960
0.433750
0.430481
0.427154
0.423771
0.420334
0.416846
0.413308
0.409723
0.406092
0.402417
0.398699
0.394943
0.391150
0.387321
0.383459
0.379567
0.375644
0.371694
0.367720
0.363723
0.359706
0.355670
0.351618
0.347550
0.343472
0.339382
0.335285
0.331181
0.327074
0.322963
0.318854
0.314746
0.310643
0.306546
0.302458
0.298378
0.294312
0.290259
0.286221
0.282201
0.278201
0.274222
0.270267
0.266336
0.262432
0.258555
0.254709
0.250895
0.247115
0.243369
0.239661
0.235989
0.232358
0.228767
0.225220
0.221716
0.218258
0.214847
0.211483
0.208170
0.204907
0.201697
0.198540
0.195436
0.192389
0.189398
0.186465
0.183592
0.180779
0.178026
0.175335
0.172708
0.170145
0.167645
0.165211
0.162845
0.160545
0.158314
0.156151
0.154058
0.152036
0.150084
0.148204
0.146396
0.144660
0.142998
0.141409
0.139895
0.138456
0.137092
0.135803
0.134591
0.133455
0.132397
0.131415
0.130511
0.129684
0.128936
0.128265
0.127674
0.127160
0.126725
0.126369
0.126093
0.125895
0.125776
0.125737
0.125777
0.125895
0.126093
0.126369
0.126725
0.127160
0.127673
0.128265
0.128935
0.129683
0.130510
0.131415
0.132396
0.133455
0.134590
0.135802
0.137091
0.138454
0.139893
0.141407
0.142995
0.144657
0.146392
0.148200
0.150081
0.152033
0.154056
0.156148
0.158311
0.160542
0.162841
0.165208
0.167641
0.170140
0.172703
0.175331
0.178021
0.180774
0.183587
0.186462
0.189394
0.192384
0.195431
0.198534
0.201691
0.204902
0.208165
0.211479
0.214841
0.218253
0.221711
0.225214
0.228762
0.232352
0.235984
0.239654
0.243364
0.247110
0.250891
0.254705
0.258551
0.262427
0.266331
0.270262
0.274218
0.278197
0.282198
0.286217
0.290254
0.294307
0.298374
0.302453
0.306542
0.310638
0.314741
0.318848
0.322958
0.327067
0.331174
0.335278
0.339375
0.343464
0.347543
0.351610
0.355663
0.359699
0.363717
0.367714
0.371688
0.375638
0.379560
0.383453
0.387316
0.391144
0.394937
0.398693
0.402409
0.406084
0.409715
0.413301
0.416838
0.420326
0.423763
0.427146
0.430473
0.433744
0.436954
0.440104
0.443191
0.446212
0.449167
0.452054
0.454870
0.457615
0.460286
0.462883
0.465404
0.467845
0.470208
0.472489
0.474688
0.476804
0.478835
0.480780
0.482637
0.484406
0.486085
0.487673
0.489170
0.490574
0.491885
0.493102
0.494223
0.495249
0.496179
0.497012
0.497746
0.498383
0.498922
0.499361
0.499702
0.499943
0.500086
0.500128
0.500071
0.499914
0.499658
0.499302
0.498847
0.498293
0.497641
0.496889
0.496042
0.495096
0.494053
0.492914
0.491679
0.490350
0.488927
0.487410
0.485801
0.484100
0.482310
0.480430
0.478462
0.476407
0.474266
0.472040
0.469731
0.467339
0.464867
0.462315
0.459687
0.456981
0.454201
0.451347
0.448421
0.445425
0.442362
0.439231
0.436036
0.432777
0.429457
0.426077
0.422639
0.419145
0.415596
0.411996
0.408346
0.404646
0.400900
0.397109
0.393276
0.389401
0.385487
0.381537
0.377552
0.373534
0.369484
0.365405
0.361299
0.357168
0.353013
0.348837
0.344642
0.340428
0.336199
0.331956
0.327702
0.323437
0.319164
0.314884
0.310600
0.306313
0.302024
0.297736
0.293449
0.289167
0.284891
0.280622
0.276361
0.272111
0.267872
0.263647
0.259436
0.255242
0.251065
0.246907
0.242770
0.238654
0.234561
0.230492
0.226448
0.222431
0.218441
0.214480
0.210549
0.206649
0.202780
0.198944
0.195141
0.191373
0.187640
0.183943
0.180283
0.176660
0.173075
0.169530
0.166024
0.162557
0.159132
0.155747
0.152404
0.149103
0.145844
0.142628
0.139455
0.136325
0.133239
0.130197
0.127198
0.124244
0.121334
0.118469
0.115648
0.112872
0.110140
0.107453
0.104811
0.102213
0.099660
0.097151
0.094686
0.092265
0.089888
0.087555
0.085266
0.083019
0.080816
0.078656
0.076537
0.074462
0.072427
0.070435
0.068483
0.066572
0.064702
0.062872
0.061081
0.059329
0.057616
0.055942
0.054305
0.052705
0.051142
0.049616
0.048126
0.046671
0.045251
0.043866
0.042514
0.041196
0.039911
0.038658
0.037436
0.036247
0.035088
0.033959
0.032860
0.031790
0.030749
0.029736
0.028751
0.027793
0.026861
0.025955
0.025075
0.024220
0.023390
0.022583
0.021800
0.021040
0.020302
0.019586
0.018892
0.018218
0.017565
0.016932
0.016319
0.015725
0.015149
0.014592
0.014052
0.013529
0.013024
0.012534
0.012061
0.011603
0.011160
0.010733
0.010319
0.009919
0.009533
0.009161
0.008800
0.008453
0.008117
0.007794
0.007481
0.007180
0.006890
0.006610
0.006340
0.006080
0.005829
0.005588
0.005355
0.005131
0.004916
0.004709
0.004509
0.004317
0.004133
0.003955
0.003784
0.003621
0.003463
0.003312
0.003166
0.003027
0.002893
0.002764
0.002640
0.002522
0.002408
0.002299
0.002195
0.002095
0.001999
0.001907
0.001819
0.001735
0.001654
0.001576
0.001502
0.001432
0.001364
0.001299
0.001237
0.001178
0.001121
0.001067
0.001015
0.000966
0.000919
0.000874
0.000831
0.000789
0.000750
0.000713
0.000677
0.000643
0.000611
0.000580
0.000551
0.000523
0.000496
0.000470
0.000446
0.000423
0.000401
0.000380
0.000360
0.000341
0.000323
0.000306
0.000290
0.000275
0.000260
0.000246
0.000233
0.000220
0.000208
0.000197
0.000186
0.000176
0.000166
0.000157
0.000149
0.000140
0.000132
0.000125
0.000118
0.000111
0.000105
0.000099
0.000094
0.000088
0.000083
0.000078
0.000074
0.000070
0.000066
0.000062
0.000058
0.000055
0.000052
0.000049
0.000046
0.000043
0.000040
0.000038
0.000036
0.000034
0.000032
0.000030
0.000028
0.000026
0.000025
0.000023
0.000022
0.000020
0.000019
0.000018
0.000017
0.000016
0.000015
0.000014
0.000013
0.000012
0.000011
0.000011
0.000010
0.000009
0.000009
0.000008
0.000008
0.000007
0.000007
0.000006
0.000006
0.000005
0.000005
0.000005
0.000004
0.000004
0.000004
0.000004
0.000003
0.000003
0.000003
0.000003
0.000003
0.000002
0.000002
0.000002
0.000002
0.000002
0.000002
0.000002
0.000001
0.000001
0.000001
0.000001
0.000001
0.000001
0.000001
0.000001
0.000001
0.000001
0.000001
0.000001
0.000001
0.000001
0.000001
0.000000
0.000000
0.000000
0.000000
0.000000
0.000000
0.000000
0.000000
0.000000
0.000000
0.000000
0.000000
0.000000
0.000000
0.000000
0.000000
0.000000
0.000000
0.000000
0.000000
0.000000
0.000000
0.000000
0.000000
0.000000
0.000000
0.000000
0.000000
0.000000
0.000000
0.000000
0.000000
0.000000
0.000000
0.000000
0.000000
0.000000
0.000000
0.000000
0.000000
0.000000
0.000000
0.000000
0.000000
0.000000
0.000000
0.000000
0.000000
0.000000
0.000000
0.000000
0.000000
0.000000
0.000000
0.000000
0.000000
0.000000
0.000000
0.000000
0.000000
0.000000
0.000000
0.000000
0.000000
0.000000
0.000000
0.000000
0.000000
0.000000
0.000000
0.000000
0.000000
0.000000
0.000000
0.000000
0.000000
0.000000
0.000000
0.000000
0.000000
0.000000
0.000000
0.000000
0.000000
0.000000
0.000000
0.000000
0.000000
0.000000
0.000000
0.000000
0.000000
0.000000
0.000000
0.000000
0.000000
0.000000
0.000000
0.000000
0.000000
0.000000
0.000000
0.000000
0.000000
0.000000
0.000000
0.000000
0.000000
0.000000
0.000000
0.000000
0.000000
0.000000
0.000000
0.000000
0.000000
0.000000
0.000000
0.000000
0.000000
0.000000
0.000000
0.000000
0.000000
0.000000
0.000000
0.000000
0.000000
0.000000
0.000000
0.000000
0.000000
0.000000
0.000000
0.000000
0.000000
0.000000
0.000000
0.000000
0.000000
0.000000
0.000000
0.000000
0.000000
0.000000
0.000000
0.000000
0.000000
0.000000
0.000000
0.000000
0.000000
0.000000
0.000000
0.000000
0.000000
0.000000
0.000000
0.000000
0.000000
0.000000
0.000000
0.000000
0.000000
0.000000
0.000000
0.000000
0.000000
0.000000
0.000000
0.000000
0.000000
0.000000
0.000000
0.000000
0.000000
0.000000
0.000000
0.000000
0.000000
0.000000
0.000000
0.000000
0.000000
