0.002771
0.005543
0.008317
0.011094
0.013876
0.016662
0.019454
0.022253
0.025061
0.027877
0.030704
0.033541
0.036391
0.039253
0.042129
0.045019
0.047926
0.050847
0.053788
0.056745
0.059722
0.062718
0.065735
0.068773
0.071832
0.074916
0.078020
0.081151
0.084304
0.087484
0.090688
0.093920
0.097178
0.100461
0.103776
0.107114
0.110485
0.113881
0.117308
0.120764
0.124247
0.127764
0.131306
0.134882
0.138485
0.142118
0.145783
0.149474
0.153200
0.156951
0.160733
0.164546
0.168382
0.172254
0.176149
0.180073
0.184028
0.188003
0.192011
0.196042
0.200095
0.204180
0.208281
0.212408
0.216561
0.220727
0.224922
0.229133
0.233358
0.237610
0.241872
0.246148
0.250447
0.254750
0.259068
0.263402
0.267736
0.272083
0.276442
0.280796
0.285159
0.289531
0.293892
0.298258
0.302628
0.306983
0.311337
0.315692
0.320028
0.324354
0.328679
0.332983
0.337265
0.341542
0.345799
0.350023
0.354233
0.358426
0.362581
0.366705
0.370813
0.374886
0.378913
0.382910
0.386882
0.390805
0.394676
0.398515
0.402318
0.406064
0.409751
0.413397
0.417002
0.420544
0.424017
0.427438
0.430815
0.434128
0.437362
0.440527
0.443640
0.446694
0.449671
0.452561
0.455376
0.458129
0.460819
0.463428
0.465943
0.468366
0.470711
0.472988
0.475193
0.477311
0.479331
0.481247
0.483066
0.484798
0.486449
0.488023
0.489514
0.490917
0.492226
0.493437
0.494546
0.495553
0.496459
0.497265
0.497969
0.498575
0.499080
0.499486
0.499792
0.499999
0.500105
0.500113
0.500020
0.499829
0.499537
0.499147
0.498657
0.498069
0.497382
0.496598
0.495716
0.494738
0.493664
0.492494
0.491229
0.489871
0.488420
0.486877
0.485242
0.483518
0.481704
0.479802
0.477813
0.475738
0.473579
0.471337
0.469014
0.466611
0.464128
0.461568
0.458932
0.456223
0.453441
0.450587
0.447665
0.444675
0.441618
0.438499
0.435317
0.432074
0.428774
0.425416
0.422004
0.418539
0.415023
0.411458
0.407846
0.404190
0.400491
0.396751
0.392972
0.389158
0.385308
0.381427
0.377515
0.373574
0.369608
0.365618
0.361606
0.357574
0.353525
0.349460
0.345381
0.341291
0.337192
0.333085
0.328973
0.324858
0.320742
0.316626
0.312513
0.308406
0.304305
0.300214
0.296132
0.292064
0.288010
0.283972
0.279953
0.275954
0.271977
0.268024
0.264095
0.260195
0.256322
0.252480
0.248671
0.244896
0.241156
0.237454
0.233789
0.230165
0.226582
0.223042
0.219546
0.216097
0.212693
0.209339
0.206035
0.202781
0.199580
0.196433
0.193338
0.190301
0.187320
0.184398
0.181535
0.178732
0.175989
0.173308
0.170691
0.168138
0.165649
0.163225
0.160868
0.158578
0.156356
0.154203
0.152120
0.150106
0.148163
0.146291
0.144492
0.142765
0.141111
0.139530
0.138023
0.136590
0.135233
0.133951
0.132745
0.131615
0.130562
0.129585
0.128685
0.127863
0.127118
0.126452
0.125863
0.125352
0.124919
0.124565
0.124290
0.124094
0.123975
0.123936
0.123976
0.124093
0.124290
0.124565
0.124919
0.125352
0.125863
0.126451
0.127118
0.127862
0.128685
0.129585
0.130561
0.131614
0.132744
0.133950
0.135232
0.136588
0.138020
0.139527
0.141107
0.142762
0.144489
0.146288
0.148160
0.150103
0.152117
0.154201
0.156353
0.158576
0.160865
0.163222
0.165645
0.168134
0.170687
0.173304
0.175985
0.178727
0.181530
0.184394
0.187317
0.190297
0.193333
0.196426
0.199574
0.202776
0.206029
0.209335
0.212688
0.216091
0.219541
0.223036
0.226576
0.230159
0.233784
0.237448
0.241151
0.244891
0.248667
0.252476
0.256317
0.260189
0.264090
0.268019
0.271972
0.275950
0.279949
0.283968
0.288005
0.292059
0.296128
0.300209
0.304300
0.308401
0.312508
0.316620
0.320736
0.324851
0.328966
0.333078
0.337185
0.341284
0.345374
0.349452
0.353518
0.357567
0.361599
0.365611
0.369602
0.373568
0.377509
0.381420
0.385302
0.389151
0.392966
0.396744
0.400484
0.404183
0.407839
0.411450
0.415015
0.418530
0.421996
0.425408
0.428766
0.432068
0.435310
0.438493
0.441613
0.444669
0.447660
0.450583
0.453436
0.456219
0.458928
0.461564
0.464125
0.466607
0.469011
0.471334
0.473576
0.475734
0.477809
0.479798
0.481700
0.483514
0.485239
0.486874
0.488417
0.489869
0.491227
0.492492
0.493661
0.494736
0.495715
0.496597
0.497381
0.498067
0.498655
0.499145
0.499536
0.499827
0.500019
0.500112
0.500105
0.499998
0.499792
0.499487
0.499082
0.498578
0.497975
0.497273
0.496473
0.495577
0.494582
0.493492
0.492305
0.491023
0.489647
0.488177
0.486614
0.484959
0.483214
0.481379
0.479455
0.477443
0.475345
0.473161
0.470894
0.468543
0.466111
0.463599
0.461009
0.458342
0.455599
0.452781
0.449892
0.446931
0.443901
0.440804
0.437641
0.434414
0.431124
0.427774
0.424364
0.420898
0.417376
0.413802
0.410176
0.406502
0.402779
0.399010
0.395197
0.391343
0.387449
0.383516
0.379548
0.375546
0.371512
0.367448
0.363355
0.359236
0.355093
0.350927
0.346741
0.342537
0.338315
0.334079
0.329830
0.325570
0.321301
0.317025
0.312742
0.308456
0.304168
0.299879
0.295592
0.291308
0.287028
0.282755
0.278490
0.274235
0.269990
0.265758
0.261540
0.257337
0.253151
0.248984
0.244836
0.240709
0.236604
0.232523
0.228467
0.224436
0.220432
0.216457
0.212511
0.208595
0.204710
0.200858
0.197038
0.193253
0.189502
0.185787
0.182108
0.178467
0.174863
0.171298
0.167772
0.164285
0.160839
0.157434
0.154070
0.150748
0.147468
0.144231
0.141036
0.137885
0.134777
0.131712
0.128692
0.125716
0.122784
0.119896
0.117053
0.114254
0.111501
0.108791
0.106127
0.103507
0.100931
0.098400
0.095913
0.093470
0.091071
0.088716
0.086405
0.084137
0.081912
0.079730
0.077591
0.075494
0.073439
0.071426
0.069454
0.067523
0.065632
0.063782
0.061971
0.060200
0.058468
0.056774
0.055118
0.053500
0.051919
0.050375
0.048867
0.047394
0.045957
0.044554
0.043186
0.041851
0.040549
0.039280
0.038043
0.036838
0.035663
0.034520
0.033406
0.032322
0.031266
0.030239
0.029240
0.028269
0.027324
0.026405
0.025512
0.024645
0.023802
0.022983
0.022188
0.021417
0.020668
0.019941
0.019236
0.018552
0.017889
0.017246
0.016623
0.016020
0.015435
0.014868
0.014320
0.013788
0.013274
0.012777
0.012296
0.011830
0.011380
0.010945
0.010524
0.010117
0.009725
0.009345
0.008979
0.008625
0.008284
0.007954
0.007636
0.007329
0.007034
0.006748
0.006474
0.006209
0.005953
0.005707
0.005470
0.005242
0.005023
0.004811
0.004608
0.004412
0.004224
0.004043
0.003869
0.003702
0.003541
0.003387
0.003238
0.003096
0.002959
0.002828
0.002702
0.002581
0.002465
0.002353
0.002247
0.002144
0.002046
0.001952
0.001862
0.001776
0.001694
0.001615
0.001539
0.001467
0.001397
0.001331
0.001268
0.001207
0.001149
0.001094
0.001041
0.000990
0.000942
0.000896
0.000852
0.000810
0.000770
0.000731
0.000695
0.000660
0.000627
0.000595
0.000565
0.000536
0.000509
0.000483
0.000458
0.000434
0.000412
0.000391
0.000370
0.000351
0.000332
0.000315
0.000298
0.000282
0.000267
0.000253
0.000239
0.000226
0.000214
0.000203
0.000192
0.000181
0.000171
0.000162
0.000153
0.000144
0.000136
0.000129
0.000122
0.000115
0.000108
0.000102
0.000096
0.000091
0.000086
0.000081
0.000076
0.000072
0.000068
0.000064
0.000060
0.000056
0.000053
0.000050
0.000047
0.000044
0.000042
0.000039
0.000037
0.000035
0.000033
0.000031
0.000029
0.000027
0.000025
0.000024
0.000022
0.000021
0.000020
0.000018
0.000017
0.000016
0.000015
0.000014
0.000013
0.000013
0.000012
0.000011
0.000010
0.000010
0.000009
0.000008
0.000008
0.000007
0.000007
0.000006
0.000006
0.000006
0.000005
0.000005
0.000005
0.000004
0.000004
0.000004
0.000004
0.000003
0.000003
0.000003
0.000003
0.000002
0.000002
0.000002
0.000002
0.000002
0.000002
0.000002
0.000002
0.000001
0.000001
0.000001
0.000001
0.000001
0.000001
0.000001
0.000001
0.000001
0.000001
0.000001
0.000001
0.000001
0.000001
0.000001
0.000000
0.000000
0.000000
0.000000
0.000000
0.000000
0.000000
0.000000
0.000000
0.000000
0.000000
0.000000
0.000000
0.000000
0.000000
0.000000
0.000000
0.000000
0.000000
0.000000
0.000000
0.000000
0.000000
0.000000
0.000000
0.000000
0.000000
0.000000
0.000000
0.000000
0.000000
0.000000
0.000000
0.000000
0.000000
0.000000
0.000000
0.000000
0.000000
0.000000
0.000000
0.000000
0.000000
0.000000
0.000000
0.000000
0.000000
0.000000
0.000000
0.000000
0.000000
0.000000
0.000000
0.000000
0.000000
0.000000
0.000000
0.000000
0.000000
0.000000
0.000000
0.000000
0.000000
0.000000
0.000000
0.000000
0.000000
0.000000
0.000000
0.000000
0.000000
0.000000
0.000000
0.000000
0.000000
0.000000
0.000000
0.000000
0.000000
0.000000
0.000000
0.000000
0.000000
0.000000
0.000000
0.000000
0.000000
0.000000
0.000000
0.000000
0.000000
0.000000
0.000000
0.000000
0.000000
0.000000
0.000000
0.000000
0.000000
0.000000
0.000000
0.000000
0.000000
0.000000
0.000000
0.000000
0.000000
0.000000
0.000000
0.000000
0.000000
0.000000
0.000000
0.000000
0.000000
0.000000
0.000000
0.000000
0.000000
0.000000
0.000000
0.000000
0.000000
0.000000
0.000000
0.000000
0.000000
0.000000
0.000000
0.000000
0.000000
0.000000
0.000000
0.000000
0.000000
0.000000
0.000000
0.000000
0.000000
0.000000
0.000000
0.000000
0.000000
0.000000
0.000000
0.000000
0.000000
0.000000
0.000000
0.000000
0.000000
0.000000
0.000000
0.000000
0.000000
0.000000
0.000000
0.000000
0.000000
0.000000
0.000000
0.000000
0.000000
0.000000
0.000000
0.000000
0.000000
0.000000
0.000000
0.000000
0.000000
0.000000
0.000000
0.000000
0.000000
0.000000
0.000000
0.000000
0.000000
0.000000
0.000000
0.000000
0.000000
