0.002805
0.005612
0.008420
0.011231
0.014047
0.016867
0.019694
0.022527
0.025370
0.028220
0.031081
0.033951
0.036835
0.039731
0.042641
0.045565
0.048505
0.051460
0.054433
0.057425
0.060434
0.063464
0.066513
0.069585
0.072676
0.075792
0.078929
0.082092
0.085278
0.088488
0.091726
0.094987
0.098278
0.101592
0.104937
0.108306
0.111706
0.115134
0.118588
0.122076
0.125587
0.129132
0.132704
0.136306
0.139939
0.143597
0.147291
0.151009
0.154759
0.158539
0.162343
0.166182
0.170044
0.173937
0.177859
0.181803
0.185782
0.189780
0.193806
0.197861
0.201933
0.206036
0.210159
0.214301
0.218473
0.222658
0.226865
0.231095
0.235335
0.239598
0.243878
0.248164
0.252474
0.256792
0.261116
0.265460
0.269807
0.274158
0.278524
0.282888
0.287252
0.291628
0.295997
0.300361
0.304733
0.309094
0.313443
0.317796
0.322136
0.326455
0.330773
0.335078
0.339354
0.343618
0.347870
0.352090
0.356284
0.360464
0.364614
0.368724
0.372811
0.376874
0.380890
0.384865
0.388814
0.392724
0.396579
0.400389
0.404168
0.407898
0.411563
0.415178
0.418754
0.422275
0.425725
0.429112
0.432453
0.435739
0.438949
0.442081
0.445153
0.448170
0.451118
0.453979
0.456755
0.459464
0.462111
0.464684
0.467167
0.469554
0.471855
0.474082
0.476240
0.478317
0.480300
0.482179
0.483956
0.485640
0.487239
0.488760
0.490199
0.491552
0.492815
0.493979
0.495043
0.496004
0.496863
0.497621
0.498277
0.498834
0.499289
0.499645
0.499902
0.500058
0.500115
0.500072
0.499930
0.499688
0.499346
0.498905
0.498366
0.497728
0.496992
0.496158
0.495228
0.494201
0.493078
0.491860
0.490548
0.489143
0.487645
0.486055
0.484375
0.482604
0.480745
0.478799
0.476766
0.474647
0.472445
0.470162
0.467797
0.465352
0.462829
0.460230
0.457556
0.454809
0.451989
0.449099
0.446141
0.443115
0.440025
0.436872
0.433658
0.430384
0.427053
0.423665
0.420224
0.416730
0.413187
0.409596
0.405959
0.402278
0.398555
0.394792
0.390992
0.387156
0.383287
0.379387
0.375456
0.371498
0.367516
0.363510
0.359483
0.355438
0.351376
0.347298
0.343209
0.339108
0.335000
0.330885
0.326765
0.322642
0.318520
0.314398
0.310281
0.306170
0.302067
0.297972
0.293889
0.289820
0.285765
0.281728
0.277709
0.273712
0.269737
0.265786
0.261861
0.257964
0.254096
0.250259
0.246456
0.242686
0.238953
0.235256
0.231599
0.227982
0.224407
0.220875
0.217387
0.213946
0.210552
0.207208
0.203912
0.200669
0.197477
0.194339
0.191255
0.188228
0.185258
0.182346
0.179493
0.176700
0.173967
0.171298
0.168691
0.166147
0.163668
0.161255
0.158908
0.156628
0.154416
0.152273
0.150199
0.148194
0.146260
0.144397
0.142606
0.140888
0.139241
0.137669
0.136169
0.134743
0.133393
0.132118
0.130918
0.129794
0.128746
0.127775
0.126879
0.126061
0.125320
0.124657
0.124071
0.123563
0.123133
0.122781
0.122507
0.122311
0.122194
0.122155
0.122195
0.122312
0.122507
0.122781
0.123133
0.123563
0.124071
0.124656
0.125320
0.126061
0.126879
0.127773
0.128745
0.129793
0.130917
0.132116
0.133391
0.134741
0.136166
0.137666
0.139238
0.140884
0.142603
0.144394
0.146257
0.148191
0.150196
0.152270
0.154413
0.156626
0.158905
0.161252
0.163664
0.166144
0.168687
0.171294
0.173964
0.176695
0.179489
0.182342
0.185254
0.188224
0.191250
0.194333
0.197471
0.200662
0.203907
0.207203
0.210548
0.213941
0.217382
0.220869
0.224401
0.227976
0.231593
0.235251
0.238947
0.242681
0.246451
0.250255
0.254092
0.257959
0.261856
0.265781
0.269732
0.273708
0.277705
0.281724
0.285760
0.289815
0.293884
0.297968
0.302061
0.306166
0.310277
0.314393
0.318514
0.322636
0.326758
0.330877
0.334993
0.339102
0.343202
0.347291
0.351369
0.355431
0.359477
0.363503
0.367509
0.371492
0.375450
0.379380
0.383281
0.387150
0.390985
0.394786
0.398549
0.402271
0.405951
0.409588
0.413179
0.416722
0.420216
0.423657
0.427045
0.430377
0.433651
0.436867
0.440020
0.443110
0.446136
0.449094
0.451984
0.454803
0.457552
0.460226
0.462826
0.465349
0.467793
0.470159
0.472442
0.474644
0.476761
0.478794
0.480741
0.482600
0.484371
0.486051
0.487641
0.489141
0.490546
0.491858
0.493076
0.494199
0.495226
0.496157
0.496991
0.497727
0.498365
0.498904
0.499344
0.499686
0.499928
0.500071
0.500115
0.500058
0.499902
0.499646
0.499291
0.498837
0.498284
0.497631
0.496881
0.496033
0.495088
0.494045
0.492907
0.491673
0.490344
0.488921
0.487404
0.485796
0.484095
0.482305
0.480426
0.478458
0.476403
0.474262
0.472036
0.469727
0.467336
0.464864
0.462313
0.459684
0.456979
0.454198
0.451344
0.448419
0.445423
0.442360
0.439230
0.436035
0.432776
0.429456
0.426076
0.422638
0.419143
0.415595
0.411995
0.408345
0.404646
0.400899
0.397108
0.393275
0.389400
0.385487
0.381536
0.377551
0.373533
0.369483
0.365405
0.361299
0.357167
0.353013
0.348837
0.344641
0.340428
0.336199
0.331956
0.327702
0.323437
0.319164
0.314884
0.310600
0.306312
0.302024
0.297735
0.293449
0.289167
0.284891
0.280622
0.276361
0.272111
0.267872
0.263647
0.259436
0.255242
0.251065
0.246907
0.242770
0.238654
0.234561
0.230492
0.226448
0.222431
0.218441
0.214480
0.210549
0.206648
0.202780
0.198944
0.195141
0.191373
0.187640
0.183943
0.180283
0.176660
0.173075
0.169530
0.166024
0.162557
0.159132
0.155747
0.152404
0.149103
0.145844
0.142628
0.139455
0.136325
0.133239
0.130197
0.127198
0.124244
0.121334
0.118469
0.115648
0.112872
0.110140
0.107453
0.104811
0.102213
0.099660
0.097151
0.094686
0.092265
0.089888
0.087555
0.085266
0.083019
0.080816
0.078656
0.076537
0.074462
0.072427
0.070435
0.068483
0.066573
0.064702
0.062872
0.061081
0.059329
0.057616
0.055942
0.054305
0.052705
0.051142
0.049616
0.048126
0.046671
0.045251
0.043866
0.042514
0.041196
0.039911
0.038658
0.037437
0.036247
0.035088
0.033959
0.032860
0.031790
0.030749
0.029736
0.028751
0.027793
0.026861
0.025955
0.025075
0.024220
0.023390
0.022583
0.021800
0.021040
0.020302
0.019586
0.018892
0.018218
0.017565
0.016932
0.016319
0.015725
0.015149
0.014592
0.014052
0.013529
0.013024
0.012534
0.012061
0.011603
0.011160
0.010733
0.010319
0.009919
0.009533
0.009161
0.008800
0.008453
0.008117
0.007794
0.007481
0.007180
0.006890
0.006610
0.006340
0.006080
0.005829
0.005588
0.005355
0.005131
0.004916
0.004709
0.004509
0.004317
0.004133
0.003955
0.003785
0.003621
0.003463
0.003312
0.003166
0.003027
0.002893
0.002764
0.002640
0.002522
0.002408
0.002299
0.002195
0.002095
0.001999
0.001907
0.001819
0.001735
0.001654
0.001576
0.001502
0.001432
0.001364
0.001299
0.001237
0.001178
0.001121
0.001067
0.001015
0.000966
0.000919
0.000874
0.000831
0.000790
0.000750
0.000713
0.000677
0.000643
0.000611
0.000580
0.000551
0.000523
0.000496
0.000470
0.000446
0.000423
0.000401
0.000380
0.000360
0.000341
0.000323
0.000306
0.000290
0.000275
0.000260
0.000246
0.000233
0.000220
0.000208
0.000197
0.000186
0.000176
0.000166
0.000157
0.000149
0.000140
0.000132
0.000125
0.000118
0.000111
0.000105
0.000099
0.000094
0.000088
0.000083
0.000078
0.000074
0.000070
0.000066
0.000062
0.000058
0.000055
0.000052
0.000049
0.000046
0.000043
0.000040
0.000038
0.000036
0.000034
0.000032
0.000030
0.000028
0.000026
0.000025
0.000023
0.000022
0.000020
0.000019
0.000018
0.000017
0.000016
0.000015
0.000014
0.000013
0.000012
0.000011
0.000011
0.000010
0.000009
0.000009
0.000008
0.000008
0.000007
0.000007
0.000006
0.000006
0.000005
0.000005
0.000005
0.000004
0.000004
0.000004
0.000004
0.000003
0.000003
0.000003
0.000003
0.000003
0.000002
0.000002
0.000002
0.000002
0.000002
0.000002
0.000002
0.000001
0.000001
0.000001
0.000001
0.000001
0.000001
0.000001
0.000001
0.000001
0.000001
0.000001
0.000001
0.000001
0.000001
0.000001
0.000000
0.000000
0.000000
0.000000
0.000000
0.000000
0.000000
0.000000
0.000000
0.000000
0.000000
0.000000
0.000000
0.000000
0.000000
0.000000
0.000000
0.000000
0.000000
0.000000
0.000000
0.000000
0.000000
0.000000
0.000000
0.000000
0.000000
0.000000
0.000000
0.000000
0.000000
0.000000
0.000000
0.000000
0.000000
0.000000
0.000000
0.000000
0.000000
0.000000
0.000000
0.000000
0.000000
0.000000
0.000000
0.000000
0.000000
0.000000
0.000000
0.000000
0.000000
0.000000
0.000000
0.000000
0.000000
0.000000
0.000000
0.000000
0.000000
0.000000
0.000000
0.000000
0.000000
0.000000
0.000000
0.000000
0.000000
0.000000
0.000000
0.000000
0.000000
0.000000
0.000000
0.000000
0.000000
0.000000
0.000000
0.000000
0.000000
0.000000
0.000000
0.000000
0.000000
0.000000
0.000000
0.000000
0.000000
0.000000
0.000000
0.000000
0.000000
0.000000
0.000000
0.000000
0.000000
0.000000
0.000000
0.000000
0.000000
0.000000
0.000000
0.000000
0.000000
0.000000
0.000000
0.000000
0.000000
0.000000
0.000000
0.000000
0.000000
0.000000
0.000000
0.000000
0.000000
0.000000
0.000000
0.000000
0.000000
0.000000
0.000000
0.000000
0.000000
0.000000
0.000000
0.000000
0.000000
0.000000
0.000000
0.000000
0.000000
0.000000
0.000000
0.000000
0.000000
0.000000
0.000000
0.000000
0.000000
0.000000
0.000000
0.000000
0.000000
0.000000
0.000000
0.000000
0.000000
0.000000
0.000000
0.000000
0.000000
0.000000
0.000000
0.000000
0.000000
0.000000
0.000000
0.000000
0.000000
0.000000
0.000000
0.000000
0.000000
0.000000
0.000000
0.000000
0.000000
0.000000
0.000000
0.000000
0.000000
0.000000
0.000000
0.000000
0.000000
0.000000
0.000000
0.000000
0.000000
0.000000
0.000000
0.000000
0.000000
