0.000016
0.000035
0.000050
0.000068
0.000089
0.000097
0.000128
0.000137
0.000148
0.000190
0.000202
0.000192
0.000220
0.000289
0.000359
0.000410
0.000445
0.000474
0.000501
0.000529
0.000558
0.000589
0.000621
0.000655
0.000691
0.000728
0.000768
0.000809
0.000853
0.000898
0.000946
0.000996
0.001049
0.001104
0.001162
0.001223
0.001286
0.001353
0.001423
0.001496
0.001573
0.001653
0.001737
0.001825
0.001917
0.002013
0.002114
0.002219
0.002329
0.002444
0.002564
0.002689
0.002821
0.002958
0.003101
0.003250
0.003406
0.003568
0.003738
0.003915
0.004099
0.004292
0.004492
0.004701
0.004919
0.005146
0.005382
0.005628
0.005884
0.006150
0.006428
0.006716
0.007017
0.007329
0.007653
0.007991
0.008341
0.008706
0.009084
0.009477
0.009885
0.010309
0.010749
0.011205
0.011679
0.012170
0.012679
0.013208
0.013755
0.014322
0.014910
0.015519
0.016150
0.016803
0.017480
0.018179
0.018904
0.019653
0.020428
0.021230
0.022058
0.022915
0.023800
0.024715
0.025660
0.026635
0.027643
0.028683
0.029757
0.030865
0.032007
0.033186
0.034401
0.035655
0.036946
0.038277
0.039648
0.041061
0.042515
0.044013
0.045554
0.047141
0.048773
0.050452
0.052178
0.053954
0.055779
0.057654
0.059582
0.061561
0.063594
0.065682
0.067825
0.070025
0.072282
0.074597
0.076972
0.079407
0.081903
0.084461
0.087082
0.089768
0.092518
0.095335
0.098218
0.101168
0.104188
0.107277
0.110436
0.113666
0.116968
0.120343
0.123792
0.127315
0.130912
0.134586
0.138336
0.142163
0.146068
0.150052
0.154114
0.158256
0.162478
0.166780
0.171164
0.175629
0.180175
0.184804
0.189516
0.194310
0.199187
0.204147
0.209191
0.214318
0.219528
0.224822
0.230200
0.235660
0.241204
0.246831
0.252541
0.258333
0.264207
0.270163
0.276200
0.282318
0.288516
0.294794
0.301150
0.307584
0.314095
0.320683
0.327346
0.334083
0.340894
0.347777
0.354730
0.361754
0.368845
0.376004
0.383228
0.390515
0.397866
0.405276
0.412746
0.420273
0.427855
0.435490
0.443177
0.450913
0.458696
0.466524
0.474394
0.482305
0.490254
0.498239
0.506256
0.514305
0.522381
0.530482
0.538606
0.546749
0.554910
0.563084
0.571269
0.579463
0.587661
0.595862
0.604060
0.612255
0.620442
0.628619
0.636781
0.644925
0.653049
0.661149
0.669221
0.677262
0.685268
0.693237
0.701163
0.709046
0.716879
0.724661
0.732387
0.740054
0.747658
0.755195
0.762663
0.770058
0.777375
0.784612
0.791765
0.798831
0.805805
0.812685
0.819467
0.826148
0.832724
0.839192
0.845548
0.851790
0.857914
0.863917
0.869796
0.875547
0.881168
0.886656
0.892007
0.897220
0.902290
0.907215
0.911994
0.916622
0.921097
0.925418
0.929582
0.933585
0.937427
0.941105
0.944617
0.947961
0.951135
0.954137
0.956967
0.959621
0.962098
0.964398
0.966518
0.968459
0.970218
0.971794
0.973187
0.974396
0.975420
0.976259
0.976912
0.977379
0.977659
0.977753
0.977659
0.977379
0.976913
0.976260
0.975422
0.974397
0.973188
0.971795
0.970219
0.968460
0.966520
0.964399
0.962100
0.959622
0.956968
0.954139
0.951137
0.947963
0.944620
0.941108
0.937430
0.933589
0.929585
0.925422
0.921101
0.916625
0.911997
0.907219
0.902294
0.897223
0.892011
0.886660
0.881172
0.875551
0.869800
0.863921
0.857918
0.851795
0.845553
0.839196
0.832728
0.826152
0.819472
0.812690
0.805810
0.798836
0.791770
0.784618
0.777381
0.770063
0.762669
0.755201
0.747663
0.740059
0.732393
0.724667
0.716886
0.709052
0.701170
0.693243
0.685275
0.677268
0.669227
0.661155
0.653056
0.644932
0.636788
0.628625
0.620449
0.612262
0.604067
0.595869
0.587668
0.579470
0.571276
0.563091
0.554917
0.546757
0.538614
0.530490
0.522389
0.514313
0.506265
0.498248
0.490263
0.482314
0.474403
0.466533
0.458705
0.450922
0.443186
0.435499
0.427864
0.420282
0.412755
0.405286
0.397875
0.390525
0.383237
0.376013
0.368855
0.361763
0.354740
0.347786
0.340903
0.334093
0.327355
0.320692
0.314105
0.307593
0.301159
0.294803
0.288526
0.282328
0.276210
0.270173
0.264217
0.258342
0.252550
0.246840
0.241213
0.235670
0.230209
0.224831
0.219537
0.214327
0.209200
0.204156
0.199196
0.194319
0.189525
0.184813
0.180184
0.175637
0.171172
0.166789
0.162486
0.158264
0.154122
0.150060
0.146076
0.142171
0.138344
0.134593
0.130920
0.127322
0.123799
0.120350
0.116975
0.113673
0.110442
0.107283
0.104194
0.101175
0.098224
0.095341
0.092524
0.089774
0.087088
0.084467
0.081908
0.079412
0.076977
0.074602
0.072287
0.070030
0.067830
0.065687
0.063599
0.061566
0.059586
0.057659
0.055783
0.053958
0.052183
0.050456
0.048777
0.047145
0.045558
0.044017
0.042519
0.041064
0.039652
0.038280
0.036949
0.035658
0.034405
0.033189
0.032010
0.030867
0.029760
0.028686
0.027646
0.026638
0.025662
0.024717
0.023803
0.022917
0.022061
0.021232
0.020430
0.019655
0.018906
0.018181
0.017482
0.016805
0.016152
0.015521
0.014912
0.014324
0.013757
0.013209
0.012681
0.012171
0.011680
0.011207
0.010750
0.010310
0.009886
0.009478
0.009085
0.008707
0.008342
0.007992
0.007654
0.007330
0.007017
0.006717
0.006429
0.006151
0.005885
0.005629
0.005383
0.005146
0.004920
0.004702
0.004493
0.004292
0.004100
0.003915
0.003738
0.003569
0.003406
0.003250
0.003101
0.002958
0.002821
0.002690
0.002564
0.002444
0.002329
0.002219
0.002114
0.002013
0.001917
0.001825
0.001737
0.001653
0.001573
0.001496
0.001423
0.001353
0.001287
0.001223
0.001162
0.001104
0.001049
0.000996
0.000946
0.000898
0.000853
0.000809
0.000768
0.000729
0.000691
0.000655
0.000621
0.000589
0.000558
0.000529
0.000501
0.000475
0.000450
0.000426
0.000403
0.000381
0.000361
0.000341
0.000323
0.000305
0.000289
0.000273
0.000258
0.000244
0.000230
0.000218
0.000206
0.000194
0.000183
0.000173
0.000163
0.000154
0.000145
0.000137
0.000129
0.000122
0.000115
0.000108
0.000102
0.000096
0.000090
0.000085
0.000080
0.000075
0.000071
0.000067
0.000063
0.000059
0.000056
0.000052
0.000049
0.000046
0.000043
0.000041
0.000038
0.000036
0.000034
0.000032
0.000030
0.000028
0.000026
0.000025
0.000023
0.000022
0.000020
0.000019
0.000018
0.000017
0.000016
0.000015
0.000014
0.000013
0.000012
0.000011
0.000011
0.000010
0.000009
0.000009
0.000008
0.000008
0.000007
0.000007
0.000006
0.000006
0.000005
0.000005
0.000005
0.000004
0.000004
0.000004
0.000004
0.000003
0.000003
0.000003
0.000003
0.000002
0.000002
0.000002
0.000002
0.000002
0.000002
0.000002
0.000002
0.000001
0.000001
0.000001
0.000001
0.000001
0.000001
0.000001
0.000001
0.000001
0.000001
0.000001
0.000001
0.000001
0.000001
0.000000
0.000000
0.000000
0.000000
0.000000
0.000000
0.000000
0.000000
0.000000
0.000000
0.000000
0.000000
0.000000
0.000000
0.000000
0.000000
0.000000
0.000000
0.000000
0.000000
0.000000
0.000000
0.000000
0.000000
0.000000
0.000000
0.000000
0.000000
0.000000
0.000000
0.000000
0.000000
0.000000
0.000000
0.000000
0.000000
0.000000
0.000000
0.000000
0.000000
0.000000
0.000000
0.000000
0.000000
0.000000
0.000000
0.000000
0.000000
0.000000
0.000000
0.000000
0.000000
0.000000
0.000000
0.000000
0.000000
0.000000
0.000000
0.000000
0.000000
0.000000
0.000000
0.000000
0.000000
0.000000
0.000000
0.000000
0.000000
0.000000
0.000000
0.000000
0.000000
0.000000
0.000000
0.000000
0.000000
0.000000
0.000000
0.000000
0.000000
0.000000
0.000000
0.000000
0.000000
0.000000
0.000000
0.000000
0.000000
0.000000
0.000000
0.000000
0.000000
0.000000
0.000000
0.000000
0.000000
0.000000
0.000000
0.000000
0.000000
0.000000
0.000000
0.000000
0.000000
0.000000
0.000000
0.000000
0.000000
0.000000
0.000000
0.000000
0.000000
0.000000
0.000000
0.000000
0.000000
0.000000
0.000000
0.000000
0.000000
0.000000
0.000000
0.000000
0.000000
0.000000
0.000000
0.000000
0.000000
0.000000
0.000000
0.000000
0.000000
0.000000
0.000000
0.000000
0.000000
0.000000
0.000000
0.000000
0.000000
0.000000
0.000000
0.000000
0.000000
0.000000
0.000000
0.000000
0.000000
0.000000
0.000000
0.000000
0.000000
0.000000
0.000000
0.000000
0.000000
0.000000
0.000000
0.000000
0.000000
0.000000
0.000000
0.000000
0.000000
0.000000
0.000000
0.000000
0.000000
0.000000
0.000000
0.000000
0.000000
0.000000
0.000000
0.000000
0.000000
0.000000
0.000000
0.000000
0.000000
0.000000
0.000000
0.000000
0.000000
0.000000
0.000000
0.000000
0.000000
0.000000
0.000000
0.000000
0.000000
0.000000
0.000000
0.000000
0.000000
0.000000
0.000000
0.000000
0.000000
0.000000
0.000000
0.000000
0.000000
0.000000
0.000000
0.000000
0.000000
0.000000
0.000000
0.000000
0.000000
0.000000
0.000000
0.000000
0.000000
0.000000
0.000000
0.000000
0.000000
0.000000
0.000000
0.000000
0.000000
0.000000
0.000000
0.000000
0.000000
0.000000
0.000000
0.000000
0.000000
0.000000
0.000000
0.000000
0.000000
0.000000
0.000000
0.000000
0.000000
0.000000
0.000000
0.000000
0.000000
0.000000
0.000000
0.000000
0.000000
0.000000
0.000000
0.000000
0.000000
0.000000
0.000000
0.000000
0.000000
0.000000
0.000000
0.000000
0.000000
0.000000
0.000000
0.000000
0.000000
0.000000
0.000000
0.000000
0.000000
0.000000
0.000000
0.000000
0.000000
0.000000
0.000000
0.000000
0.000000
0.000000
0.000000
0.000000
0.000000
0.000000
0.000000
0.000000
0.000000
0.000000
0.000000
0.000000
0.000000
0.000000
0.000000
0.000000
0.000000
0.000000
0.000000
0.000000
0.000000
0.000000
0.000000
0.000000
0.000000
0.000000
0.000000
0.000000
0.000000
0.000000
0.000000
0.000000
0.000000
0.000000
0.000000
0.000000
0.000000
