0.002840
0.005681
0.008524
0.011370
0.014220
0.017075
0.019936
0.022804
0.025680
0.028564
0.031459
0.034365
0.037282
0.040213
0.043156
0.046114
0.049087
0.052078
0.055083
0.058109
0.061151
0.064215
0.067297
0.070401
0.073526
0.076674
0.079845
0.083038
0.086258
0.089499
0.092769
0.096062
0.099383
0.102729
0.106103
0.109506
0.112934
0.116393
0.119877
0.123393
0.126935
0.130507
0.134110
0.137738
0.141400
0.145086
0.148804
0.152552
0.156325
0.160133
0.163962
0.167824
0.171714
0.175627
0.179575
0.183542
0.187540
0.191564
0.195608
0.199684
0.203778
0.207897
0.212042
0.216202
0.220388
0.224594
0.228814
0.233060
0.237317
0.241590
0.245885
0.250186
0.254502
0.258836
0.263170
0.267519
0.271879
0.276236
0.280605
0.284980
0.289348
0.293724
0.298102
0.302466
0.306835
0.311202
0.315551
0.319896
0.324238
0.328556
0.332864
0.337165
0.341439
0.345691
0.349933
0.354150
0.358331
0.362495
0.366638
0.370737
0.374804
0.378850
0.382856
0.386812
0.390736
0.394630
0.398470
0.402256
0.406006
0.409716
0.413363
0.416949
0.420492
0.423989
0.427417
0.430774
0.434078
0.437331
0.440517
0.443620
0.446652
0.449628
0.452543
0.455375
0.458118
0.460783
0.463385
0.465918
0.468368
0.470721
0.472980
0.475159
0.477267
0.479299
0.481243
0.483085
0.484823
0.486461
0.488010
0.489476
0.490863
0.492165
0.493379
0.494497
0.495514
0.496429
0.497242
0.497952
0.498560
0.499067
0.499474
0.499780
0.499986
0.500093
0.500099
0.500006
0.499814
0.499522
0.499130
0.498640
0.498050
0.497363
0.496578
0.495695
0.494715
0.493640
0.492469
0.491203
0.489843
0.488391
0.486846
0.485210
0.483484
0.481668
0.479764
0.477774
0.475697
0.473535
0.471291
0.468966
0.466560
0.464075
0.461512
0.458874
0.456161
0.453377
0.450520
0.447594
0.444600
0.441540
0.438416
0.435230
0.431984
0.428679
0.425317
0.421900
0.418430
0.414909
0.411340
0.407722
0.404061
0.400355
0.396609
0.392825
0.389003
0.385147
0.381258
0.377339
0.373391
0.369416
0.365418
0.361397
0.357356
0.353297
0.349223
0.345134
0.341034
0.336923
0.332806
0.328683
0.324556
0.320426
0.316298
0.312172
0.308051
0.303937
0.299830
0.295733
0.291650
0.287579
0.283525
0.279488
0.275471
0.271476
0.267504
0.263556
0.259635
0.255741
0.251879
0.248047
0.244249
0.240485
0.236759
0.233069
0.229419
0.225810
0.222243
0.218719
0.215240
0.211808
0.208423
0.205088
0.201803
0.198569
0.195387
0.192259
0.189187
0.186169
0.183210
0.180308
0.177466
0.174683
0.171962
0.169303
0.166706
0.164173
0.161704
0.159301
0.156964
0.154695
0.152493
0.150360
0.148295
0.146300
0.144375
0.142521
0.140738
0.139028
0.137390
0.135826
0.134334
0.132915
0.131572
0.130303
0.129110
0.127992
0.126949
0.125983
0.125092
0.124278
0.123542
0.122882
0.122299
0.121793
0.121366
0.121016
0.120744
0.120549
0.120433
0.120393
0.120433
0.120549
0.120744
0.121016
0.121366
0.121793
0.122299
0.122881
0.123541
0.124278
0.125091
0.125981
0.126948
0.127990
0.129109
0.130302
0.131570
0.132913
0.134330
0.135823
0.137387
0.139025
0.140736
0.142518
0.144372
0.146296
0.148292
0.150357
0.152490
0.154692
0.156962
0.159298
0.161701
0.164169
0.166702
0.169299
0.171958
0.174679
0.177462
0.180304
0.183206
0.186165
0.189181
0.192253
0.195381
0.198563
0.201797
0.205083
0.208419
0.211803
0.215235
0.218713
0.222237
0.225804
0.229413
0.233064
0.236753
0.240480
0.244244
0.248042
0.251874
0.255737
0.259629
0.263551
0.267499
0.271472
0.275467
0.279484
0.283520
0.287574
0.291644
0.295729
0.299825
0.303932
0.308047
0.312168
0.316292
0.320420
0.324548
0.328675
0.332799
0.336917
0.341027
0.345127
0.349216
0.353291
0.357349
0.361390
0.365411
0.369410
0.373384
0.377332
0.381251
0.385141
0.388996
0.392818
0.396603
0.400348
0.404053
0.407715
0.411332
0.414901
0.418422
0.421893
0.425309
0.428672
0.431978
0.435225
0.438411
0.441535
0.444595
0.447589
0.450514
0.453371
0.456156
0.458869
0.461508
0.464072
0.466556
0.468963
0.471288
0.473532
0.475693
0.477769
0.479760
0.481664
0.483480
0.485207
0.486843
0.488388
0.489841
0.491201
0.492467
0.493638
0.494714
0.495693
0.496576
0.497361
0.498049
0.498638
0.499129
0.499520
0.499812
0.500005
0.500099
0.500093
0.499986
0.499781
0.499476
0.499072
0.498568
0.497965
0.497264
0.496465
0.495569
0.494575
0.493485
0.492298
0.491017
0.489641
0.488171
0.486609
0.484954
0.483209
0.481374
0.479451
0.477439
0.475341
0.473158
0.470891
0.468540
0.466109
0.463597
0.461007
0.458340
0.455597
0.452779
0.449889
0.446929
0.443899
0.440802
0.437639
0.434412
0.431123
0.427773
0.424363
0.420897
0.417375
0.413801
0.410176
0.406501
0.402778
0.399009
0.395196
0.391342
0.387448
0.383516
0.379548
0.375546
0.371512
0.367448
0.363355
0.359236
0.355093
0.350927
0.346741
0.342537
0.338315
0.334079
0.329830
0.325570
0.321301
0.317024
0.312742
0.308456
0.304168
0.299879
0.295592
0.291307
0.287028
0.282755
0.278490
0.274234
0.269990
0.265758
0.261539
0.257337
0.253151
0.248984
0.244836
0.240709
0.236604
0.232523
0.228467
0.224436
0.220432
0.216457
0.212511
0.208595
0.204710
0.200858
0.197038
0.193253
0.189502
0.185787
0.182108
0.178466
0.174863
0.171298
0.167772
0.164285
0.160839
0.157434
0.154070
0.150748
0.147468
0.144231
0.141036
0.137885
0.134777
0.131712
0.128692
0.125716
0.122784
0.119896
0.117053
0.114255
0.111501
0.108791
0.106127
0.103507
0.100931
0.098400
0.095913
0.093470
0.091071
0.088716
0.086405
0.084137
0.081912
0.079731
0.077591
0.075494
0.073439
0.071426
0.069454
0.067523
0.065632
0.063782
0.061971
0.060200
0.058468
0.056774
0.055118
0.053500
0.051919
0.050375
0.048867
0.047394
0.045957
0.044554
0.043186
0.041851
0.040549
0.039280
0.038043
0.036838
0.035663
0.034520
0.033406
0.032322
0.031266
0.030239
0.029240
0.028269
0.027324
0.026405
0.025512
0.024645
0.023802
0.022983
0.022188
0.021417
0.020668
0.019941
0.019236
0.018552
0.017889
0.017246
0.016623
0.016020
0.015435
0.014868
0.014320
0.013788
0.013274
0.012777
0.012296
0.011830
0.011380
0.010945
0.010524
0.010117
0.009725
0.009345
0.008979
0.008625
0.008284
0.007954
0.007636
0.007329
0.007034
0.006748
0.006474
0.006209
0.005953
0.005707
0.005470
0.005242
0.005023
0.004811
0.004608
0.004412
0.004224
0.004043
0.003869
0.003702
0.003541
0.003387
0.003238
0.003096
0.002959
0.002828
0.002702
0.002581
0.002465
0.002353
0.002247
0.002144
0.002046
0.001952
0.001862
0.001776
0.001694
0.001615
0.001539
0.001467
0.001397
0.001331
0.001268
0.001207
0.001149
0.001094
0.001041
0.000990
0.000942
0.000896
0.000852
0.000810
0.000770
0.000731
0.000695
0.000660
0.000627
0.000595
0.000565
0.000536
0.000509
0.000483
0.000458
0.000434
0.000412
0.000391
0.000370
0.000351
0.000332
0.000315
0.000298
0.000282
0.000267
0.000253
0.000239
0.000226
0.000214
0.000203
0.000192
0.000181
0.000171
0.000162
0.000153
0.000144
0.000136
0.000129
0.000122
0.000115
0.000108
0.000102
0.000096
0.000091
0.000086
0.000081
0.000076
0.000072
0.000068
0.000064
0.000060
0.000056
0.000053
0.000050
0.000047
0.000044
0.000042
0.000039
0.000037
0.000035
0.000033
0.000031
0.000029
0.000027
0.000025
0.000024
0.000022
0.000021
0.000020
0.000018
0.000017
0.000016
0.000015
0.000014
0.000013
0.000013
0.000012
0.000011
0.000010
0.000010
0.000009
0.000008
0.000008
0.000007
0.000007
0.000006
0.000006
0.000006
0.000005
0.000005
0.000005
0.000004
0.000004
0.000004
0.000004
0.000003
0.000003
0.000003
0.000003
0.000002
0.000002
0.000002
0.000002
0.000002
0.000002
0.000002
0.000002
0.000001
0.000001
0.000001
0.000001
0.000001
0.000001
0.000001
0.000001
0.000001
0.000001
0.000001
0.000001
0.000001
0.000001
0.000001
0.000000
0.000000
0.000000
0.000000
0.000000
0.000000
0.000000
0.000000
0.000000
0.000000
0.000000
0.000000
0.000000
0.000000
0.000000
0.000000
0.000000
0.000000
0.000000
0.000000
0.000000
0.000000
0.000000
0.000000
0.000000
0.000000
0.000000
0.000000
0.000000
0.000000
0.000000
0.000000
0.000000
0.000000
0.000000
0.000000
0.000000
0.000000
0.000000
0.000000
0.000000
0.000000
0.000000
0.000000
0.000000
0.000000
0.000000
0.000000
0.000000
0.000000
0.000000
0.000000
0.000000
0.000000
0.000000
0.000000
0.000000
0.000000
0.000000
0.000000
0.000000
0.000000
0.000000
0.000000
0.000000
0.000000
0.000000
0.000000
0.000000
0.000000
0.000000
0.000000
0.000000
0.000000
0.000000
0.000000
0.000000
0.000000
0.000000
0.000000
0.000000
0.000000
0.000000
0.000000
0.000000
0.000000
0.000000
0.000000
0.000000
0.000000
0.000000
0.000000
0.000000
0.000000
0.000000
0.000000
0.000000
0.000000
0.000000
0.000000
0.000000
0.000000
0.000000
0.000000
0.000000
0.000000
0.000000
0.000000
0.000000
0.000000
0.000000
0.000000
0.000000
0.000000
0.000000
0.000000
0.000000
0.000000
0.000000
0.000000
0.000000
0.000000
0.000000
0.000000
0.000000
0.000000
0.000000
0.000000
0.000000
0.000000
0.000000
0.000000
0.000000
0.000000
0.000000
0.000000
0.000000
0.000000
0.000000
0.000000
0.000000
0.000000
0.000000
0.000000
0.000000
0.000000
0.000000
0.000000
0.000000
0.000000
0.000000
0.000000
0.000000
0.000000
0.000000
0.000000
0.000000
0.000000
0.000000
0.000000
0.000000
0.000000
0.000000
0.000000
0.000000
0.000000
0.000000
0.000000
0.000000
0.000000
0.000000
0.000000
0.000000
0.000000
0.000000
0.000000
0.000000
0.000000
0.000000
0.000000
0.000000
0.000000
