0.002875
0.005750
0.008628
0.011509
0.014394
0.017283
0.020179
0.023082
0.025992
0.028912
0.031841
0.034781
0.037732
0.040698
0.043675
0.046668
0.049674
0.052699
0.055738
0.058797
0.061874
0.064970
0.068086
0.071223
0.074382
0.077561
0.080766
0.083991
0.087243
0.090517
0.093818
0.097144
0.100495
0.103874
0.107277
0.110712
0.114170
0.117659
0.121174
0.124717
0.128291
0.131890
0.135522
0.139178
0.142866
0.146582
0.150325
0.154101
0.157900
0.161732
0.165589
0.169473
0.173389
0.177326
0.181295
0.185289
0.189305
0.193353
0.197418
0.201512
0.205630
0.209764
0.213929
0.218109
0.222309
0.226534
0.230769
0.235027
0.239304
0.243588
0.247894
0.252212
0.256535
0.260879
0.265227
0.269580
0.273950
0.278317
0.282688
0.287071
0.291446
0.295820
0.300203
0.304573
0.308937
0.313306
0.317657
0.321996
0.326335
0.330655
0.334953
0.339246
0.343519
0.347761
0.351990
0.356201
0.360374
0.364521
0.368650
0.372742
0.376791
0.380815
0.384810
0.388752
0.392651
0.396522
0.400348
0.404114
0.407834
0.411518
0.415148
0.418709
0.422219
0.425685
0.429092
0.432423
0.435690
0.438907
0.442064
0.445141
0.448137
0.451071
0.453947
0.456749
0.459461
0.462087
0.464642
0.467131
0.469545
0.471864
0.474085
0.476218
0.478275
0.480259
0.482161
0.483965
0.485664
0.487259
0.488759
0.490173
0.491505
0.492756
0.493919
0.494989
0.495959
0.496829
0.497595
0.498257
0.498818
0.499276
0.499633
0.499890
0.500046
0.500103
0.500059
0.499916
0.499673
0.499331
0.498890
0.498349
0.497710
0.496973
0.496139
0.495207
0.494179
0.493055
0.491836
0.490522
0.489115
0.487616
0.486025
0.484343
0.482571
0.480710
0.478762
0.476727
0.474607
0.472403
0.470117
0.467749
0.465303
0.462777
0.460176
0.457499
0.454749
0.451926
0.449033
0.446072
0.443043
0.439948
0.436792
0.433573
0.430296
0.426960
0.423568
0.420122
0.416624
0.413076
0.409480
0.405838
0.402151
0.398422
0.394654
0.390848
0.387005
0.383129
0.379222
0.375284
0.371318
0.367328
0.363314
0.359279
0.355225
0.351153
0.347067
0.342967
0.338857
0.334737
0.330611
0.326480
0.322346
0.318211
0.314077
0.309947
0.305823
0.301705
0.297596
0.293498
0.289414
0.285343
0.281289
0.277253
0.273239
0.269245
0.265276
0.261332
0.257415
0.253525
0.249669
0.245843
0.242051
0.238294
0.234573
0.230891
0.227249
0.223649
0.220090
0.216575
0.213105
0.209681
0.206307
0.202981
0.199706
0.196482
0.193311
0.190193
0.187131
0.184125
0.181176
0.178286
0.175453
0.172682
0.169971
0.167323
0.164737
0.162215
0.159757
0.157364
0.155038
0.152779
0.150587
0.148464
0.146409
0.144423
0.142507
0.140662
0.138889
0.137187
0.135558
0.134001
0.132517
0.131106
0.129769
0.128507
0.127320
0.126208
0.125171
0.124210
0.123325
0.122515
0.121782
0.121126
0.120546
0.120044
0.119619
0.119271
0.119000
0.118806
0.118690
0.118651
0.118690
0.118807
0.119000
0.119271
0.119619
0.120044
0.120546
0.121126
0.121782
0.122515
0.123323
0.124208
0.125170
0.126207
0.127319
0.128506
0.129767
0.131103
0.132513
0.133998
0.135555
0.137184
0.138886
0.140660
0.142504
0.144419
0.146405
0.148460
0.150585
0.152776
0.155036
0.157362
0.159754
0.162211
0.164734
0.167319
0.169968
0.172678
0.175450
0.178281
0.181172
0.184120
0.187126
0.190188
0.193305
0.196476
0.199700
0.202976
0.206302
0.209677
0.213100
0.216569
0.220083
0.223642
0.227244
0.230886
0.234568
0.238288
0.242045
0.245838
0.249664
0.253521
0.257410
0.261327
0.265271
0.269241
0.273234
0.277249
0.281285
0.285338
0.289408
0.293493
0.297591
0.301700
0.305818
0.309943
0.314071
0.318205
0.322339
0.326473
0.330604
0.334730
0.338850
0.342960
0.347059
0.351146
0.355218
0.359272
0.363307
0.367322
0.371312
0.375277
0.379214
0.383123
0.386999
0.390841
0.394647
0.398416
0.402144
0.405830
0.409472
0.413068
0.416616
0.420115
0.423561
0.426953
0.430290
0.433567
0.436786
0.439944
0.443037
0.446066
0.449028
0.451920
0.454743
0.457494
0.460171
0.462774
0.465300
0.467746
0.470114
0.472400
0.474603
0.476723
0.478757
0.480706
0.482567
0.484339
0.486022
0.487613
0.489113
0.490520
0.491834
0.493053
0.494177
0.495205
0.496137
0.496972
0.497709
0.498348
0.498888
0.499329
0.499672
0.499915
0.500058
0.500102
0.500046
0.499891
0.499636
0.499281
0.498828
0.498275
0.497623
0.496873
0.496026
0.495081
0.494039
0.492900
0.491667
0.490338
0.488915
0.487399
0.485791
0.484091
0.482301
0.480421
0.478454
0.476399
0.474258
0.472033
0.469724
0.467333
0.464861
0.462310
0.459682
0.456977
0.454196
0.451342
0.448417
0.445422
0.442358
0.439228
0.436033
0.432774
0.429455
0.426074
0.422636
0.419142
0.415594
0.411994
0.408344
0.404644
0.400898
0.397108
0.393274
0.389400
0.385486
0.381536
0.377551
0.373533
0.369483
0.365404
0.361298
0.357167
0.353012
0.348836
0.344641
0.340428
0.336199
0.331956
0.327701
0.323436
0.319163
0.314884
0.310599
0.306312
0.302023
0.297735
0.293449
0.289167
0.284891
0.280621
0.276361
0.272110
0.267872
0.263647
0.259436
0.255242
0.251065
0.246907
0.242770
0.238654
0.234561
0.230492
0.226448
0.222431
0.218441
0.214480
0.210549
0.206648
0.202780
0.198944
0.195141
0.191373
0.187640
0.183943
0.180283
0.176660
0.173075
0.169530
0.166024
0.162557
0.159132
0.155747
0.152404
0.149103
0.145844
0.142628
0.139455
0.136325
0.133239
0.130197
0.127198
0.124244
0.121334
0.118469
0.115648
0.112872
0.110140
0.107453
0.104811
0.102213
0.099660
0.097151
0.094686
0.092265
0.089888
0.087555
0.085266
0.083019
0.080816
0.078656
0.076537
0.074462
0.072427
0.070435
0.068483
0.066573
0.064702
0.062872
0.061081
0.059329
0.057616
0.055942
0.054305
0.052705
0.051142
0.049616
0.048126
0.046671
0.045251
0.043866
0.042514
0.041196
0.039911
0.038658
0.037437
0.036247
0.035088
0.033959
0.032860
0.031790
0.030749
0.029736
0.028751
0.027793
0.026861
0.025956
0.025075
0.024220
0.023390
0.022583
0.021800
0.021040
0.020302
0.019586
0.018892
0.018218
0.017565
0.016932
0.016319
0.015725
0.015149
0.014592
0.014052
0.013529
0.013024
0.012534
0.012061
0.011603
0.011160
0.010733
0.010319
0.009919
0.009533
0.009161
0.008801
0.008453
0.008117
0.007794
0.007481
0.007180
0.006890
0.006610
0.006340
0.006080
0.005829
0.005588
0.005355
0.005131
0.004916
0.004709
0.004509
0.004317
0.004133
0.003955
0.003785
0.003621
0.003463
0.003312
0.003166
0.003027
0.002893
0.002764
0.002641
0.002522
0.002408
0.002299
0.002195
0.002095
0.001999
0.001907
0.001819
0.001735
0.001654
0.001576
0.001502
0.001432
0.001364
0.001299
0.001237
0.001178
0.001121
0.001067
0.001015
0.000966
0.000919
0.000874
0.000831
0.000790
0.000750
0.000713
0.000677
0.000643
0.000611
0.000580
0.000551
0.000523
0.000496
0.000470
0.000446
0.000423
0.000401
0.000380
0.000360
0.000341
0.000323
0.000306
0.000290
0.000275
0.000260
0.000246
0.000233
0.000220
0.000208
0.000197
0.000186
0.000176
0.000166
0.000157
0.000149
0.000140
0.000132
0.000125
0.000118
0.000111
0.000105
0.000099
0.000094
0.000088
0.000083
0.000078
0.000074
0.000070
0.000066
0.000062
0.000058
0.000055
0.000052
0.000049
0.000046
0.000043
0.000040
0.000038
0.000036
0.000034
0.000032
0.000030
0.000028
0.000026
0.000025
0.000023
0.000022
0.000020
0.000019
0.000018
0.000017
0.000016
0.000015
0.000014
0.000013
0.000012
0.000011
0.000011
0.000010
0.000009
0.000009
0.000008
0.000008
0.000007
0.000007
0.000006
0.000006
0.000005
0.000005
0.000005
0.000004
0.000004
0.000004
0.000004
0.000003
0.000003
0.000003
0.000003
0.000003
0.000002
0.000002
0.000002
0.000002
0.000002
0.000002
0.000002
0.000001
0.000001
0.000001
0.000001
0.000001
0.000001
0.000001
0.000001
0.000001
0.000001
0.000001
0.000001
0.000001
0.000001
0.000001
0.000000
0.000000
0.000000
0.000000
0.000000
0.000000
0.000000
0.000000
0.000000
0.000000
0.000000
0.000000
0.000000
0.000000
0.000000
0.000000
0.000000
0.000000
0.000000
0.000000
0.000000
0.000000
0.000000
0.000000
0.000000
0.000000
0.000000
0.000000
0.000000
0.000000
0.000000
0.000000
0.000000
0.000000
0.000000
0.000000
0.000000
0.000000
0.000000
0.000000
0.000000
0.000000
0.000000
0.000000
0.000000
0.000000
0.000000
0.000000
0.000000
0.000000
0.000000
0.000000
0.000000
0.000000
0.000000
0.000000
0.000000
0.000000
0.000000
0.000000
0.000000
0.000000
0.000000
0.000000
0.000000
0.000000
0.000000
0.000000
0.000000
0.000000
0.000000
0.000000
0.000000
0.000000
0.000000
0.000000
0.000000
0.000000
0.000000
0.000000
0.000000
0.000000
0.000000
0.000000
0.000000
0.000000
0.000000
0.000000
0.000000
0.000000
0.000000
0.000000
0.000000
0.000000
0.000000
0.000000
0.000000
0.000000
0.000000
0.000000
0.000000
0.000000
0.000000
0.000000
0.000000
0.000000
0.000000
0.000000
0.000000
0.000000
0.000000
0.000000
0.000000
0.000000
0.000000
0.000000
0.000000
0.000000
0.000000
0.000000
0.000000
0.000000
0.000000
0.000000
0.000000
0.000000
0.000000
0.000000
0.000000
0.000000
0.000000
0.000000
0.000000
0.000000
0.000000
0.000000
0.000000
0.000000
0.000000
0.000000
0.000000
0.000000
0.000000
0.000000
0.000000
0.000000
0.000000
0.000000
0.000000
0.000000
0.000000
0.000000
0.000000
0.000000
0.000000
0.000000
0.000000
0.000000
0.000000
0.000000
0.000000
0.000000
0.000000
0.000000
0.000000
0.000000
0.000000
0.000000
0.000000
0.000000
0.000000
0.000000
0.000000
0.000000
0.000000
0.000000
0.000000
0.000000
0.000000
0.000000
0.000000
0.000000
