0.002910
0.005821
0.008733
0.011649
0.014569
0.017494
0.020424
0.023362
0.026307
0.029262
0.032225
0.035200
0.038186
0.041186
0.044197
0.047224
0.050266
0.053324
0.056398
0.059490
0.062601
0.065730
0.068881
0.072050
0.075243
0.078455
0.081692
0.084951
0.088234
0.091542
0.094873
0.098232
0.101613
0.105025
0.108459
0.111924
0.115413
0.118931
0.122478
0.126049
0.129653
0.133281
0.136940
0.140627
0.144340
0.148086
0.151854
0.155656
0.159483
0.163338
0.167223
0.171130
0.175070
0.179033
0.183022
0.187041
0.191078
0.195146
0.199235
0.203346
0.207485
0.211640
0.215819
0.220021
0.224235
0.228476
0.232731
0.237000
0.241292
0.245591
0.249906
0.254239
0.258573
0.262924
0.267286
0.271646
0.276020
0.280400
0.284774
0.289159
0.293544
0.297919
0.302301
0.306678
0.311040
0.315405
0.319760
0.324095
0.328426
0.332748
0.337041
0.341322
0.345591
0.349829
0.354042
0.358243
0.362411
0.366542
0.370653
0.374736
0.378772
0.382774
0.386750
0.390681
0.394559
0.398403
0.402211
0.405960
0.409653
0.413307
0.416915
0.420457
0.423935
0.427367
0.430747
0.434055
0.437289
0.440467
0.443591
0.446641
0.449607
0.452500
0.455333
0.458101
0.460783
0.463373
0.465882
0.468325
0.470698
0.472983
0.475168
0.477257
0.479265
0.481198
0.483054
0.484819
0.486480
0.488034
0.489488
0.490849
0.492128
0.493324
0.494436
0.495456
0.496380
0.497202
0.497922
0.498538
0.499050
0.499459
0.499767
0.499974
0.500081
0.500087
0.499994
0.499801
0.499508
0.499115
0.498624
0.498034
0.497345
0.496559
0.495675
0.494695
0.493618
0.492446
0.491179
0.489818
0.488364
0.486818
0.485181
0.483453
0.481636
0.479730
0.477738
0.475659
0.473496
0.471250
0.468922
0.466513
0.464026
0.461461
0.458820
0.456105
0.453318
0.450458
0.447529
0.444532
0.441469
0.438341
0.435152
0.431902
0.428593
0.425227
0.421805
0.418331
0.414806
0.411231
0.407609
0.403942
0.400232
0.396479
0.392689
0.388862
0.384999
0.381103
0.377178
0.373222
0.369240
0.365234
0.361205
0.357156
0.353089
0.349006
0.344907
0.340797
0.336677
0.332549
0.328415
0.324277
0.320136
0.315996
0.311857
0.307724
0.303596
0.299476
0.295365
0.291266
0.287181
0.283110
0.279058
0.275024
0.271012
0.267021
0.263055
0.259115
0.255202
0.251318
0.247466
0.243647
0.239861
0.236111
0.232398
0.228724
0.225090
0.221498
0.217947
0.214442
0.210981
0.207567
0.204203
0.200887
0.197622
0.194409
0.191248
0.188141
0.185090
0.182095
0.179157
0.176277
0.173456
0.170696
0.167997
0.165359
0.162784
0.160273
0.157825
0.155444
0.153128
0.150880
0.148698
0.146585
0.144540
0.142564
0.140657
0.138822
0.137057
0.135364
0.133743
0.132194
0.130718
0.129315
0.127985
0.126730
0.125550
0.124443
0.123412
0.122456
0.121576
0.120771
0.120042
0.119389
0.118813
0.118313
0.117891
0.117544
0.117275
0.117083
0.116967
0.116929
0.116967
0.117083
0.117275
0.117545
0.117891
0.118313
0.118812
0.119389
0.120042
0.120771
0.121575
0.122455
0.123410
0.124442
0.125548
0.126729
0.127983
0.129312
0.130715
0.132191
0.133740
0.135361
0.137054
0.138819
0.140655
0.142560
0.144536
0.146581
0.148696
0.150877
0.153126
0.155442
0.157823
0.160269
0.162781
0.165356
0.167993
0.170693
0.173453
0.176273
0.179152
0.182090
0.185085
0.188136
0.191242
0.194403
0.197616
0.200882
0.204198
0.207563
0.210976
0.214436
0.217941
0.221491
0.225084
0.228719
0.232393
0.236106
0.239856
0.243642
0.247462
0.251314
0.255197
0.259109
0.263050
0.267016
0.271006
0.275019
0.279053
0.283106
0.287176
0.291260
0.295360
0.299470
0.303591
0.307719
0.311852
0.315989
0.320129
0.324270
0.328408
0.332542
0.336670
0.340790
0.344900
0.348998
0.353082
0.357149
0.361198
0.365227
0.369234
0.373215
0.377170
0.381096
0.384993
0.388855
0.392682
0.396473
0.400224
0.403934
0.407601
0.411223
0.414797
0.418323
0.421798
0.425220
0.428586
0.431895
0.435146
0.438336
0.441464
0.444527
0.447523
0.450452
0.453312
0.456100
0.458816
0.461457
0.464023
0.466510
0.468919
0.471247
0.473492
0.475655
0.477733
0.479726
0.481631
0.483449
0.485178
0.486815
0.488362
0.489816
0.491177
0.492444
0.493617
0.494693
0.495674
0.496558
0.497344
0.498033
0.498623
0.499114
0.499506
0.499799
0.499993
0.500087
0.500081
0.499976
0.499771
0.499466
0.499062
0.498559
0.497957
0.497257
0.496458
0.495562
0.494569
0.493479
0.492293
0.491012
0.489636
0.488166
0.486604
0.484950
0.483205
0.481370
0.479447
0.477436
0.475338
0.473155
0.470888
0.468538
0.466106
0.463594
0.461005
0.458338
0.455595
0.452777
0.449888
0.446927
0.443898
0.440801
0.437638
0.434411
0.431122
0.427771
0.424362
0.420896
0.417374
0.413800
0.410175
0.406500
0.402777
0.399008
0.395196
0.391342
0.387447
0.383515
0.379547
0.375546
0.371511
0.367447
0.363354
0.359235
0.355092
0.350927
0.346741
0.342536
0.338315
0.334079
0.329830
0.325570
0.321301
0.317024
0.312742
0.308456
0.304167
0.299879
0.295592
0.291307
0.287028
0.282755
0.278490
0.274234
0.269990
0.265758
0.261539
0.257337
0.253151
0.248984
0.244836
0.240709
0.236604
0.232523
0.228466
0.224436
0.220432
0.216457
0.212511
0.208595
0.204710
0.200858
0.197038
0.193253
0.189502
0.185787
0.182108
0.178466
0.174863
0.171298
0.167772
0.164285
0.160839
0.157434
0.154070
0.150748
0.147468
0.144231
0.141036
0.137885
0.134777
0.131712
0.128692
0.125716
0.122784
0.119896
0.117053
0.114254
0.111501
0.108791
0.106127
0.103507
0.100931
0.098400
0.095913
0.093470
0.091071
0.088716
0.086405
0.084137
0.081912
0.079731
0.077591
0.075494
0.073439
0.071426
0.069454
0.067523
0.065632
0.063782
0.061971
0.060200
0.058468
0.056774
0.055118
0.053500
0.051919
0.050375
0.048867
0.047394
0.045957
0.044554
0.043186
0.041851
0.040549
0.039280
0.038043
0.036838
0.035663
0.034520
0.033406
0.032322
0.031266
0.030239
0.029240
0.028269
0.027324
0.026405
0.025512
0.024645
0.023802
0.022983
0.022189
0.021417
0.020668
0.019941
0.019236
0.018552
0.017889
0.017246
0.016623
0.016020
0.015435
0.014868
0.014320
0.013788
0.013274
0.012777
0.012296
0.011830
0.011380
0.010945
0.010524
0.010118
0.009725
0.009345
0.008979
0.008625
0.008284
0.007954
0.007636
0.007329
0.007034
0.006748
0.006474
0.006209
0.005953
0.005707
0.005470
0.005242
0.005023
0.004811
0.004608
0.004412
0.004224
0.004043
0.003869
0.003702
0.003541
0.003387
0.003238
0.003096
0.002959
0.002828
0.002702
0.002581
0.002465
0.002353
0.002247
0.002144
0.002046
0.001952
0.001862
0.001776
0.001694
0.001615
0.001539
0.001467
0.001397
0.001331
0.001268
0.001207
0.001149
0.001094
0.001041
0.000990
0.000942
0.000896
0.000852
0.000810
0.000770
0.000731
0.000695
0.000660
0.000627
0.000595
0.000565
0.000536
0.000509
0.000483
0.000458
0.000434
0.000412
0.000391
0.000370
0.000351
0.000332
0.000315
0.000298
0.000282
0.000267
0.000253
0.000239
0.000226
0.000214
0.000203
0.000192
0.000181
0.000171
0.000162
0.000153
0.000144
0.000136
0.000129
0.000122
0.000115
0.000108
0.000102
0.000096
0.000091
0.000086
0.000081
0.000076
0.000072
0.000068
0.000064
0.000060
0.000056
0.000053
0.000050
0.000047
0.000044
0.000042
0.000039
0.000037
0.000035
0.000033
0.000031
0.000029
0.000027
0.000025
0.000024
0.000022
0.000021
0.000020
0.000018
0.000017
0.000016
0.000015
0.000014
0.000013
0.000013
0.000012
0.000011
0.000010
0.000010
0.000009
0.000008
0.000008
0.000007
0.000007
0.000006
0.000006
0.000006
0.000005
0.000005
0.000005
0.000004
0.000004
0.000004
0.000004
0.000003
0.000003
0.000003
0.000003
0.000002
0.000002
0.000002
0.000002
0.000002
0.000002
0.000002
0.000002
0.000001
0.000001
0.000001
0.000001
0.000001
0.000001
0.000001
0.000001
0.000001
0.000001
0.000001
0.000001
0.000001
0.000001
0.000001
0.000000
0.000000
0.000000
0.000000
0.000000
0.000000
0.000000
0.000000
0.000000
0.000000
0.000000
0.000000
0.000000
0.000000
0.000000
0.000000
0.000000
0.000000
0.000000
0.000000
0.000000
0.000000
0.000000
0.000000
0.000000
0.000000
0.000000
0.000000
0.000000
0.000000
0.000000
0.000000
0.000000
0.000000
0.000000
0.000000
0.000000
0.000000
0.000000
0.000000
0.000000
0.000000
0.000000
0.000000
0.000000
0.000000
0.000000
0.000000
0.000000
0.000000
0.000000
0.000000
0.000000
0.000000
0.000000
0.000000
0.000000
0.000000
0.000000
0.000000
0.000000
0.000000
0.000000
0.000000
0.000000
0.000000
0.000000
0.000000
0.000000
0.000000
0.000000
0.000000
0.000000
0.000000
0.000000
0.000000
0.000000
0.000000
0.000000
0.000000
0.000000
0.000000
0.000000
0.000000
0.000000
0.000000
0.000000
0.000000
0.000000
0.000000
0.000000
0.000000
0.000000
0.000000
0.000000
0.000000
0.000000
0.000000
0.000000
0.000000
0.000000
0.000000
0.000000
0.000000
0.000000
0.000000
0.000000
0.000000
0.000000
0.000000
0.000000
0.000000
0.000000
0.000000
0.000000
0.000000
0.000000
0.000000
0.000000
0.000000
0.000000
0.000000
0.000000
0.000000
0.000000
0.000000
0.000000
0.000000
0.000000
0.000000
0.000000
0.000000
0.000000
0.000000
0.000000
0.000000
0.000000
0.000000
0.000000
0.000000
0.000000
0.000000
0.000000
0.000000
0.000000
0.000000
0.000000
0.000000
0.000000
0.000000
0.000000
0.000000
0.000000
0.000000
0.000000
0.000000
0.000000
0.000000
0.000000
0.000000
0.000000
0.000000
0.000000
0.000000
0.000000
0.000000
0.000000
0.000000
0.000000
0.000000
0.000000
0.000000
0.000000
0.000000
0.000000
0.000000
0.000000
0.000000
0.000000
0.000000
0.000000
