0.002945
0.005891
0.008839
0.011790
0.014745
0.017705
0.020671
0.023644
0.026624
0.029613
0.032612
0.035622
0.038643
0.041677
0.044724
0.047785
0.050862
0.053953
0.057063
0.060188
0.063333
0.066496
0.069680
0.072883
0.076109
0.079355
0.082624
0.085917
0.089231
0.092573
0.095935
0.099326
0.102740
0.106182
0.109649
0.113142
0.116664
0.120210
0.123788
0.127389
0.131021
0.134680
0.138365
0.142082
0.145822
0.149595
0.153392
0.157218
0.161074
0.164951
0.168862
0.172795
0.176757
0.180746
0.184756
0.188797
0.192859
0.196944
0.201058
0.205187
0.209345
0.213521
0.217715
0.221936
0.226168
0.230422
0.234696
0.238978
0.243282
0.247599
0.251922
0.256266
0.260616
0.264972
0.269344
0.273715
0.278092
0.282481
0.286862
0.291247
0.295639
0.300018
0.304397
0.308779
0.313144
0.317502
0.321859
0.326194
0.330516
0.334833
0.339126
0.343395
0.347655
0.351890
0.356091
0.360276
0.364438
0.368558
0.372649
0.376719
0.380745
0.384726
0.388680
0.392597
0.396458
0.400275
0.404059
0.407792
0.411462
0.415084
0.418666
0.422188
0.425639
0.429035
0.432385
0.435669
0.438875
0.442014
0.445099
0.448121
0.451059
0.453913
0.456703
0.459431
0.462082
0.464639
0.467106
0.469501
0.471829
0.474077
0.476227
0.478277
0.480236
0.482118
0.483925
0.485647
0.487269
0.488784
0.490193
0.491505
0.492729
0.493872
0.494930
0.495899
0.496775
0.497550
0.498223
0.498792
0.499256
0.499617
0.499876
0.500034
0.500091
0.500047
0.499904
0.499660
0.499317
0.498875
0.498334
0.497694
0.496956
0.496121
0.495188
0.494159
0.493034
0.491814
0.490499
0.489091
0.487590
0.485998
0.484314
0.482541
0.480678
0.478729
0.476692
0.474570
0.472364
0.470076
0.467707
0.465258
0.462730
0.460126
0.457446
0.454694
0.451869
0.448972
0.446008
0.442976
0.439879
0.436719
0.433497
0.430215
0.426876
0.423480
0.420030
0.416528
0.412975
0.409374
0.405727
0.402036
0.398301
0.394527
0.390715
0.386867
0.382985
0.379070
0.375126
0.371153
0.367156
0.363134
0.359091
0.355029
0.350949
0.346854
0.342744
0.338625
0.334495
0.330359
0.326217
0.322073
0.317926
0.313781
0.309638
0.305501
0.301371
0.297249
0.293136
0.289037
0.284952
0.280882
0.276831
0.272799
0.268790
0.264802
0.260840
0.256904
0.252996
0.249119
0.245272
0.241460
0.237680
0.233938
0.230232
0.226567
0.222941
0.219357
0.215816
0.212320
0.208869
0.205466
0.202111
0.198806
0.195551
0.192348
0.189198
0.186103
0.183063
0.180079
0.177153
0.174284
0.171474
0.168725
0.166038
0.163411
0.160847
0.158347
0.155911
0.153540
0.151236
0.148997
0.146827
0.144723
0.142688
0.140722
0.138825
0.136999
0.135243
0.133559
0.131947
0.130406
0.128937
0.127542
0.126220
0.124972
0.123798
0.122697
0.121672
0.120721
0.119846
0.119046
0.118321
0.117672
0.117099
0.116602
0.116182
0.115837
0.115570
0.115378
0.115263
0.115225
0.115263
0.115378
0.115570
0.115838
0.116182
0.116602
0.117098
0.117671
0.118321
0.119045
0.119845
0.120720
0.121670
0.122696
0.123796
0.124970
0.126217
0.127539
0.128935
0.130403
0.131944
0.133557
0.135240
0.136996
0.138822
0.140718
0.142684
0.144719
0.146824
0.148995
0.151233
0.153538
0.155909
0.158344
0.160844
0.163408
0.166034
0.168722
0.171471
0.174280
0.177147
0.180074
0.183058
0.186098
0.189193
0.192343
0.195545
0.198800
0.202105
0.205461
0.208863
0.212314
0.215810
0.219351
0.222935
0.226561
0.230227
0.233932
0.237675
0.241454
0.245268
0.249114
0.252992
0.256899
0.260835
0.264797
0.268784
0.272794
0.276826
0.280878
0.284947
0.289032
0.293132
0.297243
0.301366
0.305496
0.309634
0.313774
0.317920
0.322066
0.326210
0.330352
0.334488
0.338618
0.342737
0.346846
0.350942
0.355022
0.359084
0.363127
0.367149
0.371147
0.375119
0.379063
0.382978
0.386860
0.390708
0.394521
0.398294
0.402028
0.405719
0.409366
0.412967
0.416519
0.420023
0.423473
0.426869
0.430209
0.433491
0.436713
0.439874
0.442971
0.446002
0.448967
0.451862
0.454689
0.457442
0.460122
0.462727
0.465255
0.467704
0.470073
0.472361
0.474566
0.476687
0.478724
0.480674
0.482537
0.484311
0.485994
0.487587
0.489089
0.490497
0.491812
0.493032
0.494157
0.495186
0.496119
0.496955
0.497693
0.498333
0.498873
0.499316
0.499659
0.499903
0.500047
0.500091
0.500036
0.499881
0.499626
0.499273
0.498819
0.498267
0.497616
0.496866
0.496019
0.495075
0.494033
0.492895
0.491661
0.490333
0.488910
0.487395
0.485786
0.484087
0.482297
0.480418
0.478451
0.476396
0.474256
0.472031
0.469722
0.467331
0.464859
0.462308
0.459680
0.456974
0.454194
0.451341
0.448415
0.445420
0.442357
0.439227
0.436032
0.432773
0.429453
0.426073
0.422635
0.419141
0.415593
0.411993
0.408343
0.404644
0.400898
0.397107
0.393273
0.389399
0.385485
0.381535
0.377550
0.373532
0.369483
0.365404
0.361298
0.357167
0.353012
0.348836
0.344641
0.340427
0.336198
0.331956
0.327701
0.323436
0.319163
0.314883
0.310599
0.306312
0.302023
0.297735
0.293449
0.289167
0.284890
0.280621
0.276361
0.272110
0.267872
0.263647
0.259436
0.255242
0.251065
0.246907
0.242770
0.238654
0.234560
0.230491
0.226448
0.222430
0.218441
0.214480
0.210549
0.206648
0.202780
0.198944
0.195141
0.191373
0.187640
0.183943
0.180282
0.176660
0.173075
0.169530
0.166023
0.162557
0.159132
0.155747
0.152404
0.149103
0.145844
0.142628
0.139455
0.136325
0.133239
0.130197
0.127198
0.124244
0.121334
0.118469
0.115648
0.112872
0.110140
0.107453
0.104811
0.102213
0.099660
0.097151
0.094686
0.092265
0.089888
0.087555
0.085266
0.083019
0.080816
0.078656
0.076537
0.074462
0.072427
0.070435
0.068483
0.066573
0.064702
0.062872
0.061081
0.059329
0.057616
0.055942
0.054305
0.052705
0.051142
0.049616
0.048126
0.046671
0.045251
0.043866
0.042514
0.041196
0.039911
0.038658
0.037437
0.036247
0.035088
0.033959
0.032860
0.031790
0.030749
0.029736
0.028751
0.027793
0.026861
0.025956
0.025075
0.024220
0.023390
0.022583
0.021800
0.021040
0.020302
0.019586
0.018892
0.018218
0.017565
0.016932
0.016319
0.015725
0.015149
0.014592
0.014052
0.013529
0.013024
0.012534
0.012061
0.011603
0.011161
0.010733
0.010319
0.009919
0.009533
0.009161
0.008801
0.008453
0.008117
0.007794
0.007481
0.007180
0.006890
0.006610
0.006340
0.006080
0.005829
0.005588
0.005355
0.005131
0.004916
0.004709
0.004509
0.004317
0.004133
0.003955
0.003785
0.003621
0.003463
0.003312
0.003166
0.003027
0.002893
0.002764
0.002641
0.002522
0.002408
0.002299
0.002195
0.002095
0.001999
0.001907
0.001819
0.001735
0.001654
0.001576
0.001502
0.001432
0.001364
0.001299
0.001237
0.001178
0.001121
0.001067
0.001015
0.000966
0.000919
0.000874
0.000831
0.000790
0.000750
0.000713
0.000677
0.000643
0.000611
0.000580
0.000551
0.000523
0.000496
0.000470
0.000446
0.000423
0.000401
0.000380
0.000360
0.000341
0.000323
0.000306
0.000290
0.000275
0.000260
0.000246
0.000233
0.000220
0.000208
0.000197
0.000186
0.000176
0.000166
0.000157
0.000149
0.000140
0.000132
0.000125
0.000118
0.000111
0.000105
0.000099
0.000094
0.000088
0.000083
0.000078
0.000074
0.000070
0.000066
0.000062
0.000058
0.000055
0.000052
0.000049
0.000046
0.000043
0.000040
0.000038
0.000036
0.000034
0.000032
0.000030
0.000028
0.000026
0.000025
0.000023
0.000022
0.000020
0.000019
0.000018
0.000017
0.000016
0.000015
0.000014
0.000013
0.000012
0.000011
0.000011
0.000010
0.000009
0.000009
0.000008
0.000008
0.000007
0.000007
0.000006
0.000006
0.000005
0.000005
0.000005
0.000004
0.000004
0.000004
0.000004
0.000003
0.000003
0.000003
0.000003
0.000003
0.000002
0.000002
0.000002
0.000002
0.000002
0.000002
0.000002
0.000001
0.000001
0.000001
0.000001
0.000001
0.000001
0.000001
0.000001
0.000001
0.000001
0.000001
0.000001
0.000001
0.000001
0.000001
0.000000
0.000000
0.000000
0.000000
0.000000
0.000000
0.000000
0.000000
0.000000
0.000000
0.000000
0.000000
0.000000
0.000000
0.000000
0.000000
0.000000
0.000000
0.000000
0.000000
0.000000
0.000000
0.000000
0.000000
0.000000
0.000000
0.000000
0.000000
0.000000
0.000000
0.000000
0.000000
0.000000
0.000000
0.000000
0.000000
0.000000
0.000000
0.000000
0.000000
0.000000
0.000000
0.000000
0.000000
0.000000
0.000000
0.000000
0.000000
0.000000
0.000000
0.000000
0.000000
0.000000
0.000000
0.000000
0.000000
0.000000
0.000000
0.000000
0.000000
0.000000
0.000000
0.000000
0.000000
0.000000
0.000000
0.000000
0.000000
0.000000
0.000000
0.000000
0.000000
0.000000
0.000000
0.000000
0.000000
0.000000
0.000000
0.000000
0.000000
0.000000
0.000000
0.000000
0.000000
0.000000
0.000000
0.000000
0.000000
0.000000
0.000000
0.000000
0.000000
0.000000
0.000000
0.000000
0.000000
0.000000
0.000000
0.000000
0.000000
0.000000
0.000000
0.000000
0.000000
0.000000
0.000000
0.000000
0.000000
0.000000
0.000000
0.000000
0.000000
0.000000
0.000000
0.000000
0.000000
0.000000
0.000000
0.000000
0.000000
0.000000
0.000000
0.000000
0.000000
0.000000
0.000000
0.000000
0.000000
0.000000
0.000000
0.000000
0.000000
0.000000
0.000000
0.000000
0.000000
0.000000
0.000000
0.000000
0.000000
0.000000
0.000000
0.000000
0.000000
0.000000
0.000000
0.000000
0.000000
0.000000
0.000000
0.000000
0.000000
0.000000
0.000000
0.000000
0.000000
0.000000
0.000000
0.000000
0.000000
0.000000
0.000000
0.000000
0.000000
0.000000
0.000000
0.000000
0.000000
0.000000
0.000000
0.000000
0.000000
0.000000
0.000000
0.000000
0.000000
0.000000
0.000000
0.000000
0.000000
0.000000
