0.002981
0.005962
0.008946
0.011932
0.014923
0.017918
0.020920
0.023927
0.026944
0.029968
0.033002
0.036047
0.039104
0.042171
0.045254
0.048349
0.051461
0.054586
0.057730
0.060890
0.064070
0.067267
0.070484
0.073722
0.076979
0.080261
0.083561
0.086888
0.090235
0.093609
0.097004
0.100426
0.103873
0.107344
0.110845
0.114367
0.117921
0.121497
0.125104
0.128737
0.132395
0.136085
0.139798
0.143543
0.147312
0.151110
0.154937
0.158787
0.162669
0.166573
0.170507
0.174468
0.178450
0.182465
0.186498
0.190559
0.194645
0.198750
0.202884
0.207035
0.211209
0.215407
0.219618
0.223854
0.228107
0.232373
0.236663
0.240961
0.245275
0.249608
0.253943
0.258295
0.262659
0.267023
0.271402
0.275786
0.280166
0.284560
0.288952
0.293337
0.297731
0.302118
0.306495
0.310876
0.315245
0.319598
0.323951
0.328289
0.332604
0.336913
0.341205
0.345466
0.349713
0.353943
0.358136
0.362304
0.366455
0.370567
0.374640
0.378690
0.382706
0.386671
0.390600
0.394499
0.398346
0.402139
0.405895
0.409609
0.413259
0.416852
0.420402
0.423902
0.427330
0.430692
0.434006
0.437264
0.440444
0.443547
0.446592
0.449580
0.452489
0.455311
0.458057
0.460742
0.463357
0.465882
0.468312
0.470661
0.472940
0.475146
0.477261
0.479274
0.481188
0.483019
0.484774
0.486450
0.488031
0.489507
0.490874
0.492138
0.493311
0.494398
0.495402
0.496319
0.497145
0.497873
0.498498
0.499020
0.499437
0.499750
0.499960
0.500068
0.500075
0.499982
0.499789
0.499495
0.499102
0.498610
0.498019
0.497330
0.496543
0.495658
0.494676
0.493599
0.492426
0.491158
0.489796
0.488341
0.486793
0.485154
0.483425
0.481606
0.479699
0.477706
0.475626
0.473460
0.471212
0.468882
0.466472
0.463982
0.461415
0.458772
0.456054
0.453264
0.450402
0.447470
0.444471
0.441404
0.438273
0.435081
0.431827
0.428515
0.425145
0.421719
0.418241
0.414711
0.411132
0.407506
0.403834
0.400118
0.396361
0.392565
0.388732
0.384864
0.380962
0.377030
0.373068
0.369079
0.365066
0.361029
0.356972
0.352897
0.348805
0.344698
0.340579
0.336450
0.332312
0.328168
0.324019
0.319868
0.315717
0.311567
0.307421
0.303281
0.299148
0.295024
0.290911
0.286812
0.282727
0.278659
0.274609
0.270581
0.266573
0.262590
0.258632
0.254701
0.250798
0.246927
0.243087
0.239280
0.235509
0.231774
0.228076
0.224419
0.220802
0.217227
0.213696
0.210210
0.206769
0.203376
0.200031
0.196737
0.193493
0.190301
0.187162
0.184079
0.181049
0.178078
0.175162
0.172305
0.169507
0.166770
0.164094
0.161478
0.158926
0.156437
0.154012
0.151653
0.149359
0.147132
0.144971
0.142878
0.140854
0.138897
0.137011
0.135194
0.133447
0.131772
0.130168
0.128636
0.127175
0.125788
0.124473
0.123232
0.122064
0.120970
0.119951
0.119005
0.118134
0.117339
0.116619
0.115973
0.115403
0.114910
0.114492
0.114149
0.113883
0.113693
0.113579
0.113541
0.113579
0.113693
0.113884
0.114150
0.114492
0.114910
0.115403
0.115973
0.116618
0.117338
0.118134
0.119004
0.119948
0.120968
0.122062
0.123229
0.124471
0.125785
0.127173
0.128633
0.130165
0.131769
0.133445
0.135191
0.137008
0.138894
0.140850
0.142875
0.144968
0.147129
0.149356
0.151651
0.154010
0.156435
0.158923
0.161475
0.164090
0.166767
0.169504
0.172301
0.175157
0.178072
0.181045
0.184073
0.187157
0.190296
0.193487
0.196731
0.200026
0.203371
0.206763
0.210203
0.213690
0.217221
0.220796
0.224413
0.228071
0.231768
0.235504
0.239275
0.243082
0.246922
0.250794
0.254696
0.258627
0.262584
0.266568
0.270575
0.274604
0.278654
0.282722
0.286807
0.290906
0.295019
0.299142
0.303275
0.307416
0.311561
0.315710
0.319861
0.324012
0.328161
0.332305
0.336443
0.340572
0.344691
0.348798
0.352890
0.356965
0.361022
0.365058
0.369072
0.373061
0.377022
0.380955
0.384857
0.388725
0.392558
0.396354
0.400111
0.403826
0.407498
0.411124
0.414703
0.418234
0.421713
0.425137
0.428508
0.431821
0.435075
0.438268
0.441399
0.444464
0.447465
0.450396
0.453259
0.456050
0.458768
0.461412
0.463979
0.466469
0.468879
0.471209
0.473456
0.475621
0.477701
0.479695
0.481602
0.483422
0.485151
0.486790
0.488338
0.489794
0.491156
0.492424
0.493598
0.494675
0.495657
0.496541
0.497329
0.498018
0.498609
0.499101
0.499494
0.499787
0.499982
0.500076
0.500071
0.499966
0.499761
0.499458
0.499054
0.498552
0.497950
0.497249
0.496452
0.495556
0.494563
0.493473
0.492287
0.491007
0.489631
0.488162
0.486600
0.484946
0.483201
0.481367
0.479444
0.477433
0.475335
0.473153
0.470886
0.468535
0.466104
0.463592
0.461003
0.458336
0.455593
0.452776
0.449886
0.446926
0.443896
0.440800
0.437637
0.434410
0.431120
0.427770
0.424361
0.420895
0.417373
0.413799
0.410174
0.406499
0.402776
0.399007
0.395195
0.391341
0.387446
0.383515
0.379547
0.375545
0.371511
0.367447
0.363354
0.359235
0.355092
0.350927
0.346741
0.342536
0.338315
0.334079
0.329830
0.325570
0.321300
0.317024
0.312741
0.308455
0.304167
0.299879
0.295591
0.291307
0.287028
0.282755
0.278490
0.274234
0.269990
0.265757
0.261539
0.257337
0.253151
0.248983
0.244836
0.240709
0.236604
0.232523
0.228466
0.224436
0.220432
0.216457
0.212510
0.208595
0.204710
0.200857
0.197038
0.193253
0.189502
0.185787
0.182108
0.178466
0.174863
0.171298
0.167772
0.164285
0.160839
0.157434
0.154070
0.150748
0.147468
0.144231
0.141036
0.137885
0.134777
0.131712
0.128692
0.125716
0.122784
0.119896
0.117053
0.114254
0.111501
0.108791
0.106127
0.103507
0.100931
0.098400
0.095913
0.093470
0.091071
0.088716
0.086405
0.084137
0.081912
0.079730
0.077591
0.075494
0.073439
0.071426
0.069454
0.067523
0.065632
0.063782
0.061971
0.060200
0.058468
0.056774
0.055118
0.053500
0.051919
0.050375
0.048867
0.047394
0.045957
0.044554
0.043186
0.041851
0.040549
0.039280
0.038043
0.036838
0.035663
0.034520
0.033406
0.032322
0.031266
0.030239
0.029240
0.028269
0.027324
0.026405
0.025512
0.024645
0.023802
0.022983
0.022189
0.021417
0.020668
0.019941
0.019236
0.018552
0.017889
0.017246
0.016623
0.016020
0.015435
0.014868
0.014320
0.013788
0.013274
0.012777
0.012296
0.011830
0.011380
0.010945
0.010524
0.010118
0.009725
0.009345
0.008979
0.008625
0.008284
0.007954
0.007636
0.007330
0.007034
0.006748
0.006474
0.006209
0.005953
0.005707
0.005470
0.005242
0.005023
0.004811
0.004608
0.004412
0.004224
0.004043
0.003869
0.003702
0.003541
0.003387
0.003238
0.003096
0.002959
0.002828
0.002702
0.002581
0.002465
0.002353
0.002247
0.002144
0.002046
0.001952
0.001862
0.001776
0.001694
0.001615
0.001539
0.001467
0.001397
0.001331
0.001268
0.001207
0.001149
0.001094
0.001041
0.000990
0.000942
0.000896
0.000852
0.000810
0.000770
0.000731
0.000695
0.000660
0.000627
0.000595
0.000565
0.000536
0.000509
0.000483
0.000458
0.000434
0.000412
0.000391
0.000370
0.000351
0.000332
0.000315
0.000298
0.000282
0.000267
0.000253
0.000239
0.000226
0.000214
0.000203
0.000192
0.000181
0.000171
0.000162
0.000153
0.000144
0.000136
0.000129
0.000122
0.000115
0.000108
0.000102
0.000096
0.000091
0.000086
0.000081
0.000076
0.000072
0.000068
0.000064
0.000060
0.000056
0.000053
0.000050
0.000047
0.000044
0.000042
0.000039
0.000037
0.000035
0.000033
0.000031
0.000029
0.000027
0.000025
0.000024
0.000022
0.000021
0.000020
0.000018
0.000017
0.000016
0.000015
0.000014
0.000013
0.000013
0.000012
0.000011
0.000010
0.000010
0.000009
0.000008
0.000008
0.000007
0.000007
0.000006
0.000006
0.000006
0.000005
0.000005
0.000005
0.000004
0.000004
0.000004
0.000004
0.000003
0.000003
0.000003
0.000003
0.000002
0.000002
0.000002
0.000002
0.000002
0.000002
0.000002
0.000002
0.000001
0.000001
0.000001
0.000001
0.000001
0.000001
0.000001
0.000001
0.000001
0.000001
0.000001
0.000001
0.000001
0.000001
0.000001
0.000000
0.000000
0.000000
0.000000
0.000000
0.000000
0.000000
0.000000
0.000000
0.000000
0.000000
0.000000
0.000000
0.000000
0.000000
0.000000
0.000000
0.000000
0.000000
0.000000
0.000000
0.000000
0.000000
0.000000
0.000000
0.000000
0.000000
0.000000
0.000000
0.000000
0.000000
0.000000
0.000000
0.000000
0.000000
0.000000
0.000000
0.000000
0.000000
0.000000
0.000000
0.000000
0.000000
0.000000
0.000000
0.000000
0.000000
0.000000
0.000000
0.000000
0.000000
0.000000
0.000000
0.000000
0.000000
0.000000
0.000000
0.000000
0.000000
0.000000
0.000000
0.000000
0.000000
0.000000
0.000000
0.000000
0.000000
0.000000
0.000000
0.000000
0.000000
0.000000
0.000000
0.000000
0.000000
0.000000
0.000000
0.000000
0.000000
0.000000
0.000000
0.000000
0.000000
0.000000
0.000000
0.000000
0.000000
0.000000
0.000000
0.000000
0.000000
0.000000
0.000000
0.000000
0.000000
0.000000
0.000000
0.000000
0.000000
0.000000
0.000000
0.000000
0.000000
0.000000
0.000000
0.000000
0.000000
0.000000
0.000000
0.000000
0.000000
0.000000
0.000000
0.000000
0.000000
0.000000
0.000000
0.000000
0.000000
0.000000
0.000000
0.000000
0.000000
0.000000
0.000000
0.000000
0.000000
0.000000
0.000000
0.000000
0.000000
0.000000
0.000000
0.000000
0.000000
0.000000
0.000000
0.000000
0.000000
0.000000
0.000000
0.000000
0.000000
0.000000
0.000000
0.000000
0.000000
0.000000
0.000000
0.000000
0.000000
0.000000
0.000000
0.000000
0.000000
0.000000
0.000000
0.000000
0.000000
0.000000
0.000000
0.000000
0.000000
0.000000
0.000000
0.000000
0.000000
0.000000
0.000000
0.000000
0.000000
0.000000
0.000000
0.000000
0.000000
0.000000
0.000000
0.000000
0.000000
0.000000
