0.003016
0.006034
0.009053
0.012075
0.015102
0.018133
0.021170
0.024213
0.027265
0.030325
0.033395
0.036474
0.039566
0.042670
0.045787
0.048917
0.052063
0.055225
0.058402
0.061598
0.064810
0.068043
0.071293
0.074566
0.077856
0.081171
0.084506
0.087865
0.091245
0.094650
0.098080
0.101532
0.105012
0.108514
0.112046
0.115600
0.119183
0.122792
0.126426
0.130091
0.133778
0.137496
0.141239
0.145010
0.148809
0.152632
0.156487
0.160364
0.164270
0.168203
0.172158
0.176146
0.180152
0.184188
0.188247
0.192327
0.196437
0.200563
0.204715
0.208889
0.213079
0.217296
0.221527
0.225776
0.230049
0.234329
0.238632
0.242949
0.247273
0.251617
0.255969
0.260327
0.264703
0.269079
0.273461
0.277856
0.282244
0.286639
0.291039
0.295429
0.299822
0.304215
0.308593
0.312970
0.317343
0.321695
0.326040
0.330378
0.334691
0.338988
0.343276
0.347533
0.351766
0.355987
0.360175
0.364327
0.368462
0.372566
0.376625
0.380653
0.384655
0.388607
0.392512
0.396388
0.400220
0.403993
0.407720
0.411409
0.415042
0.418608
0.422125
0.425598
0.429004
0.432337
0.435613
0.438839
0.441994
0.445066
0.448070
0.451019
0.453898
0.456689
0.459396
0.462035
0.464609
0.467102
0.469498
0.471803
0.474033
0.476193
0.478269
0.480246
0.482120
0.483901
0.485604
0.487229
0.488767
0.490203
0.491529
0.492749
0.493871
0.494904
0.495852
0.496716
0.497490
0.498169
0.498747
0.499222
0.499591
0.499856
0.500018
0.500077
0.500035
0.499892
0.499648
0.499305
0.498862
0.498321
0.497680
0.496941
0.496105
0.495171
0.494141
0.493015
0.491794
0.490478
0.489069
0.487567
0.485973
0.484288
0.482514
0.480650
0.478698
0.476661
0.474537
0.472329
0.470039
0.467668
0.465217
0.462688
0.460081
0.457399
0.454644
0.451817
0.448918
0.445951
0.442916
0.439816
0.436653
0.433427
0.430142
0.426799
0.423399
0.419945
0.416439
0.412882
0.409278
0.405626
0.401930
0.398191
0.394411
0.390594
0.386740
0.382852
0.378932
0.374982
0.371002
0.366998
0.362969
0.358919
0.354849
0.350761
0.346658
0.342540
0.338412
0.334273
0.330127
0.325976
0.321821
0.317663
0.313507
0.309354
0.305205
0.301062
0.296928
0.292802
0.288690
0.284590
0.280506
0.276440
0.272393
0.268367
0.264363
0.260384
0.256431
0.252505
0.248608
0.244743
0.240910
0.237110
0.233347
0.229619
0.225931
0.222282
0.218674
0.215108
0.211587
0.208111
0.204680
0.201299
0.197964
0.194681
0.191448
0.188267
0.185140
0.182068
0.179051
0.176090
0.173187
0.170341
0.167556
0.164830
0.162165
0.159561
0.157020
0.154543
0.152130
0.149782
0.147499
0.145283
0.143133
0.141051
0.139036
0.137090
0.135214
0.133406
0.131669
0.130003
0.128407
0.126883
0.125431
0.124052
0.122745
0.121510
0.120349
0.119262
0.118248
0.117308
0.116442
0.115652
0.114935
0.114294
0.113727
0.113237
0.112821
0.112480
0.112216
0.112027
0.111913
0.111875
0.111914
0.112027
0.112216
0.112481
0.112821
0.113236
0.113727
0.114293
0.114935
0.115650
0.116441
0.117306
0.118246
0.119259
0.120347
0.121507
0.122742
0.124049
0.125429
0.126881
0.128404
0.130000
0.131667
0.133403
0.135211
0.137087
0.139033
0.141048
0.143130
0.145281
0.147497
0.149779
0.152128
0.154541
0.157018
0.159559
0.162162
0.164826
0.167552
0.170337
0.173182
0.176085
0.179046
0.182063
0.185136
0.188262
0.191442
0.194675
0.197958
0.201292
0.204675
0.208105
0.211581
0.215103
0.218668
0.222276
0.225925
0.229614
0.233341
0.237105
0.240904
0.244738
0.248604
0.252500
0.256425
0.260378
0.264357
0.268362
0.272388
0.276435
0.280501
0.284585
0.288684
0.292797
0.296921
0.301057
0.305200
0.309348
0.313501
0.317657
0.321813
0.325968
0.330120
0.334266
0.338404
0.342533
0.346650
0.350754
0.354842
0.358911
0.362962
0.366991
0.370995
0.374974
0.378925
0.382845
0.386733
0.390587
0.394405
0.398183
0.401922
0.405618
0.409270
0.412875
0.416432
0.419939
0.423392
0.426793
0.430136
0.433421
0.436647
0.439810
0.442910
0.445945
0.448912
0.451811
0.454639
0.457395
0.460077
0.462685
0.465214
0.467665
0.470037
0.472326
0.474533
0.476656
0.478695
0.480646
0.482510
0.484285
0.485970
0.487565
0.489067
0.490476
0.491792
0.493013
0.494140
0.495170
0.496103
0.496940
0.497678
0.498319
0.498861
0.499304
0.499647
0.499892
0.500037
0.500081
0.500026
0.499872
0.499618
0.499265
0.498812
0.498260
0.497609
0.496860
0.496014
0.495069
0.494027
0.492890
0.491657
0.490329
0.488906
0.487391
0.485782
0.484083
0.482293
0.480415
0.478448
0.476393
0.474253
0.472028
0.469720
0.467329
0.464857
0.462306
0.459678
0.456973
0.454193
0.451339
0.448414
0.445419
0.442356
0.439226
0.436031
0.432772
0.429452
0.426072
0.422634
0.419140
0.415592
0.411992
0.408342
0.404643
0.400897
0.397106
0.393273
0.389398
0.385485
0.381535
0.377550
0.373532
0.369482
0.365403
0.361298
0.357167
0.353012
0.348836
0.344640
0.340427
0.336198
0.331955
0.327701
0.323436
0.319163
0.314883
0.310599
0.306311
0.302023
0.297735
0.293449
0.289167
0.284890
0.280621
0.276361
0.272110
0.267872
0.263647
0.259436
0.255241
0.251065
0.246907
0.242769
0.238653
0.234560
0.230491
0.226448
0.222430
0.218441
0.214480
0.210549
0.206648
0.202780
0.198943
0.195141
0.191373
0.187640
0.183943
0.180282
0.176660
0.173075
0.169530
0.166023
0.162557
0.159132
0.155747
0.152404
0.149103
0.145844
0.142628
0.139455
0.136325
0.133239
0.130197
0.127198
0.124244
0.121334
0.118469
0.115648
0.112872
0.110140
0.107453
0.104811
0.102213
0.099660
0.097151
0.094686
0.092265
0.089888
0.087555
0.085266
0.083019
0.080816
0.078656
0.076537
0.074462
0.072427
0.070435
0.068483
0.066573
0.064702
0.062872
0.061081
0.059329
0.057616
0.055942
0.054305
0.052705
0.051142
0.049616
0.048126
0.046671
0.045251
0.043866
0.042514
0.041196
0.039911
0.038658
0.037437
0.036247
0.035088
0.033959
0.032860
0.031790
0.030749
0.029736
0.028751
0.027793
0.026861
0.025956
0.025075
0.024220
0.023390
0.022583
0.021800
0.021040
0.020302
0.019586
0.018892
0.018218
0.017565
0.016932
0.016319
0.015725
0.015149
0.014592
0.014052
0.013529
0.013024
0.012534
0.012061
0.011603
0.011161
0.010733
0.010319
0.009919
0.009533
0.009161
0.008801
0.008453
0.008117
0.007794
0.007481
0.007180
0.006890
0.006610
0.006340
0.006080
0.005829
0.005588
0.005355
0.005131
0.004916
0.004709
0.004509
0.004317
0.004133
0.003955
0.003785
0.003621
0.003463
0.003312
0.003166
0.003027
0.002893
0.002764
0.002641
0.002522
0.002408
0.002300
0.002195
0.002095
0.001999
0.001907
0.001819
0.001735
0.001654
0.001576
0.001502
0.001432
0.001364
0.001299
0.001237
0.001178
0.001121
0.001067
0.001015
0.000966
0.000919
0.000874
0.000831
0.000790
0.000750
0.000713
0.000677
0.000643
0.000611
0.000580
0.000551
0.000523
0.000496
0.000470
0.000446
0.000423
0.000401
0.000380
0.000360
0.000341
0.000323
0.000306
0.000290
0.000275
0.000260
0.000246
0.000233
0.000220
0.000208
0.000197
0.000186
0.000176
0.000166
0.000157
0.000149
0.000140
0.000132
0.000125
0.000118
0.000111
0.000105
0.000099
0.000094
0.000088
0.000083
0.000078
0.000074
0.000070
0.000066
0.000062
0.000058
0.000055
0.000052
0.000049
0.000046
0.000043
0.000040
0.000038
0.000036
0.000034
0.000032
0.000030
0.000028
0.000026
0.000025
0.000023
0.000022
0.000020
0.000019
0.000018
0.000017
0.000016
0.000015
0.000014
0.000013
0.000012
0.000011
0.000011
0.000010
0.000009
0.000009
0.000008
0.000008
0.000007
0.000007
0.000006
0.000006
0.000005
0.000005
0.000005
0.000004
0.000004
0.000004
0.000004
0.000003
0.000003
0.000003
0.000003
0.000003
0.000002
0.000002
0.000002
0.000002
0.000002
0.000002
0.000002
0.000001
0.000001
0.000001
0.000001
0.000001
0.000001
0.000001
0.000001
0.000001
0.000001
0.000001
0.000001
0.000001
0.000001
0.000001
0.000000
0.000000
0.000000
0.000000
0.000000
0.000000
0.000000
0.000000
0.000000
0.000000
0.000000
0.000000
0.000000
0.000000
0.000000
0.000000
0.000000
0.000000
0.000000
0.000000
0.000000
0.000000
0.000000
0.000000
0.000000
0.000000
0.000000
0.000000
0.000000
0.000000
0.000000
0.000000
0.000000
0.000000
0.000000
0.000000
0.000000
0.000000
0.000000
0.000000
0.000000
0.000000
0.000000
0.000000
0.000000
0.000000
0.000000
0.000000
0.000000
0.000000
0.000000
0.000000
0.000000
0.000000
0.000000
0.000000
0.000000
0.000000
0.000000
0.000000
0.000000
0.000000
0.000000
0.000000
0.000000
0.000000
0.000000
0.000000
0.000000
0.000000
0.000000
0.000000
0.000000
0.000000
0.000000
0.000000
0.000000
0.000000
0.000000
0.000000
0.000000
0.000000
0.000000
0.000000
0.000000
0.000000
0.000000
0.000000
0.000000
0.000000
0.000000
0.000000
0.000000
0.000000
0.000000
0.000000
0.000000
0.000000
0.000000
0.000000
0.000000
0.000000
0.000000
0.000000
0.000000
0.000000
0.000000
0.000000
0.000000
0.000000
0.000000
0.000000
0.000000
0.000000
0.000000
0.000000
0.000000
0.000000
0.000000
0.000000
0.000000
0.000000
0.000000
0.000000
0.000000
0.000000
0.000000
0.000000
0.000000
0.000000
0.000000
0.000000
0.000000
0.000000
0.000000
0.000000
0.000000
0.000000
0.000000
0.000000
0.000000
0.000000
0.000000
0.000000
0.000000
0.000000
0.000000
0.000000
0.000000
0.000000
0.000000
0.000000
0.000000
0.000000
0.000000
0.000000
0.000000
0.000000
0.000000
0.000000
0.000000
0.000000
0.000000
0.000000
0.000000
0.000000
0.000000
0.000000
0.000000
0.000000
0.000000
0.000000
0.000000
0.000000
0.000000
0.000000
0.000000
0.000000
0.000000
0.000000
