0.003052
0.006106
0.009161
0.012220
0.015282
0.018349
0.021422
0.024501
0.027588
0.030684
0.033789
0.036905
0.040032
0.043171
0.046323
0.049490
0.052670
0.055867
0.059079
0.062310
0.065556
0.068823
0.072108
0.075414
0.078739
0.082087
0.085456
0.088846
0.092262
0.095698
0.099161
0.102645
0.106157
0.109692
0.113253
0.116841
0.120452
0.124093
0.127756
0.131451
0.135168
0.138913
0.142687
0.146483
0.150312
0.154162
0.158043
0.161948
0.165878
0.169838
0.173817
0.177828
0.181861
0.185916
0.190001
0.194102
0.198232
0.202382
0.206551
0.210747
0.214956
0.219189
0.223441
0.227704
0.231993
0.236292
0.240605
0.244938
0.249276
0.253629
0.257996
0.262363
0.266747
0.271136
0.275523
0.279924
0.284323
0.288719
0.293125
0.297522
0.301913
0.306309
0.310692
0.315063
0.319436
0.323790
0.328127
0.332461
0.336774
0.341061
0.345340
0.349594
0.353816
0.358022
0.362205
0.366346
0.370462
0.374554
0.378603
0.382610
0.386591
0.390532
0.394418
0.398266
0.402080
0.405836
0.409536
0.413195
0.416808
0.420353
0.423837
0.427277
0.430660
0.433968
0.437208
0.440396
0.443523
0.446568
0.449535
0.452441
0.455285
0.458047
0.460718
0.463312
0.465842
0.468297
0.470660
0.472926
0.475108
0.477219
0.479253
0.481193
0.483028
0.484763
0.486414
0.487986
0.489477
0.490871
0.492158
0.493335
0.494409
0.495388
0.496281
0.497090
0.497812
0.498441
0.498971
0.499398
0.499720
0.499937
0.500051
0.500061
0.499969
0.499776
0.499483
0.499090
0.498598
0.498006
0.497316
0.496528
0.495643
0.494660
0.493581
0.492408
0.491138
0.489775
0.488319
0.486771
0.485131
0.483400
0.481580
0.479671
0.477676
0.475595
0.473428
0.471178
0.468846
0.466434
0.463943
0.461373
0.458728
0.456008
0.453216
0.450351
0.447416
0.444415
0.441345
0.438212
0.435016
0.431759
0.428443
0.425070
0.421641
0.418159
0.414625
0.411042
0.407411
0.403735
0.400015
0.396253
0.392452
0.388614
0.384740
0.380833
0.376894
0.372927
0.368931
0.364911
0.360868
0.356804
0.352721
0.348621
0.344507
0.340379
0.336241
0.332094
0.327941
0.323782
0.319621
0.315459
0.311299
0.307142
0.302990
0.298845
0.294709
0.290583
0.286471
0.282372
0.278290
0.274226
0.270182
0.266159
0.262159
0.258185
0.254236
0.250315
0.246426
0.242567
0.238741
0.234949
0.231193
0.227474
0.223795
0.220155
0.216557
0.213000
0.209489
0.206023
0.202604
0.199233
0.195910
0.192637
0.189416
0.186247
0.183132
0.180071
0.177066
0.174117
0.171226
0.168392
0.165619
0.162905
0.160252
0.157660
0.155131
0.152665
0.150264
0.147927
0.145656
0.143451
0.141312
0.139240
0.137236
0.135300
0.133434
0.131636
0.129908
0.128251
0.126664
0.125149
0.123706
0.122334
0.121035
0.119807
0.118652
0.117571
0.116563
0.115629
0.114769
0.113982
0.113270
0.112633
0.112070
0.111582
0.111169
0.110830
0.110568
0.110380
0.110267
0.110229
0.110267
0.110380
0.110568
0.110831
0.111169
0.111582
0.112070
0.112633
0.113270
0.113981
0.114767
0.115628
0.116561
0.117568
0.118649
0.119804
0.121031
0.122331
0.123703
0.125147
0.126662
0.128248
0.129906
0.131633
0.133431
0.135298
0.137233
0.139237
0.141308
0.143448
0.145654
0.147925
0.150262
0.152664
0.155129
0.157657
0.160249
0.162902
0.165615
0.168388
0.171221
0.174112
0.177061
0.180066
0.183127
0.186242
0.189410
0.192631
0.195904
0.199226
0.202598
0.206018
0.209484
0.212995
0.216550
0.220149
0.223789
0.227469
0.231188
0.234944
0.238735
0.242562
0.246421
0.250311
0.254231
0.258179
0.262153
0.266154
0.270176
0.274221
0.278285
0.282368
0.286465
0.290579
0.294703
0.298840
0.302984
0.307137
0.311293
0.315453
0.319614
0.323775
0.327933
0.332087
0.336234
0.340372
0.344499
0.348614
0.352714
0.356796
0.360860
0.364904
0.368924
0.372919
0.376887
0.380825
0.384733
0.388606
0.392445
0.396246
0.400007
0.403727
0.407404
0.411034
0.414617
0.418152
0.421634
0.425063
0.428437
0.431753
0.435010
0.438206
0.441339
0.444408
0.447411
0.450345
0.453210
0.456004
0.458724
0.461370
0.463940
0.466431
0.468843
0.471175
0.473424
0.475590
0.477672
0.479668
0.481576
0.483397
0.485127
0.486768
0.488317
0.489773
0.491137
0.492406
0.493580
0.494659
0.495641
0.496527
0.497315
0.498005
0.498596
0.499089
0.499483
0.499777
0.499972
0.500067
0.500062
0.499958
0.499753
0.499450
0.499047
0.498545
0.497944
0.497243
0.496446
0.495551
0.494558
0.493468
0.492283
0.491002
0.489627
0.488158
0.486596
0.484942
0.483198
0.481364
0.479441
0.477430
0.475333
0.473150
0.470883
0.468533
0.466102
0.463590
0.461001
0.458334
0.455591
0.452774
0.449885
0.446925
0.443895
0.440799
0.437636
0.434409
0.431119
0.427769
0.424360
0.420894
0.417372
0.413799
0.410173
0.406498
0.402775
0.399007
0.395195
0.391340
0.387446
0.383514
0.379546
0.375544
0.371511
0.367446
0.363354
0.359235
0.355092
0.350926
0.346740
0.342536
0.338314
0.334078
0.329829
0.325569
0.321300
0.317023
0.312741
0.308455
0.304167
0.299879
0.295591
0.291307
0.287028
0.282755
0.278490
0.274234
0.269990
0.265757
0.261539
0.257336
0.253151
0.248983
0.244835
0.240709
0.236604
0.232523
0.228466
0.224436
0.220432
0.216457
0.212510
0.208595
0.204710
0.200857
0.197038
0.193252
0.189502
0.185787
0.182108
0.178466
0.174863
0.171297
0.167771
0.164285
0.160839
0.157434
0.154070
0.150748
0.147468
0.144231
0.141036
0.137885
0.134777
0.131712
0.128692
0.125716
0.122784
0.119896
0.117053
0.114254
0.111501
0.108791
0.106127
0.103507
0.100931
0.098400
0.095913
0.093470
0.091071
0.088716
0.086405
0.084137
0.081912
0.079730
0.077591
0.075494
0.073439
0.071426
0.069454
0.067523
0.065632
0.063782
0.061971
0.060200
0.058468
0.056774
0.055118
0.053500
0.051919
0.050375
0.048867
0.047394
0.045957
0.044554
0.043186
0.041851
0.040549
0.039280
0.038043
0.036838
0.035664
0.034520
0.033406
0.032322
0.031266
0.030239
0.029240
0.028269
0.027324
0.026405
0.025512
0.024645
0.023802
0.022983
0.022189
0.021417
0.020668
0.019941
0.019236
0.018552
0.017889
0.017246
0.016623
0.016020
0.015435
0.014868
0.014320
0.013788
0.013274
0.012777
0.012296
0.011830
0.011380
0.010945
0.010524
0.010118
0.009725
0.009345
0.008979
0.008625
0.008284
0.007954
0.007636
0.007330
0.007034
0.006748
0.006474
0.006209
0.005953
0.005707
0.005470
0.005242
0.005023
0.004811
0.004608
0.004412
0.004224
0.004043
0.003869
0.003702
0.003541
0.003387
0.003238
0.003096
0.002959
0.002828
0.002702
0.002581
0.002465
0.002353
0.002247
0.002144
0.002046
0.001952
0.001862
0.001776
0.001694
0.001615
0.001539
0.001467
0.001397
0.001331
0.001268
0.001207
0.001149
0.001094
0.001041
0.000990
0.000942
0.000896
0.000852
0.000810
0.000770
0.000731
0.000695
0.000660
0.000627
0.000595
0.000565
0.000536
0.000509
0.000483
0.000458
0.000434
0.000412
0.000391
0.000370
0.000351
0.000332
0.000315
0.000298
0.000282
0.000267
0.000253
0.000239
0.000226
0.000214
0.000203
0.000192
0.000181
0.000171
0.000162
0.000153
0.000144
0.000136
0.000129
0.000122
0.000115
0.000108
0.000102
0.000096
0.000091
0.000086
0.000081
0.000076
0.000072
0.000068
0.000064
0.000060
0.000056
0.000053
0.000050
0.000047
0.000044
0.000042
0.000039
0.000037
0.000035
0.000033
0.000031
0.000029
0.000027
0.000025
0.000024
0.000022
0.000021
0.000020
0.000018
0.000017
0.000016
0.000015
0.000014
0.000013
0.000013
0.000012
0.000011
0.000010
0.000010
0.000009
0.000008
0.000008
0.000007
0.000007
0.000006
0.000006
0.000006
0.000005
0.000005
0.000005
0.000004
0.000004
0.000004
0.000004
0.000003
0.000003
0.000003
0.000003
0.000002
0.000002
0.000002
0.000002
0.000002
0.000002
0.000002
0.000002
0.000001
0.000001
0.000001
0.000001
0.000001
0.000001
0.000001
0.000001
0.000001
0.000001
0.000001
0.000001
0.000001
0.000001
0.000001
0.000000
0.000000
0.000000
0.000000
0.000000
0.000000
0.000000
0.000000
0.000000
0.000000
0.000000
0.000000
0.000000
0.000000
0.000000
0.000000
0.000000
0.000000
0.000000
0.000000
0.000000
0.000000
0.000000
0.000000
0.000000
0.000000
0.000000
0.000000
0.000000
0.000000
0.000000
0.000000
0.000000
0.000000
0.000000
0.000000
0.000000
0.000000
0.000000
0.000000
0.000000
0.000000
0.000000
0.000000
0.000000
0.000000
0.000000
0.000000
0.000000
0.000000
0.000000
0.000000
0.000000
0.000000
0.000000
0.000000
0.000000
0.000000
0.000000
0.000000
0.000000
0.000000
0.000000
0.000000
0.000000
0.000000
0.000000
0.000000
0.000000
0.000000
0.000000
0.000000
0.000000
0.000000
0.000000
0.000000
0.000000
0.000000
0.000000
0.000000
0.000000
0.000000
0.000000
0.000000
0.000000
0.000000
0.000000
0.000000
0.000000
0.000000
0.000000
0.000000
0.000000
0.000000
0.000000
0.000000
0.000000
0.000000
0.000000
0.000000
0.000000
0.000000
0.000000
0.000000
0.000000
0.000000
0.000000
0.000000
0.000000
0.000000
0.000000
0.000000
0.000000
0.000000
0.000000
0.000000
0.000000
0.000000
0.000000
0.000000
0.000000
0.000000
0.000000
0.000000
0.000000
0.000000
0.000000
0.000000
0.000000
0.000000
0.000000
0.000000
0.000000
0.000000
0.000000
0.000000
0.000000
0.000000
0.000000
0.000000
0.000000
0.000000
0.000000
0.000000
0.000000
0.000000
0.000000
0.000000
0.000000
0.000000
0.000000
0.000000
0.000000
0.000000
0.000000
0.000000
0.000000
0.000000
0.000000
0.000000
0.000000
0.000000
0.000000
0.000000
0.000000
0.000000
0.000000
0.000000
0.000000
0.000000
0.000000
0.000000
0.000000
0.000000
0.000000
0.000000
0.000000
0.000000
0.000000
