0.003089
0.006179
0.009270
0.012365
0.015463
0.018566
0.021675
0.024791
0.027914
0.031046
0.034187
0.037339
0.040501
0.043676
0.046863
0.050066
0.053281
0.056513
0.059760
0.063025
0.066307
0.069608
0.072928
0.076267
0.079628
0.083007
0.086412
0.089834
0.093283
0.096752
0.100248
0.103765
0.107307
0.110876
0.114467
0.118087
0.121728
0.125400
0.129094
0.132816
0.136565
0.140337
0.144141
0.147965
0.151821
0.155700
0.159605
0.163539
0.167493
0.171478
0.175484
0.179516
0.183575
0.187652
0.191759
0.195885
0.200033
0.204206
0.208394
0.212608
0.216839
0.221086
0.225357
0.229638
0.233939
0.238258
0.242582
0.246928
0.251282
0.255644
0.260023
0.264404
0.268792
0.273192
0.277589
0.281992
0.286402
0.290802
0.295208
0.299613
0.304005
0.308399
0.312787
0.317157
0.321524
0.325881
0.330214
0.334539
0.338850
0.343132
0.347397
0.351648
0.355863
0.360052
0.364224
0.368359
0.372455
0.376531
0.380570
0.384559
0.388517
0.392442
0.396313
0.400136
0.403925
0.407665
0.411342
0.414970
0.418557
0.422082
0.425538
0.428942
0.432297
0.435582
0.438789
0.441938
0.445032
0.448050
0.450984
0.453847
0.456651
0.459381
0.462021
0.464573
0.467055
0.469470
0.471799
0.474029
0.476166
0.478225
0.480212
0.482113
0.483911
0.485604
0.487205
0.488723
0.490163
0.491513
0.492759
0.493895
0.494923
0.495851
0.496689
0.497443
0.498111
0.498688
0.499168
0.499547
0.499822
0.499992
0.500058
0.500019
0.499878
0.499636
0.499293
0.498850
0.498308
0.497667
0.496928
0.496090
0.495156
0.494125
0.492998
0.491776
0.490459
0.489049
0.487546
0.485951
0.484265
0.482489
0.480624
0.478671
0.476632
0.474507
0.472298
0.470006
0.467633
0.465181
0.462649
0.460040
0.457357
0.454599
0.451769
0.448868
0.445898
0.442862
0.439758
0.436592
0.433364
0.430076
0.426730
0.423327
0.419869
0.416359
0.412798
0.409189
0.405533
0.401833
0.398090
0.394305
0.390483
0.386625
0.382731
0.378805
0.374849
0.370864
0.366853
0.362818
0.358761
0.354684
0.350589
0.346478
0.342353
0.338215
0.334069
0.329914
0.325753
0.321588
0.317422
0.313255
0.309091
0.304931
0.300778
0.296631
0.292493
0.288368
0.284256
0.280158
0.276079
0.272017
0.267976
0.263957
0.259962
0.255991
0.252049
0.248134
0.244252
0.240399
0.236581
0.232796
0.229049
0.225339
0.221669
0.218038
0.214449
0.210904
0.207403
0.203948
0.200540
0.197179
0.193868
0.190606
0.187397
0.184240
0.181137
0.178088
0.175096
0.172158
0.169279
0.166458
0.163697
0.160995
0.158354
0.155774
0.153257
0.150804
0.148414
0.146089
0.143829
0.141635
0.139507
0.137446
0.135453
0.133528
0.131671
0.129884
0.128166
0.126518
0.124939
0.123433
0.121998
0.120634
0.119342
0.118122
0.116974
0.115899
0.114897
0.113969
0.113114
0.112332
0.111624
0.110991
0.110432
0.109946
0.109535
0.109199
0.108938
0.108751
0.108639
0.108602
0.108639
0.108751
0.108938
0.109200
0.109536
0.109946
0.110431
0.110990
0.111623
0.112331
0.113112
0.113967
0.114895
0.115896
0.116971
0.118119
0.119339
0.120631
0.121995
0.123430
0.124937
0.126515
0.128163
0.129881
0.131668
0.133525
0.135450
0.137443
0.139504
0.141632
0.143827
0.146087
0.148412
0.150802
0.153256
0.155772
0.158351
0.160992
0.163693
0.166454
0.169275
0.172153
0.175090
0.178083
0.181132
0.184235
0.187392
0.190601
0.193861
0.197172
0.200533
0.203942
0.207398
0.210899
0.214444
0.218032
0.221663
0.225334
0.229044
0.232791
0.236575
0.240394
0.244246
0.248130
0.252043
0.255986
0.259956
0.263951
0.267970
0.272011
0.276074
0.280154
0.284251
0.288363
0.292488
0.296625
0.300771
0.304926
0.309086
0.313249
0.317415
0.321582
0.325746
0.329906
0.334061
0.338208
0.342345
0.346470
0.350581
0.354676
0.358753
0.362811
0.366846
0.370857
0.374842
0.378798
0.382724
0.386617
0.390476
0.394298
0.398082
0.401825
0.405526
0.409182
0.412791
0.416351
0.419863
0.423319
0.426723
0.430069
0.433358
0.436586
0.439753
0.442855
0.445893
0.448863
0.451764
0.454594
0.457352
0.460037
0.462646
0.465177
0.467630
0.470003
0.472294
0.474503
0.476628
0.478667
0.480620
0.482486
0.484262
0.485948
0.487544
0.489047
0.490458
0.491774
0.492997
0.494123
0.495155
0.496089
0.496926
0.497666
0.498307
0.498849
0.499293
0.499637
0.499882
0.500027
0.500072
0.500018
0.499864
0.499611
0.499258
0.498805
0.498254
0.497603
0.496854
0.496008
0.495064
0.494023
0.492885
0.491652
0.490325
0.488902
0.487387
0.485779
0.484080
0.482291
0.480412
0.478445
0.476391
0.474251
0.472026
0.469718
0.467327
0.464855
0.462305
0.459676
0.456971
0.454191
0.451338
0.448413
0.445418
0.442355
0.439225
0.436030
0.432771
0.429451
0.426071
0.422633
0.419140
0.415592
0.411992
0.408341
0.404642
0.400896
0.397106
0.393272
0.389398
0.385484
0.381534
0.377549
0.373531
0.369482
0.365403
0.361297
0.357166
0.353012
0.348836
0.344640
0.340427
0.336198
0.331955
0.327700
0.323435
0.319162
0.314883
0.310599
0.306311
0.302023
0.297734
0.293449
0.289167
0.284890
0.280621
0.276361
0.272110
0.267872
0.263646
0.259436
0.255241
0.251065
0.246907
0.242769
0.238653
0.234560
0.230491
0.226448
0.222430
0.218441
0.214480
0.210549
0.206648
0.202780
0.198943
0.195141
0.191373
0.187640
0.183943
0.180282
0.176660
0.173075
0.169529
0.166023
0.162557
0.159132
0.155747
0.152404
0.149103
0.145844
0.142628
0.139455
0.136325
0.133239
0.130197
0.127198
0.124244
0.121334
0.118469
0.115648
0.112872
0.110140
0.107453
0.104811
0.102213
0.099660
0.097151
0.094686
0.092265
0.089888
0.087555
0.085266
0.083019
0.080816
0.078656
0.076537
0.074462
0.072427
0.070435
0.068483
0.066573
0.064702
0.062872
0.061081
0.059329
0.057616
0.055942
0.054305
0.052705
0.051142
0.049616
0.048126
0.046671
0.045251
0.043866
0.042514
0.041196
0.039911
0.038658
0.037437
0.036247
0.035088
0.033959
0.032860
0.031790
0.030749
0.029736
0.028751
0.027793
0.026861
0.025956
0.025075
0.024220
0.023390
0.022583
0.021800
0.021040
0.020302
0.019586
0.018892
0.018218
0.017565
0.016932
0.016319
0.015725
0.015149
0.014592
0.014052
0.013529
0.013024
0.012534
0.012061
0.011603
0.011161
0.010733
0.010319
0.009919
0.009533
0.009161
0.008801
0.008453
0.008118
0.007794
0.007481
0.007180
0.006890
0.006610
0.006340
0.006080
0.005829
0.005588
0.005355
0.005131
0.004916
0.004709
0.004509
0.004317
0.004133
0.003955
0.003785
0.003621
0.003463
0.003312
0.003166
0.003027
0.002893
0.002764
0.002641
0.002522
0.002408
0.002300
0.002195
0.002095
0.001999
0.001907
0.001819
0.001735
0.001654
0.001576
0.001502
0.001432
0.001364
0.001299
0.001237
0.001178
0.001121
0.001067
0.001015
0.000966
0.000919
0.000874
0.000831
0.000790
0.000750
0.000713
0.000677
0.000643
0.000611
0.000580
0.000551
0.000523
0.000496
0.000470
0.000446
0.000423
0.000401
0.000380
0.000360
0.000341
0.000323
0.000306
0.000290
0.000275
0.000260
0.000246
0.000233
0.000220
0.000208
0.000197
0.000186
0.000176
0.000166
0.000157
0.000149
0.000140
0.000132
0.000125
0.000118
0.000111
0.000105
0.000099
0.000094
0.000088
0.000083
0.000078
0.000074
0.000070
0.000066
0.000062
0.000058
0.000055
0.000052
0.000049
0.000046
0.000043
0.000040
0.000038
0.000036
0.000034
0.000032
0.000030
0.000028
0.000026
0.000025
0.000023
0.000022
0.000020
0.000019
0.000018
0.000017
0.000016
0.000015
0.000014
0.000013
0.000012
0.000011
0.000011
0.000010
0.000009
0.000009
0.000008
0.000008
0.000007
0.000007
0.000006
0.000006
0.000005
0.000005
0.000005
0.000004
0.000004
0.000004
0.000004
0.000003
0.000003
0.000003
0.000003
0.000003
0.000002
0.000002
0.000002
0.000002
0.000002
0.000002
0.000002
0.000001
0.000001
0.000001
0.000001
0.000001
0.000001
0.000001
0.000001
0.000001
0.000001
0.000001
0.000001
0.000001
0.000001
0.000001
0.000000
0.000000
0.000000
0.000000
0.000000
0.000000
0.000000
0.000000
0.000000
0.000000
0.000000
0.000000
0.000000
0.000000
0.000000
0.000000
0.000000
0.000000
0.000000
0.000000
0.000000
0.000000
0.000000
0.000000
0.000000
0.000000
0.000000
0.000000
0.000000
0.000000
0.000000
0.000000
0.000000
0.000000
0.000000
0.000000
0.000000
0.000000
0.000000
0.000000
0.000000
0.000000
0.000000
0.000000
0.000000
0.000000
0.000000
0.000000
0.000000
0.000000
0.000000
0.000000
0.000000
0.000000
0.000000
0.000000
0.000000
0.000000
0.000000
0.000000
0.000000
0.000000
0.000000
0.000000
0.000000
0.000000
0.000000
0.000000
0.000000
0.000000
0.000000
0.000000
0.000000
0.000000
0.000000
0.000000
0.000000
0.000000
0.000000
0.000000
0.000000
0.000000
0.000000
0.000000
0.000000
0.000000
0.000000
0.000000
0.000000
0.000000
0.000000
0.000000
0.000000
0.000000
0.000000
0.000000
0.000000
0.000000
0.000000
0.000000
0.000000
0.000000
0.000000
0.000000
0.000000
0.000000
0.000000
0.000000
0.000000
0.000000
0.000000
0.000000
0.000000
0.000000
0.000000
0.000000
0.000000
0.000000
0.000000
0.000000
0.000000
0.000000
0.000000
0.000000
0.000000
0.000000
0.000000
0.000000
0.000000
0.000000
0.000000
0.000000
0.000000
0.000000
0.000000
0.000000
0.000000
0.000000
0.000000
0.000000
0.000000
0.000000
0.000000
0.000000
0.000000
0.000000
0.000000
0.000000
0.000000
0.000000
0.000000
0.000000
0.000000
0.000000
0.000000
0.000000
0.000000
0.000000
0.000000
0.000000
0.000000
0.000000
0.000000
0.000000
0.000000
0.000000
0.000000
0.000000
0.000000
0.000000
0.000000
0.000000
0.000000
0.000000
0.000000
0.000000
0.000000
0.000000
0.000000
