0.003125
0.006252
0.009380
0.012511
0.015645
0.018785
0.021930
0.025083
0.028242
0.031410
0.034587
0.037775
0.040973
0.044184
0.047407
0.050645
0.053896
0.057163
0.060446
0.063745
0.067063
0.070397
0.073753
0.077125
0.080521
0.083934
0.087372
0.090829
0.094310
0.097814
0.101339
0.104892
0.108464
0.112066
0.115688
0.119338
0.123012
0.126712
0.130439
0.134188
0.137968
0.141769
0.145600
0.149455
0.153335
0.157244
0.161174
0.165134
0.169116
0.173123
0.177158
0.181211
0.185295
0.189396
0.193522
0.197673
0.201839
0.206034
0.210243
0.214473
0.218726
0.222989
0.227276
0.231578
0.235890
0.240225
0.244566
0.248921
0.253291
0.257663
0.262051
0.266446
0.270840
0.275248
0.279656
0.284062
0.288478
0.292886
0.297291
0.301701
0.306097
0.310488
0.314878
0.319249
0.323609
0.327965
0.332298
0.336613
0.340920
0.345198
0.349451
0.353692
0.357903
0.362077
0.366234
0.370362
0.374444
0.378499
0.382525
0.386501
0.390435
0.394340
0.398197
0.401997
0.405758
0.409478
0.413136
0.416734
0.420291
0.423794
0.427226
0.430595
0.433917
0.437176
0.440356
0.443466
0.446522
0.449511
0.452415
0.455239
0.457999
0.460693
0.463302
0.465817
0.468252
0.470621
0.472912
0.475108
0.477204
0.479214
0.481151
0.483008
0.484768
0.486422
0.487975
0.489441
0.490827
0.492129
0.493333
0.494428
0.495412
0.496291
0.497076
0.497774
0.498386
0.498910
0.499340
0.499670
0.499898
0.500021
0.500038
0.499951
0.499762
0.499470
0.499078
0.498585
0.497994
0.497303
0.496515
0.495628
0.494645
0.493566
0.492391
0.491121
0.489757
0.488300
0.486750
0.485109
0.483378
0.481556
0.479646
0.477650
0.475567
0.473399
0.471147
0.468814
0.466400
0.463907
0.461336
0.458688
0.455967
0.453172
0.450305
0.447368
0.444364
0.441292
0.438156
0.434957
0.431697
0.428379
0.425002
0.421569
0.418084
0.414547
0.410959
0.407325
0.403644
0.399920
0.396154
0.392348
0.388506
0.384627
0.380714
0.376770
0.372797
0.368795
0.364770
0.360720
0.356649
0.352560
0.348453
0.344331
0.340195
0.336049
0.331894
0.327732
0.323565
0.319394
0.315222
0.311052
0.306884
0.302722
0.298566
0.294419
0.290281
0.286156
0.282045
0.277949
0.273872
0.269813
0.265776
0.261761
0.257770
0.253805
0.249868
0.245961
0.242085
0.238240
0.234429
0.230654
0.226914
0.223214
0.219553
0.215932
0.212353
0.208818
0.205328
0.201884
0.198487
0.195138
0.191839
0.188589
0.185391
0.182246
0.179156
0.176119
0.173139
0.170214
0.167347
0.164539
0.161790
0.159101
0.156471
0.153904
0.151400
0.148958
0.146581
0.144268
0.142019
0.139836
0.137720
0.135669
0.133687
0.131772
0.129926
0.128148
0.126440
0.124801
0.123232
0.121734
0.120308
0.118952
0.117668
0.116455
0.115314
0.114245
0.113250
0.112327
0.111477
0.110699
0.109997
0.109367
0.108811
0.108329
0.107921
0.107587
0.107327
0.107141
0.107030
0.106993
0.107030
0.107142
0.107327
0.107587
0.107921
0.108329
0.108811
0.109367
0.109995
0.110699
0.111475
0.112325
0.113248
0.114243
0.115310
0.116452
0.117664
0.118949
0.120305
0.121732
0.123230
0.124799
0.126437
0.128146
0.129923
0.131769
0.133685
0.135666
0.137716
0.139833
0.142017
0.144265
0.146579
0.148956
0.151398
0.153902
0.156469
0.159097
0.161786
0.164535
0.167343
0.170209
0.173133
0.176115
0.179151
0.182242
0.185386
0.188583
0.191832
0.195131
0.198481
0.201879
0.205323
0.208813
0.212348
0.215926
0.219547
0.223208
0.226909
0.230648
0.234424
0.238235
0.242079
0.245956
0.249863
0.253800
0.257764
0.261754
0.265770
0.269807
0.273866
0.277944
0.282040
0.286150
0.290276
0.294412
0.298560
0.302717
0.306879
0.311046
0.315216
0.319387
0.323557
0.327724
0.331887
0.336042
0.340188
0.344323
0.348445
0.352552
0.356641
0.360712
0.364762
0.368788
0.372789
0.376763
0.380707
0.384619
0.388498
0.392341
0.396147
0.399913
0.403637
0.407318
0.410952
0.414539
0.418077
0.421563
0.424995
0.428371
0.431691
0.434951
0.438150
0.441286
0.444358
0.447363
0.450299
0.453167
0.455962
0.458684
0.461332
0.463904
0.466397
0.468811
0.471144
0.473395
0.475562
0.477645
0.479643
0.481552
0.483374
0.485106
0.486747
0.488298
0.489755
0.491119
0.492389
0.493564
0.494644
0.495627
0.496513
0.497302
0.497993
0.498585
0.499078
0.499473
0.499767
0.499962
0.500058
0.500054
0.499950
0.499747
0.499443
0.499041
0.498539
0.497938
0.497238
0.496441
0.495546
0.494553
0.493464
0.492279
0.490998
0.489623
0.488155
0.486593
0.484940
0.483195
0.481362
0.479439
0.477428
0.475331
0.473148
0.470881
0.468531
0.466100
0.463589
0.460999
0.458333
0.455590
0.452773
0.449884
0.446923
0.443894
0.440798
0.437635
0.434408
0.431118
0.427768
0.424359
0.420893
0.417372
0.413798
0.410172
0.406498
0.402775
0.399006
0.395194
0.391340
0.387446
0.383514
0.379546
0.375544
0.371511
0.367446
0.363353
0.359235
0.355092
0.350926
0.346740
0.342535
0.338314
0.334078
0.329829
0.325569
0.321300
0.317023
0.312741
0.308455
0.304167
0.299878
0.295591
0.291307
0.287028
0.282755
0.278490
0.274234
0.269989
0.265757
0.261539
0.257336
0.253150
0.248983
0.244835
0.240708
0.236604
0.232522
0.228466
0.224435
0.220432
0.216457
0.212510
0.208594
0.204710
0.200857
0.197038
0.193252
0.189502
0.185786
0.182108
0.178466
0.174863
0.171297
0.167772
0.164285
0.160839
0.157434
0.154070
0.150748
0.147468
0.144231
0.141036
0.137885
0.134777
0.131712
0.128692
0.125716
0.122784
0.119896
0.117053
0.114254
0.111501
0.108791
0.106127
0.103507
0.100931
0.098400
0.095913
0.093470
0.091071
0.088716
0.086405
0.084137
0.081912
0.079730
0.077591
0.075494
0.073439
0.071426
0.069454
0.067523
0.065632
0.063782
0.061971
0.060200
0.058468
0.056774
0.055118
0.053500
0.051919
0.050375
0.048867
0.047394
0.045957
0.044554
0.043186
0.041851
0.040549
0.039280
0.038043
0.036838
0.035664
0.034520
0.033406
0.032322
0.031266
0.030239
0.029240
0.028269
0.027324
0.026405
0.025512
0.024645
0.023802
0.022983
0.022189
0.021417
0.020668
0.019941
0.019236
0.018552
0.017889
0.017246
0.016623
0.016020
0.015435
0.014868
0.014320
0.013788
0.013274
0.012777
0.012296
0.011830
0.011380
0.010945
0.010524
0.010118
0.009725
0.009345
0.008979
0.008625
0.008284
0.007954
0.007636
0.007330
0.007034
0.006749
0.006474
0.006209
0.005953
0.005707
0.005470
0.005242
0.005023
0.004811
0.004608
0.004412
0.004224
0.004043
0.003869
0.003702
0.003541
0.003387
0.003238
0.003096
0.002959
0.002828
0.002702
0.002581
0.002465
0.002353
0.002247
0.002144
0.002046
0.001952
0.001862
0.001776
0.001694
0.001615
0.001539
0.001467
0.001397
0.001331
0.001268
0.001207
0.001149
0.001094
0.001041
0.000990
0.000942
0.000896
0.000852
0.000810
0.000770
0.000731
0.000695
0.000660
0.000627
0.000595
0.000565
0.000536
0.000509
0.000483
0.000458
0.000434
0.000412
0.000391
0.000370
0.000351
0.000332
0.000315
0.000298
0.000282
0.000267
0.000253
0.000239
0.000226
0.000214
0.000203
0.000192
0.000181
0.000171
0.000162
0.000153
0.000144
0.000136
0.000129
0.000122
0.000115
0.000108
0.000102
0.000096
0.000091
0.000086
0.000081
0.000076
0.000072
0.000068
0.000064
0.000060
0.000056
0.000053
0.000050
0.000047
0.000044
0.000042
0.000039
0.000037
0.000035
0.000033
0.000031
0.000029
0.000027
0.000025
0.000024
0.000022
0.000021
0.000020
0.000018
0.000017
0.000016
0.000015
0.000014
0.000013
0.000013
0.000012
0.000011
0.000010
0.000010
0.000009
0.000008
0.000008
0.000007
0.000007
0.000006
0.000006
0.000006
0.000005
0.000005
0.000005
0.000004
0.000004
0.000004
0.000004
0.000003
0.000003
0.000003
0.000003
0.000002
0.000002
0.000002
0.000002
0.000002
0.000002
0.000002
0.000002
0.000001
0.000001
0.000001
0.000001
0.000001
0.000001
0.000001
0.000001
0.000001
0.000001
0.000001
0.000001
0.000001
0.000001
0.000001
0.000000
0.000000
0.000000
0.000000
0.000000
0.000000
0.000000
0.000000
0.000000
0.000000
0.000000
0.000000
0.000000
0.000000
0.000000
0.000000
0.000000
0.000000
0.000000
0.000000
0.000000
0.000000
0.000000
0.000000
0.000000
0.000000
0.000000
0.000000
0.000000
0.000000
0.000000
0.000000
0.000000
0.000000
0.000000
0.000000
0.000000
0.000000
0.000000
0.000000
0.000000
0.000000
0.000000
0.000000
0.000000
0.000000
0.000000
0.000000
0.000000
0.000000
0.000000
0.000000
0.000000
0.000000
0.000000
0.000000
0.000000
0.000000
0.000000
0.000000
0.000000
0.000000
0.000000
0.000000
0.000000
0.000000
0.000000
0.000000
0.000000
0.000000
0.000000
0.000000
0.000000
0.000000
0.000000
0.000000
0.000000
0.000000
0.000000
0.000000
0.000000
0.000000
0.000000
0.000000
0.000000
0.000000
0.000000
0.000000
0.000000
0.000000
0.000000
0.000000
0.000000
0.000000
0.000000
0.000000
0.000000
0.000000
0.000000
0.000000
0.000000
0.000000
0.000000
0.000000
0.000000
0.000000
0.000000
0.000000
0.000000
0.000000
0.000000
0.000000
0.000000
0.000000
0.000000
0.000000
0.000000
0.000000
0.000000
0.000000
0.000000
0.000000
0.000000
0.000000
0.000000
0.000000
0.000000
0.000000
0.000000
0.000000
0.000000
0.000000
0.000000
0.000000
0.000000
0.000000
0.000000
0.000000
0.000000
0.000000
0.000000
0.000000
0.000000
0.000000
0.000000
0.000000
0.000000
0.000000
0.000000
0.000000
0.000000
0.000000
0.000000
0.000000
0.000000
0.000000
0.000000
0.000000
0.000000
0.000000
0.000000
0.000000
0.000000
0.000000
0.000000
0.000000
0.000000
0.000000
0.000000
0.000000
0.000000
0.000000
0.000000
0.000000
0.000000
0.000000
0.000000
0.000000
