0.003162
0.006325
0.009490
0.012658
0.015829
0.019006
0.022187
0.025376
0.028572
0.031776
0.034990
0.038214
0.041448
0.044695
0.047955
0.051227
0.054515
0.057816
0.061136
0.064469
0.067823
0.071192
0.074582
0.077990
0.081419
0.084867
0.088337
0.091830
0.095342
0.098880
0.102438
0.106023
0.109628
0.113261
0.116916
0.120596
0.124303
0.128031
0.131789
0.135568
0.139377
0.143208
0.147065
0.150951
0.154857
0.158794
0.162751
0.166735
0.170745
0.174775
0.178836
0.182913
0.187018
0.191146
0.195291
0.199465
0.203653
0.207865
0.212098
0.216344
0.220616
0.224899
0.229199
0.233519
0.237847
0.242194
0.246552
0.250917
0.255300
0.259687
0.264080
0.268488
0.272892
0.277304
0.281723
0.286134
0.290552
0.294969
0.299375
0.303785
0.308188
0.312576
0.316964
0.321339
0.325694
0.330044
0.334378
0.338685
0.342982
0.347259
0.351502
0.355729
0.359933
0.364098
0.368237
0.372353
0.376426
0.380459
0.384467
0.388433
0.392346
0.396225
0.400066
0.403848
0.407580
0.411275
0.414915
0.418488
0.422011
0.425488
0.428898
0.432236
0.435521
0.438751
0.441905
0.444981
0.447995
0.450951
0.453827
0.456614
0.459330
0.461984
0.464559
0.467040
0.469432
0.471753
0.474002
0.476162
0.478220
0.480184
0.482069
0.483878
0.485599
0.487215
0.488723
0.490138
0.491470
0.492720
0.493879
0.494934
0.495875
0.496708
0.497441
0.498084
0.498640
0.499109
0.499487
0.499768
0.499948
0.500023
0.499993
0.499858
0.499620
0.499279
0.498838
0.498296
0.497655
0.496915
0.496077
0.495142
0.494110
0.492983
0.491760
0.490442
0.489031
0.487527
0.485931
0.484244
0.482467
0.480601
0.478647
0.476607
0.474480
0.472269
0.469976
0.467602
0.465147
0.462614
0.460004
0.457318
0.454559
0.451727
0.448824
0.445851
0.442812
0.439706
0.436538
0.433307
0.430016
0.426667
0.423261
0.419799
0.416286
0.412722
0.409109
0.405449
0.401745
0.397997
0.394208
0.390382
0.386519
0.382620
0.378690
0.374728
0.370738
0.366720
0.362680
0.358616
0.354533
0.350431
0.346313
0.342180
0.338036
0.333881
0.329717
0.325549
0.321375
0.317199
0.313023
0.308850
0.304679
0.300515
0.296357
0.292209
0.288072
0.283948
0.279837
0.275744
0.271669
0.267615
0.263581
0.259571
0.255585
0.251626
0.247695
0.243795
0.239926
0.236089
0.232286
0.228520
0.224789
0.221099
0.217447
0.213837
0.210268
0.206744
0.203264
0.199832
0.196447
0.193109
0.189822
0.186584
0.183398
0.180266
0.177188
0.174165
0.171196
0.168284
0.165430
0.162635
0.159898
0.157221
0.154604
0.152050
0.149558
0.147129
0.144763
0.142462
0.140225
0.138054
0.135949
0.133909
0.131938
0.130034
0.128198
0.126431
0.124732
0.123102
0.121543
0.120054
0.118635
0.117288
0.116011
0.114806
0.113672
0.112610
0.111620
0.110703
0.109859
0.109086
0.108387
0.107762
0.107209
0.106730
0.106325
0.105993
0.105734
0.105550
0.105439
0.105403
0.105439
0.105550
0.105735
0.105992
0.106325
0.106731
0.107209
0.107761
0.108387
0.109085
0.109857
0.110701
0.111618
0.112607
0.113668
0.114803
0.116008
0.117285
0.118633
0.120051
0.121541
0.123100
0.124729
0.126428
0.128195
0.130031
0.131936
0.133907
0.135945
0.138050
0.140222
0.142460
0.144761
0.147126
0.149556
0.152048
0.154602
0.157218
0.159894
0.162630
0.165426
0.168280
0.171191
0.174159
0.177183
0.180262
0.183393
0.186578
0.189815
0.193103
0.196440
0.199826
0.203259
0.206739
0.210263
0.213831
0.217441
0.221092
0.224784
0.228514
0.232281
0.236083
0.239920
0.243789
0.247690
0.251620
0.255579
0.259564
0.263575
0.267608
0.271664
0.275739
0.279833
0.283941
0.288066
0.292203
0.296352
0.300509
0.304674
0.308844
0.313017
0.317193
0.321368
0.325541
0.329710
0.333874
0.338028
0.342172
0.346305
0.350423
0.354525
0.358608
0.362672
0.366713
0.370730
0.374720
0.378682
0.382613
0.386511
0.390375
0.394202
0.397990
0.401737
0.405442
0.409102
0.412714
0.416279
0.419793
0.423253
0.426659
0.430009
0.433300
0.436531
0.439701
0.442806
0.445846
0.448818
0.451721
0.454554
0.457313
0.460000
0.462611
0.465144
0.467599
0.469973
0.472266
0.474476
0.476602
0.478643
0.480597
0.482464
0.484241
0.485928
0.487525
0.489029
0.490441
0.491758
0.492982
0.494109
0.495141
0.496076
0.496914
0.497654
0.498296
0.498839
0.499283
0.499628
0.499873
0.500019
0.500065
0.500011
0.499857
0.499604
0.499251
0.498800
0.498248
0.497597
0.496849
0.496003
0.495059
0.494018
0.492881
0.491649
0.490321
0.488899
0.487384
0.485776
0.484077
0.482288
0.480410
0.478443
0.476389
0.474249
0.472024
0.469716
0.467325
0.464854
0.462303
0.459675
0.456970
0.454190
0.451337
0.448412
0.445417
0.442354
0.439224
0.436029
0.432770
0.429450
0.426071
0.422633
0.419139
0.415591
0.411991
0.408341
0.404642
0.400896
0.397105
0.393272
0.389397
0.385484
0.381534
0.377549
0.373531
0.369482
0.365403
0.361297
0.357166
0.353011
0.348835
0.344640
0.340426
0.336197
0.331955
0.327700
0.323435
0.319162
0.314883
0.310598
0.306311
0.302022
0.297734
0.293449
0.289166
0.284890
0.280621
0.276361
0.272110
0.267872
0.263646
0.259436
0.255241
0.251064
0.246907
0.242769
0.238653
0.234560
0.230491
0.226447
0.222430
0.218441
0.214480
0.210548
0.206648
0.202779
0.198943
0.195141
0.191373
0.187640
0.183943
0.180282
0.176659
0.173075
0.169529
0.166023
0.162557
0.159131
0.155747
0.152404
0.149103
0.145844
0.142628
0.139455
0.136325
0.133239
0.130197
0.127198
0.124244
0.121334
0.118469
0.115648
0.112872
0.110140
0.107453
0.104811
0.102213
0.099660
0.097151
0.094686
0.092265
0.089888
0.087555
0.085266
0.083019
0.080816
0.078656
0.076537
0.074462
0.072427
0.070435
0.068483
0.066573
0.064702
0.062872
0.061081
0.059329
0.057616
0.055942
0.054305
0.052705
0.051142
0.049616
0.048126
0.046671
0.045251
0.043866
0.042514
0.041196
0.039911
0.038658
0.037437
0.036247
0.035088
0.033959
0.032860
0.031790
0.030749
0.029736
0.028751
0.027793
0.026861
0.025956
0.025075
0.024220
0.023390
0.022583
0.021800
0.021040
0.020302
0.019586
0.018892
0.018218
0.017565
0.016932
0.016319
0.015725
0.015149
0.014592
0.014052
0.013529
0.013024
0.012534
0.012061
0.011603
0.011161
0.010733
0.010319
0.009919
0.009533
0.009161
0.008801
0.008453
0.008118
0.007794
0.007482
0.007180
0.006890
0.006610
0.006340
0.006080
0.005829
0.005588
0.005355
0.005131
0.004916
0.004709
0.004509
0.004317
0.004133
0.003955
0.003785
0.003621
0.003463
0.003312
0.003166
0.003027
0.002893
0.002764
0.002641
0.002522
0.002408
0.002300
0.002195
0.002095
0.001999
0.001907
0.001819
0.001735
0.001654
0.001576
0.001502
0.001432
0.001364
0.001299
0.001237
0.001178
0.001121
0.001067
0.001015
0.000966
0.000919
0.000874
0.000831
0.000790
0.000750
0.000713
0.000677
0.000643
0.000611
0.000580
0.000551
0.000523
0.000496
0.000470
0.000446
0.000423
0.000401
0.000380
0.000360
0.000341
0.000323
0.000306
0.000290
0.000275
0.000260
0.000246
0.000233
0.000220
0.000208
0.000197
0.000186
0.000176
0.000166
0.000157
0.000149
0.000140
0.000132
0.000125
0.000118
0.000111
0.000105
0.000099
0.000094
0.000088
0.000083
0.000078
0.000074
0.000070
0.000066
0.000062
0.000058
0.000055
0.000052
0.000049
0.000046
0.000043
0.000040
0.000038
0.000036
0.000034
0.000032
0.000030
0.000028
0.000026
0.000025
0.000023
0.000022
0.000020
0.000019
0.000018
0.000017
0.000016
0.000015
0.000014
0.000013
0.000012
0.000011
0.000011
0.000010
0.000009
0.000009
0.000008
0.000008
0.000007
0.000007
0.000006
0.000006
0.000005
0.000005
0.000005
0.000004
0.000004
0.000004
0.000004
0.000003
0.000003
0.000003
0.000003
0.000003
0.000002
0.000002
0.000002
0.000002
0.000002
0.000002
0.000002
0.000001
0.000001
0.000001
0.000001
0.000001
0.000001
0.000001
0.000001
0.000001
0.000001
0.000001
0.000001
0.000001
0.000001
0.000001
0.000000
0.000000
0.000000
0.000000
0.000000
0.000000
0.000000
0.000000
0.000000
0.000000
0.000000
0.000000
0.000000
0.000000
0.000000
0.000000
0.000000
0.000000
0.000000
0.000000
0.000000
0.000000
0.000000
0.000000
0.000000
0.000000
0.000000
0.000000
0.000000
0.000000
0.000000
0.000000
0.000000
0.000000
0.000000
0.000000
0.000000
0.000000
0.000000
0.000000
0.000000
0.000000
0.000000
0.000000
0.000000
0.000000
0.000000
0.000000
0.000000
0.000000
0.000000
0.000000
0.000000
0.000000
0.000000
0.000000
0.000000
0.000000
0.000000
0.000000
0.000000
0.000000
0.000000
0.000000
0.000000
0.000000
0.000000
0.000000
0.000000
0.000000
0.000000
0.000000
0.000000
0.000000
0.000000
0.000000
0.000000
0.000000
0.000000
0.000000
0.000000
0.000000
0.000000
0.000000
0.000000
0.000000
0.000000
0.000000
0.000000
0.000000
0.000000
0.000000
0.000000
0.000000
0.000000
0.000000
0.000000
0.000000
0.000000
0.000000
0.000000
0.000000
0.000000
0.000000
0.000000
0.000000
0.000000
0.000000
0.000000
0.000000
0.000000
0.000000
0.000000
0.000000
0.000000
0.000000
0.000000
0.000000
0.000000
0.000000
0.000000
0.000000
0.000000
0.000000
0.000000
0.000000
0.000000
0.000000
0.000000
0.000000
0.000000
0.000000
0.000000
0.000000
0.000000
0.000000
0.000000
0.000000
0.000000
0.000000
0.000000
0.000000
0.000000
0.000000
0.000000
0.000000
0.000000
0.000000
0.000000
0.000000
0.000000
0.000000
0.000000
0.000000
0.000000
0.000000
0.000000
0.000000
0.000000
0.000000
0.000000
0.000000
0.000000
0.000000
0.000000
0.000000
0.000000
0.000000
0.000000
0.000000
0.000000
0.000000
0.000000
0.000000
0.000000
0.000000
0.000000
0.000000
