0.000004
0.000090
0.000142
0.000157
0.000167
0.000177
0.000188
0.000199
0.000211
0.000224
0.000237
0.000251
0.000266
0.000282
0.000299
0.000316
0.000334
0.000354
0.000374
0.000396
0.000419
0.000443
0.000468
0.000495
0.000523
0.000552
0.000583
0.000616
0.000650
0.000686
0.000724
0.000764
0.000806
0.000850
0.000896
0.000945
0.000996
0.001050
0.001106
0.001165
0.001227
0.001292
0.001360
0.001432
0.001507
0.001586
0.001668
0.001754
0.001845
0.001939
0.002038
0.002142
0.002251
0.002365
0.002483
0.002608
0.002738
0.002874
0.003016
0.003164
0.003320
0.003482
0.003651
0.003827
0.004012
0.004204
0.004405
0.004615
0.004833
0.005061
0.005299
0.005546
0.005804
0.006073
0.006353
0.006644
0.006948
0.007264
0.007592
0.007935
0.008290
0.008660
0.009045
0.009445
0.009861
0.010292
0.010741
0.011207
0.011691
0.012193
0.012715
0.013256
0.013817
0.014399
0.015002
0.015628
0.016277
0.016949
0.017646
0.018367
0.019114
0.019887
0.020688
0.021517
0.022374
0.023261
0.024178
0.025126
0.026106
0.027119
0.028166
0.029247
0.030364
0.031517
0.032707
0.033936
0.035203
0.036511
0.037859
0.039250
0.040683
0.042161
0.043683
0.045251
0.046867
0.048530
0.050242
0.052004
0.053817
0.055683
0.057601
0.059574
0.061602
0.063686
0.065827
0.068027
0.070287
0.072607
0.074988
0.077432
0.079940
0.082513
0.085151
0.087856
0.090629
0.093471
0.096383
0.099366
0.102420
0.105547
0.108748
0.112024
0.115375
0.118803
0.122308
0.125891
0.129554
0.133296
0.137119
0.141023
0.145010
0.149080
0.153233
0.157471
0.161793
0.166201
0.170694
0.175274
0.179941
0.184696
0.189538
0.194468
0.199487
0.204594
0.209790
0.215076
0.220450
0.225913
0.231465
0.237107
0.242837
0.248657
0.254565
0.260561
0.266645
0.272816
0.279075
0.285420
0.291852
0.298368
0.304969
0.311654
0.318421
0.325271
0.332201
0.339212
0.346301
0.353468
0.360710
0.368028
0.375419
0.382882
0.390416
0.398018
0.405687
0.413421
0.421218
0.429077
0.436995
0.444970
0.453000
0.461083
0.469217
0.477398
0.485625
0.493896
0.502206
0.510555
0.518938
0.527354
0.535799
0.544270
0.552765
0.561281
0.569814
0.578360
0.586918
0.595484
0.604053
0.612624
0.621192
0.629754
0.638306
0.646846
0.655368
0.663870
0.672348
0.680799
0.689217
0.697601
0.705945
0.714246
0.722501
0.730705
0.738854
0.746945
0.754974
0.762937
0.770829
0.778647
0.786388
0.794047
0.801620
0.809104
0.816494
0.823787
0.830980
0.838067
0.845046
0.851913
0.858665
0.865296
0.871805
0.878187
0.884440
0.890558
0.896540
0.902382
0.908080
0.913632
0.919034
0.924283
0.929376
0.934311
0.939084
0.943693
0.948135
0.952408
0.956509
0.960436
0.964186
0.967757
0.971147
0.974355
0.977377
0.980214
0.982862
0.985320
0.987587
0.989662
0.991542
0.993228
0.994718
0.996011
0.997106
0.998003
0.998701
0.999200
0.999500
0.999600
0.999500
0.999201
0.998702
0.998004
0.997107
0.996011
0.994719
0.993229
0.991543
0.989663
0.987588
0.985322
0.982863
0.980215
0.977379
0.974357
0.971149
0.967759
0.964188
0.960438
0.956512
0.952411
0.948138
0.943696
0.939087
0.934314
0.929380
0.924286
0.919037
0.913635
0.908084
0.902386
0.896544
0.890562
0.884444
0.878191
0.871809
0.865301
0.858669
0.851918
0.845051
0.838072
0.830984
0.823792
0.816499
0.809108
0.801625
0.794052
0.786393
0.778653
0.770834
0.762942
0.754979
0.746951
0.738860
0.730711
0.722507
0.714253
0.705952
0.697607
0.689224
0.680805
0.672355
0.663877
0.655375
0.646853
0.638314
0.629762
0.621200
0.612632
0.604061
0.595492
0.586927
0.578369
0.569822
0.561289
0.552774
0.544279
0.535808
0.527363
0.518947
0.510564
0.502216
0.493905
0.485635
0.477408
0.469226
0.461093
0.453010
0.444980
0.437005
0.429087
0.421228
0.413431
0.405697
0.398028
0.390426
0.382892
0.375429
0.368038
0.360721
0.353478
0.346311
0.339222
0.332212
0.325281
0.318431
0.311664
0.304979
0.298378
0.291861
0.285430
0.279085
0.272826
0.266655
0.260570
0.254574
0.248666
0.242847
0.237116
0.231475
0.225922
0.220459
0.215085
0.209800
0.204603
0.199496
0.194477
0.189547
0.184705
0.179950
0.175283
0.170703
0.166209
0.161801
0.157479
0.153241
0.149088
0.145018
0.141031
0.137127
0.133303
0.129561
0.125898
0.122315
0.118810
0.115382
0.112031
0.108755
0.105554
0.102427
0.099372
0.096389
0.093478
0.090636
0.087862
0.085157
0.082519
0.079946
0.077438
0.074994
0.072612
0.070292
0.068032
0.065832
0.063691
0.061606
0.059578
0.057606
0.055687
0.053822
0.052008
0.050246
0.048534
0.046871
0.045255
0.043687
0.042165
0.040687
0.039253
0.037863
0.036514
0.035206
0.033939
0.032710
0.031520
0.030367
0.029250
0.028169
0.027122
0.026109
0.025129
0.024180
0.023263
0.022376
0.021519
0.020690
0.019890
0.019116
0.018369
0.017648
0.016951
0.016279
0.015630
0.015004
0.014401
0.013818
0.013257
0.012716
0.012195
0.011692
0.011209
0.010743
0.010294
0.009862
0.009446
0.009046
0.008661
0.008291
0.007936
0.007594
0.007265
0.006949
0.006645
0.006354
0.006074
0.005805
0.005547
0.005299
0.005062
0.004834
0.004615
0.004406
0.004205
0.004013
0.003828
0.003651
0.003482
0.003320
0.003165
0.003016
0.002874
0.002738
0.002608
0.002484
0.002365
0.002251
0.002143
0.002039
0.001940
0.001845
0.001755
0.001668
0.001586
0.001507
0.001432
0.001361
0.001292
0.001227
0.001165
0.001106
0.001050
0.000996
0.000945
0.000896
0.000850
0.000806
0.000764
0.000724
0.000686
0.000650
0.000616
0.000583
0.000552
0.000523
0.000495
0.000468
0.000443
0.000419
0.000396
0.000374
0.000354
0.000335
0.000316
0.000299
0.000282
0.000266
0.000252
0.000237
0.000224
0.000211
0.000199
0.000188
0.000177
0.000167
0.000158
0.000149
0.000140
0.000132
0.000124
0.000117
0.000110
0.000104
0.000098
0.000092
0.000086
0.000081
0.000076
0.000072
0.000068
0.000063
0.000060
0.000056
0.000053
0.000049
0.000046
0.000044
0.000041
0.000038
0.000036
0.000034
0.000032
0.000030
0.000028
0.000026
0.000024
0.000023
0.000021
0.000020
0.000019
0.000018
0.000016
0.000015
0.000014
0.000013
0.000013
0.000012
0.000011
0.000010
0.000010
0.000009
0.000008
0.000008
0.000007
0.000007
0.000006
0.000006
0.000006
0.000005
0.000005
0.000005
0.000004
0.000004
0.000004
0.000003
0.000003
0.000003
0.000003
0.000003
0.000002
0.000002
0.000002
0.000002
0.000002
0.000002
0.000002
0.000001
0.000001
0.000001
0.000001
0.000001
0.000001
0.000001
0.000001
0.000001
0.000001
0.000001
0.000001
0.000001
0.000001
0.000001
0.000000
0.000000
0.000000
0.000000
0.000000
0.000000
0.000000
0.000000
0.000000
0.000000
0.000000
0.000000
0.000000
0.000000
0.000000
0.000000
0.000000
0.000000
0.000000
0.000000
0.000000
0.000000
0.000000
0.000000
0.000000
0.000000
0.000000
0.000000
0.000000
0.000000
0.000000
0.000000
0.000000
0.000000
0.000000
0.000000
0.000000
0.000000
0.000000
0.000000
0.000000
0.000000
0.000000
0.000000
0.000000
0.000000
0.000000
0.000000
0.000000
0.000000
0.000000
0.000000
0.000000
0.000000
0.000000
0.000000
0.000000
0.000000
0.000000
0.000000
0.000000
0.000000
0.000000
0.000000
0.000000
0.000000
0.000000
0.000000
0.000000
0.000000
0.000000
0.000000
0.000000
0.000000
0.000000
0.000000
0.000000
0.000000
0.000000
0.000000
0.000000
0.000000
0.000000
0.000000
0.000000
0.000000
0.000000
0.000000
0.000000
0.000000
0.000000
0.000000
0.000000
0.000000
0.000000
0.000000
0.000000
0.000000
0.000000
0.000000
0.000000
0.000000
0.000000
0.000000
0.000000
0.000000
0.000000
0.000000
0.000000
0.000000
0.000000
0.000000
0.000000
0.000000
0.000000
0.000000
0.000000
0.000000
0.000000
0.000000
0.000000
0.000000
0.000000
0.000000
0.000000
0.000000
0.000000
0.000000
0.000000
0.000000
0.000000
0.000000
0.000000
0.000000
0.000000
0.000000
0.000000
0.000000
0.000000
0.000000
0.000000
0.000000
0.000000
0.000000
0.000000
0.000000
0.000000
0.000000
0.000000
0.000000
0.000000
0.000000
0.000000
0.000000
0.000000
0.000000
0.000000
0.000000
0.000000
0.000000
0.000000
0.000000
0.000000
0.000000
0.000000
0.000000
0.000000
0.000000
0.000000
0.000000
0.000000
0.000000
0.000000
0.000000
0.000000
0.000000
0.000000
0.000000
0.000000
0.000000
0.000000
0.000000
0.000000
0.000000
0.000000
0.000000
0.000000
0.000000
0.000000
0.000000
0.000000
0.000000
0.000000
0.000000
0.000000
0.000000
0.000000
0.000000
0.000000
0.000000
0.000000
0.000000
0.000000
0.000000
0.000000
0.000000
0.000000
0.000000
0.000000
0.000000
0.000000
0.000000
0.000000
0.000000
0.000000
0.000000
0.000000
0.000000
0.000000
0.000000
0.000000
0.000000
0.000000
0.000000
0.000000
0.000000
0.000000
0.000000
0.000000
0.000000
0.000000
0.000000
0.000000
0.000000
0.000000
0.000000
0.000000
0.000000
0.000000
0.000000
0.000000
0.000000
0.000000
0.000000
0.000000
0.000000
0.000000
0.000000
0.000000
0.000000
0.000000
0.000000
0.000000
0.000000
0.000000
0.000000
0.000000
0.000000
0.000000
0.000000
0.000000
0.000000
0.000000
0.000000
0.000000
0.000000
0.000000
0.000000
0.000000
0.000000
0.000000
0.000000
0.000000
0.000000
0.000000
0.000000
0.000000
0.000000
0.000000
0.000000
0.000000
0.000000
0.000000
0.000000
0.000000
0.000000
0.000000
0.000000
0.000000
0.000000
0.000000
0.000000
0.000000
0.000000
0.000000
0.000000
0.000000
0.000000
0.000000
0.000000
0.000000
0.000000
0.000000
0.000000
0.000000
0.000000
0.000000
0.000000
0.000000
0.000000
0.000000
0.000000
0.000000
0.000000
0.000000
0.000000
0.000000
0.000000
