0.000018
0.000034
0.000054
0.000067
0.000093
0.000101
0.000125
0.000149
0.000151
0.000185
0.000217
0.000210
0.000216
0.000270
0.000345
0.000407
0.000449
0.000481
0.000510
0.000538
0.000568
0.000599
0.000632
0.000667
0.000703
0.000741
0.000781
0.000823
0.000867
0.000913
0.000962
0.001013
0.001066
0.001122
0.001181
0.001243
0.001307
0.001375
0.001446
0.001520
0.001597
0.001679
0.001764
0.001853
0.001946
0.002043
0.002145
0.002252
0.002363
0.002480
0.002601
0.002728
0.002861
0.003000
0.003144
0.003295
0.003453
0.003617
0.003789
0.003968
0.004154
0.004349
0.004552
0.004763
0.004983
0.005212
0.005451
0.005699
0.005958
0.006227
0.006507
0.006799
0.007102
0.007417
0.007745
0.008085
0.008439
0.008807
0.009189
0.009585
0.009997
0.010425
0.010868
0.011329
0.011806
0.012301
0.012815
0.013348
0.013899
0.014471
0.015064
0.015678
0.016313
0.016971
0.017653
0.018358
0.019087
0.019842
0.020622
0.021429
0.022263
0.023126
0.024017
0.024938
0.025888
0.026870
0.027884
0.028931
0.030011
0.031125
0.032274
0.033460
0.034682
0.035942
0.037240
0.038578
0.039957
0.041376
0.042838
0.044343
0.045892
0.047485
0.049125
0.050812
0.052546
0.054329
0.056162
0.058045
0.059980
0.061967
0.064008
0.066104
0.068255
0.070462
0.072727
0.075050
0.077433
0.079875
0.082379
0.084945
0.087574
0.090267
0.093025
0.095849
0.098740
0.101698
0.104725
0.107821
0.110987
0.114224
0.117533
0.120915
0.124370
0.127899
0.131503
0.135183
0.138938
0.142771
0.146682
0.150670
0.154738
0.158884
0.163111
0.167418
0.171805
0.176274
0.180824
0.185456
0.190170
0.194967
0.199846
0.204808
0.209853
0.214981
0.220193
0.225487
0.230865
0.236325
0.241868
0.247494
0.253202
0.258992
0.264864
0.270817
0.276850
0.282964
0.289158
0.295430
0.301782
0.308210
0.314715
0.321296
0.327951
0.334681
0.341483
0.348357
0.355301
0.362315
0.369396
0.376543
0.383756
0.391031
0.398369
0.405766
0.413222
0.420735
0.428302
0.435922
0.443593
0.451312
0.459078
0.466889
0.474741
0.482634
0.490563
0.498529
0.506526
0.514554
0.522609
0.530689
0.538790
0.546911
0.555049
0.563200
0.571362
0.579531
0.587705
0.595880
0.604054
0.612223
0.620384
0.628534
0.636669
0.644787
0.652884
0.660956
0.669001
0.677014
0.684992
0.692932
0.700831
0.708684
0.716489
0.724242
0.731939
0.739578
0.747153
0.754662
0.762101
0.769466
0.776755
0.783963
0.791088
0.798125
0.805071
0.811923
0.818677
0.825330
0.831879
0.838320
0.844650
0.850865
0.856963
0.862941
0.868794
0.874520
0.880117
0.885581
0.890908
0.896098
0.901146
0.906049
0.910806
0.915413
0.919869
0.924170
0.928315
0.932300
0.936125
0.939786
0.943281
0.946610
0.949769
0.952758
0.955574
0.958216
0.960681
0.962970
0.965081
0.967012
0.968763
0.970332
0.971719
0.972922
0.973941
0.974776
0.975426
0.975891
0.976170
0.976263
0.976170
0.975891
0.975427
0.974777
0.973943
0.972923
0.971720
0.970333
0.968764
0.967014
0.965083
0.962972
0.960683
0.958217
0.955575
0.952759
0.949771
0.946612
0.943284
0.939789
0.936127
0.932303
0.928318
0.924173
0.919872
0.915417
0.910810
0.906053
0.901149
0.896101
0.890912
0.885584
0.880121
0.874524
0.868798
0.862944
0.856967
0.850869
0.844654
0.838324
0.831884
0.825335
0.818682
0.811928
0.805076
0.798130
0.791093
0.783969
0.776760
0.769471
0.762106
0.754667
0.747158
0.739583
0.731946
0.724249
0.716496
0.708691
0.700837
0.692939
0.684999
0.677020
0.669007
0.660963
0.652891
0.644794
0.636676
0.628541
0.620391
0.612230
0.604061
0.595887
0.587712
0.579538
0.571369
0.563207
0.555056
0.546919
0.538798
0.530697
0.522617
0.514562
0.506535
0.498537
0.490572
0.482642
0.474750
0.466897
0.459087
0.451321
0.443602
0.435931
0.428311
0.420744
0.413231
0.405776
0.398378
0.391041
0.383765
0.376552
0.369405
0.362324
0.355310
0.348366
0.341493
0.334690
0.327961
0.321305
0.314724
0.308219
0.301791
0.295440
0.289167
0.282974
0.276860
0.270826
0.264873
0.259001
0.253211
0.247503
0.241877
0.236334
0.230874
0.225496
0.220202
0.214991
0.209862
0.204817
0.199855
0.194976
0.190179
0.185465
0.180833
0.176282
0.171814
0.167426
0.163119
0.158893
0.154746
0.150678
0.146690
0.142779
0.138946
0.135190
0.131510
0.127906
0.124377
0.120922
0.117540
0.114231
0.110993
0.107827
0.104731
0.101704
0.098746
0.095855
0.093031
0.090273
0.087580
0.084951
0.082385
0.079881
0.077438
0.075055
0.072732
0.070467
0.068260
0.066109
0.064013
0.061972
0.059985
0.058049
0.056166
0.054333
0.052550
0.050816
0.049129
0.047489
0.045896
0.044347
0.042842
0.041380
0.039960
0.038582
0.037244
0.035945
0.034685
0.033463
0.032277
0.031128
0.030013
0.028933
0.027887
0.026873
0.025891
0.024940
0.024019
0.023128
0.022266
0.021431
0.020624
0.019844
0.019089
0.018360
0.017655
0.016973
0.016315
0.015679
0.015066
0.014473
0.013901
0.013349
0.012817
0.012303
0.011808
0.011330
0.010870
0.010426
0.009998
0.009587
0.009190
0.008808
0.008440
0.008086
0.007746
0.007418
0.007103
0.006800
0.006508
0.006228
0.005959
0.005700
0.005451
0.005213
0.004984
0.004763
0.004552
0.004349
0.004155
0.003968
0.003789
0.003618
0.003453
0.003296
0.003145
0.003000
0.002861
0.002729
0.002602
0.002480
0.002364
0.002252
0.002146
0.002044
0.001946
0.001853
0.001764
0.001679
0.001598
0.001520
0.001446
0.001375
0.001307
0.001243
0.001181
0.001123
0.001067
0.001013
0.000962
0.000914
0.000867
0.000823
0.000781
0.000741
0.000703
0.000667
0.000632
0.000600
0.000568
0.000539
0.000510
0.000483
0.000458
0.000434
0.000410
0.000389
0.000368
0.000348
0.000329
0.000311
0.000294
0.000278
0.000263
0.000249
0.000235
0.000222
0.000210
0.000198
0.000187
0.000176
0.000167
0.000157
0.000148
0.000140
0.000132
0.000124
0.000117
0.000111
0.000104
0.000098
0.000092
0.000087
0.000082
0.000077
0.000073
0.000068
0.000064
0.000060
0.000057
0.000053
0.000050
0.000047
0.000044
0.000042
0.000039
0.000037
0.000035
0.000032
0.000030
0.000029
0.000027
0.000025
0.000024
0.000022
0.000021
0.000019
0.000018
0.000017
0.000016
0.000015
0.000014
0.000013
0.000012
0.000012
0.000011
0.000010
0.000009
0.000009
0.000008
0.000008
0.000007
0.000007
0.000006
0.000006
0.000005
0.000005
0.000005
0.000004
0.000004
0.000004
0.000004
0.000003
0.000003
0.000003
0.000003
0.000003
0.000002
0.000002
0.000002
0.000002
0.000002
0.000002
0.000002
0.000001
0.000001
0.000001
0.000001
0.000001
0.000001
0.000001
0.000001
0.000001
0.000001
0.000001
0.000001
0.000001
0.000001
0.000001
0.000000
0.000000
0.000000
0.000000
0.000000
0.000000
0.000000
0.000000
0.000000
0.000000
0.000000
0.000000
0.000000
0.000000
0.000000
0.000000
0.000000
0.000000
0.000000
0.000000
0.000000
0.000000
0.000000
0.000000
0.000000
0.000000
0.000000
0.000000
0.000000
0.000000
0.000000
0.000000
0.000000
0.000000
0.000000
0.000000
0.000000
0.000000
0.000000
0.000000
0.000000
0.000000
0.000000
0.000000
0.000000
0.000000
0.000000
0.000000
0.000000
0.000000
0.000000
0.000000
0.000000
0.000000
0.000000
0.000000
0.000000
0.000000
0.000000
0.000000
0.000000
0.000000
0.000000
0.000000
0.000000
0.000000
0.000000
0.000000
0.000000
0.000000
0.000000
0.000000
0.000000
0.000000
0.000000
0.000000
0.000000
0.000000
0.000000
0.000000
0.000000
0.000000
0.000000
0.000000
0.000000
0.000000
0.000000
0.000000
0.000000
0.000000
0.000000
0.000000
0.000000
0.000000
0.000000
0.000000
0.000000
0.000000
0.000000
0.000000
0.000000
0.000000
0.000000
0.000000
0.000000
0.000000
0.000000
0.000000
0.000000
0.000000
0.000000
0.000000
0.000000
0.000000
0.000000
0.000000
0.000000
0.000000
0.000000
0.000000
0.000000
0.000000
0.000000
0.000000
0.000000
0.000000
0.000000
0.000000
0.000000
0.000000
0.000000
0.000000
0.000000
0.000000
0.000000
0.000000
0.000000
0.000000
0.000000
0.000000
0.000000
0.000000
0.000000
0.000000
0.000000
0.000000
0.000000
0.000000
0.000000
0.000000
0.000000
0.000000
0.000000
0.000000
0.000000
0.000000
0.000000
0.000000
0.000000
0.000000
0.000000
0.000000
0.000000
0.000000
0.000000
0.000000
0.000000
0.000000
0.000000
0.000000
0.000000
0.000000
0.000000
0.000000
0.000000
0.000000
0.000000
0.000000
0.000000
0.000000
0.000000
0.000000
0.000000
0.000000
0.000000
0.000000
0.000000
0.000000
0.000000
0.000000
0.000000
0.000000
0.000000
0.000000
0.000000
0.000000
0.000000
0.000000
0.000000
0.000000
0.000000
0.000000
0.000000
0.000000
0.000000
0.000000
0.000000
0.000000
0.000000
0.000000
0.000000
0.000000
0.000000
0.000000
0.000000
0.000000
0.000000
0.000000
0.000000
0.000000
0.000000
0.000000
0.000000
0.000000
0.000000
0.000000
0.000000
0.000000
0.000000
0.000000
0.000000
0.000000
0.000000
0.000000
0.000000
0.000000
0.000000
0.000000
0.000000
0.000000
0.000000
0.000000
0.000000
0.000000
0.000000
0.000000
0.000000
0.000000
0.000000
0.000000
0.000000
0.000000
0.000000
0.000000
0.000000
0.000000
0.000000
0.000000
0.000000
0.000000
0.000000
0.000000
0.000000
0.000000
0.000000
0.000000
0.000000
0.000000
0.000000
0.000000
0.000000
0.000000
0.000000
0.000000
0.000000
0.000000
0.000000
0.000000
0.000000
0.000000
0.000000
0.000000
0.000000
0.000000
0.000000
0.000000
0.000000
0.000000
0.000000
0.000000
0.000000
0.000000
0.000000
0.000000
0.000000
0.000000
0.000000
0.000000
0.000000
0.000000
0.000000
0.000000
0.000000
0.000000
0.000000
0.000000
0.000000
0.000000
0.000000
0.000000
0.000000
