0.003199
0.006399
0.009601
0.012806
0.016014
0.019227
0.022446
0.025671
0.028904
0.032145
0.035395
0.038655
0.041927
0.045209
0.048505
0.051813
0.055137
0.058475
0.061829
0.065199
0.068587
0.071992
0.075416
0.078859
0.082321
0.085806
0.089308
0.092835
0.096381
0.099952
0.103543
0.107160
0.110799
0.114461
0.118150
0.121860
0.125598
0.129358
0.133145
0.136956
0.140791
0.144654
0.148538
0.152452
0.156386
0.160348
0.164335
0.168342
0.172380
0.176435
0.180518
0.184623
0.188748
0.192900
0.197067
0.201261
0.205473
0.209702
0.213956
0.218222
0.222508
0.226812
0.231126
0.235463
0.239808
0.244166
0.248541
0.252918
0.257310
0.261712
0.266113
0.270529
0.274945
0.279361
0.283788
0.288208
0.292626
0.297050
0.301461
0.305868
0.310276
0.314665
0.319047
0.323424
0.327777
0.332119
0.336451
0.340755
0.345039
0.349311
0.353549
0.357760
0.361954
0.366113
0.370234
0.374334
0.378397
0.382413
0.386399
0.390351
0.394248
0.398101
0.401921
0.405687
0.409394
0.413058
0.416677
0.420229
0.423720
0.427165
0.430552
0.433864
0.437111
0.440307
0.443435
0.446480
0.449454
0.452371
0.455216
0.457972
0.460646
0.463255
0.465793
0.468242
0.470594
0.472867
0.475069
0.477191
0.479213
0.481134
0.482968
0.484726
0.486403
0.487980
0.489448
0.490815
0.492092
0.493289
0.494400
0.495411
0.496311
0.497100
0.497784
0.498372
0.498872
0.499286
0.499610
0.499841
0.499972
0.499999
0.499921
0.499739
0.499453
0.499063
0.498573
0.497982
0.497291
0.496503
0.495616
0.494632
0.493552
0.492377
0.491106
0.489740
0.488282
0.486732
0.485090
0.483357
0.481535
0.479624
0.477626
0.475542
0.473372
0.471119
0.468785
0.466370
0.463875
0.461302
0.458653
0.455929
0.453132
0.450264
0.447325
0.444317
0.441244
0.438104
0.434904
0.431642
0.428320
0.424941
0.421505
0.418016
0.414476
0.410885
0.407247
0.403562
0.399834
0.396064
0.392254
0.388407
0.384523
0.380606
0.376657
0.372679
0.368672
0.364640
0.360585
0.356508
0.352412
0.348298
0.344169
0.340027
0.335873
0.331710
0.327540
0.323365
0.319185
0.315005
0.310825
0.306648
0.302475
0.298309
0.294150
0.290002
0.285866
0.281742
0.277634
0.273544
0.269472
0.265421
0.261392
0.257387
0.253407
0.249454
0.245530
0.241637
0.237775
0.233947
0.230152
0.226395
0.222674
0.218993
0.215352
0.211751
0.208194
0.204681
0.201213
0.197792
0.194418
0.191093
0.187817
0.184592
0.181419
0.178300
0.175234
0.172223
0.169267
0.166369
0.163527
0.160745
0.158021
0.155356
0.152753
0.150211
0.147731
0.145315
0.142962
0.140672
0.138448
0.136288
0.134194
0.132166
0.130206
0.128312
0.126487
0.124730
0.123041
0.121421
0.119871
0.118391
0.116981
0.115642
0.114372
0.113175
0.112048
0.110992
0.110009
0.109098
0.108258
0.107491
0.106796
0.106175
0.105626
0.105150
0.104747
0.104417
0.104160
0.103977
0.103867
0.103831
0.103867
0.103977
0.104161
0.104417
0.104747
0.105151
0.105626
0.106174
0.106796
0.107489
0.108256
0.109095
0.110006
0.110990
0.112045
0.113171
0.114369
0.115638
0.116979
0.118388
0.119869
0.121419
0.123038
0.124727
0.126484
0.128310
0.130203
0.132164
0.134191
0.136285
0.138444
0.140670
0.142959
0.145313
0.147730
0.150210
0.152751
0.155353
0.158017
0.160741
0.163523
0.166365
0.169263
0.172218
0.175229
0.178295
0.181414
0.184586
0.187810
0.191086
0.194411
0.197786
0.201208
0.204675
0.208189
0.211746
0.215346
0.218987
0.222668
0.226389
0.230147
0.233941
0.237769
0.241631
0.245525
0.249448
0.253401
0.257380
0.261386
0.265415
0.269466
0.273539
0.277629
0.281737
0.285859
0.289996
0.294145
0.298303
0.302470
0.306643
0.310819
0.314998
0.319178
0.323357
0.327533
0.331703
0.335866
0.340019
0.344161
0.348290
0.352404
0.356500
0.360577
0.364632
0.368664
0.372671
0.376649
0.380599
0.384516
0.388399
0.392247
0.396057
0.399827
0.403555
0.407240
0.410878
0.414468
0.418009
0.421497
0.424933
0.428312
0.431635
0.434897
0.438099
0.441238
0.444312
0.447319
0.450258
0.453127
0.455924
0.458649
0.461298
0.463871
0.466366
0.468782
0.471116
0.473369
0.475537
0.477622
0.479620
0.481531
0.483354
0.485086
0.486729
0.488280
0.489739
0.491104
0.492375
0.493550
0.494631
0.495615
0.496502
0.497291
0.497982
0.498575
0.499069
0.499463
0.499758
0.499954
0.500051
0.500047
0.499943
0.499740
0.499437
0.499035
0.498534
0.497932
0.497233
0.496436
0.495541
0.494549
0.493460
0.492275
0.490995
0.489620
0.488152
0.486590
0.484937
0.483193
0.481359
0.479436
0.477426
0.475329
0.473146
0.470879
0.468530
0.466099
0.463587
0.460998
0.458332
0.455589
0.452772
0.449883
0.446922
0.443893
0.440797
0.437634
0.434407
0.431117
0.427768
0.424359
0.420892
0.417371
0.413797
0.410172
0.406497
0.402775
0.399006
0.395194
0.391339
0.387445
0.383513
0.379546
0.375544
0.371510
0.367446
0.363353
0.359234
0.355091
0.350926
0.346740
0.342535
0.338314
0.334078
0.329829
0.325569
0.321300
0.317023
0.312741
0.308455
0.304167
0.299878
0.295591
0.291307
0.287027
0.282755
0.278490
0.274234
0.269989
0.265757
0.261539
0.257336
0.253150
0.248983
0.244835
0.240708
0.236604
0.232522
0.228466
0.224435
0.220432
0.216456
0.212510
0.208594
0.204710
0.200857
0.197038
0.193252
0.189502
0.185786
0.182108
0.178466
0.174863
0.171297
0.167771
0.164285
0.160839
0.157434
0.154070
0.150748
0.147468
0.144231
0.141036
0.137885
0.134777
0.131712
0.128692
0.125716
0.122784
0.119896
0.117053
0.114254
0.111501
0.108791
0.106127
0.103507
0.100931
0.098400
0.095913
0.093470
0.091071
0.088716
0.086405
0.084137
0.081912
0.079731
0.077591
0.075494
0.073439
0.071426
0.069454
0.067523
0.065632
0.063782
0.061971
0.060200
0.058468
0.056774
0.055118
0.053500
0.051919
0.050375
0.048867
0.047394
0.045957
0.044554
0.043186
0.041851
0.040549
0.039280
0.038043
0.036838
0.035664
0.034520
0.033406
0.032322
0.031266
0.030239
0.029240
0.028269
0.027324
0.026405
0.025512
0.024645
0.023802
0.022983
0.022189
0.021417
0.020668
0.019941
0.019236
0.018552
0.017889
0.017246
0.016623
0.016020
0.015435
0.014868
0.014320
0.013788
0.013274
0.012777
0.012296
0.011830
0.011380
0.010945
0.010524
0.010118
0.009725
0.009345
0.008979
0.008625
0.008284
0.007954
0.007636
0.007330
0.007034
0.006749
0.006474
0.006209
0.005953
0.005707
0.005470
0.005242
0.005023
0.004811
0.004608
0.004412
0.004224
0.004043
0.003869
0.003702
0.003541
0.003387
0.003238
0.003096
0.002959
0.002828
0.002702
0.002581
0.002465
0.002353
0.002247
0.002144
0.002046
0.001952
0.001862
0.001776
0.001694
0.001615
0.001539
0.001467
0.001397
0.001331
0.001268
0.001207
0.001149
0.001094
0.001041
0.000990
0.000942
0.000896
0.000852
0.000810
0.000770
0.000731
0.000695
0.000660
0.000627
0.000595
0.000565
0.000536
0.000509
0.000483
0.000458
0.000434
0.000412
0.000391
0.000370
0.000351
0.000332
0.000315
0.000298
0.000282
0.000267
0.000253
0.000239
0.000226
0.000214
0.000203
0.000192
0.000181
0.000171
0.000162
0.000153
0.000144
0.000136
0.000129
0.000122
0.000115
0.000108
0.000102
0.000096
0.000091
0.000086
0.000081
0.000076
0.000072
0.000068
0.000064
0.000060
0.000056
0.000053
0.000050
0.000047
0.000044
0.000042
0.000039
0.000037
0.000035
0.000033
0.000031
0.000029
0.000027
0.000025
0.000024
0.000022
0.000021
0.000020
0.000018
0.000017
0.000016
0.000015
0.000014
0.000013
0.000013
0.000012
0.000011
0.000010
0.000010
0.000009
0.000008
0.000008
0.000007
0.000007
0.000006
0.000006
0.000006
0.000005
0.000005
0.000005
0.000004
0.000004
0.000004
0.000004
0.000003
0.000003
0.000003
0.000003
0.000002
0.000002
0.000002
0.000002
0.000002
0.000002
0.000002
0.000002
0.000001
0.000001
0.000001
0.000001
0.000001
0.000001
0.000001
0.000001
0.000001
0.000001
0.000001
0.000001
0.000001
0.000001
0.000001
0.000000
0.000000
0.000000
0.000000
0.000000
0.000000
0.000000
0.000000
0.000000
0.000000
0.000000
0.000000
0.000000
0.000000
0.000000
0.000000
0.000000
0.000000
0.000000
0.000000
0.000000
0.000000
0.000000
0.000000
0.000000
0.000000
0.000000
0.000000
0.000000
0.000000
0.000000
0.000000
0.000000
0.000000
0.000000
0.000000
0.000000
0.000000
0.000000
0.000000
0.000000
0.000000
0.000000
0.000000
0.000000
0.000000
0.000000
0.000000
0.000000
0.000000
0.000000
0.000000
0.000000
0.000000
0.000000
0.000000
0.000000
0.000000
0.000000
0.000000
0.000000
0.000000
0.000000
0.000000
0.000000
0.000000
0.000000
0.000000
0.000000
0.000000
0.000000
0.000000
0.000000
0.000000
0.000000
0.000000
0.000000
0.000000
0.000000
0.000000
0.000000
0.000000
0.000000
0.000000
0.000000
0.000000
0.000000
0.000000
0.000000
0.000000
0.000000
0.000000
0.000000
0.000000
0.000000
0.000000
0.000000
0.000000
0.000000
0.000000
0.000000
0.000000
0.000000
0.000000
0.000000
0.000000
0.000000
0.000000
0.000000
0.000000
0.000000
0.000000
0.000000
0.000000
0.000000
0.000000
0.000000
0.000000
0.000000
0.000000
0.000000
0.000000
0.000000
0.000000
0.000000
0.000000
0.000000
0.000000
0.000000
0.000000
0.000000
0.000000
0.000000
0.000000
0.000000
0.000000
0.000000
0.000000
0.000000
0.000000
0.000000
0.000000
0.000000
0.000000
0.000000
0.000000
0.000000
0.000000
0.000000
0.000000
0.000000
0.000000
0.000000
0.000000
0.000000
0.000000
0.000000
0.000000
0.000000
0.000000
0.000000
0.000000
0.000000
0.000000
0.000000
0.000000
0.000000
0.000000
0.000000
0.000000
0.000000
0.000000
0.000000
0.000000
0.000000
0.000000
0.000000
