0.003236
0.006473
0.009713
0.012954
0.016200
0.019450
0.022706
0.025968
0.029238
0.032516
0.035803
0.039099
0.042408
0.045727
0.049059
0.052404
0.055763
0.059137
0.062526
0.065933
0.069355
0.072797
0.076254
0.079734
0.083229
0.086748
0.090285
0.093845
0.097426
0.101029
0.104655
0.108302
0.111975
0.115669
0.119390
0.123131
0.126899
0.130691
0.134506
0.138349
0.142212
0.146105
0.150018
0.153958
0.157923
0.161909
0.165924
0.169957
0.174019
0.178101
0.182206
0.186337
0.190484
0.194658
0.198850
0.203061
0.207297
0.211545
0.215817
0.220104
0.224405
0.228729
0.233060
0.237409
0.241773
0.246142
0.250529
0.254922
0.259322
0.263737
0.268150
0.272570
0.276999
0.281421
0.285851
0.290281
0.294701
0.299127
0.303545
0.307951
0.312358
0.316752
0.321128
0.325503
0.329858
0.334191
0.338517
0.342819
0.347093
0.351354
0.355589
0.359787
0.363966
0.368118
0.372226
0.376306
0.380357
0.384360
0.388322
0.392255
0.396139
0.399969
0.403762
0.407511
0.411197
0.414830
0.418423
0.421955
0.425418
0.428828
0.432188
0.435475
0.438689
0.441846
0.444944
0.447962
0.450899
0.453772
0.456583
0.459309
0.461946
0.464508
0.467005
0.469419
0.471737
0.473963
0.476116
0.478195
0.480181
0.482063
0.483849
0.485554
0.487183
0.488719
0.490148
0.491469
0.492694
0.493836
0.494895
0.495860
0.496719
0.497466
0.498102
0.498638
0.499082
0.499440
0.499710
0.499889
0.499970
0.499949
0.499824
0.499594
0.499260
0.498822
0.498283
0.497642
0.496903
0.496065
0.495130
0.494098
0.492970
0.491746
0.490427
0.489015
0.487510
0.485914
0.484226
0.482448
0.480580
0.478625
0.476583
0.474456
0.472243
0.469949
0.467573
0.465117
0.462583
0.459970
0.457283
0.454522
0.451688
0.448783
0.445808
0.442767
0.439659
0.436488
0.433255
0.429961
0.426609
0.423200
0.419736
0.416220
0.412652
0.409036
0.405373
0.401664
0.397913
0.394120
0.390289
0.386422
0.382519
0.378584
0.374617
0.370622
0.366599
0.362553
0.358484
0.354394
0.350287
0.346162
0.342022
0.337871
0.333709
0.329538
0.325361
0.321179
0.316995
0.312810
0.308627
0.304447
0.300273
0.296105
0.291946
0.287798
0.283663
0.279541
0.275435
0.271348
0.267280
0.263233
0.259209
0.255209
0.251235
0.247289
0.243372
0.239487
0.235633
0.231813
0.228028
0.224279
0.220569
0.216897
0.213266
0.209677
0.206131
0.202629
0.199173
0.195763
0.192401
0.189089
0.185825
0.182614
0.179454
0.176346
0.173294
0.170296
0.167353
0.164468
0.161640
0.158870
0.156159
0.153507
0.150917
0.148388
0.145921
0.143517
0.141176
0.138899
0.136686
0.134538
0.132456
0.130440
0.128491
0.126608
0.124793
0.123046
0.121367
0.119757
0.118217
0.116746
0.115344
0.114013
0.112752
0.111561
0.110442
0.109393
0.108415
0.107510
0.106675
0.105914
0.105224
0.104606
0.104061
0.103588
0.103188
0.102860
0.102605
0.102423
0.102313
0.102277
0.102314
0.102423
0.102605
0.102860
0.103188
0.103588
0.104061
0.104605
0.105223
0.105912
0.106674
0.107508
0.108413
0.109390
0.110439
0.111558
0.112748
0.114010
0.115341
0.116743
0.118214
0.119755
0.121365
0.123043
0.124791
0.126606
0.128488
0.130438
0.132453
0.134536
0.136683
0.138897
0.141174
0.143515
0.145919
0.148386
0.150915
0.153504
0.156155
0.158866
0.161635
0.164464
0.167349
0.170291
0.173289
0.176342
0.179448
0.182607
0.185819
0.189082
0.192395
0.195757
0.199167
0.202624
0.206125
0.209671
0.213260
0.216891
0.220563
0.224274
0.228022
0.231807
0.235627
0.239481
0.243367
0.247284
0.251229
0.255203
0.259202
0.263227
0.267274
0.271343
0.275430
0.279536
0.283656
0.287792
0.291941
0.296099
0.300267
0.304442
0.308621
0.312804
0.316988
0.321172
0.325354
0.329530
0.333701
0.337863
0.342014
0.346153
0.350278
0.354386
0.358476
0.362545
0.366592
0.370614
0.374609
0.378576
0.382512
0.386415
0.390283
0.394114
0.397907
0.401657
0.405366
0.409029
0.412644
0.416212
0.419729
0.423192
0.426601
0.429954
0.433248
0.436482
0.439653
0.442761
0.445803
0.448777
0.451682
0.454517
0.457278
0.459967
0.462579
0.465114
0.467570
0.469946
0.472240
0.474452
0.476579
0.478621
0.480576
0.482444
0.484222
0.485910
0.487508
0.489013
0.490425
0.491744
0.492968
0.494097
0.495129
0.496065
0.496903
0.497644
0.498286
0.498829
0.499274
0.499619
0.499865
0.500012
0.500058
0.500004
0.499851
0.499598
0.499246
0.498794
0.498243
0.497593
0.496845
0.495999
0.495055
0.494015
0.492878
0.491645
0.490318
0.488896
0.487381
0.485774
0.484075
0.482286
0.480408
0.478441
0.476387
0.474247
0.472023
0.469714
0.467324
0.464852
0.462302
0.459674
0.456969
0.454189
0.451336
0.448411
0.445416
0.442353
0.439223
0.436028
0.432769
0.429450
0.426070
0.422632
0.419138
0.415590
0.411991
0.408340
0.404641
0.400895
0.397105
0.393272
0.389397
0.385484
0.381534
0.377549
0.373531
0.369482
0.365403
0.361297
0.357166
0.353011
0.348835
0.344639
0.340426
0.336197
0.331955
0.327700
0.323435
0.319162
0.314882
0.310598
0.306311
0.302022
0.297734
0.293448
0.289166
0.284890
0.280621
0.276360
0.272110
0.267871
0.263646
0.259435
0.255241
0.251064
0.246906
0.242769
0.238653
0.234560
0.230491
0.226447
0.222430
0.218441
0.214480
0.210548
0.206648
0.202779
0.198943
0.195141
0.191373
0.187639
0.183942
0.180282
0.176660
0.173075
0.169529
0.166023
0.162557
0.159132
0.155747
0.152404
0.149103
0.145844
0.142628
0.139455
0.136325
0.133239
0.130197
0.127198
0.124244
0.121334
0.118469
0.115648
0.112872
0.110140
0.107453
0.104811
0.102213
0.099660
0.097151
0.094686
0.092265
0.089888
0.087555
0.085266
0.083019
0.080816
0.078656
0.076538
0.074462
0.072427
0.070435
0.068483
0.066573
0.064702
0.062872
0.061081
0.059329
0.057616
0.055942
0.054305
0.052705
0.051142
0.049616
0.048126
0.046671
0.045251
0.043866
0.042514
0.041196
0.039911
0.038658
0.037437
0.036247
0.035088
0.033959
0.032860
0.031790
0.030749
0.029736
0.028751
0.027793
0.026861
0.025956
0.025075
0.024220
0.023390
0.022583
0.021800
0.021040
0.020302
0.019586
0.018892
0.018218
0.017565
0.016932
0.016319
0.015725
0.015149
0.014592
0.014052
0.013529
0.013024
0.012534
0.012061
0.011603
0.011161
0.010733
0.010319
0.009919
0.009533
0.009161
0.008801
0.008453
0.008118
0.007794
0.007482
0.007180
0.006890
0.006610
0.006340
0.006080
0.005829
0.005588
0.005355
0.005131
0.004916
0.004709
0.004509
0.004317
0.004133
0.003955
0.003785
0.003621
0.003463
0.003312
0.003166
0.003027
0.002893
0.002764
0.002641
0.002522
0.002408
0.002300
0.002195
0.002095
0.001999
0.001907
0.001819
0.001735
0.001654
0.001576
0.001502
0.001432
0.001364
0.001299
0.001237
0.001178
0.001121
0.001067
0.001015
0.000966
0.000919
0.000874
0.000831
0.000790
0.000750
0.000713
0.000677
0.000643
0.000611
0.000580
0.000551
0.000523
0.000496
0.000470
0.000446
0.000423
0.000401
0.000380
0.000360
0.000341
0.000323
0.000306
0.000290
0.000275
0.000260
0.000246
0.000233
0.000220
0.000208
0.000197
0.000186
0.000176
0.000166
0.000157
0.000149
0.000140
0.000132
0.000125
0.000118
0.000111
0.000105
0.000099
0.000094
0.000088
0.000083
0.000078
0.000074
0.000070
0.000066
0.000062
0.000058
0.000055
0.000052
0.000049
0.000046
0.000043
0.000040
0.000038
0.000036
0.000034
0.000032
0.000030
0.000028
0.000026
0.000025
0.000023
0.000022
0.000020
0.000019
0.000018
0.000017
0.000016
0.000015
0.000014
0.000013
0.000012
0.000011
0.000011
0.000010
0.000009
0.000009
0.000008
0.000008
0.000007
0.000007
0.000006
0.000006
0.000005
0.000005
0.000005
0.000004
0.000004
0.000004
0.000004
0.000003
0.000003
0.000003
0.000003
0.000003
0.000002
0.000002
0.000002
0.000002
0.000002
0.000002
0.000002
0.000001
0.000001
0.000001
0.000001
0.000001
0.000001
0.000001
0.000001
0.000001
0.000001
0.000001
0.000001
0.000001
0.000001
0.000001
0.000000
0.000000
0.000000
0.000000
0.000000
0.000000
0.000000
0.000000
0.000000
0.000000
0.000000
0.000000
0.000000
0.000000
0.000000
0.000000
0.000000
0.000000
0.000000
0.000000
0.000000
0.000000
0.000000
0.000000
0.000000
0.000000
0.000000
0.000000
0.000000
0.000000
0.000000
0.000000
0.000000
0.000000
0.000000
0.000000
0.000000
0.000000
0.000000
0.000000
0.000000
0.000000
0.000000
0.000000
0.000000
0.000000
0.000000
0.000000
0.000000
0.000000
0.000000
0.000000
0.000000
0.000000
0.000000
0.000000
0.000000
0.000000
0.000000
0.000000
0.000000
0.000000
0.000000
0.000000
0.000000
0.000000
0.000000
0.000000
0.000000
0.000000
0.000000
0.000000
0.000000
0.000000
0.000000
0.000000
0.000000
0.000000
0.000000
0.000000
0.000000
0.000000
0.000000
0.000000
0.000000
0.000000
0.000000
0.000000
0.000000
0.000000
0.000000
0.000000
0.000000
0.000000
0.000000
0.000000
0.000000
0.000000
0.000000
0.000000
0.000000
0.000000
0.000000
0.000000
0.000000
0.000000
0.000000
0.000000
0.000000
0.000000
0.000000
0.000000
0.000000
0.000000
0.000000
0.000000
0.000000
0.000000
0.000000
0.000000
0.000000
0.000000
0.000000
0.000000
0.000000
0.000000
0.000000
0.000000
0.000000
0.000000
0.000000
0.000000
0.000000
0.000000
0.000000
0.000000
0.000000
0.000000
0.000000
0.000000
0.000000
0.000000
0.000000
0.000000
0.000000
0.000000
0.000000
0.000000
0.000000
0.000000
0.000000
0.000000
0.000000
0.000000
0.000000
0.000000
0.000000
0.000000
0.000000
0.000000
0.000000
0.000000
0.000000
0.000000
0.000000
0.000000
0.000000
0.000000
0.000000
0.000000
0.000000
0.000000
0.000000
0.000000
0.000000
0.000000
0.000000
