0.003274
0.006548
0.009825
0.013104
0.016388
0.019675
0.022968
0.026267
0.029574
0.032889
0.036213
0.039547
0.042891
0.046248
0.049616
0.052998
0.056392
0.059803
0.063228
0.066671
0.070128
0.073605
0.077098
0.080612
0.084143
0.087696
0.091268
0.094861
0.098476
0.102111
0.105772
0.109451
0.113157
0.116883
0.120634
0.124409
0.128206
0.132030
0.135875
0.139747
0.143641
0.147560
0.151505
0.155470
0.159464
0.163477
0.167517
0.171579
0.175663
0.179773
0.183900
0.188055
0.192227
0.196421
0.200637
0.204868
0.209124
0.213394
0.217682
0.221990
0.226308
0.230647
0.234997
0.239358
0.243738
0.248122
0.252519
0.256929
0.261338
0.265761
0.270188
0.274613
0.279051
0.283483
0.287914
0.292352
0.296778
0.301202
0.305626
0.310034
0.314437
0.318834
0.323209
0.327577
0.331933
0.336262
0.340577
0.344877
0.349144
0.353391
0.357620
0.361809
0.365972
0.370112
0.374210
0.378270
0.382305
0.386297
0.390238
0.394148
0.398017
0.401827
0.405592
0.409319
0.412987
0.416592
0.420154
0.423664
0.427102
0.430478
0.433805
0.437068
0.440252
0.443370
0.446433
0.449423
0.452327
0.455158
0.457929
0.460624
0.463227
0.465745
0.468195
0.470572
0.472856
0.475041
0.477145
0.479176
0.481123
0.482968
0.484709
0.486363
0.487939
0.489430
0.490821
0.492099
0.493276
0.494362
0.495367
0.496283
0.497099
0.497804
0.498396
0.498881
0.499271
0.499572
0.499786
0.499912
0.499942
0.499872
0.499700
0.499423
0.499041
0.498555
0.497967
0.497278
0.496490
0.495604
0.494620
0.493539
0.492363
0.491092
0.489726
0.488267
0.486715
0.485072
0.483339
0.481516
0.479603
0.477604
0.475519
0.473349
0.471094
0.468758
0.466342
0.463845
0.461271
0.458620
0.455895
0.453096
0.450226
0.447285
0.444276
0.441200
0.438058
0.434855
0.431591
0.428266
0.424884
0.421446
0.417954
0.414411
0.410817
0.407175
0.403488
0.399756
0.395981
0.392167
0.388316
0.384429
0.380507
0.376554
0.372570
0.368559
0.364521
0.360461
0.356378
0.352277
0.348157
0.344022
0.339872
0.335712
0.331542
0.327364
0.323181
0.318993
0.314805
0.310616
0.306430
0.302248
0.298072
0.293904
0.289744
0.285597
0.281464
0.277343
0.273241
0.269157
0.265093
0.261051
0.257032
0.253038
0.249070
0.245132
0.241223
0.237344
0.233499
0.229688
0.225912
0.222173
0.218473
0.214811
0.211191
0.207613
0.204079
0.200588
0.197145
0.193747
0.190397
0.187097
0.183847
0.180648
0.177501
0.174407
0.171367
0.168382
0.165453
0.162581
0.159767
0.157009
0.154311
0.151673
0.149096
0.146580
0.144126
0.141735
0.139407
0.137142
0.134941
0.132805
0.130734
0.128730
0.126792
0.124920
0.123117
0.121380
0.119711
0.118111
0.116580
0.115118
0.113725
0.112401
0.111149
0.109965
0.108853
0.107812
0.106840
0.105940
0.105111
0.104355
0.103669
0.103055
0.102514
0.102044
0.101646
0.101320
0.101067
0.100886
0.100778
0.100742
0.100778
0.100886
0.101067
0.101321
0.101646
0.102044
0.102513
0.103055
0.103668
0.104353
0.105110
0.105938
0.106837
0.107808
0.108851
0.109962
0.111145
0.112399
0.113722
0.115115
0.116577
0.118108
0.119709
0.121377
0.123114
0.124918
0.126789
0.128728
0.130732
0.132803
0.134938
0.137139
0.139405
0.141733
0.144124
0.146578
0.149094
0.151670
0.154308
0.157006
0.159762
0.162577
0.165449
0.168377
0.171362
0.174402
0.177495
0.180642
0.183841
0.187091
0.190391
0.193741
0.197139
0.200583
0.204073
0.207608
0.211186
0.214806
0.218467
0.222168
0.225906
0.229682
0.233493
0.237338
0.241217
0.245126
0.249064
0.253032
0.257026
0.261045
0.265087
0.269151
0.273235
0.277338
0.281457
0.285592
0.289739
0.293898
0.298066
0.302243
0.306425
0.310610
0.314798
0.318987
0.323173
0.327356
0.331534
0.335704
0.339864
0.344013
0.348148
0.352268
0.356370
0.360453
0.364513
0.368551
0.372562
0.376545
0.380500
0.384422
0.388309
0.392162
0.395975
0.399749
0.403481
0.407169
0.410809
0.414403
0.417947
0.421438
0.424877
0.428259
0.431584
0.434849
0.438053
0.441194
0.444270
0.447280
0.450220
0.453091
0.455890
0.458616
0.461268
0.463842
0.466339
0.468755
0.471092
0.473345
0.475515
0.477600
0.479599
0.481512
0.483336
0.485069
0.486713
0.488265
0.489724
0.491090
0.492361
0.493538
0.494619
0.495604
0.496491
0.497281
0.497973
0.498565
0.499060
0.499455
0.499751
0.499948
0.500044
0.500040
0.499937
0.499734
0.499432
0.499030
0.498529
0.497928
0.497229
0.496432
0.495537
0.494545
0.493456
0.492272
0.490992
0.489617
0.488149
0.486588
0.484935
0.483190
0.481357
0.479434
0.477424
0.475327
0.473145
0.470878
0.468528
0.466097
0.463586
0.460997
0.458330
0.455588
0.452771
0.449882
0.446921
0.443892
0.440796
0.437633
0.434406
0.431117
0.427767
0.424358
0.420892
0.417371
0.413797
0.410172
0.406497
0.402774
0.399006
0.395193
0.391339
0.387445
0.383513
0.379546
0.375544
0.371510
0.367445
0.363353
0.359234
0.355091
0.350925
0.346739
0.342535
0.338313
0.334078
0.329829
0.325569
0.321299
0.317023
0.312741
0.308455
0.304167
0.299878
0.295591
0.291307
0.287027
0.282754
0.278489
0.274234
0.269989
0.265757
0.261539
0.257336
0.253150
0.248983
0.244835
0.240708
0.236603
0.232522
0.228466
0.224435
0.220432
0.216456
0.212510
0.208594
0.204710
0.200857
0.197038
0.193252
0.189501
0.185786
0.182108
0.178466
0.174862
0.171297
0.167771
0.164285
0.160839
0.157434
0.154070
0.150748
0.147468
0.144231
0.141036
0.137885
0.134777
0.131712
0.128692
0.125716
0.122784
0.119896
0.117053
0.114254
0.111501
0.108791
0.106127
0.103507
0.100931
0.098400
0.095913
0.093470
0.091071
0.088716
0.086405
0.084137
0.081912
0.079730
0.077591
0.075494
0.073439
0.071426
0.069454
0.067523
0.065632
0.063782
0.061972
0.060200
0.058468
0.056774
0.055118
0.053500
0.051919
0.050375
0.048867
0.047394
0.045957
0.044554
0.043186
0.041851
0.040549
0.039280
0.038043
0.036838
0.035664
0.034520
0.033406
0.032322
0.031266
0.030239
0.029240
0.028269
0.027324
0.026405
0.025512
0.024645
0.023802
0.022983
0.022189
0.021417
0.020668
0.019941
0.019236
0.018552
0.017889
0.017246
0.016623
0.016020
0.015435
0.014868
0.014320
0.013788
0.013274
0.012777
0.012296
0.011830
0.011380
0.010945
0.010524
0.010118
0.009725
0.009345
0.008979
0.008625
0.008284
0.007954
0.007636
0.007330
0.007034
0.006749
0.006474
0.006209
0.005953
0.005707
0.005470
0.005242
0.005023
0.004811
0.004608
0.004412
0.004224
0.004043
0.003869
0.003702
0.003541
0.003387
0.003238
0.003096
0.002959
0.002828
0.002702
0.002581
0.002465
0.002353
0.002247
0.002144
0.002046
0.001952
0.001862
0.001776
0.001694
0.001615
0.001539
0.001467
0.001397
0.001331
0.001268
0.001207
0.001149
0.001094
0.001041
0.000990
0.000942
0.000896
0.000852
0.000810
0.000770
0.000731
0.000695
0.000660
0.000627
0.000595
0.000565
0.000536
0.000509
0.000483
0.000458
0.000434
0.000412
0.000391
0.000370
0.000351
0.000332
0.000315
0.000298
0.000282
0.000267
0.000253
0.000239
0.000226
0.000214
0.000203
0.000192
0.000181
0.000171
0.000162
0.000153
0.000144
0.000136
0.000129
0.000122
0.000115
0.000108
0.000102
0.000096
0.000091
0.000086
0.000081
0.000076
0.000072
0.000068
0.000064
0.000060
0.000056
0.000053
0.000050
0.000047
0.000044
0.000042
0.000039
0.000037
0.000035
0.000033
0.000031
0.000029
0.000027
0.000025
0.000024
0.000022
0.000021
0.000020
0.000018
0.000017
0.000016
0.000015
0.000014
0.000013
0.000013
0.000012
0.000011
0.000010
0.000010
0.000009
0.000008
0.000008
0.000007
0.000007
0.000006
0.000006
0.000006
0.000005
0.000005
0.000005
0.000004
0.000004
0.000004
0.000004
0.000003
0.000003
0.000003
0.000003
0.000002
0.000002
0.000002
0.000002
0.000002
0.000002
0.000002
0.000002
0.000001
0.000001
0.000001
0.000001
0.000001
0.000001
0.000001
0.000001
0.000001
0.000001
0.000001
0.000001
0.000001
0.000001
0.000001
0.000000
0.000000
0.000000
0.000000
0.000000
0.000000
0.000000
0.000000
0.000000
0.000000
0.000000
0.000000
0.000000
0.000000
0.000000
0.000000
0.000000
0.000000
0.000000
0.000000
0.000000
0.000000
0.000000
0.000000
0.000000
0.000000
0.000000
0.000000
0.000000
0.000000
0.000000
0.000000
0.000000
0.000000
0.000000
0.000000
0.000000
0.000000
0.000000
0.000000
0.000000
0.000000
0.000000
0.000000
0.000000
0.000000
0.000000
0.000000
0.000000
0.000000
0.000000
0.000000
0.000000
0.000000
0.000000
0.000000
0.000000
0.000000
0.000000
0.000000
0.000000
0.000000
0.000000
0.000000
0.000000
0.000000
0.000000
0.000000
0.000000
0.000000
0.000000
0.000000
0.000000
0.000000
0.000000
0.000000
0.000000
0.000000
0.000000
0.000000
0.000000
0.000000
0.000000
0.000000
0.000000
0.000000
0.000000
0.000000
0.000000
0.000000
0.000000
0.000000
0.000000
0.000000
0.000000
0.000000
0.000000
0.000000
0.000000
0.000000
0.000000
0.000000
0.000000
0.000000
0.000000
0.000000
0.000000
0.000000
0.000000
0.000000
0.000000
0.000000
0.000000
0.000000
0.000000
0.000000
0.000000
0.000000
0.000000
0.000000
0.000000
0.000000
0.000000
0.000000
0.000000
0.000000
0.000000
0.000000
0.000000
0.000000
0.000000
0.000000
0.000000
0.000000
0.000000
0.000000
0.000000
0.000000
0.000000
0.000000
0.000000
0.000000
0.000000
0.000000
0.000000
0.000000
0.000000
0.000000
0.000000
0.000000
0.000000
0.000000
0.000000
0.000000
0.000000
0.000000
0.000000
0.000000
0.000000
0.000000
0.000000
0.000000
0.000000
0.000000
0.000000
0.000000
0.000000
0.000000
0.000000
0.000000
0.000000
0.000000
0.000000
0.000000
0.000000
0.000000
