0.003311
0.006624
0.009938
0.013255
0.016576
0.019901
0.023231
0.026569
0.029912
0.033265
0.036625
0.039997
0.043378
0.046771
0.050176
0.053595
0.057026
0.060473
0.063934
0.067412
0.070906
0.074418
0.077947
0.081495
0.085062
0.088648
0.092256
0.095882
0.099532
0.103200
0.106893
0.110607
0.114343
0.118103
0.121885
0.125693
0.129520
0.133375
0.137250
0.141151
0.145076
0.149022
0.152997
0.156990
0.161011
0.165052
0.169116
0.173206
0.177314
0.181450
0.185602
0.189778
0.193975
0.198189
0.202428
0.206681
0.210954
0.215247
0.219551
0.223878
0.228215
0.232568
0.236938
0.241313
0.245705
0.250107
0.254513
0.258935
0.263357
0.267787
0.272226
0.276660
0.281101
0.285545
0.289979
0.294420
0.298854
0.303277
0.307703
0.312116
0.316515
0.320911
0.325288
0.329648
0.334001
0.338329
0.342633
0.346927
0.351190
0.355423
0.359641
0.363825
0.367971
0.372096
0.376185
0.380229
0.384242
0.388221
0.392146
0.396030
0.399880
0.403674
0.407413
0.411112
0.414761
0.418343
0.421871
0.425354
0.428771
0.432116
0.435406
0.438641
0.441799
0.444880
0.447903
0.450863
0.453738
0.456529
0.459256
0.461916
0.464487
0.466965
0.469368
0.471702
0.473951
0.476099
0.478155
0.480136
0.482039
0.483846
0.485548
0.487152
0.488675
0.490117
0.491465
0.492704
0.493835
0.494868
0.495816
0.496681
0.497451
0.498114
0.498663
0.499101
0.499437
0.499682
0.499841
0.499911
0.499889
0.499770
0.499550
0.499225
0.498796
0.498263
0.497626
0.496889
0.496053
0.495118
0.494086
0.492957
0.491733
0.490414
0.489001
0.487495
0.485898
0.484208
0.482430
0.480561
0.478605
0.476562
0.474434
0.472220
0.469924
0.467548
0.465090
0.462554
0.459940
0.457252
0.454489
0.451653
0.448746
0.445770
0.442727
0.439617
0.436443
0.433208
0.429911
0.426557
0.423146
0.419679
0.416160
0.412589
0.408970
0.405303
0.401591
0.397836
0.394040
0.390205
0.386334
0.382427
0.378487
0.374516
0.370516
0.366489
0.362437
0.358363
0.354268
0.350154
0.346024
0.341878
0.337719
0.333551
0.329373
0.325189
0.321000
0.316807
0.312614
0.308422
0.304234
0.300050
0.295873
0.291704
0.287546
0.283400
0.279267
0.275151
0.271052
0.266971
0.262912
0.258875
0.254862
0.250873
0.246913
0.242981
0.239081
0.235210
0.231374
0.227571
0.223806
0.220077
0.216387
0.212736
0.209127
0.205560
0.202038
0.198560
0.195128
0.191742
0.188406
0.185118
0.181881
0.178695
0.175562
0.172481
0.169455
0.166482
0.163567
0.160709
0.157908
0.155164
0.152479
0.149855
0.147291
0.144788
0.142347
0.139969
0.137653
0.135401
0.133212
0.131088
0.129029
0.127037
0.125110
0.123250
0.121457
0.119730
0.118071
0.116482
0.114960
0.113507
0.112123
0.110808
0.109563
0.108388
0.107282
0.106248
0.105283
0.104388
0.103565
0.102814
0.102133
0.101522
0.100985
0.100518
0.100123
0.099799
0.099548
0.099368
0.099260
0.099224
0.099260
0.099368
0.099548
0.099800
0.100123
0.100517
0.100984
0.101522
0.102131
0.102812
0.103563
0.104386
0.105280
0.106244
0.107280
0.108385
0.109560
0.110805
0.112120
0.113505
0.114957
0.116479
0.118069
0.119727
0.121454
0.123247
0.125108
0.127035
0.129028
0.131086
0.133210
0.135397
0.137651
0.139967
0.142345
0.144786
0.147288
0.149852
0.152476
0.155160
0.157904
0.160705
0.163563
0.166478
0.169449
0.172475
0.175556
0.178689
0.181875
0.185112
0.188400
0.191736
0.195121
0.198554
0.202032
0.205555
0.209121
0.212731
0.216381
0.220071
0.223800
0.227566
0.231368
0.235204
0.239074
0.242976
0.246907
0.250868
0.254855
0.258868
0.262906
0.266965
0.271045
0.275145
0.279262
0.283394
0.287540
0.291699
0.295867
0.300045
0.304229
0.308417
0.312608
0.316800
0.320992
0.325181
0.329365
0.333543
0.337711
0.341870
0.346015
0.350146
0.354259
0.358355
0.362429
0.366481
0.370508
0.374508
0.378480
0.382420
0.386327
0.390199
0.394034
0.397830
0.401584
0.405296
0.408962
0.412581
0.416152
0.419671
0.423138
0.426550
0.429905
0.433201
0.436437
0.439611
0.442721
0.445765
0.448740
0.451648
0.454483
0.457247
0.459937
0.462551
0.465087
0.467544
0.469922
0.472218
0.474429
0.476558
0.478601
0.480557
0.482426
0.484205
0.485895
0.487493
0.488999
0.490412
0.491731
0.492956
0.494085
0.495118
0.496054
0.496893
0.497634
0.498277
0.498821
0.499266
0.499612
0.499858
0.500005
0.500052
0.499998
0.499845
0.499593
0.499241
0.498790
0.498238
0.497588
0.496841
0.495995
0.495052
0.494011
0.492875
0.491643
0.490315
0.488894
0.487379
0.485771
0.484073
0.482284
0.480406
0.478439
0.476385
0.474246
0.472021
0.469713
0.467322
0.464851
0.462301
0.459673
0.456968
0.454188
0.451335
0.448410
0.445415
0.442352
0.439222
0.436027
0.432769
0.429449
0.426069
0.422632
0.419138
0.415590
0.411990
0.408340
0.404641
0.400895
0.397105
0.393271
0.389397
0.385484
0.381534
0.377549
0.373531
0.369481
0.365402
0.361297
0.357165
0.353011
0.348835
0.344639
0.340426
0.336197
0.331954
0.327700
0.323435
0.319162
0.314882
0.310598
0.306311
0.302022
0.297734
0.293448
0.289166
0.284890
0.280621
0.276360
0.272110
0.267871
0.263646
0.259435
0.255241
0.251064
0.246906
0.242769
0.238653
0.234560
0.230491
0.226447
0.222430
0.218440
0.214479
0.210548
0.206648
0.202779
0.198943
0.195141
0.191372
0.187639
0.183942
0.180282
0.176659
0.173075
0.169529
0.166023
0.162557
0.159131
0.155747
0.152404
0.149103
0.145844
0.142628
0.139455
0.136325
0.133239
0.130197
0.127198
0.124244
0.121334
0.118469
0.115648
0.112872
0.110140
0.107453
0.104811
0.102213
0.099660
0.097151
0.094686
0.092265
0.089888
0.087555
0.085266
0.083019
0.080816
0.078656
0.076538
0.074462
0.072427
0.070435
0.068483
0.066573
0.064702
0.062872
0.061081
0.059329
0.057616
0.055942
0.054305
0.052705
0.051142
0.049616
0.048126
0.046671
0.045251
0.043866
0.042514
0.041196
0.039911
0.038658
0.037437
0.036247
0.035088
0.033959
0.032860
0.031790
0.030749
0.029736
0.028751
0.027793
0.026861
0.025956
0.025075
0.024220
0.023390
0.022583
0.021800
0.021040
0.020302
0.019586
0.018892
0.018218
0.017565
0.016932
0.016319
0.015725
0.015149
0.014592
0.014052
0.013529
0.013024
0.012534
0.012061
0.011603
0.011161
0.010733
0.010319
0.009919
0.009533
0.009161
0.008801
0.008453
0.008118
0.007794
0.007482
0.007180
0.006890
0.006610
0.006340
0.006080
0.005829
0.005588
0.005355
0.005131
0.004916
0.004709
0.004509
0.004317
0.004133
0.003955
0.003785
0.003621
0.003463
0.003312
0.003166
0.003027
0.002893
0.002764
0.002641
0.002522
0.002408
0.002300
0.002195
0.002095
0.001999
0.001907
0.001819
0.001735
0.001654
0.001576
0.001502
0.001432
0.001364
0.001299
0.001237
0.001178
0.001121
0.001067
0.001015
0.000966
0.000919
0.000874
0.000831
0.000790
0.000750
0.000713
0.000677
0.000643
0.000611
0.000580
0.000551
0.000523
0.000496
0.000470
0.000446
0.000423
0.000401
0.000380
0.000360
0.000341
0.000323
0.000306
0.000290
0.000275
0.000260
0.000246
0.000233
0.000220
0.000208
0.000197
0.000186
0.000176
0.000166
0.000157
0.000149
0.000140
0.000132
0.000125
0.000118
0.000111
0.000105
0.000099
0.000094
0.000088
0.000083
0.000078
0.000074
0.000070
0.000066
0.000062
0.000058
0.000055
0.000052
0.000049
0.000046
0.000043
0.000040
0.000038
0.000036
0.000034
0.000032
0.000030
0.000028
0.000026
0.000025
0.000023
0.000022
0.000020
0.000019
0.000018
0.000017
0.000016
0.000015
0.000014
0.000013
0.000012
0.000011
0.000011
0.000010
0.000009
0.000009
0.000008
0.000008
0.000007
0.000007
0.000006
0.000006
0.000005
0.000005
0.000005
0.000004
0.000004
0.000004
0.000004
0.000003
0.000003
0.000003
0.000003
0.000003
0.000002
0.000002
0.000002
0.000002
0.000002
0.000002
0.000002
0.000001
0.000001
0.000001
0.000001
0.000001
0.000001
0.000001
0.000001
0.000001
0.000001
0.000001
0.000001
0.000001
0.000001
0.000001
0.000000
0.000000
0.000000
0.000000
0.000000
0.000000
0.000000
0.000000
0.000000
0.000000
0.000000
0.000000
0.000000
0.000000
0.000000
0.000000
0.000000
0.000000
0.000000
0.000000
0.000000
0.000000
0.000000
0.000000
0.000000
0.000000
0.000000
0.000000
0.000000
0.000000
0.000000
0.000000
0.000000
0.000000
0.000000
0.000000
0.000000
0.000000
0.000000
0.000000
0.000000
0.000000
0.000000
0.000000
0.000000
0.000000
0.000000
0.000000
0.000000
0.000000
0.000000
0.000000
0.000000
0.000000
0.000000
0.000000
0.000000
0.000000
0.000000
0.000000
0.000000
0.000000
0.000000
0.000000
0.000000
0.000000
0.000000
0.000000
0.000000
0.000000
0.000000
0.000000
0.000000
0.000000
0.000000
0.000000
0.000000
0.000000
0.000000
0.000000
0.000000
0.000000
0.000000
0.000000
0.000000
0.000000
0.000000
0.000000
0.000000
0.000000
0.000000
0.000000
0.000000
0.000000
0.000000
0.000000
0.000000
0.000000
0.000000
0.000000
0.000000
0.000000
0.000000
0.000000
0.000000
0.000000
0.000000
0.000000
0.000000
0.000000
0.000000
0.000000
0.000000
0.000000
0.000000
0.000000
0.000000
0.000000
0.000000
0.000000
0.000000
0.000000
0.000000
0.000000
0.000000
0.000000
0.000000
0.000000
0.000000
0.000000
0.000000
0.000000
0.000000
0.000000
0.000000
0.000000
0.000000
0.000000
0.000000
0.000000
0.000000
0.000000
0.000000
0.000000
0.000000
0.000000
0.000000
0.000000
0.000000
0.000000
0.000000
0.000000
0.000000
0.000000
0.000000
0.000000
0.000000
0.000000
0.000000
0.000000
0.000000
0.000000
0.000000
0.000000
0.000000
0.000000
0.000000
0.000000
0.000000
0.000000
0.000000
0.000000
0.000000
0.000000
0.000000
0.000000
