0.003349
0.006700
0.010052
0.013407
0.016765
0.020128
0.023496
0.026871
0.030252
0.033643
0.037041
0.040449
0.043867
0.047298
0.050740
0.054195
0.057663
0.061146
0.064644
0.068158
0.071689
0.075235
0.078801
0.082383
0.085986
0.089606
0.093248
0.096909
0.100592
0.104295
0.108020
0.111768
0.115535
0.119329
0.123142
0.126981
0.130840
0.134724
0.138632
0.142560
0.146517
0.150491
0.154494
0.158516
0.162562
0.166632
0.170721
0.174838
0.178972
0.183130
0.187309
0.191505
0.195728
0.199963
0.204222
0.208499
0.212790
0.217104
0.221427
0.225769
0.230127
0.234493
0.238879
0.243271
0.247674
0.252092
0.256510
0.260941
0.265379
0.269815
0.274263
0.278708
0.283152
0.287604
0.292046
0.296486
0.300928
0.305353
0.309777
0.314195
0.318592
0.322984
0.327363
0.331718
0.336063
0.340390
0.344687
0.348968
0.353228
0.357452
0.361654
0.365831
0.369966
0.374071
0.378149
0.382179
0.386170
0.390132
0.394043
0.397903
0.401729
0.405507
0.409224
0.412893
0.416519
0.420080
0.423578
0.427028
0.430422
0.433740
0.436994
0.440195
0.443327
0.446376
0.449358
0.452281
0.455127
0.457884
0.460566
0.463185
0.465723
0.468166
0.470523
0.472811
0.475021
0.477134
0.479147
0.481076
0.482931
0.484699
0.486362
0.487921
0.489390
0.490780
0.492083
0.493282
0.494370
0.495353
0.496245
0.497055
0.497776
0.498395
0.498902
0.499295
0.499581
0.499771
0.499873
0.499887
0.499812
0.499643
0.499374
0.499002
0.498525
0.497945
0.497261
0.496476
0.495591
0.494608
0.493527
0.492351
0.491079
0.489713
0.488253
0.486701
0.485057
0.483322
0.481498
0.479585
0.477585
0.475499
0.473327
0.471072
0.468735
0.466317
0.463819
0.461243
0.458591
0.455864
0.453064
0.450192
0.447249
0.444238
0.441161
0.438017
0.434811
0.431545
0.428218
0.424833
0.421393
0.417898
0.414352
0.410755
0.407111
0.403420
0.399684
0.395907
0.392089
0.388234
0.384342
0.380417
0.376459
0.372471
0.368455
0.364413
0.360348
0.356260
0.352153
0.348028
0.343886
0.339731
0.335564
0.331387
0.327203
0.323013
0.318817
0.314621
0.310424
0.306230
0.302039
0.297855
0.293676
0.289508
0.285350
0.281206
0.277075
0.272962
0.268867
0.264791
0.260736
0.256704
0.252697
0.248716
0.244763
0.240839
0.236946
0.233084
0.229257
0.225465
0.221708
0.217991
0.214311
0.210672
0.207073
0.203519
0.200008
0.196543
0.193123
0.189750
0.186426
0.183151
0.179928
0.176755
0.173635
0.170569
0.167555
0.164597
0.161696
0.158851
0.156063
0.153333
0.150662
0.148051
0.145501
0.143011
0.140584
0.138218
0.135915
0.133675
0.131499
0.129388
0.127341
0.125360
0.123445
0.121596
0.119813
0.118098
0.116449
0.114869
0.113357
0.111914
0.110538
0.109231
0.107995
0.106827
0.105729
0.104701
0.103743
0.102854
0.102037
0.101290
0.100614
0.100008
0.099474
0.099010
0.098618
0.098296
0.098046
0.097868
0.097761
0.097725
0.097761
0.097868
0.098046
0.098297
0.098617
0.099009
0.099473
0.100008
0.100612
0.101289
0.102035
0.102852
0.103740
0.104698
0.105726
0.106824
0.107992
0.109229
0.110535
0.111911
0.113355
0.114867
0.116447
0.118095
0.119811
0.121593
0.123443
0.125358
0.127339
0.129386
0.131497
0.133672
0.135913
0.138216
0.140581
0.143009
0.145498
0.148049
0.150659
0.153330
0.156059
0.158847
0.161691
0.164593
0.167550
0.170563
0.173629
0.176750
0.179922
0.183146
0.186420
0.189744
0.193116
0.196536
0.200003
0.203513
0.207068
0.210666
0.214305
0.217984
0.221702
0.225458
0.229251
0.233078
0.236940
0.240833
0.244757
0.248710
0.252691
0.256698
0.260730
0.264784
0.268860
0.272956
0.277071
0.281200
0.285344
0.289502
0.293670
0.297848
0.302034
0.306224
0.310418
0.314614
0.318810
0.323005
0.327194
0.331379
0.335556
0.339723
0.343877
0.348019
0.352144
0.356251
0.360339
0.364405
0.368447
0.372463
0.376451
0.380410
0.384336
0.388228
0.392083
0.395901
0.399677
0.403412
0.407103
0.410747
0.414344
0.417891
0.421385
0.424826
0.428211
0.431538
0.434806
0.438012
0.441155
0.444233
0.447244
0.450186
0.453059
0.455859
0.458587
0.461240
0.463816
0.466314
0.468732
0.471069
0.473323
0.475494
0.477581
0.479581
0.481495
0.483319
0.485054
0.486698
0.488251
0.489711
0.491077
0.492350
0.493527
0.494608
0.495593
0.496481
0.497272
0.497964
0.498557
0.499053
0.499448
0.499744
0.499941
0.500038
0.500035
0.499932
0.499729
0.499427
0.499025
0.498524
0.497923
0.497225
0.496428
0.495534
0.494542
0.493453
0.492269
0.490989
0.489615
0.488147
0.486586
0.484932
0.483188
0.481355
0.479432
0.477422
0.475325
0.473143
0.470877
0.468527
0.466096
0.463585
0.460996
0.458329
0.455587
0.452770
0.449881
0.446920
0.443891
0.440795
0.437632
0.434405
0.431116
0.427766
0.424357
0.420891
0.417370
0.413796
0.410171
0.406496
0.402774
0.399005
0.395193
0.391339
0.387445
0.383513
0.379545
0.375544
0.371510
0.367445
0.363353
0.359234
0.355090
0.350925
0.346739
0.342535
0.338313
0.334077
0.329828
0.325568
0.321299
0.317023
0.312741
0.308455
0.304167
0.299878
0.295591
0.291307
0.287027
0.282754
0.278489
0.274234
0.269989
0.265757
0.261539
0.257336
0.253150
0.248983
0.244835
0.240708
0.236603
0.232522
0.228466
0.224435
0.220432
0.216456
0.212510
0.208594
0.204710
0.200857
0.197038
0.193252
0.189501
0.185786
0.182107
0.178466
0.174862
0.171297
0.167771
0.164285
0.160839
0.157434
0.154070
0.150748
0.147468
0.144231
0.141036
0.137885
0.134777
0.131712
0.128692
0.125716
0.122784
0.119896
0.117053
0.114254
0.111501
0.108791
0.106127
0.103507
0.100931
0.098400
0.095913
0.093470
0.091071
0.088716
0.086405
0.084137
0.081912
0.079731
0.077591
0.075494
0.073439
0.071426
0.069454
0.067523
0.065632
0.063782
0.061972
0.060200
0.058468
0.056774
0.055118
0.053500
0.051919
0.050375
0.048867
0.047394
0.045957
0.044554
0.043186
0.041851
0.040549
0.039280
0.038043
0.036838
0.035664
0.034520
0.033406
0.032322
0.031266
0.030239
0.029240
0.028269
0.027324
0.026405
0.025512
0.024645
0.023802
0.022983
0.022189
0.021417
0.020668
0.019941
0.019236
0.018552
0.017889
0.017246
0.016623
0.016020
0.015435
0.014868
0.014320
0.013789
0.013274
0.012777
0.012296
0.011830
0.011380
0.010945
0.010524
0.010118
0.009725
0.009345
0.008979
0.008625
0.008284
0.007954
0.007636
0.007330
0.007034
0.006749
0.006474
0.006209
0.005953
0.005707
0.005470
0.005242
0.005023
0.004811
0.004608
0.004412
0.004224
0.004043
0.003869
0.003702
0.003541
0.003387
0.003238
0.003096
0.002959
0.002828
0.002702
0.002581
0.002465
0.002353
0.002247
0.002144
0.002046
0.001952
0.001862
0.001776
0.001694
0.001615
0.001539
0.001467
0.001397
0.001331
0.001268
0.001207
0.001149
0.001094
0.001041
0.000990
0.000942
0.000896
0.000852
0.000810
0.000770
0.000731
0.000695
0.000660
0.000627
0.000595
0.000565
0.000536
0.000509
0.000483
0.000458
0.000434
0.000412
0.000391
0.000370
0.000351
0.000332
0.000315
0.000298
0.000282
0.000267
0.000253
0.000239
0.000226
0.000214
0.000203
0.000192
0.000181
0.000171
0.000162
0.000153
0.000144
0.000136
0.000129
0.000122
0.000115
0.000108
0.000102
0.000096
0.000091
0.000086
0.000081
0.000076
0.000072
0.000068
0.000064
0.000060
0.000056
0.000053
0.000050
0.000047
0.000044
0.000042
0.000039
0.000037
0.000035
0.000033
0.000031
0.000029
0.000027
0.000025
0.000024
0.000022
0.000021
0.000020
0.000018
0.000017
0.000016
0.000015
0.000014
0.000013
0.000013
0.000012
0.000011
0.000010
0.000010
0.000009
0.000008
0.000008
0.000007
0.000007
0.000006
0.000006
0.000006
0.000005
0.000005
0.000005
0.000004
0.000004
0.000004
0.000004
0.000003
0.000003
0.000003
0.000003
0.000002
0.000002
0.000002
0.000002
0.000002
0.000002
0.000002
0.000002
0.000001
0.000001
0.000001
0.000001
0.000001
0.000001
0.000001
0.000001
0.000001
0.000001
0.000001
0.000001
0.000001
0.000001
0.000001
0.000000
0.000000
0.000000
0.000000
0.000000
0.000000
0.000000
0.000000
0.000000
0.000000
0.000000
0.000000
0.000000
0.000000
0.000000
0.000000
0.000000
0.000000
0.000000
0.000000
0.000000
0.000000
0.000000
0.000000
0.000000
0.000000
0.000000
0.000000
0.000000
0.000000
0.000000
0.000000
0.000000
0.000000
0.000000
0.000000
0.000000
0.000000
0.000000
0.000000
0.000000
0.000000
0.000000
0.000000
0.000000
0.000000
0.000000
0.000000
0.000000
0.000000
0.000000
0.000000
0.000000
0.000000
0.000000
0.000000
0.000000
0.000000
0.000000
0.000000
0.000000
0.000000
0.000000
0.000000
0.000000
0.000000
0.000000
0.000000
0.000000
0.000000
0.000000
0.000000
0.000000
0.000000
0.000000
0.000000
0.000000
0.000000
0.000000
0.000000
0.000000
0.000000
0.000000
0.000000
0.000000
0.000000
0.000000
0.000000
0.000000
0.000000
0.000000
0.000000
0.000000
0.000000
0.000000
0.000000
0.000000
0.000000
0.000000
0.000000
0.000000
0.000000
0.000000
0.000000
0.000000
0.000000
0.000000
0.000000
0.000000
0.000000
0.000000
0.000000
0.000000
0.000000
0.000000
0.000000
0.000000
0.000000
0.000000
0.000000
0.000000
0.000000
0.000000
0.000000
0.000000
0.000000
0.000000
0.000000
0.000000
0.000000
0.000000
0.000000
0.000000
0.000000
0.000000
0.000000
0.000000
0.000000
0.000000
0.000000
0.000000
0.000000
0.000000
0.000000
0.000000
0.000000
0.000000
0.000000
0.000000
0.000000
0.000000
0.000000
0.000000
0.000000
0.000000
0.000000
0.000000
0.000000
0.000000
0.000000
0.000000
0.000000
0.000000
0.000000
0.000000
0.000000
0.000000
0.000000
0.000000
0.000000
0.000000
0.000000
0.000000
0.000000
0.000000
