0.003388
0.006776
0.010166
0.013559
0.016956
0.020357
0.023763
0.027176
0.030595
0.034022
0.037458
0.040904
0.044360
0.047827
0.051307
0.054798
0.058304
0.061823
0.065359
0.068907
0.072475
0.076057
0.079658
0.083276
0.086914
0.090570
0.094245
0.097942
0.101657
0.105396
0.109152
0.112934
0.116734
0.120560
0.124406
0.128274
0.132167
0.136080
0.140019
0.143977
0.147962
0.151967
0.155995
0.160048
0.164119
0.168218
0.172333
0.176474
0.180636
0.184815
0.189021
0.193240
0.197484
0.201744
0.206021
0.210321
0.214631
0.218962
0.223307
0.227664
0.232041
0.236424
0.240822
0.245233
0.249647
0.254077
0.258511
0.262949
0.267399
0.271846
0.276299
0.280756
0.285205
0.289661
0.294112
0.298553
0.302997
0.307429
0.311849
0.316268
0.320667
0.325053
0.329432
0.333785
0.338120
0.342444
0.346736
0.351005
0.355258
0.359475
0.363660
0.367826
0.371953
0.376039
0.380100
0.384120
0.388091
0.392030
0.395928
0.399768
0.403566
0.407325
0.411023
0.414663
0.418260
0.421802
0.425273
0.428688
0.432054
0.435348
0.438568
0.441732
0.444834
0.447855
0.450798
0.453681
0.456494
0.459220
0.461861
0.464435
0.466936
0.469346
0.471661
0.473900
0.476066
0.478143
0.480117
0.481998
0.483802
0.485525
0.487150
0.488667
0.490086
0.491421
0.492674
0.493831
0.494878
0.495815
0.496653
0.497407
0.498076
0.498649
0.499112
0.499462
0.499700
0.499838
0.499884
0.499842
0.499712
0.499491
0.499172
0.498752
0.498229
0.497601
0.496870
0.496037
0.495104
0.494073
0.492945
0.491721
0.490401
0.488988
0.487482
0.485883
0.484194
0.482414
0.480544
0.478587
0.476544
0.474414
0.472199
0.469902
0.467524
0.465066
0.462528
0.459913
0.457223
0.454459
0.451622
0.448713
0.445735
0.442690
0.439578
0.436402
0.433165
0.429867
0.426510
0.423096
0.419627
0.416105
0.412532
0.408909
0.405240
0.401525
0.397767
0.393967
0.390129
0.386254
0.382343
0.378399
0.374424
0.370419
0.366388
0.362331
0.358253
0.354152
0.350033
0.345897
0.341746
0.337581
0.333406
0.329222
0.325031
0.320835
0.316635
0.312435
0.308234
0.304038
0.299846
0.295660
0.291482
0.287314
0.283158
0.279016
0.274888
0.270778
0.266687
0.262615
0.258566
0.254540
0.250539
0.246565
0.242620
0.238704
0.234819
0.230967
0.227149
0.223367
0.219621
0.215914
0.212245
0.208617
0.205031
0.201488
0.197989
0.194537
0.191129
0.187770
0.184459
0.181197
0.177987
0.174829
0.171722
0.168670
0.165670
0.162726
0.159838
0.157007
0.154233
0.151517
0.148860
0.146263
0.143726
0.141250
0.138836
0.136483
0.134193
0.131966
0.129803
0.127703
0.125670
0.123700
0.121796
0.119959
0.118187
0.116482
0.114844
0.113274
0.111772
0.110337
0.108971
0.107673
0.106444
0.105284
0.104193
0.103172
0.102221
0.101338
0.100526
0.099784
0.099112
0.098511
0.097980
0.097520
0.097130
0.096811
0.096563
0.096386
0.096279
0.096244
0.096279
0.096386
0.096563
0.096811
0.097130
0.097519
0.097979
0.098510
0.099111
0.099782
0.100524
0.101335
0.102217
0.103169
0.104190
0.105281
0.106441
0.107670
0.108968
0.110334
0.111769
0.113272
0.114842
0.116480
0.118184
0.119956
0.121794
0.123698
0.125667
0.127702
0.129801
0.131963
0.134190
0.136481
0.138833
0.141247
0.143723
0.146260
0.148857
0.151514
0.154229
0.157003
0.159834
0.162722
0.165665
0.168663
0.171716
0.174823
0.177982
0.181192
0.184453
0.187764
0.191123
0.194530
0.197984
0.201482
0.205025
0.208611
0.212239
0.215907
0.219614
0.223360
0.227143
0.230961
0.234813
0.238698
0.242614
0.246559
0.250534
0.254534
0.258559
0.262609
0.266680
0.270772
0.274883
0.279010
0.283152
0.287308
0.291476
0.295654
0.299840
0.304033
0.308229
0.312428
0.316628
0.320827
0.325023
0.329214
0.333398
0.337573
0.341737
0.345888
0.350025
0.354143
0.358244
0.362323
0.366380
0.370412
0.374416
0.378392
0.382336
0.386247
0.390122
0.393961
0.397760
0.401517
0.405233
0.408901
0.412523
0.416097
0.419619
0.423088
0.426502
0.429860
0.433158
0.436397
0.439572
0.442684
0.445730
0.448707
0.451616
0.454453
0.457218
0.459910
0.462525
0.465063
0.467522
0.469900
0.472196
0.474410
0.476539
0.478583
0.480541
0.482410
0.484190
0.485880
0.487479
0.488986
0.490400
0.491720
0.492945
0.494075
0.495108
0.496045
0.496884
0.497626
0.498269
0.498814
0.499260
0.499605
0.499852
0.499999
0.500046
0.499993
0.499840
0.499588
0.499236
0.498785
0.498234
0.497585
0.496837
0.495992
0.495049
0.494008
0.492872
0.491640
0.490313
0.488891
0.487377
0.485769
0.484071
0.482282
0.480404
0.478437
0.476384
0.474244
0.472020
0.469712
0.467321
0.464850
0.462300
0.459672
0.456967
0.454187
0.451334
0.448409
0.445414
0.442351
0.439221
0.436026
0.432768
0.429448
0.426069
0.422631
0.419137
0.415589
0.411990
0.408340
0.404641
0.400895
0.397105
0.393271
0.389397
0.385483
0.381533
0.377548
0.373530
0.369481
0.365402
0.361296
0.357165
0.353010
0.348835
0.344639
0.340426
0.336197
0.331954
0.327700
0.323435
0.319162
0.314883
0.310598
0.306311
0.302022
0.297734
0.293448
0.289166
0.284890
0.280620
0.276360
0.272110
0.267871
0.263646
0.259435
0.255241
0.251064
0.246906
0.242769
0.238653
0.234560
0.230491
0.226447
0.222430
0.218440
0.214479
0.210548
0.206648
0.202779
0.198943
0.195141
0.191372
0.187639
0.183942
0.180282
0.176659
0.173075
0.169529
0.166023
0.162557
0.159131
0.155747
0.152404
0.149103
0.145844
0.142628
0.139455
0.136325
0.133239
0.130197
0.127198
0.124244
0.121334
0.118469
0.115648
0.112872
0.110140
0.107453
0.104811
0.102213
0.099660
0.097151
0.094686
0.092265
0.089888
0.087555
0.085266
0.083019
0.080816
0.078656
0.076538
0.074462
0.072427
0.070435
0.068483
0.066573
0.064702
0.062872
0.061081
0.059329
0.057616
0.055942
0.054305
0.052705
0.051142
0.049616
0.048126
0.046671
0.045251
0.043866
0.042514
0.041196
0.039911
0.038658
0.037437
0.036247
0.035088
0.033959
0.032860
0.031790
0.030749
0.029736
0.028751
0.027793
0.026861
0.025956
0.025075
0.024220
0.023390
0.022583
0.021800
0.021040
0.020302
0.019586
0.018892
0.018218
0.017565
0.016933
0.016319
0.015725
0.015149
0.014592
0.014052
0.013529
0.013024
0.012534
0.012061
0.011603
0.011161
0.010733
0.010319
0.009920
0.009533
0.009161
0.008801
0.008453
0.008118
0.007794
0.007482
0.007180
0.006890
0.006610
0.006340
0.006080
0.005829
0.005588
0.005355
0.005131
0.004916
0.004709
0.004509
0.004317
0.004133
0.003955
0.003785
0.003621
0.003463
0.003312
0.003166
0.003027
0.002893
0.002764
0.002641
0.002522
0.002408
0.002300
0.002195
0.002095
0.001999
0.001907
0.001819
0.001735
0.001654
0.001576
0.001502
0.001432
0.001364
0.001299
0.001237
0.001178
0.001121
0.001067
0.001015
0.000966
0.000919
0.000874
0.000831
0.000790
0.000750
0.000713
0.000677
0.000643
0.000611
0.000580
0.000551
0.000523
0.000496
0.000470
0.000446
0.000423
0.000401
0.000380
0.000360
0.000341
0.000323
0.000306
0.000290
0.000275
0.000260
0.000246
0.000233
0.000220
0.000208
0.000197
0.000186
0.000176
0.000166
0.000157
0.000149
0.000140
0.000132
0.000125
0.000118
0.000111
0.000105
0.000099
0.000094
0.000088
0.000083
0.000078
0.000074
0.000070
0.000066
0.000062
0.000058
0.000055
0.000052
0.000049
0.000046
0.000043
0.000040
0.000038
0.000036
0.000034
0.000032
0.000030
0.000028
0.000026
0.000025
0.000023
0.000022
0.000020
0.000019
0.000018
0.000017
0.000016
0.000015
0.000014
0.000013
0.000012
0.000011
0.000011
0.000010
0.000009
0.000009
0.000008
0.000008
0.000007
0.000007
0.000006
0.000006
0.000005
0.000005
0.000005
0.000004
0.000004
0.000004
0.000004
0.000003
0.000003
0.000003
0.000003
0.000003
0.000002
0.000002
0.000002
0.000002
0.000002
0.000002
0.000002
0.000001
0.000001
0.000001
0.000001
0.000001
0.000001
0.000001
0.000001
0.000001
0.000001
0.000001
0.000001
0.000001
0.000001
0.000001
0.000000
0.000000
0.000000
0.000000
0.000000
0.000000
0.000000
0.000000
0.000000
0.000000
0.000000
0.000000
0.000000
0.000000
0.000000
0.000000
0.000000
0.000000
0.000000
0.000000
0.000000
0.000000
0.000000
0.000000
0.000000
0.000000
0.000000
0.000000
0.000000
0.000000
0.000000
0.000000
0.000000
0.000000
0.000000
0.000000
0.000000
0.000000
0.000000
0.000000
0.000000
0.000000
0.000000
0.000000
0.000000
0.000000
0.000000
0.000000
0.000000
0.000000
0.000000
0.000000
0.000000
0.000000
0.000000
0.000000
0.000000
0.000000
0.000000
0.000000
0.000000
0.000000
0.000000
0.000000
0.000000
0.000000
0.000000
0.000000
0.000000
0.000000
0.000000
0.000000
0.000000
0.000000
0.000000
0.000000
0.000000
0.000000
0.000000
0.000000
0.000000
0.000000
0.000000
0.000000
0.000000
0.000000
0.000000
0.000000
0.000000
0.000000
0.000000
0.000000
0.000000
0.000000
0.000000
0.000000
0.000000
0.000000
0.000000
0.000000
0.000000
0.000000
0.000000
0.000000
0.000000
0.000000
0.000000
0.000000
0.000000
0.000000
0.000000
0.000000
0.000000
0.000000
0.000000
0.000000
0.000000
0.000000
0.000000
0.000000
0.000000
0.000000
0.000000
0.000000
0.000000
0.000000
0.000000
0.000000
0.000000
0.000000
0.000000
0.000000
0.000000
0.000000
0.000000
0.000000
0.000000
0.000000
0.000000
0.000000
0.000000
0.000000
0.000000
0.000000
0.000000
0.000000
0.000000
0.000000
0.000000
0.000000
0.000000
0.000000
0.000000
0.000000
0.000000
0.000000
0.000000
0.000000
0.000000
0.000000
0.000000
0.000000
0.000000
0.000000
0.000000
0.000000
0.000000
0.000000
0.000000
0.000000
0.000000
0.000000
0.000000
0.000000
0.000000
