0.003426
0.006853
0.010282
0.013713
0.017148
0.020587
0.024031
0.027482
0.030939
0.034404
0.037879
0.041362
0.044856
0.048360
0.051877
0.055405
0.058949
0.062504
0.066076
0.069662
0.073265
0.076884
0.080520
0.084174
0.087846
0.091538
0.095247
0.098979
0.102728
0.106500
0.110291
0.114105
0.117940
0.121795
0.125675
0.129574
0.133499
0.137442
0.141411
0.145400
0.149412
0.153449
0.157503
0.161585
0.165684
0.169808
0.173952
0.178115
0.182304
0.186507
0.190736
0.194980
0.199243
0.203529
0.207825
0.212145
0.216477
0.220824
0.225190
0.229563
0.233956
0.238358
0.242768
0.247195
0.251623
0.256063
0.260512
0.264960
0.269419
0.273878
0.278336
0.282802
0.287260
0.291717
0.296176
0.300620
0.305063
0.309502
0.313921
0.318337
0.322740
0.327120
0.331494
0.335848
0.340175
0.344490
0.348780
0.353037
0.357278
0.361490
0.365662
0.369812
0.373930
0.378001
0.382042
0.386049
0.390004
0.393918
0.397798
0.401623
0.405394
0.409127
0.412807
0.416422
0.419988
0.423505
0.426953
0.430336
0.433668
0.436938
0.440128
0.443253
0.446321
0.449315
0.452223
0.455063
0.457840
0.460535
0.463138
0.465666
0.468126
0.470502
0.472780
0.474971
0.477090
0.479127
0.481065
0.482901
0.484652
0.486327
0.487911
0.489389
0.490760
0.492042
0.493242
0.494354
0.495359
0.496252
0.497040
0.497738
0.498351
0.498875
0.499295
0.499601
0.499795
0.499882
0.499872
0.499774
0.499589
0.499314
0.498945
0.498477
0.497906
0.497231
0.496453
0.495573
0.494593
0.493514
0.492339
0.491067
0.489700
0.488240
0.486688
0.485043
0.483308
0.481483
0.479569
0.477568
0.475481
0.473308
0.471051
0.468713
0.466294
0.463795
0.461218
0.458565
0.455836
0.453035
0.450161
0.447217
0.444204
0.441125
0.437980
0.434772
0.431503
0.428174
0.424787
0.421345
0.417847
0.414299
0.410699
0.407052
0.403358
0.399620
0.395839
0.392018
0.388159
0.384264
0.380334
0.376373
0.372381
0.368361
0.364314
0.360244
0.356152
0.352039
0.347909
0.343762
0.339602
0.335429
0.331246
0.327055
0.322858
0.318656
0.314452
0.310248
0.306046
0.301847
0.297654
0.293468
0.289290
0.285123
0.280969
0.276829
0.272705
0.268599
0.264512
0.260446
0.256402
0.252382
0.248388
0.244422
0.240485
0.236577
0.232701
0.228859
0.225050
0.221278
0.217543
0.213846
0.210189
0.206573
0.202999
0.199468
0.195982
0.192542
0.189148
0.185802
0.182504
0.179256
0.176060
0.172915
0.169823
0.166784
0.163798
0.160869
0.157995
0.155178
0.152417
0.149715
0.147072
0.144489
0.141966
0.139504
0.137103
0.134764
0.132487
0.130273
0.128122
0.126035
0.124014
0.122056
0.120164
0.118338
0.116577
0.114883
0.113256
0.111696
0.110203
0.108778
0.107420
0.106131
0.104910
0.103758
0.102675
0.101660
0.100715
0.099840
0.099033
0.098296
0.097629
0.097032
0.096504
0.096047
0.095660
0.095344
0.095097
0.094921
0.094815
0.094780
0.094815
0.094921
0.095097
0.095343
0.095660
0.096046
0.096503
0.097030
0.097628
0.098294
0.099030
0.099836
0.100712
0.101658
0.102672
0.103756
0.104908
0.106128
0.107418
0.108775
0.110200
0.111694
0.113254
0.114881
0.116575
0.118335
0.120162
0.122054
0.124011
0.126034
0.128120
0.130271
0.132484
0.134761
0.137100
0.139501
0.141963
0.144487
0.147070
0.149713
0.152414
0.155174
0.157990
0.160864
0.163793
0.166778
0.169817
0.172910
0.176055
0.179251
0.182498
0.185796
0.189142
0.192536
0.195977
0.199463
0.202993
0.206567
0.210183
0.213840
0.217536
0.221271
0.225044
0.228852
0.232694
0.236570
0.240478
0.244416
0.248382
0.252376
0.256395
0.260439
0.264505
0.268592
0.272699
0.276823
0.280963
0.285117
0.289284
0.293461
0.297648
0.301842
0.306040
0.310242
0.314445
0.318648
0.322850
0.327046
0.331238
0.335420
0.339593
0.343753
0.347900
0.352031
0.356143
0.360235
0.364306
0.368353
0.372373
0.376366
0.380328
0.384257
0.388153
0.392012
0.395832
0.399612
0.403350
0.407044
0.410691
0.414291
0.417840
0.421337
0.424780
0.428167
0.431496
0.434766
0.437974
0.441119
0.444199
0.447211
0.450155
0.453029
0.455832
0.458560
0.461215
0.463792
0.466291
0.468710
0.471049
0.473304
0.475476
0.477564
0.479565
0.481479
0.483304
0.485040
0.486685
0.488239
0.489699
0.491066
0.492339
0.493517
0.494599
0.495584
0.496473
0.497264
0.497956
0.498551
0.499046
0.499442
0.499738
0.499935
0.500032
0.500029
0.499927
0.499724
0.499422
0.499021
0.498520
0.497920
0.497221
0.496425
0.495531
0.494539
0.493451
0.492267
0.490987
0.489613
0.488145
0.486584
0.484930
0.483187
0.481354
0.479431
0.477421
0.475324
0.473142
0.470876
0.468526
0.466095
0.463584
0.460995
0.458328
0.455586
0.452769
0.449880
0.446920
0.443891
0.440794
0.437632
0.434405
0.431116
0.427766
0.424357
0.420891
0.417370
0.413796
0.410171
0.406496
0.402773
0.399005
0.395193
0.391339
0.387445
0.383513
0.379545
0.375543
0.371509
0.367445
0.363352
0.359233
0.355090
0.350925
0.346739
0.342534
0.338313
0.334077
0.329828
0.325568
0.321299
0.317023
0.312741
0.308455
0.304167
0.299878
0.295591
0.291306
0.287027
0.282754
0.278489
0.274233
0.269989
0.265757
0.261538
0.257336
0.253150
0.248983
0.244835
0.240708
0.236603
0.232522
0.228466
0.224435
0.220432
0.216456
0.212510
0.208594
0.204709
0.200857
0.197038
0.193252
0.189501
0.185786
0.182107
0.178466
0.174862
0.171297
0.167771
0.164285
0.160839
0.157434
0.154070
0.150748
0.147468
0.144231
0.141036
0.137885
0.134777
0.131712
0.128692
0.125716
0.122784
0.119896
0.117053
0.114254
0.111501
0.108791
0.106127
0.103507
0.100931
0.098400
0.095913
0.093470
0.091071
0.088716
0.086405
0.084137
0.081912
0.079731
0.077591
0.075494
0.073439
0.071426
0.069454
0.067523
0.065632
0.063782
0.061972
0.060200
0.058468
0.056774
0.055118
0.053500
0.051919
0.050375
0.048867
0.047394
0.045957
0.044554
0.043186
0.041851
0.040549
0.039280
0.038043
0.036838
0.035664
0.034520
0.033406
0.032322
0.031266
0.030239
0.029240
0.028269
0.027324
0.026405
0.025512
0.024645
0.023802
0.022983
0.022189
0.021417
0.020668
0.019941
0.019236
0.018552
0.017889
0.017246
0.016623
0.016020
0.015435
0.014868
0.014320
0.013789
0.013274
0.012777
0.012296
0.011830
0.011380
0.010945
0.010524
0.010118
0.009725
0.009345
0.008979
0.008625
0.008284
0.007954
0.007636
0.007330
0.007034
0.006749
0.006474
0.006209
0.005953
0.005707
0.005470
0.005242
0.005023
0.004811
0.004608
0.004412
0.004224
0.004043
0.003869
0.003702
0.003541
0.003387
0.003238
0.003096
0.002959
0.002828
0.002702
0.002581
0.002465
0.002353
0.002247
0.002144
0.002046
0.001952
0.001862
0.001776
0.001694
0.001615
0.001539
0.001467
0.001397
0.001331
0.001268
0.001207
0.001149
0.001094
0.001041
0.000990
0.000942
0.000896
0.000852
0.000810
0.000770
0.000731
0.000695
0.000660
0.000627
0.000595
0.000565
0.000536
0.000509
0.000483
0.000458
0.000434
0.000412
0.000391
0.000370
0.000351
0.000332
0.000315
0.000298
0.000282
0.000267
0.000253
0.000239
0.000226
0.000214
0.000203
0.000192
0.000181
0.000171
0.000162
0.000153
0.000144
0.000136
0.000129
0.000122
0.000115
0.000108
0.000102
0.000096
0.000091
0.000086
0.000081
0.000076
0.000072
0.000068
0.000064
0.000060
0.000056
0.000053
0.000050
0.000047
0.000044
0.000042
0.000039
0.000037
0.000035
0.000033
0.000031
0.000029
0.000027
0.000025
0.000024
0.000022
0.000021
0.000020
0.000018
0.000017
0.000016
0.000015
0.000014
0.000013
0.000013
0.000012
0.000011
0.000010
0.000010
0.000009
0.000008
0.000008
0.000007
0.000007
0.000006
0.000006
0.000006
0.000005
0.000005
0.000005
0.000004
0.000004
0.000004
0.000004
0.000003
0.000003
0.000003
0.000003
0.000002
0.000002
0.000002
0.000002
0.000002
0.000002
0.000002
0.000002
0.000001
0.000001
0.000001
0.000001
0.000001
0.000001
0.000001
0.000001
0.000001
0.000001
0.000001
0.000001
0.000001
0.000001
0.000001
0.000000
0.000000
0.000000
0.000000
0.000000
0.000000
0.000000
0.000000
0.000000
0.000000
0.000000
0.000000
0.000000
0.000000
0.000000
0.000000
0.000000
0.000000
0.000000
0.000000
0.000000
0.000000
0.000000
0.000000
0.000000
0.000000
0.000000
0.000000
0.000000
0.000000
0.000000
0.000000
0.000000
0.000000
0.000000
0.000000
0.000000
0.000000
0.000000
0.000000
0.000000
0.000000
0.000000
0.000000
0.000000
0.000000
0.000000
0.000000
0.000000
0.000000
0.000000
0.000000
0.000000
0.000000
0.000000
0.000000
0.000000
0.000000
0.000000
0.000000
0.000000
0.000000
0.000000
0.000000
0.000000
0.000000
0.000000
0.000000
0.000000
0.000000
0.000000
0.000000
0.000000
0.000000
0.000000
0.000000
0.000000
0.000000
0.000000
0.000000
0.000000
0.000000
0.000000
0.000000
0.000000
0.000000
0.000000
0.000000
0.000000
0.000000
0.000000
0.000000
0.000000
0.000000
0.000000
0.000000
0.000000
0.000000
0.000000
0.000000
0.000000
0.000000
0.000000
0.000000
0.000000
0.000000
0.000000
0.000000
0.000000
0.000000
0.000000
0.000000
0.000000
0.000000
0.000000
0.000000
0.000000
0.000000
0.000000
0.000000
0.000000
0.000000
0.000000
0.000000
0.000000
0.000000
0.000000
0.000000
0.000000
0.000000
0.000000
0.000000
0.000000
0.000000
0.000000
0.000000
0.000000
0.000000
0.000000
0.000000
0.000000
0.000000
0.000000
0.000000
0.000000
0.000000
0.000000
0.000000
0.000000
0.000000
0.000000
0.000000
0.000000
0.000000
0.000000
0.000000
0.000000
0.000000
0.000000
0.000000
0.000000
0.000000
0.000000
0.000000
0.000000
0.000000
0.000000
0.000000
0.000000
0.000000
0.000000
0.000000
0.000000
0.000000
