0.003465
0.006930
0.010397
0.013867
0.017340
0.020818
0.024301
0.027789
0.031286
0.034789
0.038301
0.041822
0.045354
0.048896
0.052450
0.056016
0.059596
0.063189
0.066797
0.070421
0.074059
0.077715
0.081386
0.085077
0.088783
0.092511
0.096255
0.100021
0.103805
0.107610
0.111436
0.115281
0.119150
0.123037
0.126949
0.130880
0.134835
0.138810
0.142807
0.146829
0.150869
0.154935
0.159018
0.163126
0.167254
0.171402
0.175575
0.179763
0.183976
0.188206
0.192455
0.196726
0.201009
0.205316
0.209635
0.213972
0.218327
0.222691
0.227075
0.231468
0.235873
0.240294
0.244718
0.249158
0.253603
0.258052
0.262514
0.266973
0.271439
0.275910
0.280375
0.284846
0.289314
0.293773
0.298236
0.302687
0.307129
0.311570
0.315992
0.320402
0.324806
0.329186
0.333551
0.337904
0.342226
0.346529
0.350816
0.355066
0.359291
0.363495
0.367658
0.371789
0.375895
0.379955
0.383974
0.387965
0.391907
0.395798
0.399654
0.403464
0.407212
0.410916
0.414575
0.418169
0.421703
0.425192
0.428618
0.431971
0.435267
0.438508
0.441672
0.444760
0.447789
0.450753
0.453631
0.456429
0.459164
0.461827
0.464397
0.466881
0.469295
0.471634
0.473877
0.476024
0.478092
0.480086
0.481987
0.483782
0.485483
0.487106
0.488646
0.490084
0.491413
0.492642
0.493787
0.494849
0.495812
0.496663
0.497405
0.498048
0.498605
0.499075
0.499449
0.499713
0.499863
0.499901
0.499839
0.499684
0.499443
0.499114
0.498693
0.498176
0.497557
0.496836
0.496011
0.495084
0.494057
0.492931
0.491708
0.490389
0.488976
0.487469
0.485870
0.484180
0.482399
0.480530
0.478571
0.476526
0.474396
0.472181
0.469883
0.467503
0.465044
0.462505
0.459889
0.457197
0.454432
0.451593
0.448683
0.445704
0.442656
0.439544
0.436365
0.433126
0.429826
0.426467
0.423051
0.419580
0.416055
0.412480
0.408855
0.405183
0.401465
0.397704
0.393901
0.390059
0.386181
0.382266
0.378318
0.374339
0.370331
0.366295
0.362234
0.358151
0.354046
0.349922
0.345781
0.341624
0.337455
0.333274
0.329084
0.324886
0.320684
0.316477
0.312269
0.308062
0.303858
0.299658
0.295464
0.291277
0.287101
0.282936
0.278784
0.274646
0.270526
0.266424
0.262342
0.258281
0.254243
0.250231
0.246244
0.242286
0.238357
0.234458
0.230591
0.226758
0.222960
0.219199
0.215475
0.211789
0.208143
0.204539
0.200978
0.197459
0.193987
0.190559
0.187179
0.183846
0.180562
0.177328
0.174145
0.171015
0.167937
0.164911
0.161941
0.159025
0.156166
0.153362
0.150616
0.147929
0.145300
0.142731
0.140222
0.137773
0.135386
0.133060
0.130796
0.128595
0.126457
0.124384
0.122374
0.120429
0.118548
0.116733
0.114984
0.113301
0.111685
0.110135
0.108652
0.107236
0.105887
0.104607
0.103394
0.102249
0.101174
0.100166
0.099227
0.098359
0.097557
0.096825
0.096162
0.095570
0.095046
0.094592
0.094208
0.093894
0.093649
0.093474
0.093369
0.093334
0.093369
0.093474
0.093649
0.093893
0.094207
0.094592
0.095045
0.095568
0.096161
0.096823
0.097555
0.098355
0.099225
0.100163
0.101171
0.102247
0.103392
0.104604
0.105884
0.107232
0.108648
0.110132
0.111682
0.113299
0.114982
0.116731
0.118546
0.120427
0.122372
0.124382
0.126455
0.128594
0.130793
0.133057
0.135383
0.137770
0.140219
0.142728
0.145298
0.147926
0.150613
0.153359
0.156162
0.159021
0.161936
0.164906
0.167931
0.171009
0.174140
0.177323
0.180557
0.183840
0.187173
0.190553
0.193980
0.197454
0.200972
0.204534
0.208137
0.211782
0.215467
0.219192
0.222954
0.226752
0.230584
0.234451
0.238350
0.242280
0.246238
0.250225
0.254236
0.258275
0.262335
0.266418
0.270520
0.274641
0.278778
0.282930
0.287095
0.291271
0.295458
0.299653
0.303853
0.308056
0.312263
0.316470
0.320676
0.324878
0.329076
0.333265
0.337446
0.341615
0.345772
0.349913
0.354037
0.358142
0.362226
0.366288
0.370324
0.374332
0.378312
0.382259
0.386174
0.390053
0.393894
0.397696
0.401457
0.405175
0.408847
0.412472
0.416048
0.419572
0.423043
0.426460
0.429819
0.433120
0.436360
0.439537
0.442651
0.445698
0.448677
0.451588
0.454426
0.457193
0.459886
0.462502
0.465041
0.467500
0.469880
0.472178
0.474392
0.476523
0.478567
0.480526
0.482396
0.484177
0.485867
0.487468
0.488975
0.490389
0.491709
0.492935
0.494065
0.495099
0.496037
0.496877
0.497619
0.498262
0.498807
0.499253
0.499600
0.499846
0.499994
0.500041
0.499988
0.499836
0.499584
0.499232
0.498781
0.498230
0.497581
0.496834
0.495989
0.495046
0.494006
0.492870
0.491637
0.490310
0.488889
0.487375
0.485767
0.484069
0.482281
0.480403
0.478436
0.476383
0.474243
0.472019
0.469711
0.467320
0.464849
0.462299
0.459671
0.456966
0.454186
0.451333
0.448408
0.445413
0.442350
0.439221
0.436026
0.432768
0.429448
0.426068
0.422631
0.419137
0.415589
0.411989
0.408339
0.404641
0.400895
0.397104
0.393271
0.389396
0.385483
0.381533
0.377548
0.373530
0.369480
0.365402
0.361296
0.357165
0.353010
0.348835
0.344639
0.340426
0.336197
0.331954
0.327700
0.323435
0.319162
0.314882
0.310598
0.306311
0.302022
0.297734
0.293448
0.289166
0.284890
0.280620
0.276360
0.272110
0.267871
0.263646
0.259435
0.255241
0.251064
0.246906
0.242769
0.238653
0.234560
0.230491
0.226447
0.222430
0.218440
0.214479
0.210548
0.206648
0.202779
0.198943
0.195141
0.191372
0.187639
0.183942
0.180282
0.176659
0.173075
0.169529
0.166023
0.162557
0.159131
0.155747
0.152404
0.149103
0.145844
0.142628
0.139455
0.136325
0.133239
0.130197
0.127198
0.124244
0.121334
0.118469
0.115648
0.112872
0.110140
0.107453
0.104811
0.102213
0.099660
0.097151
0.094686
0.092265
0.089888
0.087555
0.085266
0.083019
0.080816
0.078656
0.076538
0.074462
0.072428
0.070435
0.068483
0.066573
0.064702
0.062872
0.061081
0.059329
0.057616
0.055942
0.054305
0.052705
0.051142
0.049616
0.048126
0.046671
0.045251
0.043866
0.042514
0.041196
0.039911
0.038658
0.037437
0.036247
0.035088
0.033959
0.032860
0.031791
0.030749
0.029736
0.028751
0.027793
0.026861
0.025956
0.025075
0.024220
0.023390
0.022583
0.021800
0.021040
0.020302
0.019586
0.018892
0.018218
0.017565
0.016933
0.016319
0.015725
0.015149
0.014592
0.014052
0.013529
0.013024
0.012534
0.012061
0.011603
0.011161
0.010733
0.010319
0.009920
0.009533
0.009161
0.008801
0.008453
0.008118
0.007794
0.007482
0.007180
0.006890
0.006610
0.006340
0.006080
0.005829
0.005588
0.005355
0.005131
0.004916
0.004709
0.004509
0.004317
0.004133
0.003955
0.003785
0.003621
0.003463
0.003312
0.003166
0.003027
0.002893
0.002764
0.002641
0.002522
0.002408
0.002300
0.002195
0.002095
0.001999
0.001907
0.001819
0.001735
0.001654
0.001576
0.001502
0.001432
0.001364
0.001299
0.001237
0.001178
0.001121
0.001067
0.001015
0.000966
0.000919
0.000874
0.000831
0.000790
0.000750
0.000713
0.000677
0.000643
0.000611
0.000580
0.000551
0.000523
0.000496
0.000470
0.000446
0.000423
0.000401
0.000380
0.000360
0.000341
0.000323
0.000306
0.000290
0.000275
0.000260
0.000246
0.000233
0.000220
0.000208
0.000197
0.000186
0.000176
0.000166
0.000157
0.000149
0.000140
0.000132
0.000125
0.000118
0.000111
0.000105
0.000099
0.000094
0.000088
0.000083
0.000078
0.000074
0.000070
0.000066
0.000062
0.000058
0.000055
0.000052
0.000049
0.000046
0.000043
0.000040
0.000038
0.000036
0.000034
0.000032
0.000030
0.000028
0.000026
0.000025
0.000023
0.000022
0.000020
0.000019
0.000018
0.000017
0.000016
0.000015
0.000014
0.000013
0.000012
0.000011
0.000011
0.000010
0.000009
0.000009
0.000008
0.000008
0.000007
0.000007
0.000006
0.000006
0.000005
0.000005
0.000005
0.000004
0.000004
0.000004
0.000004
0.000003
0.000003
0.000003
0.000003
0.000003
0.000002
0.000002
0.000002
0.000002
0.000002
0.000002
0.000002
0.000001
0.000001
0.000001
0.000001
0.000001
0.000001
0.000001
0.000001
0.000001
0.000001
0.000001
0.000001
0.000001
0.000001
0.000001
0.000000
0.000000
0.000000
0.000000
0.000000
0.000000
0.000000
0.000000
0.000000
0.000000
0.000000
0.000000
0.000000
0.000000
0.000000
0.000000
0.000000
0.000000
0.000000
0.000000
0.000000
0.000000
0.000000
0.000000
0.000000
0.000000
0.000000
0.000000
0.000000
0.000000
0.000000
0.000000
0.000000
0.000000
0.000000
0.000000
0.000000
0.000000
0.000000
0.000000
0.000000
0.000000
0.000000
0.000000
0.000000
0.000000
0.000000
0.000000
0.000000
0.000000
0.000000
0.000000
0.000000
0.000000
0.000000
0.000000
0.000000
0.000000
0.000000
0.000000
0.000000
0.000000
0.000000
0.000000
0.000000
0.000000
0.000000
0.000000
0.000000
0.000000
0.000000
0.000000
0.000000
0.000000
0.000000
0.000000
0.000000
0.000000
0.000000
0.000000
0.000000
0.000000
0.000000
0.000000
0.000000
0.000000
0.000000
0.000000
0.000000
0.000000
0.000000
0.000000
0.000000
0.000000
0.000000
0.000000
0.000000
0.000000
0.000000
0.000000
0.000000
0.000000
0.000000
0.000000
0.000000
0.000000
0.000000
0.000000
0.000000
0.000000
0.000000
0.000000
0.000000
0.000000
0.000000
0.000000
0.000000
0.000000
0.000000
0.000000
0.000000
0.000000
0.000000
0.000000
0.000000
0.000000
0.000000
0.000000
0.000000
0.000000
0.000000
0.000000
0.000000
0.000000
0.000000
0.000000
0.000000
0.000000
0.000000
0.000000
0.000000
0.000000
0.000000
0.000000
0.000000
0.000000
0.000000
0.000000
0.000000
0.000000
0.000000
0.000000
0.000000
0.000000
0.000000
0.000000
0.000000
0.000000
0.000000
0.000000
0.000000
0.000000
0.000000
0.000000
0.000000
0.000000
0.000000
0.000000
0.000000
0.000000
0.000000
0.000000
0.000000
0.000000
