0.003503
0.007008
0.010514
0.014022
0.017534
0.021050
0.024572
0.028099
0.031634
0.035175
0.038725
0.042285
0.045854
0.049435
0.053026
0.056630
0.060247
0.063878
0.067522
0.071183
0.074857
0.078550
0.082257
0.085983
0.089726
0.093488
0.097268
0.101067
0.104887
0.108724
0.112585
0.116463
0.120365
0.124285
0.128228
0.132192
0.136176
0.140184
0.144210
0.148262
0.152332
0.156425
0.160539
0.164672
0.168830
0.173003
0.177202
0.181417
0.185653
0.189909
0.194179
0.198474
0.202780
0.207107
0.211450
0.215804
0.220180
0.224563
0.228962
0.233376
0.237795
0.242231
0.246672
0.251122
0.255583
0.260043
0.264515
0.268989
0.273460
0.277941
0.282416
0.286889
0.291366
0.295830
0.300293
0.304752
0.309194
0.313633
0.318060
0.322466
0.326867
0.331248
0.335605
0.339952
0.344273
0.348565
0.352842
0.357088
0.361299
0.365490
0.369646
0.373760
0.377849
0.381899
0.385900
0.389868
0.393797
0.397669
0.401499
0.405290
0.409019
0.412694
0.416327
0.419901
0.423407
0.426862
0.430264
0.433591
0.436851
0.440058
0.443197
0.446252
0.449241
0.452170
0.455019
0.457780
0.460471
0.463096
0.465634
0.468078
0.470445
0.472742
0.474950
0.477057
0.479077
0.481022
0.482882
0.484640
0.486295
0.487864
0.489354
0.490752
0.492040
0.493221
0.494312
0.495320
0.496237
0.497047
0.497745
0.498336
0.498836
0.499251
0.499575
0.499795
0.499903
0.499896
0.499782
0.499573
0.499275
0.498891
0.498417
0.497849
0.497182
0.496414
0.495544
0.494571
0.493497
0.492324
0.491054
0.489688
0.488228
0.486675
0.485031
0.483294
0.481469
0.479554
0.477552
0.475464
0.473290
0.471033
0.468694
0.466274
0.463774
0.461196
0.458541
0.455811
0.453009
0.450133
0.447188
0.444173
0.441092
0.437946
0.434736
0.431466
0.428135
0.424746
0.421301
0.417801
0.414250
0.410648
0.406998
0.403302
0.399561
0.395777
0.391953
0.388091
0.384193
0.380260
0.376294
0.372299
0.368274
0.364224
0.360149
0.356053
0.351935
0.347801
0.343649
0.339483
0.335305
0.331116
0.326920
0.322717
0.318509
0.314297
0.310087
0.305877
0.301672
0.297470
0.293276
0.289090
0.284915
0.280751
0.276602
0.272468
0.268352
0.264254
0.260178
0.256123
0.252092
0.248086
0.244107
0.240157
0.236236
0.232347
0.228490
0.224667
0.220879
0.217128
0.213416
0.209741
0.206108
0.202516
0.198968
0.195462
0.192002
0.188588
0.185221
0.181902
0.178632
0.175413
0.172244
0.169127
0.166064
0.163052
0.160097
0.157196
0.154351
0.151561
0.148830
0.146157
0.143543
0.140988
0.138492
0.136058
0.133684
0.131372
0.129122
0.126933
0.124809
0.122748
0.120750
0.118818
0.116949
0.115145
0.113407
0.111735
0.110129
0.108590
0.107116
0.105710
0.104371
0.103099
0.101895
0.100758
0.099689
0.098689
0.097757
0.096894
0.096098
0.095371
0.094714
0.094125
0.093605
0.093154
0.092773
0.092461
0.092218
0.092045
0.091940
0.091905
0.091940
0.092044
0.092218
0.092460
0.092772
0.093154
0.093604
0.094123
0.094712
0.095369
0.096096
0.096891
0.097755
0.098686
0.099687
0.100755
0.101892
0.103097
0.104368
0.105707
0.107113
0.108587
0.110127
0.111733
0.113405
0.115143
0.116946
0.118816
0.120748
0.122746
0.124807
0.126932
0.129119
0.131368
0.133681
0.136055
0.138490
0.140985
0.143541
0.146154
0.148827
0.151558
0.154347
0.157191
0.160092
0.163048
0.166058
0.169122
0.172239
0.175407
0.178627
0.181896
0.185215
0.188582
0.191996
0.195456
0.198962
0.202511
0.206102
0.209735
0.213408
0.217121
0.220873
0.224660
0.228483
0.232340
0.236230
0.240151
0.244101
0.248079
0.252085
0.256116
0.260171
0.264248
0.268345
0.272463
0.276596
0.280745
0.284908
0.289084
0.293270
0.297464
0.301666
0.305872
0.310080
0.314290
0.318501
0.322708
0.326911
0.331108
0.335296
0.339474
0.343640
0.347792
0.351927
0.356044
0.360141
0.364216
0.368267
0.372291
0.376287
0.380253
0.384186
0.388084
0.391947
0.395770
0.399553
0.403294
0.406991
0.410640
0.414243
0.417794
0.421293
0.424738
0.428128
0.431459
0.434730
0.437940
0.441086
0.444168
0.447182
0.450128
0.453003
0.455806
0.458537
0.461192
0.463771
0.466271
0.468691
0.471030
0.473287
0.475460
0.477548
0.479550
0.481465
0.483291
0.485027
0.486673
0.488227
0.489688
0.491056
0.492329
0.493508
0.494590
0.495576
0.496465
0.497257
0.497950
0.498544
0.499040
0.499436
0.499733
0.499930
0.500027
0.500025
0.499922
0.499720
0.499418
0.499018
0.498517
0.497917
0.497219
0.496423
0.495529
0.494537
0.493449
0.492264
0.490985
0.489611
0.488143
0.486582
0.484929
0.483185
0.481352
0.479430
0.477420
0.475323
0.473141
0.470874
0.468525
0.466094
0.463583
0.460994
0.458327
0.455585
0.452768
0.449879
0.446919
0.443890
0.440794
0.437631
0.434404
0.431115
0.427765
0.424356
0.420890
0.417369
0.413796
0.410171
0.406496
0.402773
0.399005
0.395193
0.391338
0.387444
0.383512
0.379545
0.375543
0.371509
0.367444
0.363352
0.359233
0.355090
0.350925
0.346739
0.342534
0.338313
0.334077
0.329828
0.325568
0.321299
0.317023
0.312741
0.308455
0.304166
0.299878
0.295590
0.291306
0.287027
0.282754
0.278489
0.274233
0.269989
0.265757
0.261538
0.257336
0.253150
0.248983
0.244835
0.240708
0.236603
0.232522
0.228466
0.224435
0.220432
0.216456
0.212510
0.208594
0.204709
0.200857
0.197037
0.193252
0.189501
0.185786
0.182108
0.178466
0.174862
0.171297
0.167771
0.164285
0.160839
0.157434
0.154070
0.150748
0.147468
0.144231
0.141036
0.137885
0.134777
0.131712
0.128692
0.125716
0.122784
0.119896
0.117053
0.114254
0.111501
0.108791
0.106127
0.103506
0.100931
0.098400
0.095913
0.093470
0.091071
0.088716
0.086405
0.084137
0.081912
0.079731
0.077591
0.075494
0.073439
0.071426
0.069454
0.067523
0.065632
0.063782
0.061972
0.060200
0.058468
0.056774
0.055118
0.053500
0.051919
0.050375
0.048867
0.047394
0.045957
0.044554
0.043186
0.041851
0.040549
0.039280
0.038043
0.036838
0.035664
0.034520
0.033406
0.032322
0.031266
0.030239
0.029240
0.028269
0.027324
0.026405
0.025512
0.024645
0.023802
0.022983
0.022189
0.021417
0.020668
0.019941
0.019236
0.018552
0.017889
0.017247
0.016623
0.016020
0.015435
0.014868
0.014320
0.013789
0.013274
0.012777
0.012296
0.011830
0.011380
0.010945
0.010524
0.010118
0.009725
0.009345
0.008979
0.008625
0.008284
0.007954
0.007636
0.007330
0.007034
0.006749
0.006474
0.006209
0.005953
0.005707
0.005470
0.005242
0.005023
0.004811
0.004608
0.004412
0.004224
0.004043
0.003869
0.003702
0.003541
0.003387
0.003238
0.003096
0.002959
0.002828
0.002702
0.002581
0.002465
0.002353
0.002247
0.002144
0.002046
0.001952
0.001862
0.001776
0.001694
0.001615
0.001539
0.001467
0.001397
0.001331
0.001268
0.001207
0.001149
0.001094
0.001041
0.000990
0.000942
0.000896
0.000852
0.000810
0.000770
0.000731
0.000695
0.000660
0.000627
0.000595
0.000565
0.000536
0.000509
0.000483
0.000458
0.000434
0.000412
0.000391
0.000370
0.000351
0.000332
0.000315
0.000298
0.000282
0.000267
0.000253
0.000239
0.000226
0.000214
0.000203
0.000192
0.000181
0.000171
0.000162
0.000153
0.000144
0.000136
0.000129
0.000122
0.000115
0.000108
0.000102
0.000096
0.000091
0.000086
0.000081
0.000076
0.000072
0.000068
0.000064
0.000060
0.000056
0.000053
0.000050
0.000047
0.000044
0.000042
0.000039
0.000037
0.000035
0.000033
0.000031
0.000029
0.000027
0.000025
0.000024
0.000022
0.000021
0.000020
0.000018
0.000017
0.000016
0.000015
0.000014
0.000013
0.000013
0.000012
0.000011
0.000010
0.000010
0.000009
0.000008
0.000008
0.000007
0.000007
0.000006
0.000006
0.000006
0.000005
0.000005
0.000005
0.000004
0.000004
0.000004
0.000004
0.000003
0.000003
0.000003
0.000003
0.000002
0.000002
0.000002
0.000002
0.000002
0.000002
0.000002
0.000002
0.000001
0.000001
0.000001
0.000001
0.000001
0.000001
0.000001
0.000001
0.000001
0.000001
0.000001
0.000001
0.000001
0.000001
0.000001
0.000000
0.000000
0.000000
0.000000
0.000000
0.000000
0.000000
0.000000
0.000000
0.000000
0.000000
0.000000
0.000000
0.000000
0.000000
0.000000
0.000000
0.000000
0.000000
0.000000
0.000000
0.000000
0.000000
0.000000
0.000000
0.000000
0.000000
0.000000
0.000000
0.000000
0.000000
0.000000
0.000000
0.000000
0.000000
0.000000
0.000000
0.000000
0.000000
0.000000
0.000000
0.000000
0.000000
0.000000
0.000000
0.000000
0.000000
0.000000
0.000000
0.000000
0.000000
0.000000
0.000000
0.000000
0.000000
0.000000
0.000000
0.000000
0.000000
0.000000
0.000000
0.000000
0.000000
0.000000
0.000000
0.000000
0.000000
0.000000
0.000000
0.000000
0.000000
0.000000
0.000000
0.000000
0.000000
0.000000
0.000000
0.000000
0.000000
0.000000
0.000000
0.000000
0.000000
0.000000
0.000000
0.000000
0.000000
0.000000
0.000000
0.000000
0.000000
0.000000
0.000000
0.000000
0.000000
0.000000
0.000000
0.000000
0.000000
0.000000
0.000000
0.000000
0.000000
0.000000
0.000000
0.000000
0.000000
0.000000
0.000000
0.000000
0.000000
0.000000
0.000000
0.000000
0.000000
0.000000
0.000000
0.000000
0.000000
0.000000
0.000000
0.000000
0.000000
0.000000
0.000000
0.000000
0.000000
0.000000
0.000000
0.000000
0.000000
0.000000
0.000000
0.000000
0.000000
0.000000
0.000000
0.000000
0.000000
0.000000
0.000000
0.000000
0.000000
0.000000
0.000000
0.000000
0.000000
0.000000
0.000000
0.000000
0.000000
0.000000
0.000000
0.000000
0.000000
0.000000
0.000000
0.000000
0.000000
0.000000
0.000000
0.000000
0.000000
0.000000
0.000000
0.000000
0.000000
0.000000
0.000000
0.000000
0.000000
0.000000
0.000000
