0.003542
0.007086
0.010631
0.014178
0.017729
0.021284
0.024844
0.028411
0.031983
0.035564
0.039152
0.042750
0.046357
0.049976
0.053605
0.057248
0.060901
0.064570
0.068251
0.071949
0.075660
0.079388
0.083133
0.086894
0.090673
0.094469
0.098286
0.102118
0.105973
0.109845
0.113739
0.117651
0.121584
0.125539
0.129512
0.133509
0.137523
0.141563
0.145620
0.149700
0.153801
0.157921
0.162065
0.166224
0.170409
0.174611
0.178833
0.183076
0.187334
0.191616
0.195910
0.200225
0.204557
0.208901
0.213267
0.217641
0.222034
0.226439
0.230853
0.235285
0.239721
0.244170
0.248628
0.253089
0.257563
0.262038
0.266516
0.271003
0.275484
0.279970
0.284456
0.288933
0.293415
0.297887
0.302349
0.306812
0.311258
0.315693
0.320123
0.324529
0.328923
0.333304
0.337657
0.341994
0.346312
0.350596
0.354861
0.359101
0.363302
0.367476
0.371624
0.375725
0.379793
0.383831
0.387817
0.391762
0.395673
0.399529
0.403334
0.407100
0.410813
0.414462
0.418064
0.421616
0.425098
0.428520
0.431892
0.435195
0.438423
0.441592
0.444701
0.447728
0.450678
0.453567
0.456385
0.459113
0.461761
0.464343
0.466848
0.469256
0.471577
0.473827
0.475998
0.478069
0.480042
0.481936
0.483752
0.485472
0.487085
0.488603
0.490040
0.491392
0.492640
0.493778
0.494816
0.495768
0.496635
0.497403
0.498058
0.498601
0.499046
0.499404
0.499676
0.499850
0.499914
0.499863
0.499702
0.499440
0.499086
0.498645
0.498117
0.497498
0.496782
0.495967
0.495051
0.494031
0.492911
0.491693
0.490376
0.488963
0.487457
0.485858
0.484168
0.482386
0.480516
0.478557
0.476512
0.474380
0.472164
0.469865
0.467485
0.465024
0.462484
0.459867
0.457174
0.454407
0.451567
0.448656
0.445675
0.442626
0.439512
0.436332
0.433091
0.429790
0.426428
0.423011
0.419537
0.416010
0.412433
0.408805
0.405130
0.401410
0.397646
0.393841
0.389996
0.386114
0.382197
0.378245
0.374263
0.370251
0.366211
0.362146
0.358059
0.353949
0.349821
0.345675
0.341514
0.337339
0.333153
0.328957
0.324754
0.320545
0.316333
0.312118
0.307905
0.303693
0.299486
0.295284
0.291090
0.286905
0.282731
0.278570
0.274423
0.270294
0.266182
0.262090
0.258019
0.253970
0.249946
0.245947
0.241977
0.238035
0.234124
0.230243
0.226397
0.222584
0.218808
0.215068
0.211367
0.207704
0.204083
0.200504
0.196968
0.193477
0.190030
0.186628
0.183276
0.179970
0.176715
0.173510
0.170356
0.167253
0.164204
0.161207
0.158267
0.155380
0.152550
0.149775
0.147058
0.144400
0.141800
0.139259
0.136778
0.134358
0.131998
0.129699
0.127462
0.125287
0.123176
0.121128
0.119143
0.117223
0.115366
0.113574
0.111847
0.110187
0.108591
0.107062
0.105598
0.104202
0.102872
0.101608
0.100413
0.099283
0.098222
0.097229
0.096304
0.095446
0.094657
0.093935
0.093282
0.092698
0.092182
0.091734
0.091356
0.091046
0.090805
0.090632
0.090529
0.090494
0.090529
0.090632
0.090804
0.091045
0.091355
0.091733
0.092180
0.092696
0.093280
0.093933
0.094654
0.095444
0.096301
0.097226
0.098220
0.099281
0.100410
0.101606
0.102868
0.104199
0.105595
0.107059
0.108589
0.110184
0.111846
0.113572
0.115363
0.117220
0.119141
0.121126
0.123175
0.125286
0.127460
0.129696
0.131994
0.134355
0.136776
0.139256
0.141798
0.144397
0.147056
0.149772
0.152546
0.155375
0.158262
0.161203
0.164199
0.167248
0.170350
0.173505
0.176710
0.179965
0.183270
0.186623
0.190023
0.193470
0.196962
0.200498
0.204077
0.207698
0.211360
0.215061
0.218801
0.222577
0.226390
0.230237
0.234117
0.238029
0.241970
0.245941
0.249939
0.253963
0.258012
0.262083
0.266175
0.270288
0.274418
0.278564
0.282725
0.286899
0.291084
0.295278
0.299480
0.303687
0.307898
0.312111
0.316325
0.320537
0.324745
0.328949
0.333144
0.337330
0.341504
0.345666
0.349812
0.353941
0.358051
0.362139
0.366204
0.370244
0.374256
0.378239
0.382190
0.386107
0.389989
0.393834
0.397639
0.401402
0.405123
0.408797
0.412425
0.416003
0.419530
0.423003
0.426421
0.429782
0.433085
0.436327
0.439506
0.442621
0.445669
0.448650
0.451562
0.454402
0.457170
0.459864
0.462481
0.465021
0.467482
0.469862
0.472161
0.474376
0.476508
0.478553
0.480512
0.482383
0.484165
0.485856
0.487457
0.488964
0.490379
0.491700
0.492926
0.494057
0.495092
0.496029
0.496870
0.497612
0.498256
0.498802
0.499247
0.499594
0.499841
0.499989
0.500036
0.499984
0.499832
0.499580
0.499229
0.498778
0.498227
0.497579
0.496832
0.495987
0.495044
0.494003
0.492867
0.491635
0.490308
0.488887
0.487373
0.485766
0.484067
0.482279
0.480401
0.478435
0.476382
0.474242
0.472018
0.469710
0.467319
0.464848
0.462298
0.459670
0.456965
0.454185
0.451332
0.448407
0.445413
0.442350
0.439220
0.436026
0.432767
0.429448
0.426068
0.422630
0.419136
0.415589
0.411989
0.408339
0.404640
0.400894
0.397104
0.393271
0.389396
0.385483
0.381533
0.377548
0.373530
0.369480
0.365402
0.361296
0.357165
0.353010
0.348834
0.344639
0.340426
0.336197
0.331954
0.327700
0.323435
0.319162
0.314882
0.310598
0.306311
0.302022
0.297734
0.293448
0.289166
0.284889
0.280620
0.276360
0.272109
0.267871
0.263646
0.259435
0.255241
0.251064
0.246906
0.242769
0.238653
0.234560
0.230491
0.226447
0.222430
0.218440
0.214479
0.210548
0.206648
0.202779
0.198943
0.195140
0.191372
0.187639
0.183942
0.180282
0.176659
0.173075
0.169529
0.166023
0.162557
0.159131
0.155747
0.152404
0.149103
0.145844
0.142628
0.139455
0.136325
0.133239
0.130197
0.127198
0.124244
0.121334
0.118469
0.115648
0.112872
0.110140
0.107453
0.104811
0.102213
0.099660
0.097151
0.094686
0.092265
0.089888
0.087555
0.085266
0.083019
0.080816
0.078656
0.076538
0.074462
0.072428
0.070435
0.068483
0.066573
0.064702
0.062872
0.061081
0.059329
0.057616
0.055942
0.054305
0.052705
0.051143
0.049616
0.048126
0.046671
0.045251
0.043866
0.042514
0.041196
0.039911
0.038658
0.037437
0.036247
0.035088
0.033959
0.032860
0.031791
0.030749
0.029737
0.028751
0.027793
0.026861
0.025956
0.025076
0.024220
0.023390
0.022583
0.021800
0.021040
0.020302
0.019586
0.018892
0.018218
0.017565
0.016933
0.016319
0.015725
0.015149
0.014592
0.014052
0.013529
0.013024
0.012534
0.012061
0.011603
0.011161
0.010733
0.010319
0.009920
0.009533
0.009161
0.008801
0.008453
0.008118
0.007794
0.007482
0.007180
0.006890
0.006610
0.006340
0.006080
0.005829
0.005588
0.005355
0.005131
0.004916
0.004709
0.004509
0.004317
0.004133
0.003955
0.003785
0.003621
0.003463
0.003312
0.003166
0.003027
0.002893
0.002764
0.002641
0.002522
0.002408
0.002300
0.002195
0.002095
0.001999
0.001907
0.001819
0.001735
0.001654
0.001576
0.001502
0.001432
0.001364
0.001299
0.001237
0.001178
0.001121
0.001067
0.001015
0.000966
0.000919
0.000874
0.000831
0.000790
0.000750
0.000713
0.000677
0.000643
0.000611
0.000580
0.000551
0.000523
0.000496
0.000470
0.000446
0.000423
0.000401
0.000380
0.000360
0.000341
0.000323
0.000306
0.000290
0.000275
0.000260
0.000246
0.000233
0.000220
0.000208
0.000197
0.000186
0.000176
0.000166
0.000157
0.000149
0.000140
0.000132
0.000125
0.000118
0.000111
0.000105
0.000099
0.000094
0.000088
0.000083
0.000078
0.000074
0.000070
0.000066
0.000062
0.000058
0.000055
0.000052
0.000049
0.000046
0.000043
0.000040
0.000038
0.000036
0.000034
0.000032
0.000030
0.000028
0.000026
0.000025
0.000023
0.000022
0.000020
0.000019
0.000018
0.000017
0.000016
0.000015
0.000014
0.000013
0.000012
0.000011
0.000011
0.000010
0.000009
0.000009
0.000008
0.000008
0.000007
0.000007
0.000006
0.000006
0.000005
0.000005
0.000005
0.000004
0.000004
0.000004
0.000004
0.000003
0.000003
0.000003
0.000003
0.000003
0.000002
0.000002
0.000002
0.000002
0.000002
0.000002
0.000002
0.000001
0.000001
0.000001
0.000001
0.000001
0.000001
0.000001
0.000001
0.000001
0.000001
0.000001
0.000001
0.000001
0.000001
0.000001
0.000000
0.000000
0.000000
0.000000
0.000000
0.000000
0.000000
0.000000
0.000000
0.000000
0.000000
0.000000
0.000000
0.000000
0.000000
0.000000
0.000000
0.000000
0.000000
0.000000
0.000000
0.000000
0.000000
0.000000
0.000000
0.000000
0.000000
0.000000
0.000000
0.000000
0.000000
0.000000
0.000000
0.000000
0.000000
0.000000
0.000000
0.000000
0.000000
0.000000
0.000000
0.000000
0.000000
0.000000
0.000000
0.000000
0.000000
0.000000
0.000000
0.000000
0.000000
0.000000
0.000000
0.000000
0.000000
0.000000
0.000000
0.000000
0.000000
0.000000
0.000000
0.000000
0.000000
0.000000
0.000000
0.000000
0.000000
0.000000
0.000000
0.000000
0.000000
0.000000
0.000000
0.000000
0.000000
0.000000
0.000000
0.000000
0.000000
0.000000
0.000000
0.000000
0.000000
0.000000
0.000000
0.000000
0.000000
0.000000
0.000000
0.000000
0.000000
0.000000
0.000000
0.000000
0.000000
0.000000
0.000000
0.000000
0.000000
0.000000
0.000000
0.000000
0.000000
0.000000
0.000000
0.000000
0.000000
0.000000
0.000000
0.000000
0.000000
0.000000
0.000000
0.000000
0.000000
0.000000
0.000000
0.000000
0.000000
0.000000
0.000000
0.000000
0.000000
0.000000
0.000000
0.000000
0.000000
0.000000
0.000000
0.000000
0.000000
0.000000
0.000000
0.000000
0.000000
0.000000
0.000000
0.000000
0.000000
0.000000
0.000000
0.000000
0.000000
0.000000
0.000000
0.000000
0.000000
0.000000
0.000000
0.000000
0.000000
0.000000
0.000000
0.000000
0.000000
0.000000
0.000000
0.000000
0.000000
0.000000
0.000000
0.000000
0.000000
0.000000
0.000000
0.000000
0.000000
0.000000
0.000000
0.000000
0.000000
0.000000
0.000000
