0.000019
0.000034
0.000056
0.000069
0.000093
0.000109
0.000122
0.000156
0.000161
0.000179
0.000222
0.000232
0.000224
0.000256
0.000327
0.000398
0.000451
0.000488
0.000519
0.000548
0.000579
0.000610
0.000644
0.000679
0.000716
0.000754
0.000795
0.000837
0.000882
0.000929
0.000978
0.001030
0.001084
0.001141
0.001201
0.001263
0.001329
0.001397
0.001469
0.001544
0.001623
0.001705
0.001791
0.001882
0.001976
0.002075
0.002178
0.002286
0.002399
0.002517
0.002640
0.002768
0.002903
0.003043
0.003190
0.003342
0.003502
0.003668
0.003842
0.004023
0.004211
0.004408
0.004613
0.004827
0.005049
0.005281
0.005522
0.005773
0.006035
0.006307
0.006590
0.006884
0.007190
0.007508
0.007839
0.008183
0.008540
0.008912
0.009297
0.009697
0.010113
0.010544
0.010992
0.011456
0.011938
0.012438
0.012956
0.013492
0.014049
0.014625
0.015223
0.015841
0.016482
0.017145
0.017831
0.018542
0.019277
0.020037
0.020823
0.021636
0.022476
0.023344
0.024241
0.025168
0.026125
0.027113
0.028133
0.029186
0.030273
0.031394
0.032550
0.033742
0.034972
0.036239
0.037544
0.038890
0.040275
0.041702
0.043171
0.044684
0.046240
0.047842
0.049489
0.051184
0.052926
0.054717
0.056557
0.058449
0.060391
0.062387
0.064436
0.066540
0.068699
0.070914
0.073187
0.075518
0.077909
0.080359
0.082871
0.085445
0.088082
0.090783
0.093549
0.096380
0.099279
0.102244
0.105279
0.108382
0.111555
0.114800
0.118116
0.121504
0.124966
0.128502
0.132112
0.135798
0.139560
0.143399
0.147315
0.151309
0.155381
0.159533
0.163764
0.168075
0.172467
0.176939
0.181493
0.186128
0.190845
0.195644
0.200526
0.205490
0.210537
0.215666
0.220878
0.226173
0.231550
0.237010
0.242552
0.248177
0.253883
0.259671
0.265540
0.271490
0.277520
0.283630
0.289820
0.296087
0.302433
0.308855
0.315354
0.321927
0.328575
0.335297
0.342090
0.348955
0.355889
0.362893
0.369963
0.377099
0.384299
0.391562
0.398887
0.406271
0.413713
0.421210
0.428762
0.436366
0.444021
0.451723
0.459472
0.467264
0.475098
0.482971
0.490881
0.498826
0.506803
0.514810
0.522843
0.530900
0.538980
0.547077
0.555191
0.563318
0.571456
0.579600
0.587749
0.595898
0.604046
0.612189
0.620323
0.628446
0.636554
0.644644
0.652713
0.660757
0.668772
0.676757
0.684706
0.692617
0.700487
0.708311
0.716086
0.723810
0.731477
0.739086
0.746631
0.754110
0.761520
0.768855
0.776115
0.783293
0.790389
0.797396
0.804313
0.811136
0.817862
0.824487
0.831007
0.837420
0.843723
0.849911
0.855982
0.861933
0.867760
0.873461
0.879032
0.884471
0.889775
0.894940
0.899965
0.904846
0.909581
0.914167
0.918601
0.922883
0.927008
0.930975
0.934781
0.938425
0.941904
0.945217
0.948361
0.951335
0.954138
0.956767
0.959221
0.961499
0.963599
0.965521
0.967263
0.968825
0.970204
0.971402
0.972416
0.973247
0.973894
0.974356
0.974634
0.974726
0.974634
0.974357
0.973895
0.973248
0.972418
0.971403
0.970206
0.968826
0.967265
0.965522
0.963601
0.961500
0.959222
0.956768
0.954139
0.951337
0.948363
0.945219
0.941906
0.938428
0.934784
0.930978
0.927011
0.922886
0.918605
0.914171
0.909585
0.904850
0.899969
0.894944
0.889778
0.884475
0.879036
0.873465
0.867764
0.861937
0.855986
0.849915
0.843727
0.837425
0.831012
0.824492
0.817867
0.811142
0.804319
0.797402
0.790394
0.783299
0.776120
0.768861
0.761525
0.754116
0.746637
0.739091
0.731483
0.723816
0.716093
0.708318
0.700493
0.692624
0.684713
0.676763
0.668779
0.660763
0.652719
0.644651
0.636561
0.628453
0.620330
0.612195
0.604053
0.595905
0.587756
0.579607
0.571463
0.563326
0.555199
0.547085
0.538988
0.530909
0.522851
0.514818
0.506812
0.498835
0.490890
0.482980
0.475107
0.467273
0.459480
0.451732
0.444029
0.436375
0.428771
0.421219
0.413722
0.406280
0.398896
0.391572
0.384309
0.377108
0.369972
0.362902
0.355899
0.348964
0.342100
0.335306
0.328585
0.321937
0.315363
0.308864
0.302442
0.296096
0.289829
0.283640
0.277530
0.271500
0.265550
0.259681
0.253892
0.248186
0.242561
0.237019
0.231559
0.226182
0.220887
0.215675
0.210546
0.205499
0.200535
0.195653
0.190854
0.186137
0.181501
0.176948
0.172475
0.168083
0.163772
0.159541
0.155389
0.151317
0.147323
0.143406
0.139567
0.135805
0.132119
0.128509
0.124973
0.121511
0.118123
0.114806
0.111562
0.108388
0.105285
0.102251
0.099285
0.096387
0.093555
0.090789
0.088088
0.085451
0.082877
0.080365
0.077914
0.075523
0.073192
0.070919
0.068704
0.066545
0.064441
0.062392
0.060396
0.058453
0.056562
0.054721
0.052930
0.051188
0.049493
0.047846
0.046244
0.044688
0.043175
0.041706
0.040279
0.038893
0.037548
0.036242
0.034975
0.033746
0.032553
0.031397
0.030276
0.029189
0.028136
0.027116
0.026127
0.025170
0.024244
0.023346
0.022478
0.021638
0.020825
0.020039
0.019279
0.018544
0.017833
0.017147
0.016484
0.015843
0.015224
0.014627
0.014051
0.013494
0.012957
0.012439
0.011939
0.011458
0.010993
0.010546
0.010114
0.009699
0.009298
0.008913
0.008542
0.008184
0.007840
0.007509
0.007191
0.006885
0.006591
0.006307
0.006035
0.005774
0.005523
0.005282
0.005050
0.004827
0.004614
0.004409
0.004212
0.004023
0.003842
0.003669
0.003502
0.003343
0.003190
0.003044
0.002903
0.002769
0.002640
0.002517
0.002399
0.002286
0.002178
0.002075
0.001976
0.001882
0.001792
0.001706
0.001623
0.001544
0.001469
0.001397
0.001329
0.001263
0.001201
0.001141
0.001085
0.001030
0.000979
0.000929
0.000882
0.000838
0.000795
0.000754
0.000716
0.000679
0.000644
0.000610
0.000579
0.000548
0.000520
0.000492
0.000466
0.000442
0.000418
0.000396
0.000375
0.000355
0.000336
0.000317
0.000300
0.000284
0.000268
0.000254
0.000240
0.000227
0.000214
0.000202
0.000191
0.000180
0.000170
0.000160
0.000151
0.000143
0.000135
0.000127
0.000120
0.000113
0.000106
0.000100
0.000094
0.000089
0.000084
0.000079
0.000074
0.000070
0.000066
0.000062
0.000058
0.000055
0.000051
0.000048
0.000045
0.000043
0.000040
0.000038
0.000035
0.000033
0.000031
0.000029
0.000027
0.000026
0.000024
0.000023
0.000021
0.000020
0.000019
0.000018
0.000016
0.000015
0.000014
0.000013
0.000013
0.000012
0.000011
0.000010
0.000010
0.000009
0.000008
0.000008
0.000007
0.000007
0.000006
0.000006
0.000006
0.000005
0.000005
0.000005
0.000004
0.000004
0.000004
0.000003
0.000003
0.000003
0.000003
0.000003
0.000002
0.000002
0.000002
0.000002
0.000002
0.000002
0.000002
0.000001
0.000001
0.000001
0.000001
0.000001
0.000001
0.000001
0.000001
0.000001
0.000001
0.000001
0.000001
0.000001
0.000001
0.000001
0.000000
0.000000
0.000000
0.000000
0.000000
0.000000
0.000000
0.000000
0.000000
0.000000
0.000000
0.000000
0.000000
0.000000
0.000000
0.000000
0.000000
0.000000
0.000000
0.000000
0.000000
0.000000
0.000000
0.000000
0.000000
0.000000
0.000000
0.000000
0.000000
0.000000
0.000000
0.000000
0.000000
0.000000
0.000000
0.000000
0.000000
0.000000
0.000000
0.000000
0.000000
0.000000
0.000000
0.000000
0.000000
0.000000
0.000000
0.000000
0.000000
0.000000
0.000000
0.000000
0.000000
0.000000
0.000000
0.000000
0.000000
0.000000
0.000000
0.000000
0.000000
0.000000
0.000000
0.000000
0.000000
0.000000
0.000000
0.000000
0.000000
0.000000
0.000000
0.000000
0.000000
0.000000
0.000000
0.000000
0.000000
0.000000
0.000000
0.000000
0.000000
0.000000
0.000000
0.000000
0.000000
0.000000
0.000000
0.000000
0.000000
0.000000
0.000000
0.000000
0.000000
0.000000
0.000000
0.000000
0.000000
0.000000
0.000000
0.000000
0.000000
0.000000
0.000000
0.000000
0.000000
0.000000
0.000000
0.000000
0.000000
0.000000
0.000000
0.000000
0.000000
0.000000
0.000000
0.000000
0.000000
0.000000
0.000000
0.000000
0.000000
0.000000
0.000000
0.000000
0.000000
0.000000
0.000000
0.000000
0.000000
0.000000
0.000000
0.000000
0.000000
0.000000
0.000000
0.000000
0.000000
0.000000
0.000000
0.000000
0.000000
0.000000
0.000000
0.000000
0.000000
0.000000
0.000000
0.000000
0.000000
0.000000
0.000000
0.000000
0.000000
0.000000
0.000000
0.000000
0.000000
0.000000
0.000000
0.000000
0.000000
0.000000
0.000000
0.000000
0.000000
0.000000
0.000000
0.000000
0.000000
0.000000
0.000000
0.000000
0.000000
0.000000
0.000000
0.000000
0.000000
0.000000
0.000000
0.000000
0.000000
0.000000
0.000000
0.000000
0.000000
0.000000
0.000000
0.000000
0.000000
0.000000
0.000000
0.000000
0.000000
0.000000
0.000000
0.000000
0.000000
0.000000
0.000000
0.000000
0.000000
0.000000
0.000000
0.000000
0.000000
0.000000
0.000000
0.000000
0.000000
0.000000
0.000000
0.000000
0.000000
0.000000
0.000000
0.000000
0.000000
0.000000
0.000000
0.000000
0.000000
0.000000
0.000000
0.000000
0.000000
0.000000
0.000000
0.000000
0.000000
0.000000
0.000000
0.000000
0.000000
0.000000
0.000000
0.000000
0.000000
0.000000
0.000000
0.000000
0.000000
0.000000
0.000000
0.000000
0.000000
0.000000
0.000000
0.000000
0.000000
0.000000
0.000000
0.000000
0.000000
0.000000
0.000000
0.000000
0.000000
0.000000
0.000000
0.000000
0.000000
0.000000
0.000000
0.000000
0.000000
0.000000
0.000000
0.000000
0.000000
0.000000
0.000000
0.000000
0.000000
0.000000
0.000000
0.000000
0.000000
0.000000
0.000000
0.000000
0.000000
0.000000
0.000000
0.000000
0.000000
0.000000
0.000000
0.000000
0.000000
0.000000
0.000000
0.000000
0.000000
0.000000
0.000000
0.000000
0.000000
0.000000
0.000000
0.000000
0.000000
0.000000
0.000000
0.000000
0.000000
0.000000
0.000000
0.000000
0.000000
0.000000
0.000000
