0.003582
0.007164
0.010748
0.014335
0.017925
0.021520
0.025118
0.028724
0.032335
0.035955
0.039581
0.043218
0.046864
0.050521
0.054188
0.057868
0.061560
0.065265
0.068984
0.072718
0.076467
0.080231
0.084013
0.087809
0.091625
0.095456
0.099308
0.103176
0.107064
0.110971
0.114897
0.118844
0.122809
0.126797
0.130802
0.134831
0.138877
0.142946
0.147035
0.151143
0.155275
0.159422
0.163594
0.167783
0.171993
0.176223
0.180469
0.184739
0.189021
0.193326
0.197646
0.201981
0.206336
0.210701
0.215087
0.219483
0.223891
0.228317
0.232748
0.237195
0.241650
0.246110
0.250585
0.255060
0.259543
0.264033
0.268520
0.273016
0.277508
0.281999
0.286494
0.290978
0.295461
0.299941
0.304406
0.308868
0.313320
0.317752
0.322179
0.326588
0.330975
0.335353
0.339705
0.344031
0.348343
0.352623
0.356873
0.361105
0.365298
0.369456
0.373590
0.377681
0.381730
0.385750
0.389724
0.393647
0.397535
0.401377
0.405159
0.408897
0.412590
0.416217
0.419788
0.423314
0.426775
0.430165
0.433502
0.436780
0.439980
0.443110
0.446184
0.449184
0.452099
0.454946
0.457728
0.460426
0.463035
0.465571
0.468037
0.470412
0.472692
0.474893
0.477020
0.479056
0.480988
0.482831
0.484598
0.486277
0.487851
0.489321
0.490704
0.492007
0.493213
0.494310
0.495298
0.496195
0.497009
0.497730
0.498343
0.498842
0.499235
0.499536
0.499752
0.499877
0.499897
0.499803
0.499596
0.499283
0.498875
0.498378
0.497795
0.497122
0.496358
0.495495
0.494532
0.493467
0.492302
0.491037
0.489674
0.488215
0.486663
0.485018
0.483282
0.481456
0.479541
0.477538
0.475450
0.473275
0.471016
0.468676
0.466256
0.463755
0.461175
0.458520
0.455789
0.452985
0.450108
0.447162
0.444146
0.441063
0.437915
0.434703
0.431432
0.428099
0.424708
0.421261
0.417760
0.414206
0.410603
0.406950
0.403251
0.399508
0.395721
0.391894
0.388029
0.384128
0.380192
0.376223
0.372224
0.368196
0.364141
0.360063
0.355963
0.351841
0.347702
0.343546
0.339375
0.335192
0.330998
0.326796
0.322587
0.318373
0.314156
0.309939
0.305723
0.301510
0.297302
0.293100
0.288906
0.284723
0.280551
0.276393
0.272250
0.268125
0.264017
0.259931
0.255865
0.251824
0.247807
0.243816
0.239854
0.235921
0.232019
0.228149
0.224312
0.220510
0.216745
0.213017
0.209327
0.205677
0.202069
0.198503
0.194980
0.191502
0.188068
0.184681
0.181342
0.178051
0.174811
0.171620
0.168480
0.165392
0.162357
0.159377
0.156451
0.153579
0.150763
0.148003
0.145301
0.142657
0.140072
0.137546
0.135079
0.132673
0.130327
0.128042
0.125819
0.123658
0.121559
0.119524
0.117551
0.115643
0.113799
0.112019
0.110304
0.108654
0.107069
0.105550
0.104097
0.102710
0.101389
0.100134
0.098947
0.097826
0.096772
0.095786
0.094868
0.094016
0.093233
0.092516
0.091868
0.091287
0.090775
0.090331
0.089955
0.089648
0.089408
0.089237
0.089134
0.089100
0.089135
0.089237
0.089407
0.089647
0.089954
0.090330
0.090774
0.091286
0.091865
0.092514
0.093230
0.094014
0.094865
0.095784
0.096770
0.097823
0.098944
0.100132
0.101386
0.102707
0.104094
0.105547
0.107067
0.108652
0.110302
0.112017
0.113797
0.115641
0.117550
0.119522
0.121558
0.123655
0.125816
0.128038
0.130323
0.132670
0.135076
0.137543
0.140069
0.142655
0.145298
0.148000
0.150759
0.153574
0.156445
0.159372
0.162353
0.165387
0.168475
0.171615
0.174805
0.178046
0.181336
0.184675
0.188062
0.191495
0.194974
0.198497
0.202063
0.205671
0.209321
0.213010
0.216738
0.220503
0.224306
0.228142
0.232012
0.235914
0.239848
0.243809
0.247800
0.251817
0.255859
0.259924
0.264011
0.268118
0.272244
0.276387
0.280545
0.284717
0.288900
0.293093
0.297296
0.301504
0.305717
0.309932
0.314149
0.318365
0.322578
0.326787
0.330989
0.335183
0.339366
0.343536
0.347693
0.351833
0.355955
0.360055
0.364135
0.368189
0.372217
0.376217
0.380185
0.384121
0.388022
0.391888
0.395714
0.399500
0.403244
0.406942
0.410594
0.414199
0.417752
0.421254
0.424701
0.428091
0.431425
0.434698
0.437909
0.441057
0.444140
0.447156
0.450103
0.452980
0.455784
0.458516
0.461172
0.463751
0.466252
0.468674
0.471014
0.473271
0.475445
0.477534
0.479537
0.481453
0.483280
0.485016
0.486663
0.488217
0.489679
0.491047
0.492321
0.493500
0.494583
0.495569
0.496459
0.497250
0.497944
0.498539
0.499034
0.499431
0.499728
0.499925
0.500023
0.500021
0.499918
0.499717
0.499415
0.499014
0.498514
0.497914
0.497216
0.496420
0.495526
0.494534
0.493446
0.492262
0.490983
0.489609
0.488141
0.486580
0.484927
0.483184
0.481351
0.479429
0.477418
0.475322
0.473140
0.470874
0.468524
0.466093
0.463582
0.460993
0.458327
0.455584
0.452768
0.449878
0.446918
0.443890
0.440793
0.437631
0.434404
0.431115
0.427765
0.424356
0.420890
0.417369
0.413795
0.410170
0.406496
0.402773
0.399005
0.395192
0.391338
0.387444
0.383512
0.379544
0.375543
0.371509
0.367444
0.363352
0.359233
0.355090
0.350925
0.346739
0.342534
0.338313
0.334077
0.329828
0.325568
0.321299
0.317023
0.312741
0.308455
0.304166
0.299878
0.295590
0.291306
0.287027
0.282754
0.278489
0.274233
0.269989
0.265756
0.261538
0.257336
0.253150
0.248983
0.244835
0.240708
0.236603
0.232522
0.228465
0.224435
0.220431
0.216456
0.212510
0.208594
0.204709
0.200857
0.197038
0.193252
0.189501
0.185786
0.182107
0.178466
0.174862
0.171297
0.167771
0.164285
0.160839
0.157434
0.154070
0.150748
0.147468
0.144231
0.141036
0.137885
0.134777
0.131712
0.128692
0.125716
0.122783
0.119896
0.117053
0.114254
0.111501
0.108791
0.106127
0.103507
0.100931
0.098400
0.095913
0.093470
0.091071
0.088716
0.086405
0.084137
0.081912
0.079731
0.077591
0.075494
0.073439
0.071426
0.069454
0.067523
0.065632
0.063782
0.061972
0.060200
0.058468
0.056774
0.055118
0.053500
0.051919
0.050375
0.048867
0.047394
0.045957
0.044554
0.043186
0.041851
0.040549
0.039280
0.038043
0.036838
0.035664
0.034520
0.033406
0.032322
0.031266
0.030240
0.029240
0.028269
0.027324
0.026405
0.025512
0.024645
0.023802
0.022983
0.022189
0.021417
0.020668
0.019941
0.019236
0.018552
0.017889
0.017247
0.016623
0.016020
0.015435
0.014868
0.014320
0.013789
0.013274
0.012777
0.012296
0.011830
0.011380
0.010945
0.010524
0.010118
0.009725
0.009345
0.008979
0.008625
0.008284
0.007954
0.007636
0.007330
0.007034
0.006749
0.006474
0.006209
0.005953
0.005707
0.005470
0.005242
0.005023
0.004811
0.004608
0.004412
0.004224
0.004043
0.003869
0.003702
0.003541
0.003387
0.003238
0.003096
0.002959
0.002828
0.002702
0.002581
0.002465
0.002353
0.002247
0.002144
0.002046
0.001952
0.001862
0.001776
0.001694
0.001615
0.001539
0.001467
0.001397
0.001331
0.001268
0.001207
0.001149
0.001094
0.001041
0.000990
0.000942
0.000896
0.000852
0.000810
0.000770
0.000731
0.000695
0.000660
0.000627
0.000595
0.000565
0.000536
0.000509
0.000483
0.000458
0.000434
0.000412
0.000391
0.000370
0.000351
0.000332
0.000315
0.000298
0.000282
0.000267
0.000253
0.000239
0.000226
0.000214
0.000203
0.000192
0.000181
0.000171
0.000162
0.000153
0.000144
0.000136
0.000129
0.000122
0.000115
0.000108
0.000102
0.000096
0.000091
0.000086
0.000081
0.000076
0.000072
0.000068
0.000064
0.000060
0.000056
0.000053
0.000050
0.000047
0.000044
0.000042
0.000039
0.000037
0.000035
0.000033
0.000031
0.000029
0.000027
0.000025
0.000024
0.000022
0.000021
0.000020
0.000018
0.000017
0.000016
0.000015
0.000014
0.000013
0.000013
0.000012
0.000011
0.000010
0.000010
0.000009
0.000008
0.000008
0.000007
0.000007
0.000006
0.000006
0.000006
0.000005
0.000005
0.000005
0.000004
0.000004
0.000004
0.000004
0.000003
0.000003
0.000003
0.000003
0.000002
0.000002
0.000002
0.000002
0.000002
0.000002
0.000002
0.000002
0.000001
0.000001
0.000001
0.000001
0.000001
0.000001
0.000001
0.000001
0.000001
0.000001
0.000001
0.000001
0.000001
0.000001
0.000001
0.000000
0.000000
0.000000
0.000000
0.000000
0.000000
0.000000
0.000000
0.000000
0.000000
0.000000
0.000000
0.000000
0.000000
0.000000
0.000000
0.000000
0.000000
0.000000
0.000000
0.000000
0.000000
0.000000
0.000000
0.000000
0.000000
0.000000
0.000000
0.000000
0.000000
0.000000
0.000000
0.000000
0.000000
0.000000
0.000000
0.000000
0.000000
0.000000
0.000000
0.000000
0.000000
0.000000
0.000000
0.000000
0.000000
0.000000
0.000000
0.000000
0.000000
0.000000
0.000000
0.000000
0.000000
0.000000
0.000000
0.000000
0.000000
0.000000
0.000000
0.000000
0.000000
0.000000
0.000000
0.000000
0.000000
0.000000
0.000000
0.000000
0.000000
0.000000
0.000000
0.000000
0.000000
0.000000
0.000000
0.000000
0.000000
0.000000
0.000000
0.000000
0.000000
0.000000
0.000000
0.000000
0.000000
0.000000
0.000000
0.000000
0.000000
0.000000
0.000000
0.000000
0.000000
0.000000
0.000000
0.000000
0.000000
0.000000
0.000000
0.000000
0.000000
0.000000
0.000000
0.000000
0.000000
0.000000
0.000000
0.000000
0.000000
0.000000
0.000000
0.000000
0.000000
0.000000
0.000000
0.000000
0.000000
0.000000
0.000000
0.000000
0.000000
0.000000
0.000000
0.000000
0.000000
0.000000
0.000000
0.000000
0.000000
0.000000
0.000000
0.000000
0.000000
0.000000
0.000000
0.000000
0.000000
0.000000
0.000000
0.000000
0.000000
0.000000
0.000000
0.000000
0.000000
0.000000
0.000000
0.000000
0.000000
0.000000
0.000000
0.000000
0.000000
0.000000
0.000000
0.000000
0.000000
0.000000
0.000000
0.000000
0.000000
0.000000
0.000000
0.000000
0.000000
0.000000
0.000000
0.000000
0.000000
0.000000
0.000000
