0.003621
0.007243
0.010867
0.014493
0.018122
0.021756
0.025394
0.029038
0.032689
0.036347
0.040013
0.043688
0.047373
0.051067
0.054774
0.058491
0.062221
0.065964
0.069721
0.073491
0.077278
0.081078
0.084896
0.088729
0.092580
0.096448
0.100334
0.104238
0.108159
0.112102
0.116060
0.120042
0.124040
0.128060
0.132098
0.136157
0.140236
0.144334
0.148455
0.152592
0.156753
0.160930
0.165128
0.169347
0.173582
0.177840
0.182111
0.186405
0.190714
0.195039
0.199385
0.203741
0.208118
0.212506
0.216909
0.221328
0.225753
0.230197
0.234647
0.239107
0.243580
0.248054
0.252542
0.257033
0.261525
0.266028
0.270526
0.275028
0.279533
0.284029
0.288529
0.293023
0.297507
0.301992
0.306462
0.310922
0.315377
0.319810
0.324232
0.328642
0.333025
0.337396
0.341746
0.346065
0.350366
0.354643
0.358881
0.363099
0.367286
0.371429
0.375545
0.379627
0.383660
0.387657
0.391618
0.395523
0.399386
0.403209
0.406973
0.410683
0.414351
0.417959
0.421502
0.424995
0.428433
0.431796
0.435098
0.438345
0.441519
0.444614
0.447649
0.450619
0.453504
0.456309
0.459051
0.461717
0.464290
0.466781
0.469204
0.471545
0.473787
0.475940
0.478020
0.480017
0.481912
0.483707
0.485422
0.487056
0.488592
0.490018
0.491349
0.492597
0.493758
0.494814
0.495758
0.496601
0.497359
0.498031
0.498600
0.499056
0.499400
0.499646
0.499805
0.499878
0.499851
0.499715
0.499464
0.499103
0.498641
0.498089
0.497450
0.496724
0.495908
0.494998
0.493988
0.492878
0.491667
0.490356
0.488947
0.487444
0.485846
0.484156
0.482374
0.480504
0.478544
0.476498
0.474366
0.472149
0.469849
0.467468
0.465006
0.462465
0.459847
0.457153
0.454385
0.451544
0.448632
0.445650
0.442599
0.439483
0.436303
0.433060
0.429757
0.426393
0.422974
0.419498
0.415970
0.412390
0.408760
0.405083
0.401361
0.397594
0.393786
0.389938
0.386054
0.382134
0.378179
0.374193
0.370178
0.366134
0.362066
0.357974
0.353861
0.349728
0.345579
0.341412
0.337233
0.333042
0.328841
0.324633
0.320419
0.316200
0.311980
0.307760
0.303542
0.299328
0.295119
0.290918
0.286725
0.282544
0.278374
0.274219
0.270081
0.265960
0.261858
0.257777
0.253718
0.249683
0.245674
0.241692
0.237739
0.233815
0.229922
0.226062
0.222236
0.218446
0.214692
0.210976
0.207297
0.203661
0.200065
0.196512
0.193002
0.189538
0.186118
0.182746
0.179420
0.176145
0.172919
0.169742
0.166618
0.163545
0.160524
0.157559
0.154648
0.151791
0.148990
0.146245
0.143558
0.140929
0.138359
0.135848
0.133395
0.131003
0.128671
0.126400
0.124190
0.122043
0.119958
0.117935
0.115976
0.114080
0.112248
0.110480
0.108776
0.107138
0.105564
0.104055
0.102612
0.101234
0.099923
0.098677
0.097498
0.096385
0.095339
0.094360
0.093448
0.092602
0.091825
0.091114
0.090471
0.089894
0.089386
0.088945
0.088572
0.088267
0.088029
0.087859
0.087757
0.087724
0.087757
0.087859
0.088028
0.088266
0.088571
0.088944
0.089384
0.089892
0.090468
0.091112
0.091823
0.092601
0.093446
0.094358
0.095336
0.096383
0.097495
0.098674
0.099920
0.101231
0.102609
0.104052
0.105561
0.107135
0.108774
0.110478
0.112246
0.114078
0.115974
0.117934
0.119956
0.122041
0.124188
0.126397
0.128667
0.130999
0.133392
0.135845
0.138356
0.140927
0.143556
0.146242
0.148986
0.151787
0.154643
0.157555
0.160520
0.163540
0.166612
0.169737
0.172913
0.176140
0.179415
0.182740
0.186112
0.189531
0.192996
0.196505
0.200059
0.203654
0.207291
0.210968
0.214684
0.218439
0.222230
0.226056
0.229916
0.233808
0.237732
0.241685
0.245668
0.249677
0.253711
0.257770
0.261852
0.265953
0.270075
0.274214
0.278368
0.282537
0.286719
0.290911
0.295113
0.299322
0.303536
0.307753
0.311973
0.316193
0.320410
0.324624
0.328833
0.333033
0.337224
0.341403
0.345570
0.349720
0.353853
0.357967
0.362059
0.366128
0.370171
0.374186
0.378172
0.382126
0.386046
0.389932
0.393779
0.397587
0.401353
0.405076
0.408752
0.412382
0.415962
0.419491
0.422966
0.426386
0.429749
0.433053
0.436297
0.439477
0.442594
0.445644
0.448626
0.451539
0.454380
0.457149
0.459844
0.462462
0.465003
0.467465
0.469847
0.472145
0.474362
0.476494
0.478540
0.480500
0.482372
0.484154
0.485846
0.487447
0.488955
0.490370
0.491692
0.492918
0.494050
0.495085
0.496023
0.496864
0.497606
0.498251
0.498796
0.499242
0.499589
0.499837
0.499985
0.500032
0.499980
0.499828
0.499577
0.499226
0.498775
0.498225
0.497576
0.496829
0.495984
0.495041
0.494001
0.492865
0.491633
0.490307
0.488886
0.487372
0.485765
0.484066
0.482278
0.480400
0.478434
0.476380
0.474241
0.472017
0.469709
0.467318
0.464847
0.462297
0.459669
0.456965
0.454185
0.451332
0.448407
0.445412
0.442350
0.439220
0.436025
0.432767
0.429447
0.426068
0.422630
0.419136
0.415589
0.411989
0.408339
0.404640
0.400894
0.397104
0.393270
0.389396
0.385482
0.381532
0.377548
0.373530
0.369480
0.365401
0.361296
0.357164
0.353010
0.348834
0.344639
0.340426
0.336197
0.331954
0.327700
0.323435
0.319162
0.314882
0.310598
0.306310
0.302022
0.297734
0.293448
0.289166
0.284889
0.280620
0.276360
0.272109
0.267871
0.263645
0.259435
0.255240
0.251064
0.246906
0.242769
0.238653
0.234560
0.230491
0.226447
0.222430
0.218440
0.214479
0.210548
0.206648
0.202779
0.198943
0.195140
0.191372
0.187639
0.183942
0.180282
0.176659
0.173075
0.169529
0.166023
0.162557
0.159131
0.155747
0.152404
0.149103
0.145844
0.142628
0.139455
0.136325
0.133239
0.130197
0.127198
0.124244
0.121334
0.118469
0.115648
0.112872
0.110140
0.107453
0.104811
0.102213
0.099660
0.097151
0.094686
0.092265
0.089888
0.087555
0.085266
0.083019
0.080816
0.078656
0.076538
0.074462
0.072428
0.070435
0.068483
0.066573
0.064702
0.062872
0.061081
0.059329
0.057616
0.055942
0.054305
0.052705
0.051143
0.049616
0.048126
0.046671
0.045251
0.043866
0.042514
0.041196
0.039911
0.038658
0.037437
0.036247
0.035088
0.033959
0.032860
0.031791
0.030749
0.029737
0.028751
0.027793
0.026861
0.025956
0.025076
0.024220
0.023390
0.022583
0.021800
0.021040
0.020302
0.019586
0.018892
0.018218
0.017565
0.016933
0.016319
0.015725
0.015149
0.014592
0.014052
0.013529
0.013024
0.012534
0.012061
0.011603
0.011161
0.010733
0.010319
0.009920
0.009533
0.009161
0.008801
0.008453
0.008118
0.007794
0.007482
0.007180
0.006890
0.006610
0.006340
0.006080
0.005829
0.005588
0.005355
0.005131
0.004916
0.004709
0.004509
0.004317
0.004133
0.003955
0.003785
0.003621
0.003463
0.003312
0.003166
0.003027
0.002893
0.002764
0.002641
0.002522
0.002408
0.002300
0.002195
0.002095
0.001999
0.001907
0.001819
0.001735
0.001654
0.001576
0.001502
0.001432
0.001364
0.001299
0.001237
0.001178
0.001121
0.001067
0.001015
0.000966
0.000919
0.000874
0.000831
0.000790
0.000750
0.000713
0.000677
0.000643
0.000611
0.000580
0.000551
0.000523
0.000496
0.000470
0.000446
0.000423
0.000401
0.000380
0.000360
0.000341
0.000323
0.000306
0.000290
0.000275
0.000260
0.000246
0.000233
0.000220
0.000208
0.000197
0.000186
0.000176
0.000166
0.000157
0.000149
0.000140
0.000132
0.000125
0.000118
0.000111
0.000105
0.000099
0.000094
0.000088
0.000083
0.000078
0.000074
0.000070
0.000066
0.000062
0.000058
0.000055
0.000052
0.000049
0.000046
0.000043
0.000040
0.000038
0.000036
0.000034
0.000032
0.000030
0.000028
0.000026
0.000025
0.000023
0.000022
0.000020
0.000019
0.000018
0.000017
0.000016
0.000015
0.000014
0.000013
0.000012
0.000011
0.000011
0.000010
0.000009
0.000009
0.000008
0.000008
0.000007
0.000007
0.000006
0.000006
0.000005
0.000005
0.000005
0.000004
0.000004
0.000004
0.000004
0.000003
0.000003
0.000003
0.000003
0.000003
0.000002
0.000002
0.000002
0.000002
0.000002
0.000002
0.000002
0.000001
0.000001
0.000001
0.000001
0.000001
0.000001
0.000001
0.000001
0.000001
0.000001
0.000001
0.000001
0.000001
0.000001
0.000001
0.000000
0.000000
0.000000
0.000000
0.000000
0.000000
0.000000
0.000000
0.000000
0.000000
0.000000
0.000000
0.000000
0.000000
0.000000
0.000000
0.000000
0.000000
0.000000
0.000000
0.000000
0.000000
0.000000
0.000000
0.000000
0.000000
0.000000
0.000000
0.000000
0.000000
0.000000
0.000000
0.000000
0.000000
0.000000
0.000000
0.000000
0.000000
0.000000
0.000000
0.000000
0.000000
0.000000
0.000000
0.000000
0.000000
0.000000
0.000000
0.000000
0.000000
0.000000
0.000000
0.000000
0.000000
0.000000
0.000000
0.000000
0.000000
0.000000
0.000000
0.000000
0.000000
0.000000
0.000000
0.000000
0.000000
0.000000
0.000000
0.000000
0.000000
0.000000
0.000000
0.000000
0.000000
0.000000
0.000000
0.000000
0.000000
0.000000
0.000000
0.000000
0.000000
0.000000
0.000000
0.000000
0.000000
0.000000
0.000000
0.000000
0.000000
0.000000
0.000000
0.000000
0.000000
0.000000
0.000000
0.000000
0.000000
0.000000
0.000000
0.000000
0.000000
0.000000
0.000000
0.000000
0.000000
0.000000
0.000000
0.000000
0.000000
0.000000
0.000000
0.000000
0.000000
0.000000
0.000000
0.000000
0.000000
0.000000
0.000000
0.000000
0.000000
0.000000
0.000000
0.000000
0.000000
0.000000
0.000000
0.000000
0.000000
0.000000
0.000000
0.000000
0.000000
0.000000
0.000000
0.000000
0.000000
0.000000
0.000000
0.000000
0.000000
0.000000
0.000000
0.000000
0.000000
0.000000
0.000000
0.000000
0.000000
0.000000
0.000000
0.000000
0.000000
0.000000
0.000000
0.000000
0.000000
0.000000
0.000000
0.000000
0.000000
0.000000
0.000000
0.000000
0.000000
0.000000
0.000000
0.000000
0.000000
0.000000
0.000000
