0.003661
0.007322
0.010986
0.014651
0.018320
0.021993
0.025671
0.029355
0.033045
0.036742
0.040447
0.044160
0.047884
0.051617
0.055362
0.059117
0.062886
0.066666
0.070461
0.074269
0.078092
0.081930
0.085784
0.089654
0.093540
0.097444
0.101364
0.105304
0.109260
0.113237
0.117230
0.121244
0.125276
0.129327
0.133399
0.137488
0.141600
0.145728
0.149879
0.154046
0.158234
0.162443
0.166667
0.170915
0.175176
0.179460
0.183759
0.188075
0.192411
0.196758
0.201127
0.205507
0.209903
0.214315
0.218735
0.223174
0.227619
0.232078
0.236548
0.241022
0.245511
0.250002
0.254499
0.259006
0.263509
0.268021
0.272533
0.277041
0.281555
0.286060
0.290563
0.295066
0.299553
0.304038
0.308515
0.312974
0.317428
0.321864
0.326281
0.330689
0.335073
0.339433
0.343780
0.348094
0.352383
0.356652
0.360884
0.365085
0.369262
0.373396
0.377492
0.381560
0.385580
0.389556
0.393498
0.397389
0.401227
0.405027
0.408774
0.412458
0.416097
0.419685
0.423202
0.426663
0.430073
0.433413
0.436680
0.439892
0.443039
0.446104
0.449098
0.452033
0.454888
0.457656
0.460354
0.462984
0.465525
0.467974
0.470350
0.472652
0.474860
0.476969
0.478999
0.480953
0.482810
0.484563
0.486226
0.487811
0.489305
0.490691
0.491972
0.493166
0.494277
0.495291
0.496192
0.496986
0.497687
0.498305
0.498829
0.499243
0.499541
0.499735
0.499837
0.499854
0.499778
0.499598
0.499304
0.498898
0.498385
0.497779
0.497083
0.496303
0.495435
0.494475
0.493419
0.492263
0.491007
0.489651
0.488197
0.486649
0.485005
0.483270
0.481444
0.479529
0.477526
0.475436
0.473261
0.471002
0.468661
0.466239
0.463737
0.461157
0.458500
0.455768
0.452963
0.450086
0.447138
0.444121
0.441037
0.437887
0.434674
0.431401
0.428067
0.424674
0.421226
0.417722
0.414167
0.410561
0.406906
0.403205
0.399459
0.395670
0.391841
0.387973
0.384070
0.380130
0.376158
0.372156
0.368125
0.364067
0.359985
0.355880
0.351755
0.347611
0.343451
0.339276
0.335088
0.330890
0.326683
0.322468
0.318249
0.314027
0.309804
0.305582
0.301362
0.297148
0.292938
0.288738
0.284547
0.280367
0.276201
0.272050
0.267916
0.263800
0.259703
0.255629
0.251577
0.247549
0.243548
0.239575
0.235631
0.231716
0.227834
0.223985
0.220169
0.216391
0.212648
0.208944
0.205278
0.201654
0.198072
0.194533
0.191037
0.187586
0.184180
0.180822
0.177511
0.174251
0.171039
0.167878
0.164768
0.161710
0.158705
0.155756
0.152859
0.150017
0.147231
0.144502
0.141830
0.139216
0.136660
0.134164
0.131726
0.129348
0.127030
0.124773
0.122578
0.120444
0.118372
0.116363
0.114417
0.112532
0.110713
0.108957
0.107265
0.105638
0.104075
0.102576
0.101143
0.099775
0.098473
0.097237
0.096066
0.094961
0.093922
0.092951
0.092045
0.091206
0.090434
0.089729
0.089090
0.088518
0.088013
0.087576
0.087206
0.086903
0.086667
0.086498
0.086397
0.086364
0.086397
0.086498
0.086666
0.086902
0.087205
0.087574
0.088011
0.088516
0.089087
0.089726
0.090432
0.091204
0.092043
0.092949
0.093920
0.094959
0.096063
0.097234
0.098471
0.099773
0.101140
0.102573
0.104072
0.105635
0.107263
0.108955
0.110711
0.112531
0.114414
0.116361
0.118370
0.120442
0.122575
0.124771
0.127027
0.129344
0.131723
0.134161
0.136657
0.139214
0.141828
0.144499
0.147227
0.150013
0.152854
0.155751
0.158701
0.161706
0.164763
0.167873
0.171034
0.174246
0.177506
0.180816
0.184174
0.187579
0.191030
0.194525
0.198066
0.201648
0.205272
0.208937
0.212640
0.216383
0.220163
0.223978
0.227827
0.231709
0.235623
0.239568
0.243542
0.247543
0.251570
0.255622
0.259697
0.263793
0.267909
0.272044
0.276195
0.280361
0.284540
0.288731
0.292931
0.297141
0.301356
0.305575
0.309797
0.314019
0.318241
0.322460
0.326674
0.330881
0.335080
0.339267
0.343442
0.347603
0.351747
0.355873
0.359977
0.364060
0.368118
0.372148
0.376151
0.380123
0.384062
0.387966
0.391834
0.395663
0.399451
0.403198
0.406898
0.410553
0.414159
0.417715
0.421218
0.424667
0.428059
0.431394
0.434669
0.437881
0.441031
0.444115
0.447132
0.450080
0.452958
0.455764
0.458496
0.461154
0.463734
0.466236
0.468658
0.470999
0.473257
0.475432
0.477522
0.479526
0.481441
0.483269
0.485006
0.486653
0.488208
0.489670
0.491039
0.492313
0.493493
0.494576
0.495563
0.496452
0.497245
0.497938
0.498533
0.499029
0.499426
0.499723
0.499921
0.500019
0.500017
0.499915
0.499713
0.499412
0.499012
0.498511
0.497911
0.497214
0.496418
0.495524
0.494532
0.493444
0.492260
0.490981
0.489607
0.488140
0.486579
0.484926
0.483183
0.481350
0.479427
0.477417
0.475321
0.473139
0.470873
0.468523
0.466092
0.463582
0.460992
0.458326
0.455584
0.452767
0.449878
0.446918
0.443889
0.440793
0.437630
0.434404
0.431115
0.427765
0.424356
0.420890
0.417369
0.413795
0.410170
0.406495
0.402773
0.399004
0.395192
0.391338
0.387444
0.383512
0.379544
0.375543
0.371508
0.367444
0.363352
0.359233
0.355090
0.350925
0.346739
0.342534
0.338313
0.334077
0.329828
0.325568
0.321299
0.317023
0.312740
0.308454
0.304166
0.299877
0.295590
0.291306
0.287027
0.282754
0.278489
0.274233
0.269989
0.265756
0.261538
0.257336
0.253150
0.248982
0.244835
0.240708
0.236603
0.232522
0.228465
0.224435
0.220431
0.216456
0.212510
0.208594
0.204709
0.200857
0.197038
0.193252
0.189501
0.185786
0.182107
0.178466
0.174862
0.171297
0.167771
0.164285
0.160839
0.157434
0.154070
0.150748
0.147468
0.144231
0.141036
0.137885
0.134777
0.131712
0.128692
0.125716
0.122783
0.119896
0.117053
0.114254
0.111501
0.108791
0.106127
0.103507
0.100931
0.098400
0.095913
0.093470
0.091071
0.088716
0.086405
0.084137
0.081912
0.079731
0.077591
0.075494
0.073439
0.071426
0.069454
0.067523
0.065632
0.063782
0.061972
0.060200
0.058468
0.056774
0.055118
0.053500
0.051919
0.050375
0.048867
0.047394
0.045957
0.044554
0.043186
0.041851
0.040549
0.039280
0.038043
0.036838
0.035664
0.034520
0.033406
0.032322
0.031266
0.030240
0.029240
0.028269
0.027324
0.026405
0.025512
0.024645
0.023802
0.022984
0.022189
0.021417
0.020668
0.019941
0.019236
0.018552
0.017889
0.017247
0.016623
0.016020
0.015435
0.014868
0.014320
0.013789
0.013274
0.012777
0.012296
0.011830
0.011380
0.010945
0.010524
0.010118
0.009725
0.009345
0.008979
0.008625
0.008284
0.007954
0.007636
0.007330
0.007034
0.006749
0.006474
0.006209
0.005953
0.005707
0.005470
0.005242
0.005023
0.004811
0.004608
0.004412
0.004224
0.004043
0.003869
0.003702
0.003541
0.003387
0.003238
0.003096
0.002959
0.002828
0.002702
0.002581
0.002465
0.002353
0.002247
0.002144
0.002046
0.001953
0.001862
0.001776
0.001694
0.001615
0.001539
0.001467
0.001397
0.001331
0.001268
0.001207
0.001149
0.001094
0.001041
0.000990
0.000942
0.000896
0.000852
0.000810
0.000770
0.000731
0.000695
0.000660
0.000627
0.000595
0.000565
0.000536
0.000509
0.000483
0.000458
0.000434
0.000412
0.000391
0.000370
0.000351
0.000332
0.000315
0.000298
0.000282
0.000267
0.000253
0.000239
0.000226
0.000214
0.000203
0.000192
0.000181
0.000171
0.000162
0.000153
0.000144
0.000136
0.000129
0.000122
0.000115
0.000108
0.000102
0.000096
0.000091
0.000086
0.000081
0.000076
0.000072
0.000068
0.000064
0.000060
0.000056
0.000053
0.000050
0.000047
0.000044
0.000042
0.000039
0.000037
0.000035
0.000033
0.000031
0.000029
0.000027
0.000025
0.000024
0.000022
0.000021
0.000020
0.000018
0.000017
0.000016
0.000015
0.000014
0.000013
0.000013
0.000012
0.000011
0.000010
0.000010
0.000009
0.000008
0.000008
0.000007
0.000007
0.000006
0.000006
0.000006
0.000005
0.000005
0.000005
0.000004
0.000004
0.000004
0.000004
0.000003
0.000003
0.000003
0.000003
0.000002
0.000002
0.000002
0.000002
0.000002
0.000002
0.000002
0.000002
0.000001
0.000001
0.000001
0.000001
0.000001
0.000001
0.000001
0.000001
0.000001
0.000001
0.000001
0.000001
0.000001
0.000001
0.000001
0.000000
0.000000
0.000000
0.000000
0.000000
0.000000
0.000000
0.000000
0.000000
0.000000
0.000000
0.000000
0.000000
0.000000
0.000000
0.000000
0.000000
0.000000
0.000000
0.000000
0.000000
0.000000
0.000000
0.000000
0.000000
0.000000
0.000000
0.000000
0.000000
0.000000
0.000000
0.000000
0.000000
0.000000
0.000000
0.000000
0.000000
0.000000
0.000000
0.000000
0.000000
0.000000
0.000000
0.000000
0.000000
0.000000
0.000000
0.000000
0.000000
0.000000
0.000000
0.000000
0.000000
0.000000
0.000000
0.000000
0.000000
0.000000
0.000000
0.000000
0.000000
0.000000
0.000000
0.000000
0.000000
0.000000
0.000000
0.000000
0.000000
0.000000
0.000000
0.000000
0.000000
0.000000
0.000000
0.000000
0.000000
0.000000
0.000000
0.000000
0.000000
0.000000
0.000000
0.000000
0.000000
0.000000
0.000000
0.000000
0.000000
0.000000
0.000000
0.000000
0.000000
0.000000
0.000000
0.000000
0.000000
0.000000
0.000000
0.000000
0.000000
0.000000
0.000000
0.000000
0.000000
0.000000
0.000000
0.000000
0.000000
0.000000
0.000000
0.000000
0.000000
0.000000
0.000000
0.000000
0.000000
0.000000
0.000000
0.000000
0.000000
0.000000
0.000000
0.000000
0.000000
0.000000
0.000000
0.000000
0.000000
0.000000
0.000000
0.000000
0.000000
0.000000
0.000000
0.000000
0.000000
0.000000
0.000000
0.000000
0.000000
0.000000
0.000000
0.000000
0.000000
0.000000
0.000000
0.000000
0.000000
0.000000
0.000000
0.000000
0.000000
0.000000
0.000000
0.000000
0.000000
0.000000
0.000000
0.000000
0.000000
0.000000
0.000000
0.000000
0.000000
0.000000
0.000000
0.000000
0.000000
0.000000
0.000000
