0.003701
0.007402
0.011105
0.014811
0.018520
0.022232
0.025950
0.029672
0.033402
0.037138
0.040883
0.044635
0.048398
0.052170
0.055953
0.059747
0.063553
0.067372
0.071204
0.075050
0.078910
0.082786
0.086675
0.090582
0.094504
0.098445
0.102400
0.106375
0.110366
0.114376
0.118404
0.122450
0.126517
0.130599
0.134704
0.138825
0.142967
0.147127
0.151307
0.155506
0.159721
0.163960
0.168212
0.172486
0.176776
0.181083
0.185411
0.189750
0.194111
0.198482
0.202872
0.207277
0.211692
0.216126
0.220566
0.225022
0.229489
0.233962
0.238451
0.242941
0.247442
0.251951
0.256459
0.260978
0.265496
0.270014
0.274539
0.279055
0.283575
0.288091
0.292597
0.297104
0.301599
0.306083
0.310564
0.315025
0.319475
0.323914
0.328328
0.332730
0.337114
0.341467
0.345805
0.350117
0.354395
0.358653
0.362879
0.367065
0.371228
0.375353
0.379432
0.383482
0.387490
0.391446
0.395366
0.399242
0.403059
0.406831
0.410559
0.414222
0.417830
0.421393
0.424889
0.428318
0.431695
0.435011
0.438248
0.441423
0.444538
0.447575
0.450532
0.453427
0.456251
0.458986
0.461641
0.464229
0.466737
0.469149
0.471478
0.473736
0.475908
0.477978
0.479959
0.481864
0.483683
0.485396
0.487010
0.488542
0.489991
0.491338
0.492574
0.493714
0.494772
0.495740
0.496600
0.497348
0.497995
0.498556
0.499030
0.499400
0.499656
0.499801
0.499848
0.499807
0.499678
0.499452
0.499116
0.498666
0.498106
0.497446
0.496696
0.495860
0.494939
0.493929
0.492825
0.491623
0.490322
0.488922
0.487424
0.485830
0.484142
0.482362
0.480491
0.478532
0.476486
0.474353
0.472135
0.469835
0.467453
0.464990
0.462448
0.459829
0.457134
0.454365
0.451523
0.448610
0.445627
0.442575
0.439458
0.436276
0.433031
0.429727
0.426362
0.422941
0.419464
0.415933
0.412351
0.408720
0.405040
0.401316
0.397547
0.393736
0.389886
0.385999
0.382076
0.378119
0.374130
0.370111
0.366065
0.361993
0.357898
0.353781
0.349644
0.345490
0.341320
0.337136
0.332941
0.328735
0.324522
0.320303
0.316079
0.311853
0.307628
0.303404
0.299184
0.294968
0.290760
0.286560
0.282371
0.278195
0.274031
0.269884
0.265756
0.261644
0.257554
0.253486
0.249442
0.245422
0.241429
0.237466
0.233530
0.229626
0.225753
0.221915
0.218111
0.214345
0.210614
0.206922
0.203270
0.199658
0.196090
0.192564
0.189082
0.185645
0.182254
0.178910
0.175615
0.172369
0.169172
0.166026
0.162932
0.159889
0.156900
0.153965
0.151083
0.148257
0.145487
0.142773
0.140116
0.137517
0.134977
0.132495
0.130072
0.127708
0.125405
0.123162
0.120981
0.118861
0.116802
0.114806
0.112873
0.111001
0.109194
0.107450
0.105770
0.104154
0.102602
0.101114
0.099691
0.098333
0.097040
0.095813
0.094650
0.093553
0.092523
0.091558
0.090659
0.089826
0.089060
0.088360
0.087726
0.087159
0.086658
0.086224
0.085856
0.085555
0.085321
0.085154
0.085054
0.085021
0.085054
0.085153
0.085321
0.085554
0.085855
0.086222
0.086655
0.087156
0.087724
0.088357
0.089058
0.089824
0.090657
0.091556
0.092520
0.093551
0.094647
0.095809
0.097038
0.098330
0.099688
0.101111
0.102599
0.104151
0.105768
0.107448
0.109193
0.111000
0.112870
0.114805
0.116800
0.118858
0.120978
0.123160
0.125402
0.127705
0.130069
0.132492
0.134974
0.137514
0.140114
0.142770
0.145483
0.148253
0.151080
0.153960
0.156896
0.159885
0.162927
0.166021
0.169167
0.172364
0.175610
0.178905
0.182248
0.185638
0.189075
0.192557
0.196083
0.199652
0.203263
0.206915
0.210606
0.214337
0.218104
0.221908
0.225747
0.229618
0.233523
0.237459
0.241423
0.245416
0.249434
0.253479
0.257548
0.261638
0.265748
0.269879
0.274026
0.278188
0.282365
0.286554
0.290753
0.294961
0.299177
0.303397
0.307621
0.311846
0.316071
0.320294
0.324513
0.328726
0.332932
0.337128
0.341311
0.345482
0.349636
0.353773
0.357890
0.361986
0.366058
0.370104
0.374123
0.378111
0.382068
0.385992
0.389880
0.393730
0.397539
0.401308
0.405033
0.408712
0.412343
0.415925
0.419456
0.422933
0.426354
0.429719
0.433025
0.436270
0.439452
0.442569
0.445621
0.448604
0.451518
0.454360
0.457130
0.459826
0.462445
0.464987
0.467450
0.469832
0.472132
0.474349
0.476482
0.478529
0.480489
0.482361
0.484144
0.485836
0.487438
0.488947
0.490363
0.491684
0.492912
0.494043
0.495079
0.496017
0.496858
0.497601
0.498246
0.498791
0.499238
0.499585
0.499833
0.499981
0.500029
0.499977
0.499825
0.499574
0.499223
0.498773
0.498222
0.497574
0.496827
0.495982
0.495039
0.493999
0.492864
0.491632
0.490305
0.488885
0.487370
0.485763
0.484065
0.482277
0.480399
0.478433
0.476379
0.474240
0.472016
0.469708
0.467317
0.464846
0.462296
0.459668
0.456964
0.454184
0.451331
0.448406
0.445412
0.442349
0.439219
0.436025
0.432767
0.429447
0.426068
0.422630
0.419136
0.415589
0.411989
0.408339
0.404640
0.400894
0.397104
0.393270
0.389395
0.385482
0.381532
0.377548
0.373529
0.369480
0.365401
0.361295
0.357164
0.353010
0.348834
0.344639
0.340426
0.336197
0.331954
0.327699
0.323435
0.319162
0.314882
0.310598
0.306310
0.302022
0.297733
0.293447
0.289165
0.284889
0.280620
0.276359
0.272109
0.267871
0.263645
0.259435
0.255240
0.251064
0.246906
0.242768
0.238652
0.234559
0.230490
0.226447
0.222430
0.218440
0.214479
0.210548
0.206648
0.202779
0.198943
0.195140
0.191372
0.187639
0.183942
0.180282
0.176659
0.173075
0.169529
0.166023
0.162557
0.159131
0.155747
0.152404
0.149103
0.145844
0.142628
0.139455
0.136325
0.133239
0.130197
0.127198
0.124244
0.121334
0.118469
0.115648
0.112872
0.110140
0.107453
0.104811
0.102213
0.099660
0.097151
0.094686
0.092265
0.089888
0.087555
0.085266
0.083019
0.080816
0.078656
0.076538
0.074462
0.072428
0.070435
0.068483
0.066573
0.064702
0.062872
0.061081
0.059329
0.057616
0.055942
0.054305
0.052705
0.051143
0.049616
0.048126
0.046671
0.045251
0.043866
0.042514
0.041196
0.039911
0.038658
0.037437
0.036247
0.035088
0.033959
0.032860
0.031791
0.030749
0.029737
0.028751
0.027793
0.026861
0.025956
0.025076
0.024220
0.023390
0.022583
0.021800
0.021040
0.020302
0.019586
0.018892
0.018218
0.017565
0.016933
0.016319
0.015725
0.015149
0.014592
0.014052
0.013529
0.013024
0.012534
0.012061
0.011603
0.011161
0.010733
0.010319
0.009920
0.009534
0.009161
0.008801
0.008453
0.008118
0.007794
0.007482
0.007180
0.006890
0.006610
0.006340
0.006080
0.005829
0.005588
0.005355
0.005131
0.004916
0.004709
0.004509
0.004317
0.004133
0.003955
0.003785
0.003621
0.003463
0.003312
0.003166
0.003027
0.002893
0.002764
0.002641
0.002522
0.002409
0.002300
0.002195
0.002095
0.001999
0.001907
0.001819
0.001735
0.001654
0.001576
0.001502
0.001432
0.001364
0.001299
0.001237
0.001178
0.001121
0.001067
0.001015
0.000966
0.000919
0.000874
0.000831
0.000790
0.000750
0.000713
0.000677
0.000643
0.000611
0.000580
0.000551
0.000523
0.000496
0.000470
0.000446
0.000423
0.000401
0.000380
0.000360
0.000341
0.000323
0.000306
0.000290
0.000275
0.000260
0.000246
0.000233
0.000220
0.000208
0.000197
0.000186
0.000176
0.000166
0.000157
0.000149
0.000140
0.000132
0.000125
0.000118
0.000111
0.000105
0.000099
0.000094
0.000088
0.000083
0.000078
0.000074
0.000070
0.000066
0.000062
0.000058
0.000055
0.000052
0.000049
0.000046
0.000043
0.000040
0.000038
0.000036
0.000034
0.000032
0.000030
0.000028
0.000026
0.000025
0.000023
0.000022
0.000020
0.000019
0.000018
0.000017
0.000016
0.000015
0.000014
0.000013
0.000012
0.000011
0.000011
0.000010
0.000009
0.000009
0.000008
0.000008
0.000007
0.000007
0.000006
0.000006
0.000005
0.000005
0.000005
0.000004
0.000004
0.000004
0.000004
0.000003
0.000003
0.000003
0.000003
0.000003
0.000002
0.000002
0.000002
0.000002
0.000002
0.000002
0.000002
0.000001
0.000001
0.000001
0.000001
0.000001
0.000001
0.000001
0.000001
0.000001
0.000001
0.000001
0.000001
0.000001
0.000001
0.000001
0.000000
0.000000
0.000000
0.000000
0.000000
0.000000
0.000000
0.000000
0.000000
0.000000
0.000000
0.000000
0.000000
0.000000
0.000000
0.000000
0.000000
0.000000
0.000000
0.000000
0.000000
0.000000
0.000000
0.000000
0.000000
0.000000
0.000000
0.000000
0.000000
0.000000
0.000000
0.000000
0.000000
0.000000
0.000000
0.000000
0.000000
0.000000
0.000000
0.000000
0.000000
0.000000
0.000000
0.000000
0.000000
0.000000
0.000000
0.000000
0.000000
0.000000
0.000000
0.000000
0.000000
0.000000
0.000000
0.000000
0.000000
0.000000
0.000000
0.000000
0.000000
0.000000
0.000000
0.000000
0.000000
0.000000
0.000000
0.000000
0.000000
0.000000
0.000000
0.000000
0.000000
0.000000
0.000000
0.000000
0.000000
0.000000
0.000000
0.000000
0.000000
0.000000
0.000000
0.000000
0.000000
0.000000
0.000000
0.000000
0.000000
0.000000
0.000000
0.000000
0.000000
0.000000
0.000000
0.000000
0.000000
0.000000
0.000000
0.000000
0.000000
0.000000
0.000000
0.000000
0.000000
0.000000
0.000000
0.000000
0.000000
0.000000
0.000000
0.000000
0.000000
0.000000
0.000000
0.000000
0.000000
0.000000
0.000000
0.000000
0.000000
0.000000
0.000000
0.000000
0.000000
0.000000
0.000000
0.000000
0.000000
0.000000
0.000000
0.000000
0.000000
0.000000
0.000000
0.000000
0.000000
0.000000
0.000000
0.000000
0.000000
0.000000
0.000000
0.000000
0.000000
0.000000
0.000000
0.000000
0.000000
0.000000
0.000000
0.000000
0.000000
0.000000
0.000000
0.000000
0.000000
0.000000
0.000000
0.000000
0.000000
0.000000
0.000000
0.000000
0.000000
0.000000
0.000000
0.000000
0.000000
0.000000
0.000000
