0.003741
0.007482
0.011226
0.014971
0.018720
0.022472
0.026230
0.029992
0.033761
0.037537
0.041321
0.045113
0.048914
0.052725
0.056547
0.060380
0.064224
0.068082
0.071950
0.075835
0.079731
0.083645
0.087571
0.091515
0.095473
0.099448
0.103440
0.107449
0.111476
0.115519
0.119583
0.123661
0.127762
0.131877
0.136013
0.140167
0.144339
0.148532
0.152740
0.156970
0.161214
0.165480
0.169762
0.174061
0.178380
0.182712
0.187065
0.191430
0.195813
0.200211
0.204621
0.209049
0.213485
0.217938
0.222401
0.226873
0.231360
0.235850
0.240354
0.244863
0.249376
0.253900
0.258422
0.262950
0.267483
0.272009
0.276543
0.281071
0.285594
0.290119
0.294631
0.299140
0.303642
0.308127
0.312608
0.317073
0.321519
0.325958
0.330373
0.334766
0.339148
0.343497
0.347824
0.352131
0.356402
0.360645
0.364864
0.369040
0.373185
0.377299
0.381365
0.385393
0.389387
0.393327
0.397222
0.401079
0.404879
0.408624
0.412328
0.415972
0.419552
0.423084
0.426559
0.429960
0.433302
0.436590
0.439801
0.442938
0.446018
0.449027
0.451951
0.454803
0.457591
0.460296
0.462911
0.465454
0.467925
0.470303
0.472588
0.474799
0.476931
0.478965
0.480900
0.482754
0.484529
0.486205
0.487774
0.489253
0.490652
0.491957
0.493152
0.494242
0.495244
0.496161
0.496979
0.497684
0.498281
0.498786
0.499205
0.499529
0.499743
0.499842
0.499836
0.499738
0.499555
0.499280
0.498900
0.498407
0.497801
0.497091
0.496287
0.495396
0.494421
0.493359
0.492206
0.490959
0.489613
0.488168
0.486626
0.484988
0.483256
0.481431
0.479517
0.477514
0.475424
0.473249
0.470989
0.468647
0.466225
0.463722
0.461140
0.458483
0.455750
0.452944
0.450066
0.447116
0.444098
0.441013
0.437863
0.434648
0.431373
0.428038
0.424643
0.421193
0.417688
0.414131
0.410523
0.406867
0.403163
0.399415
0.395624
0.391793
0.387922
0.384016
0.380074
0.376099
0.372094
0.368060
0.363999
0.359913
0.355805
0.351677
0.347529
0.343365
0.339185
0.334994
0.330791
0.326579
0.322360
0.318136
0.313908
0.309680
0.305452
0.301227
0.297006
0.292791
0.288583
0.284385
0.280199
0.276025
0.271866
0.267724
0.263600
0.259494
0.255411
0.251349
0.247313
0.243301
0.239318
0.235363
0.231437
0.227543
0.223682
0.219855
0.216063
0.212307
0.208589
0.204910
0.201271
0.197673
0.194118
0.190606
0.187138
0.183715
0.180340
0.177011
0.173731
0.170499
0.167318
0.164188
0.161108
0.158081
0.155108
0.152188
0.149322
0.146511
0.143757
0.141059
0.138417
0.135833
0.133308
0.130841
0.128432
0.126084
0.123795
0.121566
0.119399
0.117293
0.115248
0.113265
0.111344
0.109486
0.107691
0.105959
0.104291
0.102686
0.101145
0.099668
0.098255
0.096907
0.095623
0.094405
0.093251
0.092162
0.091140
0.090182
0.089289
0.088463
0.087702
0.087008
0.086379
0.085816
0.085319
0.084888
0.084524
0.084225
0.083993
0.083827
0.083728
0.083694
0.083727
0.083826
0.083992
0.084224
0.084522
0.084886
0.085316
0.085813
0.086377
0.087005
0.087700
0.088461
0.089288
0.090180
0.091137
0.092160
0.093248
0.094402
0.095620
0.096904
0.098252
0.099665
0.101142
0.102683
0.104289
0.105958
0.107690
0.109485
0.111342
0.113263
0.115245
0.117290
0.119396
0.121564
0.123792
0.126080
0.128429
0.130838
0.133305
0.135830
0.138414
0.141055
0.143753
0.146508
0.149318
0.152183
0.155103
0.158077
0.161104
0.164182
0.167313
0.170494
0.173725
0.177005
0.180334
0.183709
0.187131
0.190599
0.194111
0.197667
0.201264
0.204903
0.208582
0.212300
0.216055
0.219848
0.223675
0.227536
0.231430
0.235356
0.239311
0.243295
0.247306
0.251343
0.255404
0.259488
0.263592
0.267717
0.271860
0.276019
0.280192
0.284379
0.288576
0.292783
0.296999
0.301220
0.305445
0.309672
0.313901
0.318128
0.322351
0.326570
0.330782
0.334985
0.339177
0.343357
0.347521
0.351669
0.355798
0.359906
0.363992
0.368052
0.372087
0.376092
0.380067
0.384009
0.387916
0.391786
0.395617
0.399408
0.403157
0.406859
0.410515
0.414123
0.417681
0.421185
0.424636
0.428030
0.431366
0.434642
0.437856
0.441007
0.444093
0.447110
0.450060
0.452938
0.455745
0.458479
0.461137
0.463719
0.466221
0.468645
0.470986
0.473245
0.475421
0.477510
0.479515
0.481431
0.483259
0.484997
0.486644
0.488200
0.489663
0.491032
0.492307
0.493486
0.494570
0.495557
0.496447
0.497239
0.497933
0.498529
0.499025
0.499422
0.499720
0.499918
0.500016
0.500014
0.499912
0.499711
0.499410
0.499009
0.498509
0.497909
0.497211
0.496416
0.495522
0.494530
0.493443
0.492259
0.490980
0.489606
0.488139
0.486578
0.484925
0.483182
0.481349
0.479426
0.477416
0.475320
0.473138
0.470872
0.468522
0.466092
0.463581
0.460992
0.458325
0.455583
0.452767
0.449877
0.446917
0.443889
0.440792
0.437630
0.434403
0.431114
0.427765
0.424356
0.420890
0.417369
0.413795
0.410170
0.406495
0.402772
0.399004
0.395192
0.391337
0.387443
0.383512
0.379544
0.375543
0.371508
0.367444
0.363352
0.359233
0.355090
0.350925
0.346739
0.342534
0.338313
0.334077
0.329828
0.325568
0.321299
0.317022
0.312740
0.308454
0.304166
0.299877
0.295590
0.291306
0.287026
0.282754
0.278489
0.274233
0.269988
0.265756
0.261538
0.257335
0.253150
0.248982
0.244835
0.240708
0.236603
0.232522
0.228465
0.224435
0.220431
0.216456
0.212510
0.208594
0.204709
0.200857
0.197037
0.193252
0.189501
0.185786
0.182107
0.178466
0.174862
0.171297
0.167771
0.164285
0.160839
0.157434
0.154070
0.150748
0.147468
0.144231
0.141036
0.137885
0.134777
0.131712
0.128692
0.125716
0.122783
0.119896
0.117053
0.114254
0.111501
0.108791
0.106127
0.103507
0.100931
0.098400
0.095913
0.093470
0.091071
0.088716
0.086405
0.084137
0.081912
0.079731
0.077591
0.075494
0.073439
0.071426
0.069454
0.067523
0.065632
0.063782
0.061972
0.060200
0.058468
0.056774
0.055119
0.053500
0.051919
0.050375
0.048867
0.047394
0.045957
0.044554
0.043186
0.041851
0.040549
0.039280
0.038043
0.036838
0.035664
0.034520
0.033406
0.032322
0.031266
0.030240
0.029240
0.028269
0.027324
0.026405
0.025512
0.024645
0.023802
0.022984
0.022189
0.021417
0.020668
0.019941
0.019236
0.018552
0.017889
0.017247
0.016623
0.016020
0.015435
0.014868
0.014320
0.013789
0.013274
0.012777
0.012296
0.011830
0.011380
0.010945
0.010524
0.010118
0.009725
0.009345
0.008979
0.008625
0.008284
0.007954
0.007636
0.007330
0.007034
0.006749
0.006474
0.006209
0.005953
0.005707
0.005470
0.005242
0.005023
0.004811
0.004608
0.004412
0.004224
0.004043
0.003869
0.003702
0.003541
0.003387
0.003238
0.003096
0.002959
0.002828
0.002702
0.002581
0.002465
0.002353
0.002247
0.002144
0.002046
0.001953
0.001863
0.001776
0.001694
0.001615
0.001539
0.001467
0.001397
0.001331
0.001268
0.001207
0.001149
0.001094
0.001041
0.000990
0.000942
0.000896
0.000852
0.000810
0.000770
0.000731
0.000695
0.000660
0.000627
0.000595
0.000565
0.000536
0.000509
0.000483
0.000458
0.000434
0.000412
0.000391
0.000370
0.000351
0.000332
0.000315
0.000298
0.000282
0.000267
0.000253
0.000239
0.000226
0.000214
0.000203
0.000192
0.000181
0.000171
0.000162
0.000153
0.000144
0.000136
0.000129
0.000122
0.000115
0.000108
0.000102
0.000096
0.000091
0.000086
0.000081
0.000076
0.000072
0.000068
0.000064
0.000060
0.000056
0.000053
0.000050
0.000047
0.000044
0.000042
0.000039
0.000037
0.000035
0.000033
0.000031
0.000029
0.000027
0.000025
0.000024
0.000022
0.000021
0.000020
0.000018
0.000017
0.000016
0.000015
0.000014
0.000013
0.000013
0.000012
0.000011
0.000010
0.000010
0.000009
0.000008
0.000008
0.000007
0.000007
0.000006
0.000006
0.000006
0.000005
0.000005
0.000005
0.000004
0.000004
0.000004
0.000004
0.000003
0.000003
0.000003
0.000003
0.000002
0.000002
0.000002
0.000002
0.000002
0.000002
0.000002
0.000002
0.000001
0.000001
0.000001
0.000001
0.000001
0.000001
0.000001
0.000001
0.000001
0.000001
0.000001
0.000001
0.000001
0.000001
0.000001
0.000000
0.000000
0.000000
0.000000
0.000000
0.000000
0.000000
0.000000
0.000000
0.000000
0.000000
0.000000
0.000000
0.000000
0.000000
0.000000
0.000000
0.000000
0.000000
0.000000
0.000000
0.000000
0.000000
0.000000
0.000000
0.000000
0.000000
0.000000
0.000000
0.000000
0.000000
0.000000
0.000000
0.000000
0.000000
0.000000
0.000000
0.000000
0.000000
0.000000
0.000000
0.000000
0.000000
0.000000
0.000000
0.000000
0.000000
0.000000
0.000000
0.000000
0.000000
0.000000
0.000000
0.000000
0.000000
0.000000
0.000000
0.000000
0.000000
0.000000
0.000000
0.000000
0.000000
0.000000
0.000000
0.000000
0.000000
0.000000
0.000000
0.000000
0.000000
0.000000
0.000000
0.000000
0.000000
0.000000
0.000000
0.000000
0.000000
0.000000
0.000000
0.000000
0.000000
0.000000
0.000000
0.000000
0.000000
0.000000
0.000000
0.000000
0.000000
0.000000
0.000000
0.000000
0.000000
0.000000
0.000000
0.000000
0.000000
0.000000
0.000000
0.000000
0.000000
0.000000
0.000000
0.000000
0.000000
0.000000
0.000000
0.000000
0.000000
0.000000
0.000000
0.000000
0.000000
0.000000
0.000000
0.000000
0.000000
0.000000
0.000000
0.000000
0.000000
0.000000
0.000000
0.000000
0.000000
0.000000
0.000000
0.000000
0.000000
0.000000
0.000000
0.000000
0.000000
0.000000
0.000000
0.000000
0.000000
0.000000
0.000000
0.000000
0.000000
0.000000
0.000000
0.000000
0.000000
0.000000
0.000000
0.000000
0.000000
0.000000
0.000000
0.000000
0.000000
0.000000
0.000000
0.000000
0.000000
0.000000
0.000000
0.000000
0.000000
0.000000
0.000000
0.000000
0.000000
0.000000
0.000000
0.000000
