0.003781
0.007563
0.011346
0.015132
0.018921
0.022713
0.026510
0.030313
0.034122
0.037938
0.041761
0.045593
0.049433
0.053283
0.057143
0.061016
0.064898
0.068794
0.072701
0.076623
0.080557
0.084507
0.088471
0.092450
0.096446
0.100456
0.104485
0.108528
0.112591
0.116668
0.120766
0.124878
0.129010
0.133160
0.137327
0.141514
0.145716
0.149940
0.154178
0.158437
0.162712
0.167004
0.171317
0.175642
0.179988
0.184346
0.188723
0.193115
0.197519
0.201943
0.206374
0.210824
0.215283
0.219753
0.224238
0.228727
0.233232
0.237742
0.242258
0.246785
0.251312
0.255848
0.260386
0.264923
0.269468
0.274006
0.278545
0.283085
0.287613
0.292144
0.296664
0.301173
0.305681
0.310170
0.314648
0.319117
0.323561
0.327995
0.332412
0.336800
0.341173
0.345522
0.349838
0.354136
0.358402
0.362631
0.366838
0.371007
0.375133
0.379233
0.383288
0.387295
0.391270
0.395197
0.399069
0.402903
0.406686
0.410407
0.414082
0.417706
0.421262
0.424761
0.428210
0.431587
0.434895
0.438149
0.441335
0.444440
0.447480
0.450457
0.453351
0.456163
0.458911
0.461583
0.464163
0.466661
0.469090
0.471434
0.473680
0.475842
0.477930
0.479927
0.481821
0.483625
0.485351
0.486987
0.488515
0.489944
0.491289
0.492548
0.493703
0.494747
0.495695
0.496558
0.497331
0.497994
0.498544
0.498994
0.499357
0.499630
0.499801
0.499857
0.499801
0.499648
0.499408
0.499081
0.498655
0.498119
0.497470
0.496712
0.495856
0.494911
0.493881
0.492766
0.491564
0.490269
0.488878
0.487390
0.485804
0.484122
0.482346
0.480478
0.478520
0.476473
0.474341
0.472123
0.469822
0.467439
0.464976
0.462434
0.459813
0.457117
0.454347
0.451505
0.448590
0.445606
0.442553
0.439434
0.436251
0.433005
0.429699
0.426334
0.422910
0.419432
0.415900
0.412316
0.408683
0.405002
0.401275
0.397504
0.393691
0.389839
0.385949
0.382024
0.378064
0.374073
0.370051
0.366002
0.361927
0.357828
0.353708
0.349568
0.345410
0.341236
0.337048
0.332848
0.328639
0.324421
0.320197
0.315969
0.311737
0.307507
0.303277
0.299051
0.294830
0.290615
0.286409
0.282213
0.278030
0.273859
0.269705
0.265568
0.261449
0.257350
0.253273
0.249219
0.245190
0.241187
0.237213
0.233268
0.229352
0.225469
0.221619
0.217803
0.214023
0.210279
0.206574
0.202908
0.199283
0.195698
0.192157
0.188659
0.185206
0.181798
0.178437
0.175123
0.171859
0.168642
0.165476
0.162362
0.159298
0.156287
0.153329
0.150424
0.147574
0.144779
0.142041
0.139358
0.136733
0.134164
0.131653
0.129201
0.126808
0.124474
0.122200
0.119986
0.117833
0.115740
0.113709
0.111740
0.109831
0.107987
0.106204
0.104484
0.102828
0.101234
0.099704
0.098238
0.096835
0.095497
0.094223
0.093013
0.091868
0.090788
0.089773
0.088822
0.087936
0.087116
0.086361
0.085672
0.085048
0.084490
0.083997
0.083569
0.083207
0.082911
0.082681
0.082516
0.082418
0.082384
0.082417
0.082515
0.082680
0.082910
0.083205
0.083567
0.083994
0.084487
0.085046
0.085670
0.086359
0.087114
0.087934
0.088820
0.089770
0.090785
0.091865
0.093011
0.094220
0.095494
0.096832
0.098235
0.099701
0.101231
0.102826
0.104482
0.106202
0.107985
0.109830
0.111737
0.113707
0.115737
0.117830
0.119983
0.122197
0.124471
0.126805
0.129198
0.131651
0.134161
0.136729
0.139355
0.142038
0.144776
0.147571
0.150420
0.153325
0.156282
0.159293
0.162356
0.165471
0.168637
0.171853
0.175118
0.178431
0.181792
0.185198
0.188652
0.192150
0.195692
0.199276
0.202901
0.206567
0.210272
0.214015
0.217795
0.221611
0.225461
0.229345
0.233260
0.237206
0.241181
0.245184
0.249212
0.253266
0.257343
0.261442
0.265561
0.269698
0.273853
0.278023
0.282206
0.286402
0.290608
0.294823
0.299044
0.303270
0.307500
0.311730
0.315961
0.320188
0.324412
0.328630
0.332841
0.337040
0.341228
0.345402
0.349560
0.353700
0.357820
0.361919
0.365994
0.370043
0.374065
0.378057
0.382017
0.385942
0.389833
0.393685
0.397497
0.401268
0.404994
0.408675
0.412308
0.415892
0.419424
0.422903
0.426326
0.429692
0.432999
0.436245
0.439429
0.442548
0.445600
0.448584
0.451499
0.454342
0.457113
0.459810
0.462431
0.464973
0.467436
0.469819
0.472120
0.474338
0.476471
0.478518
0.480479
0.482352
0.484135
0.485828
0.487430
0.488940
0.490356
0.491678
0.492905
0.494037
0.495073
0.496011
0.496853
0.497596
0.498241
0.498787
0.499234
0.499581
0.499829
0.499978
0.500026
0.499974
0.499823
0.499571
0.499221
0.498770
0.498220
0.497572
0.496825
0.495980
0.495037
0.493998
0.492862
0.491630
0.490304
0.488884
0.487369
0.485762
0.484064
0.482276
0.480398
0.478432
0.476378
0.474239
0.472015
0.469707
0.467317
0.464846
0.462296
0.459668
0.456963
0.454184
0.451331
0.448406
0.445412
0.442349
0.439219
0.436025
0.432767
0.429447
0.426067
0.422630
0.419136
0.415588
0.411989
0.408338
0.404639
0.400894
0.397103
0.393269
0.389395
0.385482
0.381532
0.377547
0.373529
0.369480
0.365401
0.361295
0.357164
0.353010
0.348834
0.344639
0.340426
0.336197
0.331954
0.327699
0.323434
0.319161
0.314882
0.310597
0.306310
0.302022
0.297733
0.293447
0.289165
0.284889
0.280620
0.276359
0.272109
0.267871
0.263645
0.259435
0.255240
0.251064
0.246906
0.242768
0.238652
0.234559
0.230490
0.226447
0.222430
0.218440
0.214479
0.210548
0.206648
0.202779
0.198943
0.195140
0.191372
0.187639
0.183942
0.180282
0.176659
0.173075
0.169529
0.166023
0.162557
0.159131
0.155747
0.152404
0.149103
0.145844
0.142628
0.139455
0.136325
0.133239
0.130197
0.127198
0.124244
0.121334
0.118469
0.115648
0.112872
0.110140
0.107453
0.104811
0.102213
0.099660
0.097151
0.094686
0.092265
0.089888
0.087555
0.085266
0.083019
0.080816
0.078656
0.076538
0.074462
0.072428
0.070435
0.068483
0.066573
0.064702
0.062872
0.061081
0.059329
0.057616
0.055942
0.054305
0.052705
0.051143
0.049616
0.048126
0.046671
0.045251
0.043866
0.042514
0.041196
0.039911
0.038658
0.037437
0.036247
0.035088
0.033959
0.032860
0.031791
0.030749
0.029737
0.028751
0.027793
0.026861
0.025956
0.025076
0.024220
0.023390
0.022583
0.021800
0.021040
0.020302
0.019586
0.018892
0.018218
0.017565
0.016933
0.016319
0.015725
0.015149
0.014592
0.014052
0.013529
0.013024
0.012534
0.012061
0.011603
0.011161
0.010733
0.010319
0.009920
0.009534
0.009161
0.008801
0.008453
0.008118
0.007794
0.007482
0.007180
0.006890
0.006610
0.006340
0.006080
0.005829
0.005588
0.005355
0.005131
0.004916
0.004709
0.004509
0.004317
0.004133
0.003955
0.003785
0.003621
0.003463
0.003312
0.003166
0.003027
0.002893
0.002764
0.002641
0.002522
0.002409
0.002300
0.002195
0.002095
0.001999
0.001907
0.001819
0.001735
0.001654
0.001576
0.001502
0.001432
0.001364
0.001299
0.001237
0.001178
0.001121
0.001067
0.001015
0.000966
0.000919
0.000874
0.000831
0.000790
0.000750
0.000713
0.000677
0.000643
0.000611
0.000580
0.000551
0.000523
0.000496
0.000470
0.000446
0.000423
0.000401
0.000380
0.000360
0.000341
0.000323
0.000306
0.000290
0.000275
0.000260
0.000246
0.000233
0.000220
0.000208
0.000197
0.000186
0.000176
0.000166
0.000157
0.000149
0.000140
0.000132
0.000125
0.000118
0.000111
0.000105
0.000099
0.000094
0.000088
0.000083
0.000078
0.000074
0.000070
0.000066
0.000062
0.000058
0.000055
0.000052
0.000049
0.000046
0.000043
0.000040
0.000038
0.000036
0.000034
0.000032
0.000030
0.000028
0.000026
0.000025
0.000023
0.000022
0.000020
0.000019
0.000018
0.000017
0.000016
0.000015
0.000014
0.000013
0.000012
0.000011
0.000011
0.000010
0.000009
0.000009
0.000008
0.000008
0.000007
0.000007
0.000006
0.000006
0.000005
0.000005
0.000005
0.000004
0.000004
0.000004
0.000004
0.000003
0.000003
0.000003
0.000003
0.000003
0.000002
0.000002
0.000002
0.000002
0.000002
0.000002
0.000002
0.000001
0.000001
0.000001
0.000001
0.000001
0.000001
0.000001
0.000001
0.000001
0.000001
0.000001
0.000001
0.000001
0.000001
0.000001
0.000000
0.000000
0.000000
0.000000
0.000000
0.000000
0.000000
0.000000
0.000000
0.000000
0.000000
0.000000
0.000000
0.000000
0.000000
0.000000
0.000000
0.000000
0.000000
0.000000
0.000000
0.000000
0.000000
0.000000
0.000000
0.000000
0.000000
0.000000
0.000000
0.000000
0.000000
0.000000
0.000000
0.000000
0.000000
0.000000
0.000000
0.000000
0.000000
0.000000
0.000000
0.000000
0.000000
0.000000
0.000000
0.000000
0.000000
0.000000
0.000000
0.000000
0.000000
0.000000
0.000000
0.000000
0.000000
0.000000
0.000000
0.000000
0.000000
0.000000
0.000000
0.000000
0.000000
0.000000
0.000000
0.000000
0.000000
0.000000
0.000000
0.000000
0.000000
0.000000
0.000000
0.000000
0.000000
0.000000
0.000000
0.000000
0.000000
0.000000
0.000000
0.000000
0.000000
0.000000
0.000000
0.000000
0.000000
0.000000
0.000000
0.000000
0.000000
0.000000
0.000000
0.000000
0.000000
0.000000
0.000000
0.000000
0.000000
0.000000
0.000000
0.000000
0.000000
0.000000
0.000000
0.000000
0.000000
0.000000
0.000000
0.000000
0.000000
0.000000
0.000000
0.000000
0.000000
0.000000
0.000000
0.000000
0.000000
0.000000
0.000000
0.000000
0.000000
0.000000
0.000000
0.000000
0.000000
0.000000
0.000000
0.000000
0.000000
0.000000
0.000000
0.000000
0.000000
0.000000
0.000000
0.000000
0.000000
0.000000
0.000000
0.000000
0.000000
0.000000
0.000000
0.000000
0.000000
0.000000
0.000000
0.000000
0.000000
0.000000
0.000000
0.000000
0.000000
0.000000
0.000000
0.000000
0.000000
0.000000
0.000000
0.000000
0.000000
0.000000
0.000000
0.000000
0.000000
0.000000
0.000000
0.000000
