0.003821
0.007644
0.011467
0.015294
0.019123
0.022956
0.026793
0.030636
0.034484
0.038340
0.042203
0.046075
0.049954
0.053844
0.057743
0.061654
0.065575
0.069509
0.073455
0.077414
0.081387
0.085373
0.089375
0.093390
0.097423
0.101469
0.105533
0.109612
0.113709
0.117822
0.121952
0.126100
0.130263
0.134448
0.138645
0.142865
0.147099
0.151352
0.155622
0.159908
0.164215
0.168534
0.172874
0.177227
0.181598
0.185985
0.190384
0.194803
0.199230
0.203676
0.208132
0.212600
0.217083
0.221571
0.226076
0.230586
0.235105
0.239635
0.244165
0.248708
0.253250
0.257797
0.262350
0.266898
0.271452
0.276003
0.280548
0.285097
0.289633
0.294166
0.298695
0.303207
0.307715
0.312210
0.316685
0.321154
0.325601
0.330028
0.334444
0.338829
0.343193
0.347538
0.351847
0.356133
0.360393
0.364612
0.368803
0.372963
0.377075
0.381155
0.385199
0.389190
0.393141
0.397053
0.400906
0.404713
0.408477
0.412178
0.415823
0.419423
0.422958
0.426426
0.429843
0.433197
0.436475
0.439692
0.442849
0.445925
0.448926
0.451867
0.454731
0.457507
0.460211
0.462847
0.465395
0.467850
0.470234
0.472540
0.474750
0.476866
0.478905
0.480863
0.482719
0.484475
0.486150
0.487742
0.489232
0.490614
0.491905
0.493114
0.494227
0.495229
0.496125
0.496932
0.497655
0.498276
0.498782
0.499180
0.499486
0.499706
0.499831
0.499844
0.499742
0.499536
0.499239
0.498857
0.498383
0.497804
0.497112
0.496309
0.495403
0.494404
0.493320
0.492152
0.490899
0.489556
0.488119
0.486587
0.484958
0.483233
0.481414
0.479502
0.477501
0.475412
0.473237
0.470977
0.468634
0.466211
0.463708
0.461126
0.458467
0.455734
0.452927
0.450047
0.447097
0.444078
0.440991
0.437840
0.434624
0.431348
0.428011
0.424615
0.421164
0.417658
0.414099
0.410489
0.406831
0.403126
0.399376
0.395583
0.391749
0.387876
0.383967
0.380023
0.376046
0.372038
0.368001
0.363937
0.359849
0.355738
0.351605
0.347454
0.343287
0.339103
0.334907
0.330700
0.326484
0.322261
0.318033
0.313800
0.309566
0.305334
0.301103
0.296877
0.292656
0.288442
0.284237
0.280044
0.275863
0.271697
0.267548
0.263416
0.259302
0.255211
0.251141
0.247095
0.243074
0.239081
0.235116
0.231180
0.227275
0.223403
0.219564
0.215760
0.211993
0.208261
0.204569
0.200916
0.197304
0.193735
0.190207
0.186724
0.183285
0.179892
0.176546
0.173248
0.169999
0.166798
0.163648
0.160548
0.157501
0.154506
0.151564
0.148674
0.145840
0.143061
0.140339
0.137672
0.135062
0.132509
0.130014
0.127577
0.125198
0.122879
0.120620
0.118420
0.116281
0.114203
0.112186
0.110230
0.108335
0.106503
0.104733
0.103025
0.101380
0.099798
0.098279
0.096823
0.095431
0.094103
0.092838
0.091637
0.090501
0.089429
0.088422
0.087478
0.086599
0.085786
0.085037
0.084352
0.083734
0.083180
0.082691
0.082266
0.081907
0.081614
0.081385
0.081222
0.081124
0.081091
0.081123
0.081221
0.081384
0.081612
0.081905
0.082264
0.082688
0.083177
0.083731
0.084351
0.085034
0.085784
0.086597
0.087476
0.088420
0.089427
0.090499
0.091635
0.092835
0.094100
0.095429
0.096821
0.098276
0.099795
0.101378
0.103023
0.104731
0.106501
0.108333
0.110226
0.112183
0.114200
0.116279
0.118418
0.120617
0.122877
0.125195
0.127573
0.130010
0.132506
0.135058
0.137668
0.140336
0.143058
0.145837
0.148671
0.151559
0.154501
0.157496
0.160544
0.163642
0.166792
0.169993
0.173243
0.176540
0.179886
0.183278
0.186716
0.190200
0.193727
0.197298
0.200909
0.204562
0.208254
0.211985
0.215752
0.219556
0.223395
0.227268
0.231172
0.235109
0.239074
0.243068
0.247088
0.251134
0.255203
0.259296
0.263409
0.267541
0.271691
0.275857
0.280037
0.284231
0.288434
0.292648
0.296869
0.301096
0.305327
0.309559
0.313792
0.318024
0.322252
0.326476
0.330693
0.334900
0.339095
0.343279
0.347446
0.351598
0.355730
0.359840
0.363930
0.367993
0.372030
0.376039
0.380016
0.383960
0.387870
0.391742
0.395575
0.399368
0.403119
0.406823
0.410481
0.414091
0.417650
0.421156
0.424608
0.428004
0.431341
0.434618
0.437834
0.440986
0.444072
0.447091
0.450042
0.452921
0.455729
0.458464
0.461123
0.463705
0.466208
0.468632
0.470974
0.473234
0.475410
0.477500
0.479505
0.481422
0.483250
0.484989
0.486637
0.488193
0.489656
0.491026
0.492301
0.493481
0.494565
0.495552
0.496442
0.497235
0.497929
0.498525
0.499021
0.499418
0.499716
0.499914
0.500013
0.500011
0.499910
0.499708
0.499407
0.499007
0.498506
0.497907
0.497209
0.496414
0.495520
0.494529
0.493441
0.492258
0.490979
0.489605
0.488138
0.486577
0.484924
0.483181
0.481348
0.479425
0.477415
0.475319
0.473137
0.470871
0.468522
0.466091
0.463580
0.460991
0.458325
0.455583
0.452766
0.449877
0.446917
0.443888
0.440792
0.437630
0.434403
0.431114
0.427764
0.424355
0.420890
0.417369
0.413795
0.410170
0.406495
0.402772
0.399004
0.395191
0.391337
0.387443
0.383511
0.379544
0.375542
0.371508
0.367444
0.363352
0.359233
0.355090
0.350925
0.346739
0.342534
0.338313
0.334077
0.329828
0.325568
0.321299
0.317022
0.312740
0.308454
0.304166
0.299877
0.295590
0.291306
0.287026
0.282753
0.278488
0.274233
0.269988
0.265756
0.261538
0.257335
0.253150
0.248982
0.244834
0.240707
0.236603
0.232522
0.228465
0.224435
0.220431
0.216456
0.212510
0.208594
0.204709
0.200857
0.197037
0.193252
0.189501
0.185786
0.182107
0.178466
0.174862
0.171297
0.167771
0.164285
0.160839
0.157434
0.154070
0.150748
0.147468
0.144231
0.141036
0.137885
0.134776
0.131712
0.128692
0.125716
0.122783
0.119896
0.117053
0.114254
0.111501
0.108791
0.106127
0.103507
0.100931
0.098400
0.095913
0.093470
0.091071
0.088716
0.086405
0.084137
0.081912
0.079731
0.077591
0.075494
0.073439
0.071426
0.069454
0.067523
0.065632
0.063782
0.061972
0.060200
0.058468
0.056774
0.055119
0.053500
0.051919
0.050375
0.048867
0.047394
0.045957
0.044554
0.043186
0.041851
0.040549
0.039280
0.038043
0.036838
0.035664
0.034520
0.033406
0.032322
0.031266
0.030240
0.029240
0.028269
0.027324
0.026405
0.025512
0.024645
0.023802
0.022984
0.022189
0.021417
0.020668
0.019941
0.019236
0.018553
0.017889
0.017247
0.016624
0.016020
0.015435
0.014868
0.014320
0.013789
0.013275
0.012777
0.012296
0.011830
0.011380
0.010945
0.010524
0.010118
0.009725
0.009345
0.008979
0.008625
0.008284
0.007954
0.007636
0.007330
0.007034
0.006749
0.006474
0.006209
0.005953
0.005707
0.005470
0.005242
0.005023
0.004811
0.004608
0.004412
0.004224
0.004043
0.003869
0.003702
0.003541
0.003387
0.003238
0.003096
0.002959
0.002828
0.002702
0.002581
0.002465
0.002353
0.002247
0.002144
0.002046
0.001953
0.001863
0.001776
0.001694
0.001615
0.001539
0.001467
0.001397
0.001331
0.001268
0.001207
0.001149
0.001094
0.001041
0.000990
0.000942
0.000896
0.000852
0.000810
0.000770
0.000731
0.000695
0.000660
0.000627
0.000595
0.000565
0.000536
0.000509
0.000483
0.000458
0.000434
0.000412
0.000391
0.000370
0.000351
0.000332
0.000315
0.000298
0.000282
0.000267
0.000253
0.000239
0.000226
0.000214
0.000203
0.000192
0.000181
0.000171
0.000162
0.000153
0.000144
0.000136
0.000129
0.000122
0.000115
0.000108
0.000102
0.000096
0.000091
0.000086
0.000081
0.000076
0.000072
0.000068
0.000064
0.000060
0.000056
0.000053
0.000050
0.000047
0.000044
0.000042
0.000039
0.000037
0.000035
0.000033
0.000031
0.000029
0.000027
0.000025
0.000024
0.000022
0.000021
0.000020
0.000018
0.000017
0.000016
0.000015
0.000014
0.000013
0.000013
0.000012
0.000011
0.000010
0.000010
0.000009
0.000008
0.000008
0.000007
0.000007
0.000006
0.000006
0.000006
0.000005
0.000005
0.000005
0.000004
0.000004
0.000004
0.000004
0.000003
0.000003
0.000003
0.000003
0.000002
0.000002
0.000002
0.000002
0.000002
0.000002
0.000002
0.000002
0.000001
0.000001
0.000001
0.000001
0.000001
0.000001
0.000001
0.000001
0.000001
0.000001
0.000001
0.000001
0.000001
0.000001
0.000001
0.000000
0.000000
0.000000
0.000000
0.000000
0.000000
0.000000
0.000000
0.000000
0.000000
0.000000
0.000000
0.000000
0.000000
0.000000
0.000000
0.000000
0.000000
0.000000
0.000000
0.000000
0.000000
0.000000
0.000000
0.000000
0.000000
0.000000
0.000000
0.000000
0.000000
0.000000
0.000000
0.000000
0.000000
0.000000
0.000000
0.000000
0.000000
0.000000
0.000000
0.000000
0.000000
0.000000
0.000000
0.000000
0.000000
0.000000
0.000000
0.000000
0.000000
0.000000
0.000000
0.000000
0.000000
0.000000
0.000000
0.000000
0.000000
0.000000
0.000000
0.000000
0.000000
0.000000
0.000000
0.000000
0.000000
0.000000
0.000000
0.000000
0.000000
0.000000
0.000000
0.000000
0.000000
0.000000
0.000000
0.000000
0.000000
0.000000
0.000000
0.000000
0.000000
0.000000
0.000000
0.000000
0.000000
0.000000
0.000000
0.000000
0.000000
0.000000
0.000000
0.000000
0.000000
0.000000
0.000000
0.000000
0.000000
0.000000
0.000000
0.000000
0.000000
0.000000
0.000000
0.000000
0.000000
0.000000
0.000000
0.000000
0.000000
0.000000
0.000000
0.000000
0.000000
0.000000
0.000000
0.000000
0.000000
0.000000
0.000000
0.000000
0.000000
0.000000
0.000000
0.000000
0.000000
0.000000
0.000000
0.000000
0.000000
0.000000
0.000000
0.000000
0.000000
0.000000
0.000000
0.000000
0.000000
0.000000
0.000000
0.000000
0.000000
0.000000
0.000000
0.000000
0.000000
0.000000
0.000000
0.000000
0.000000
0.000000
0.000000
0.000000
0.000000
0.000000
0.000000
0.000000
0.000000
0.000000
0.000000
0.000000
0.000000
0.000000
0.000000
0.000000
0.000000
0.000000
0.000000
0.000000
