0.003862
0.007725
0.011589
0.015456
0.019326
0.023199
0.027077
0.030960
0.034849
0.038745
0.042647
0.046558
0.050478
0.054407
0.058346
0.062294
0.066256
0.070227
0.074212
0.078208
0.082220
0.086243
0.090282
0.094334
0.098403
0.102486
0.106585
0.110700
0.114831
0.118980
0.123143
0.127326
0.131522
0.135738
0.139970
0.144219
0.148486
0.152768
0.157070
0.161385
0.165720
0.170069
0.174435
0.178817
0.183213
0.187627
0.192051
0.196493
0.200946
0.205412
0.209893
0.214381
0.218885
0.223394
0.227915
0.232447
0.236981
0.241528
0.246075
0.250630
0.255190
0.259747
0.264313
0.268874
0.273435
0.277998
0.282551
0.287105
0.291652
0.296187
0.300721
0.305239
0.309746
0.314245
0.318721
0.323186
0.327636
0.332058
0.336468
0.340853
0.345208
0.349545
0.353851
0.358124
0.362374
0.366586
0.370760
0.374907
0.379009
0.383069
0.387097
0.391074
0.395003
0.398894
0.402732
0.406513
0.410253
0.413936
0.417553
0.421123
0.424637
0.428077
0.431461
0.434788
0.438039
0.441219
0.444343
0.447392
0.450357
0.453257
0.456089
0.458833
0.461495
0.464090
0.466604
0.469022
0.471358
0.473623
0.475797
0.477871
0.479861
0.481774
0.483592
0.485306
0.486928
0.488471
0.489921
0.491261
0.492500
0.493655
0.494723
0.495684
0.496532
0.497285
0.497954
0.498528
0.498993
0.499343
0.499594
0.499758
0.499832
0.499802
0.499657
0.499402
0.499049
0.498610
0.498084
0.497460
0.496726
0.495880
0.494927
0.493876
0.492738
0.491516
0.490211
0.488819
0.487337
0.485761
0.484088
0.482320
0.480458
0.478504
0.476460
0.474328
0.472111
0.469809
0.467427
0.464963
0.462420
0.459799
0.457103
0.454331
0.451488
0.448572
0.445587
0.442533
0.439413
0.436229
0.432982
0.429675
0.426308
0.422883
0.419404
0.415870
0.412285
0.408650
0.404967
0.401238
0.397466
0.393651
0.389797
0.385904
0.381977
0.378014
0.374020
0.369997
0.365944
0.361867
0.357765
0.353642
0.349498
0.345337
0.341160
0.336967
0.332764
0.328550
0.324328
0.320100
0.315867
0.311632
0.307396
0.303162
0.298930
0.294704
0.290483
0.286271
0.282068
0.277879
0.273701
0.269540
0.265395
0.261269
0.257162
0.253077
0.249014
0.244977
0.240965
0.236981
0.233026
0.229100
0.225206
0.221345
0.217518
0.213726
0.209971
0.206253
0.202574
0.198935
0.195337
0.191782
0.188268
0.184800
0.181375
0.177998
0.174667
0.171385
0.168151
0.164966
0.161832
0.158748
0.155717
0.152738
0.149811
0.146938
0.144120
0.141357
0.138650
0.136000
0.133406
0.130868
0.128388
0.125967
0.123603
0.121299
0.119055
0.116870
0.114745
0.112681
0.110677
0.108734
0.106854
0.105034
0.103277
0.101581
0.099948
0.098378
0.096870
0.095425
0.094043
0.092724
0.091469
0.090278
0.089150
0.088087
0.087087
0.086151
0.085279
0.084471
0.083728
0.083049
0.082435
0.081886
0.081401
0.080980
0.080623
0.080332
0.080106
0.079944
0.079846
0.079814
0.079846
0.079943
0.080104
0.080330
0.080621
0.080977
0.081398
0.081883
0.082433
0.083047
0.083726
0.084469
0.085277
0.086149
0.087085
0.088084
0.089148
0.090276
0.091467
0.092722
0.094041
0.095423
0.096867
0.098375
0.099946
0.101579
0.103275
0.105032
0.106852
0.108732
0.110674
0.112678
0.114743
0.116867
0.119052
0.121297
0.123600
0.125963
0.128385
0.130865
0.133401
0.135996
0.138648
0.141355
0.144117
0.146935
0.149807
0.152733
0.155712
0.158744
0.161826
0.164961
0.168145
0.171379
0.174661
0.177991
0.181369
0.184792
0.188261
0.191774
0.195330
0.198928
0.202567
0.206246
0.209963
0.213718
0.217510
0.221338
0.225199
0.229093
0.233019
0.236974
0.240959
0.244970
0.249008
0.253070
0.257155
0.261262
0.265388
0.269533
0.273695
0.277871
0.282062
0.286263
0.290475
0.294696
0.298923
0.303155
0.307389
0.311624
0.315859
0.320091
0.324320
0.328542
0.332757
0.336960
0.341151
0.345329
0.349490
0.353633
0.357756
0.361859
0.365937
0.369989
0.374013
0.378007
0.381969
0.385897
0.389790
0.393644
0.397458
0.401231
0.404959
0.408642
0.412277
0.415862
0.419396
0.422876
0.426301
0.429668
0.432976
0.436223
0.439408
0.442528
0.445581
0.448567
0.451482
0.454327
0.457098
0.459796
0.462417
0.464960
0.467425
0.469808
0.472109
0.474327
0.476461
0.478509
0.480470
0.482344
0.484127
0.485821
0.487423
0.488933
0.490349
0.491672
0.492900
0.494032
0.495068
0.496007
0.496848
0.497592
0.498237
0.498783
0.499230
0.499578
0.499826
0.499975
0.500023
0.499972
0.499820
0.499569
0.499219
0.498768
0.498218
0.497570
0.496823
0.495979
0.495036
0.493997
0.492861
0.491630
0.490303
0.488882
0.487368
0.485761
0.484063
0.482275
0.480397
0.478431
0.476378
0.474238
0.472014
0.469706
0.467316
0.464845
0.462295
0.459668
0.456963
0.454183
0.451330
0.448406
0.445411
0.442349
0.439219
0.436025
0.432766
0.429447
0.426067
0.422629
0.419136
0.415588
0.411988
0.408338
0.404639
0.400893
0.397103
0.393270
0.389395
0.385482
0.381532
0.377547
0.373529
0.369480
0.365401
0.361295
0.357164
0.353010
0.348834
0.344638
0.340426
0.336196
0.331954
0.327699
0.323434
0.319161
0.314882
0.310597
0.306310
0.302021
0.297733
0.293447
0.289165
0.284889
0.280620
0.276359
0.272109
0.267871
0.263645
0.259435
0.255240
0.251064
0.246906
0.242768
0.238652
0.234559
0.230490
0.226447
0.222430
0.218440
0.214479
0.210548
0.206647
0.202779
0.198943
0.195140
0.191372
0.187639
0.183942
0.180282
0.176659
0.173075
0.169529
0.166023
0.162557
0.159131
0.155747
0.152404
0.149103
0.145844
0.142628
0.139455
0.136325
0.133239
0.130197
0.127198
0.124244
0.121334
0.118469
0.115648
0.112872
0.110140
0.107453
0.104811
0.102213
0.099660
0.097151
0.094686
0.092265
0.089888
0.087555
0.085266
0.083019
0.080816
0.078656
0.076538
0.074462
0.072428
0.070435
0.068483
0.066573
0.064702
0.062872
0.061081
0.059329
0.057616
0.055942
0.054305
0.052705
0.051143
0.049616
0.048126
0.046671
0.045251
0.043866
0.042514
0.041196
0.039911
0.038658
0.037437
0.036247
0.035088
0.033959
0.032860
0.031791
0.030750
0.029737
0.028751
0.027793
0.026861
0.025956
0.025076
0.024220
0.023390
0.022583
0.021800
0.021040
0.020302
0.019586
0.018892
0.018218
0.017565
0.016933
0.016319
0.015725
0.015149
0.014592
0.014052
0.013529
0.013024
0.012534
0.012061
0.011603
0.011161
0.010733
0.010319
0.009920
0.009534
0.009161
0.008801
0.008453
0.008118
0.007794
0.007482
0.007180
0.006890
0.006610
0.006340
0.006080
0.005829
0.005588
0.005355
0.005131
0.004916
0.004709
0.004509
0.004317
0.004133
0.003955
0.003785
0.003621
0.003463
0.003312
0.003166
0.003027
0.002893
0.002764
0.002641
0.002522
0.002409
0.002300
0.002195
0.002095
0.001999
0.001907
0.001819
0.001735
0.001654
0.001576
0.001502
0.001432
0.001364
0.001299
0.001237
0.001178
0.001121
0.001067
0.001015
0.000966
0.000919
0.000874
0.000831
0.000790
0.000750
0.000713
0.000677
0.000643
0.000611
0.000580
0.000551
0.000523
0.000496
0.000470
0.000446
0.000423
0.000401
0.000380
0.000360
0.000341
0.000323
0.000306
0.000290
0.000275
0.000260
0.000246
0.000233
0.000220
0.000208
0.000197
0.000186
0.000176
0.000166
0.000157
0.000149
0.000140
0.000132
0.000125
0.000118
0.000111
0.000105
0.000099
0.000094
0.000088
0.000083
0.000078
0.000074
0.000070
0.000066
0.000062
0.000058
0.000055
0.000052
0.000049
0.000046
0.000043
0.000040
0.000038
0.000036
0.000034
0.000032
0.000030
0.000028
0.000026
0.000025
0.000023
0.000022
0.000020
0.000019
0.000018
0.000017
0.000016
0.000015
0.000014
0.000013
0.000012
0.000011
0.000011
0.000010
0.000009
0.000009
0.000008
0.000008
0.000007
0.000007
0.000006
0.000006
0.000005
0.000005
0.000005
0.000004
0.000004
0.000004
0.000004
0.000003
0.000003
0.000003
0.000003
0.000003
0.000002
0.000002
0.000002
0.000002
0.000002
0.000002
0.000002
0.000001
0.000001
0.000001
0.000001
0.000001
0.000001
0.000001
0.000001
0.000001
0.000001
0.000001
0.000001
0.000001
0.000001
0.000001
0.000000
0.000000
0.000000
0.000000
0.000000
0.000000
0.000000
0.000000
0.000000
0.000000
0.000000
0.000000
0.000000
0.000000
0.000000
0.000000
0.000000
0.000000
0.000000
0.000000
0.000000
0.000000
0.000000
0.000000
0.000000
0.000000
0.000000
0.000000
0.000000
0.000000
0.000000
0.000000
0.000000
0.000000
0.000000
0.000000
0.000000
0.000000
0.000000
0.000000
0.000000
0.000000
0.000000
0.000000
0.000000
0.000000
0.000000
0.000000
0.000000
0.000000
0.000000
0.000000
0.000000
0.000000
0.000000
0.000000
0.000000
0.000000
0.000000
0.000000
0.000000
0.000000
0.000000
0.000000
0.000000
0.000000
0.000000
0.000000
0.000000
0.000000
0.000000
0.000000
0.000000
0.000000
0.000000
0.000000
0.000000
0.000000
0.000000
0.000000
0.000000
0.000000
0.000000
0.000000
0.000000
0.000000
0.000000
0.000000
0.000000
0.000000
0.000000
0.000000
0.000000
0.000000
0.000000
0.000000
0.000000
0.000000
0.000000
0.000000
0.000000
0.000000
0.000000
0.000000
0.000000
0.000000
0.000000
0.000000
0.000000
0.000000
0.000000
0.000000
0.000000
0.000000
0.000000
0.000000
0.000000
0.000000
0.000000
0.000000
0.000000
0.000000
0.000000
0.000000
0.000000
0.000000
0.000000
0.000000
0.000000
0.000000
0.000000
0.000000
0.000000
0.000000
0.000000
0.000000
0.000000
0.000000
0.000000
0.000000
0.000000
0.000000
0.000000
0.000000
0.000000
0.000000
0.000000
0.000000
0.000000
0.000000
0.000000
0.000000
0.000000
0.000000
0.000000
0.000000
0.000000
0.000000
0.000000
0.000000
0.000000
0.000000
0.000000
0.000000
0.000000
0.000000
0.000000
0.000000
0.000000
