0.003903
0.007807
0.011712
0.015619
0.019530
0.023444
0.027362
0.031285
0.035215
0.039150
0.043094
0.047044
0.051004
0.054972
0.058951
0.062938
0.066939
0.070948
0.074972
0.079007
0.083056
0.087117
0.091193
0.095283
0.099387
0.103507
0.107641
0.111793
0.115958
0.120142
0.124339
0.128554
0.132785
0.137033
0.141298
0.145578
0.149877
0.154189
0.158521
0.162866
0.167229
0.171608
0.176000
0.180411
0.184832
0.189271
0.193722
0.198186
0.202665
0.207152
0.211656
0.216165
0.220688
0.225220
0.229757
0.234308
0.238860
0.243421
0.247987
0.252553
0.257129
0.261700
0.266275
0.270850
0.275418
0.279991
0.284555
0.289112
0.293668
0.298208
0.302743
0.307269
0.311775
0.316275
0.320754
0.325214
0.329664
0.334085
0.338486
0.342870
0.347218
0.351545
0.355847
0.360109
0.364345
0.368550
0.372710
0.376840
0.380932
0.384975
0.388982
0.392947
0.396855
0.400722
0.404544
0.408303
0.412014
0.415677
0.419272
0.422810
0.426298
0.429715
0.433064
0.436360
0.439586
0.442733
0.445818
0.448837
0.451772
0.454631
0.457425
0.460139
0.462762
0.465311
0.467788
0.470173
0.472464
0.474682
0.476819
0.478856
0.480797
0.482661
0.484439
0.486113
0.487687
0.489177
0.490583
0.491883
0.493074
0.494175
0.495192
0.496111
0.496916
0.497617
0.498229
0.498753
0.499175
0.499482
0.499680
0.499787
0.499808
0.499732
0.499544
0.499243
0.498838
0.498342
0.497761
0.497089
0.496312
0.495425
0.494426
0.493326
0.492135
0.490860
0.489502
0.488060
0.486531
0.484910
0.483194
0.481384
0.479479
0.477483
0.475397
0.473224
0.470964
0.468622
0.466199
0.463696
0.461113
0.458453
0.455719
0.452911
0.450031
0.447080
0.444060
0.440972
0.437819
0.434603
0.431325
0.427987
0.424591
0.421138
0.417630
0.414069
0.410459
0.406799
0.403092
0.399340
0.395545
0.391709
0.387835
0.383924
0.379978
0.375997
0.371987
0.367948
0.363881
0.359790
0.355676
0.351541
0.347386
0.343215
0.339029
0.334829
0.330618
0.326398
0.322171
0.317938
0.313701
0.309463
0.305226
0.300990
0.296758
0.292532
0.288312
0.284102
0.279903
0.275716
0.271543
0.267386
0.263247
0.259127
0.255027
0.250949
0.246895
0.242866
0.238863
0.234889
0.230943
0.227028
0.223145
0.219296
0.215481
0.211702
0.207959
0.204254
0.200588
0.196964
0.193380
0.189839
0.186340
0.182886
0.179478
0.176115
0.172800
0.169534
0.166315
0.163147
0.160028
0.156961
0.153946
0.150983
0.148072
0.145216
0.142413
0.139668
0.136976
0.134342
0.131763
0.129242
0.126778
0.124371
0.122023
0.119734
0.117505
0.115335
0.113224
0.111174
0.109184
0.107255
0.105388
0.103581
0.101837
0.100153
0.098532
0.096973
0.095477
0.094042
0.092671
0.091362
0.090117
0.088935
0.087816
0.086760
0.085768
0.084839
0.083975
0.083173
0.082436
0.081763
0.081153
0.080608
0.080127
0.079710
0.079356
0.079067
0.078843
0.078682
0.078585
0.078552
0.078585
0.078681
0.078841
0.079065
0.079354
0.079707
0.080124
0.080606
0.081151
0.081760
0.082434
0.083171
0.083972
0.084837
0.085766
0.086758
0.087814
0.088932
0.090115
0.091360
0.092669
0.094040
0.095474
0.096971
0.098530
0.100151
0.101835
0.103579
0.105385
0.107253
0.109181
0.111172
0.113222
0.115332
0.117502
0.119732
0.122021
0.124368
0.126774
0.129238
0.131759
0.134338
0.136974
0.139665
0.142411
0.145213
0.148069
0.150978
0.153941
0.156957
0.160023
0.163141
0.166310
0.169528
0.172795
0.176109
0.179471
0.182879
0.186333
0.189831
0.193373
0.196957
0.200582
0.204247
0.207951
0.211693
0.215473
0.219289
0.223138
0.227021
0.230936
0.234882
0.238856
0.242859
0.246888
0.250942
0.255020
0.259119
0.263240
0.267379
0.271537
0.275709
0.279896
0.284095
0.288305
0.292524
0.296751
0.300983
0.305218
0.309455
0.313694
0.317930
0.322163
0.326390
0.330611
0.334821
0.339021
0.343207
0.347378
0.351532
0.355667
0.359782
0.363873
0.367940
0.371980
0.375991
0.379970
0.383916
0.387828
0.391703
0.395537
0.399333
0.403084
0.406791
0.410450
0.414062
0.417622
0.421130
0.424583
0.427980
0.431319
0.434597
0.437813
0.440967
0.444054
0.447074
0.450025
0.452906
0.455715
0.458450
0.461110
0.463692
0.466197
0.468621
0.470963
0.473224
0.475400
0.477491
0.479496
0.481414
0.483243
0.484982
0.486630
0.488187
0.489650
0.491020
0.492295
0.493475
0.494560
0.495547
0.496438
0.497231
0.497925
0.498521
0.499018
0.499415
0.499713
0.499912
0.500010
0.500009
0.499907
0.499706
0.499405
0.499005
0.498504
0.497905
0.497208
0.496413
0.495519
0.494528
0.493440
0.492257
0.490978
0.489604
0.488136
0.486576
0.484923
0.483180
0.481347
0.479424
0.477415
0.475318
0.473137
0.470870
0.468521
0.466090
0.463580
0.460991
0.458324
0.455582
0.452766
0.449877
0.446917
0.443888
0.440792
0.437630
0.434403
0.431114
0.427764
0.424355
0.420889
0.417368
0.413795
0.410169
0.406494
0.402772
0.399004
0.395191
0.391337
0.387443
0.383511
0.379544
0.375542
0.371508
0.367444
0.363352
0.359233
0.355090
0.350925
0.346739
0.342534
0.338313
0.334077
0.329828
0.325568
0.321299
0.317022
0.312740
0.308454
0.304166
0.299877
0.295590
0.291306
0.287026
0.282753
0.278488
0.274233
0.269988
0.265756
0.261538
0.257335
0.253150
0.248982
0.244834
0.240707
0.236603
0.232522
0.228465
0.224435
0.220431
0.216456
0.212510
0.208594
0.204709
0.200857
0.197037
0.193252
0.189501
0.185786
0.182107
0.178466
0.174862
0.171297
0.167771
0.164285
0.160839
0.157434
0.154070
0.150748
0.147468
0.144231
0.141036
0.137884
0.134776
0.131712
0.128692
0.125716
0.122784
0.119896
0.117053
0.114254
0.111501
0.108791
0.106127
0.103507
0.100931
0.098400
0.095913
0.093470
0.091071
0.088716
0.086405
0.084137
0.081912
0.079731
0.077591
0.075494
0.073439
0.071426
0.069454
0.067523
0.065632
0.063782
0.061972
0.060200
0.058468
0.056774
0.055119
0.053500
0.051919
0.050375
0.048867
0.047394
0.045957
0.044554
0.043186
0.041851
0.040549
0.039280
0.038043
0.036838
0.035664
0.034520
0.033406
0.032322
0.031267
0.030240
0.029240
0.028269
0.027324
0.026405
0.025512
0.024645
0.023802
0.022984
0.022189
0.021417
0.020668
0.019941
0.019236
0.018553
0.017889
0.017247
0.016624
0.016020
0.015435
0.014868
0.014320
0.013789
0.013275
0.012777
0.012296
0.011830
0.011380
0.010945
0.010524
0.010118
0.009725
0.009345
0.008979
0.008625
0.008284
0.007954
0.007636
0.007330
0.007034
0.006749
0.006474
0.006209
0.005953
0.005707
0.005470
0.005242
0.005023
0.004811
0.004608
0.004412
0.004224
0.004043
0.003869
0.003702
0.003541
0.003387
0.003238
0.003096
0.002959
0.002828
0.002702
0.002581
0.002465
0.002353
0.002247
0.002144
0.002046
0.001953
0.001863
0.001776
0.001694
0.001615
0.001539
0.001467
0.001397
0.001331
0.001268
0.001207
0.001149
0.001094
0.001041
0.000990
0.000942
0.000896
0.000852
0.000810
0.000770
0.000731
0.000695
0.000660
0.000627
0.000595
0.000565
0.000536
0.000509
0.000483
0.000458
0.000434
0.000412
0.000391
0.000370
0.000351
0.000332
0.000315
0.000298
0.000282
0.000267
0.000253
0.000239
0.000226
0.000214
0.000203
0.000192
0.000181
0.000171
0.000162
0.000153
0.000144
0.000136
0.000129
0.000122
0.000115
0.000108
0.000102
0.000096
0.000091
0.000086
0.000081
0.000076
0.000072
0.000068
0.000064
0.000060
0.000056
0.000053
0.000050
0.000047
0.000044
0.000042
0.000039
0.000037
0.000035
0.000033
0.000031
0.000029
0.000027
0.000025
0.000024
0.000022
0.000021
0.000020
0.000018
0.000017
0.000016
0.000015
0.000014
0.000013
0.000013
0.000012
0.000011
0.000010
0.000010
0.000009
0.000008
0.000008
0.000007
0.000007
0.000006
0.000006
0.000006
0.000005
0.000005
0.000005
0.000004
0.000004
0.000004
0.000004
0.000003
0.000003
0.000003
0.000003
0.000002
0.000002
0.000002
0.000002
0.000002
0.000002
0.000002
0.000002
0.000001
0.000001
0.000001
0.000001
0.000001
0.000001
0.000001
0.000001
0.000001
0.000001
0.000001
0.000001
0.000001
0.000001
0.000001
0.000000
0.000000
0.000000
0.000000
0.000000
0.000000
0.000000
0.000000
0.000000
0.000000
0.000000
0.000000
0.000000
0.000000
0.000000
0.000000
0.000000
0.000000
0.000000
0.000000
0.000000
0.000000
0.000000
0.000000
0.000000
0.000000
0.000000
0.000000
0.000000
0.000000
0.000000
0.000000
0.000000
0.000000
0.000000
0.000000
0.000000
0.000000
0.000000
0.000000
0.000000
0.000000
0.000000
0.000000
0.000000
0.000000
0.000000
0.000000
0.000000
0.000000
0.000000
0.000000
0.000000
0.000000
0.000000
0.000000
0.000000
0.000000
0.000000
0.000000
0.000000
0.000000
0.000000
0.000000
0.000000
0.000000
0.000000
0.000000
0.000000
0.000000
0.000000
0.000000
0.000000
0.000000
0.000000
0.000000
0.000000
0.000000
0.000000
0.000000
0.000000
0.000000
0.000000
0.000000
0.000000
0.000000
0.000000
0.000000
0.000000
0.000000
0.000000
0.000000
0.000000
0.000000
0.000000
0.000000
0.000000
0.000000
0.000000
0.000000
0.000000
0.000000
0.000000
0.000000
0.000000
0.000000
0.000000
0.000000
0.000000
0.000000
0.000000
0.000000
0.000000
0.000000
0.000000
0.000000
0.000000
0.000000
0.000000
0.000000
0.000000
0.000000
0.000000
0.000000
0.000000
0.000000
0.000000
0.000000
0.000000
0.000000
0.000000
0.000000
0.000000
0.000000
0.000000
0.000000
0.000000
0.000000
0.000000
0.000000
0.000000
0.000000
0.000000
0.000000
0.000000
0.000000
0.000000
0.000000
0.000000
0.000000
0.000000
0.000000
0.000000
0.000000
0.000000
0.000000
0.000000
0.000000
0.000000
0.000000
0.000000
0.000000
0.000000
0.000000
0.000000
0.000000
0.000000
0.000000
