0.003944
0.007889
0.011835
0.015783
0.019735
0.023689
0.027649
0.031612
0.035583
0.039558
0.043542
0.047532
0.051532
0.055540
0.059558
0.063585
0.067624
0.071674
0.075735
0.079809
0.083894
0.087995
0.092107
0.096235
0.100375
0.104532
0.108701
0.112889
0.117089
0.121306
0.125539
0.129787
0.134053
0.138332
0.142631
0.146941
0.151272
0.155615
0.159976
0.164352
0.168742
0.173151
0.177569
0.182007
0.186455
0.190918
0.195396
0.199882
0.204386
0.208896
0.213420
0.217953
0.222493
0.227047
0.231602
0.236170
0.240741
0.245316
0.249899
0.254479
0.259067
0.263653
0.268236
0.272825
0.277403
0.281981
0.286557
0.291118
0.295680
0.300228
0.304763
0.309293
0.313802
0.318299
0.322782
0.327240
0.331685
0.336107
0.340500
0.344877
0.349223
0.353538
0.357832
0.362087
0.366308
0.370503
0.374653
0.378764
0.382843
0.386872
0.390856
0.394805
0.398697
0.402539
0.406340
0.410080
0.413763
0.417401
0.420976
0.424484
0.427941
0.431335
0.434654
0.437914
0.441113
0.444230
0.447276
0.450262
0.453168
0.455988
0.458741
0.461422
0.464010
0.466515
0.468950
0.471300
0.473552
0.475722
0.477816
0.479816
0.481714
0.483526
0.485260
0.486896
0.488425
0.489862
0.491218
0.492478
0.493626
0.494674
0.495637
0.496509
0.497274
0.497926
0.498482
0.498953
0.499328
0.499593
0.499743
0.499795
0.499759
0.499633
0.499403
0.499059
0.498604
0.498052
0.497416
0.496692
0.495870
0.494941
0.493900
0.492754
0.491511
0.490182
0.488771
0.487279
0.485702
0.484036
0.482277
0.480424
0.478478
0.476440
0.474312
0.472097
0.469797
0.467414
0.464951
0.462408
0.459786
0.457089
0.454317
0.451473
0.448556
0.445570
0.442516
0.439395
0.436210
0.432961
0.429653
0.426285
0.422859
0.419378
0.415843
0.412256
0.408620
0.404936
0.401205
0.397431
0.393614
0.389758
0.385864
0.381934
0.377970
0.373973
0.369947
0.365892
0.361812
0.357708
0.353581
0.349435
0.345270
0.341090
0.336894
0.332687
0.328470
0.324244
0.320012
0.315775
0.311535
0.307294
0.303056
0.298819
0.294588
0.290362
0.286144
0.281936
0.277741
0.273557
0.269389
0.265237
0.261104
0.256990
0.252897
0.248826
0.244781
0.240761
0.236768
0.232804
0.228868
0.224965
0.221093
0.217256
0.213453
0.209686
0.205956
0.202265
0.198613
0.195003
0.191434
0.187907
0.184424
0.180984
0.177592
0.174245
0.170946
0.167695
0.164492
0.161340
0.158238
0.155186
0.152188
0.149241
0.146347
0.143507
0.140721
0.137991
0.135316
0.132698
0.130136
0.127630
0.125181
0.122790
0.120458
0.118184
0.115970
0.113814
0.111718
0.109682
0.107706
0.105791
0.103937
0.102144
0.100412
0.098741
0.097131
0.095584
0.094099
0.092675
0.091315
0.090016
0.088780
0.087607
0.086497
0.085450
0.084465
0.083544
0.082686
0.081891
0.081159
0.080492
0.079887
0.079347
0.078869
0.078456
0.078105
0.077818
0.077596
0.077436
0.077340
0.077308
0.077340
0.077435
0.077594
0.077816
0.078102
0.078453
0.078867
0.079344
0.079885
0.080489
0.081158
0.081889
0.082684
0.083542
0.084463
0.085448
0.086495
0.087605
0.088778
0.090013
0.091312
0.092674
0.094097
0.095582
0.097129
0.098738
0.100410
0.102142
0.103934
0.105789
0.107703
0.109680
0.111716
0.113812
0.115967
0.118182
0.120456
0.122787
0.125177
0.127626
0.130132
0.132694
0.135314
0.137989
0.140719
0.143504
0.146344
0.149237
0.152183
0.155182
0.158233
0.161335
0.164487
0.167689
0.170940
0.174238
0.177585
0.180978
0.184416
0.187899
0.191426
0.194996
0.198606
0.202258
0.205949
0.209678
0.213445
0.217248
0.221086
0.224957
0.228861
0.232797
0.236760
0.240754
0.244774
0.248820
0.252890
0.256983
0.261096
0.265230
0.269382
0.273550
0.277733
0.281929
0.286137
0.290354
0.294580
0.298812
0.303049
0.307287
0.311528
0.315767
0.320004
0.324236
0.328462
0.332680
0.336887
0.341082
0.345262
0.349426
0.353573
0.357699
0.361804
0.365885
0.369939
0.373966
0.377962
0.381927
0.385857
0.389752
0.393607
0.397423
0.401198
0.404928
0.408612
0.412249
0.415835
0.419370
0.422852
0.426277
0.429646
0.432955
0.436203
0.439389
0.442510
0.445564
0.448551
0.451467
0.454312
0.457085
0.459783
0.462405
0.464949
0.467414
0.469797
0.472099
0.474318
0.476452
0.478501
0.480463
0.482336
0.484120
0.485815
0.487417
0.488927
0.490344
0.491667
0.492894
0.494027
0.495063
0.496003
0.496845
0.497588
0.498234
0.498780
0.499228
0.499575
0.499824
0.499972
0.500021
0.499969
0.499818
0.499567
0.499217
0.498766
0.498216
0.497568
0.496822
0.495977
0.495035
0.493996
0.492860
0.491628
0.490302
0.488881
0.487367
0.485760
0.484062
0.482274
0.480396
0.478430
0.476377
0.474238
0.472014
0.469706
0.467316
0.464845
0.462295
0.459667
0.456963
0.454183
0.451330
0.448406
0.445411
0.442349
0.439219
0.436024
0.432766
0.429447
0.426067
0.422629
0.419135
0.415588
0.411988
0.408338
0.404639
0.400893
0.397103
0.393269
0.389395
0.385482
0.381532
0.377547
0.373529
0.369480
0.365401
0.361295
0.357164
0.353010
0.348834
0.344638
0.340425
0.336196
0.331954
0.327699
0.323434
0.319161
0.314882
0.310597
0.306310
0.302021
0.297733
0.293447
0.289165
0.284889
0.280620
0.276359
0.272109
0.267871
0.263645
0.259435
0.255240
0.251063
0.246906
0.242768
0.238652
0.234559
0.230490
0.226447
0.222430
0.218440
0.214479
0.210548
0.206647
0.202779
0.198943
0.195140
0.191372
0.187639
0.183942
0.180282
0.176659
0.173075
0.169529
0.166023
0.162557
0.159131
0.155747
0.152404
0.149103
0.145844
0.142628
0.139455
0.136325
0.133239
0.130197
0.127198
0.124244
0.121334
0.118469
0.115648
0.112872
0.110140
0.107453
0.104811
0.102213
0.099660
0.097151
0.094686
0.092265
0.089888
0.087555
0.085266
0.083020
0.080816
0.078656
0.076538
0.074462
0.072428
0.070435
0.068483
0.066573
0.064702
0.062872
0.061081
0.059329
0.057616
0.055942
0.054305
0.052705
0.051143
0.049616
0.048126
0.046671
0.045251
0.043866
0.042514
0.041196
0.039911
0.038658
0.037437
0.036247
0.035088
0.033959
0.032860
0.031791
0.030750
0.029737
0.028751
0.027793
0.026861
0.025956
0.025076
0.024220
0.023390
0.022583
0.021800
0.021040
0.020302
0.019586
0.018892
0.018218
0.017566
0.016933
0.016319
0.015725
0.015149
0.014592
0.014052
0.013529
0.013024
0.012534
0.012061
0.011603
0.011161
0.010733
0.010319
0.009920
0.009534
0.009161
0.008801
0.008453
0.008118
0.007794
0.007482
0.007180
0.006890
0.006610
0.006340
0.006080
0.005829
0.005588
0.005355
0.005132
0.004916
0.004709
0.004509
0.004317
0.004133
0.003955
0.003785
0.003621
0.003463
0.003312
0.003166
0.003027
0.002893
0.002764
0.002641
0.002522
0.002409
0.002300
0.002195
0.002095
0.001999
0.001907
0.001819
0.001735
0.001654
0.001576
0.001502
0.001432
0.001364
0.001299
0.001237
0.001178
0.001121
0.001067
0.001015
0.000966
0.000919
0.000874
0.000831
0.000790
0.000750
0.000713
0.000677
0.000643
0.000611
0.000580
0.000551
0.000523
0.000496
0.000470
0.000446
0.000423
0.000401
0.000380
0.000360
0.000341
0.000323
0.000306
0.000290
0.000275
0.000260
0.000246
0.000233
0.000220
0.000208
0.000197
0.000186
0.000176
0.000166
0.000157
0.000149
0.000140
0.000132
0.000125
0.000118
0.000111
0.000105
0.000099
0.000094
0.000088
0.000083
0.000078
0.000074
0.000070
0.000066
0.000062
0.000058
0.000055
0.000052
0.000049
0.000046
0.000043
0.000040
0.000038
0.000036
0.000034
0.000032
0.000030
0.000028
0.000026
0.000025
0.000023
0.000022
0.000020
0.000019
0.000018
0.000017
0.000016
0.000015
0.000014
0.000013
0.000012
0.000011
0.000011
0.000010
0.000009
0.000009
0.000008
0.000008
0.000007
0.000007
0.000006
0.000006
0.000005
0.000005
0.000005
0.000004
0.000004
0.000004
0.000004
0.000003
0.000003
0.000003
0.000003
0.000003
0.000002
0.000002
0.000002
0.000002
0.000002
0.000002
0.000002
0.000001
0.000001
0.000001
0.000001
0.000001
0.000001
0.000001
0.000001
0.000001
0.000001
0.000001
0.000001
0.000001
0.000001
0.000001
0.000000
0.000000
0.000000
0.000000
0.000000
0.000000
0.000000
0.000000
0.000000
0.000000
0.000000
0.000000
0.000000
0.000000
0.000000
0.000000
0.000000
0.000000
0.000000
0.000000
0.000000
0.000000
0.000000
0.000000
0.000000
0.000000
0.000000
0.000000
0.000000
0.000000
0.000000
0.000000
0.000000
0.000000
0.000000
0.000000
0.000000
0.000000
0.000000
0.000000
0.000000
0.000000
0.000000
0.000000
0.000000
0.000000
0.000000
0.000000
0.000000
0.000000
0.000000
0.000000
0.000000
0.000000
0.000000
0.000000
0.000000
0.000000
0.000000
0.000000
0.000000
0.000000
0.000000
0.000000
0.000000
0.000000
0.000000
0.000000
0.000000
0.000000
0.000000
0.000000
0.000000
0.000000
0.000000
0.000000
0.000000
0.000000
0.000000
0.000000
0.000000
0.000000
0.000000
0.000000
0.000000
0.000000
0.000000
0.000000
0.000000
0.000000
0.000000
0.000000
0.000000
0.000000
0.000000
0.000000
0.000000
0.000000
0.000000
0.000000
0.000000
0.000000
0.000000
0.000000
0.000000
0.000000
0.000000
0.000000
0.000000
0.000000
0.000000
0.000000
0.000000
0.000000
0.000000
0.000000
0.000000
0.000000
0.000000
0.000000
0.000000
0.000000
0.000000
0.000000
0.000000
0.000000
0.000000
0.000000
0.000000
0.000000
0.000000
0.000000
0.000000
0.000000
0.000000
0.000000
0.000000
0.000000
0.000000
0.000000
0.000000
0.000000
0.000000
0.000000
0.000000
0.000000
0.000000
0.000000
0.000000
0.000000
0.000000
0.000000
0.000000
0.000000
0.000000
0.000000
0.000000
0.000000
0.000000
0.000000
0.000000
0.000000
0.000000
0.000000
0.000000
0.000000
0.000000
0.000000
