0.000019
0.000036
0.000056
0.000074
0.000091
0.000117
0.000124
0.000155
0.000175
0.000179
0.000218
0.000249
0.000242
0.000252
0.000310
0.000385
0.000448
0.000493
0.000527
0.000558
0.000589
0.000622
0.000656
0.000691
0.000729
0.000768
0.000809
0.000852
0.000898
0.000946
0.000996
0.001048
0.001103
0.001161
0.001221
0.001284
0.001351
0.001420
0.001493
0.001569
0.001649
0.001733
0.001820
0.001912
0.002007
0.002107
0.002212
0.002321
0.002436
0.002555
0.002680
0.002810
0.002946
0.003088
0.003236
0.003391
0.003553
0.003721
0.003897
0.004080
0.004271
0.004469
0.004677
0.004893
0.005118
0.005352
0.005596
0.005850
0.006114
0.006389
0.006675
0.006972
0.007282
0.007603
0.007937
0.008284
0.008645
0.009020
0.009409
0.009813
0.010233
0.010668
0.011120
0.011588
0.012074
0.012578
0.013101
0.013642
0.014203
0.014785
0.015387
0.016011
0.016656
0.017325
0.018016
0.018732
0.019473
0.020238
0.021030
0.021849
0.022695
0.023569
0.024473
0.025406
0.026369
0.027364
0.028391
0.029451
0.030544
0.031672
0.032835
0.034034
0.035271
0.036545
0.037858
0.039211
0.040604
0.042039
0.043516
0.045036
0.046600
0.048210
0.049865
0.051567
0.053318
0.055117
0.056966
0.058865
0.060816
0.062820
0.064877
0.066989
0.069157
0.071380
0.073661
0.076001
0.078400
0.080859
0.083379
0.085961
0.088606
0.091315
0.094089
0.096928
0.099835
0.102808
0.105850
0.108961
0.112142
0.115393
0.118717
0.122112
0.125581
0.129123
0.132740
0.136432
0.140201
0.144045
0.147967
0.151967
0.156044
0.160201
0.164437
0.168753
0.173148
0.177625
0.182182
0.186821
0.191541
0.196343
0.201226
0.206192
0.211240
0.216371
0.221584
0.226879
0.232256
0.237716
0.243257
0.248880
0.254585
0.260371
0.266237
0.272184
0.278210
0.284316
0.290501
0.296763
0.303103
0.309519
0.316011
0.322577
0.329218
0.335931
0.342715
0.349570
0.356495
0.363487
0.370546
0.377671
0.384859
0.392109
0.399420
0.406790
0.414217
0.421699
0.429235
0.436823
0.444461
0.452146
0.459876
0.467650
0.475465
0.483318
0.491208
0.499132
0.507088
0.515072
0.523083
0.531118
0.539174
0.547248
0.555337
0.563439
0.571551
0.579670
0.587793
0.595916
0.604037
0.612152
0.620259
0.628354
0.636434
0.644495
0.652535
0.660550
0.668536
0.676491
0.684411
0.692292
0.700131
0.707925
0.715670
0.723363
0.731000
0.738578
0.746093
0.753541
0.760920
0.768225
0.775454
0.782603
0.789668
0.796645
0.803532
0.810326
0.817022
0.823617
0.830109
0.836493
0.842767
0.848927
0.854971
0.860894
0.866695
0.872369
0.877914
0.883328
0.888607
0.893748
0.898749
0.903607
0.908319
0.912883
0.917296
0.921556
0.925662
0.929609
0.933397
0.937023
0.940485
0.943781
0.946910
0.949870
0.952658
0.955274
0.957716
0.959983
0.962072
0.963985
0.965718
0.967272
0.968645
0.969836
0.970846
0.971672
0.972315
0.972775
0.973052
0.973144
0.973052
0.972776
0.972317
0.971673
0.970847
0.969838
0.968646
0.967273
0.965720
0.963986
0.962074
0.959984
0.957717
0.955276
0.952659
0.949871
0.946912
0.943784
0.940487
0.937026
0.933400
0.929612
0.925665
0.921560
0.917300
0.912887
0.908323
0.903610
0.898753
0.893752
0.888610
0.883332
0.877918
0.872373
0.866698
0.860898
0.854975
0.848931
0.842771
0.836498
0.830113
0.823622
0.817027
0.810331
0.803538
0.796651
0.789673
0.782608
0.775459
0.768231
0.760925
0.753547
0.746099
0.738584
0.731006
0.723370
0.715677
0.707932
0.700138
0.692299
0.684417
0.676498
0.668543
0.660557
0.652542
0.644502
0.636440
0.628361
0.620266
0.612159
0.604044
0.595923
0.587800
0.579677
0.571559
0.563447
0.555345
0.547255
0.539182
0.531126
0.523091
0.515081
0.507096
0.499141
0.491217
0.483327
0.475473
0.467659
0.459885
0.452154
0.444469
0.436832
0.429244
0.421708
0.414226
0.406799
0.399429
0.392118
0.384868
0.377680
0.370556
0.363496
0.356504
0.349580
0.342725
0.335940
0.329227
0.322587
0.316020
0.309528
0.303112
0.296772
0.290510
0.284326
0.278220
0.272194
0.266247
0.260380
0.254594
0.248890
0.243266
0.237725
0.232266
0.226888
0.221593
0.216380
0.211250
0.206201
0.201235
0.196351
0.191549
0.186829
0.182191
0.177633
0.173157
0.168761
0.164445
0.160209
0.156052
0.151974
0.147975
0.144053
0.140208
0.136440
0.132748
0.129131
0.125588
0.122119
0.118723
0.115400
0.112148
0.108967
0.105856
0.102814
0.099841
0.096934
0.094095
0.091321
0.088612
0.085967
0.083384
0.080864
0.078405
0.076006
0.073667
0.071385
0.069161
0.066994
0.064882
0.062825
0.060821
0.058869
0.056970
0.055121
0.053322
0.051572
0.049869
0.048214
0.046604
0.045040
0.043519
0.042042
0.040608
0.039214
0.037862
0.036548
0.035274
0.034038
0.032838
0.031675
0.030547
0.029453
0.028394
0.027367
0.026372
0.025408
0.024475
0.023572
0.022697
0.021851
0.021032
0.020241
0.019475
0.018734
0.018018
0.017327
0.016658
0.016012
0.015389
0.014786
0.014205
0.013644
0.013102
0.012580
0.012076
0.011590
0.011121
0.010669
0.010234
0.009815
0.009410
0.009021
0.008646
0.008286
0.007938
0.007604
0.007282
0.006973
0.006676
0.006390
0.006115
0.005851
0.005597
0.005353
0.005118
0.004893
0.004677
0.004470
0.004271
0.004080
0.003897
0.003721
0.003553
0.003392
0.003237
0.003089
0.002947
0.002811
0.002680
0.002555
0.002436
0.002322
0.002212
0.002108
0.002008
0.001912
0.001821
0.001733
0.001650
0.001570
0.001493
0.001421
0.001351
0.001285
0.001221
0.001161
0.001103
0.001048
0.000996
0.000946
0.000898
0.000853
0.000809
0.000768
0.000729
0.000691
0.000656
0.000622
0.000589
0.000559
0.000530
0.000502
0.000475
0.000450
0.000426
0.000404
0.000382
0.000362
0.000342
0.000324
0.000306
0.000290
0.000274
0.000259
0.000245
0.000231
0.000218
0.000206
0.000195
0.000184
0.000174
0.000164
0.000155
0.000146
0.000138
0.000130
0.000122
0.000115
0.000109
0.000103
0.000097
0.000091
0.000086
0.000081
0.000076
0.000072
0.000067
0.000063
0.000060
0.000056
0.000053
0.000050
0.000047
0.000044
0.000041
0.000039
0.000036
0.000034
0.000032
0.000030
0.000028
0.000026
0.000025
0.000023
0.000022
0.000020
0.000019
0.000018
0.000017
0.000016
0.000015
0.000014
0.000013
0.000012
0.000011
0.000011
0.000010
0.000009
0.000009
0.000008
0.000008
0.000007
0.000007
0.000006
0.000006
0.000005
0.000005
0.000005
0.000004
0.000004
0.000004
0.000004
0.000003
0.000003
0.000003
0.000003
0.000003
0.000002
0.000002
0.000002
0.000002
0.000002
0.000002
0.000002
0.000001
0.000001
0.000001
0.000001
0.000001
0.000001
0.000001
0.000001
0.000001
0.000001
0.000001
0.000001
0.000001
0.000001
0.000001
0.000000
0.000000
0.000000
0.000000
0.000000
0.000000
0.000000
0.000000
0.000000
0.000000
0.000000
0.000000
0.000000
0.000000
0.000000
0.000000
0.000000
0.000000
0.000000
0.000000
0.000000
0.000000
0.000000
0.000000
0.000000
0.000000
0.000000
0.000000
0.000000
0.000000
0.000000
0.000000
0.000000
0.000000
0.000000
0.000000
0.000000
0.000000
0.000000
0.000000
0.000000
0.000000
0.000000
0.000000
0.000000
0.000000
0.000000
0.000000
0.000000
0.000000
0.000000
0.000000
0.000000
0.000000
0.000000
0.000000
0.000000
0.000000
0.000000
0.000000
0.000000
0.000000
0.000000
0.000000
0.000000
0.000000
0.000000
0.000000
0.000000
0.000000
0.000000
0.000000
0.000000
0.000000
0.000000
0.000000
0.000000
0.000000
0.000000
0.000000
0.000000
0.000000
0.000000
0.000000
0.000000
0.000000
0.000000
0.000000
0.000000
0.000000
0.000000
0.000000
0.000000
0.000000
0.000000
0.000000
0.000000
0.000000
0.000000
0.000000
0.000000
0.000000
0.000000
0.000000
0.000000
0.000000
0.000000
0.000000
0.000000
0.000000
0.000000
0.000000
0.000000
0.000000
0.000000
0.000000
0.000000
0.000000
0.000000
0.000000
0.000000
0.000000
0.000000
0.000000
0.000000
0.000000
0.000000
0.000000
0.000000
0.000000
0.000000
0.000000
0.000000
0.000000
0.000000
0.000000
0.000000
0.000000
0.000000
0.000000
0.000000
0.000000
0.000000
0.000000
0.000000
0.000000
0.000000
0.000000
0.000000
0.000000
0.000000
0.000000
0.000000
0.000000
0.000000
0.000000
0.000000
0.000000
0.000000
0.000000
0.000000
0.000000
0.000000
0.000000
0.000000
0.000000
0.000000
0.000000
0.000000
0.000000
0.000000
0.000000
0.000000
0.000000
0.000000
0.000000
0.000000
0.000000
0.000000
0.000000
0.000000
0.000000
0.000000
0.000000
0.000000
0.000000
0.000000
0.000000
0.000000
0.000000
0.000000
0.000000
0.000000
0.000000
0.000000
0.000000
0.000000
0.000000
0.000000
0.000000
0.000000
0.000000
0.000000
0.000000
0.000000
0.000000
0.000000
0.000000
0.000000
0.000000
0.000000
0.000000
0.000000
0.000000
0.000000
0.000000
0.000000
0.000000
0.000000
0.000000
0.000000
0.000000
0.000000
0.000000
0.000000
0.000000
0.000000
0.000000
0.000000
0.000000
0.000000
0.000000
0.000000
0.000000
0.000000
0.000000
0.000000
0.000000
0.000000
0.000000
0.000000
0.000000
0.000000
0.000000
0.000000
0.000000
0.000000
0.000000
0.000000
0.000000
0.000000
0.000000
0.000000
0.000000
0.000000
0.000000
0.000000
0.000000
0.000000
0.000000
0.000000
0.000000
0.000000
0.000000
0.000000
0.000000
0.000000
0.000000
0.000000
0.000000
0.000000
0.000000
0.000000
0.000000
0.000000
0.000000
0.000000
0.000000
0.000000
0.000000
0.000000
0.000000
0.000000
0.000000
0.000000
0.000000
0.000000
0.000000
0.000000
0.000000
0.000000
0.000000
0.000000
0.000000
0.000000
0.000000
0.000000
0.000000
0.000000
0.000000
0.000000
0.000000
0.000000
0.000000
0.000000
0.000000
0.000000
0.000000
0.000000
0.000000
