0.003985
0.007971
0.011959
0.015948
0.019940
0.023936
0.027936
0.031941
0.035952
0.039968
0.043992
0.048023
0.052062
0.056111
0.060168
0.064235
0.068312
0.072402
0.076501
0.080614
0.084737
0.088875
0.093025
0.097190
0.101367
0.105560
0.109766
0.113987
0.118225
0.122475
0.126743
0.131024
0.135324
0.139636
0.143966
0.148310
0.152669
0.157046
0.161434
0.165842
0.170260
0.174696
0.179144
0.183606
0.188083
0.192569
0.197073
0.201583
0.206109
0.210643
0.215186
0.219743
0.224302
0.228874
0.233451
0.238033
0.242624
0.247212
0.251810
0.256407
0.261004
0.265606
0.270200
0.274796
0.279388
0.283971
0.288555
0.293125
0.297688
0.302244
0.306782
0.311313
0.315827
0.320320
0.324804
0.329262
0.333700
0.338122
0.342510
0.346877
0.351221
0.355526
0.359808
0.364057
0.368265
0.372445
0.376586
0.380679
0.384741
0.388758
0.392722
0.396649
0.400526
0.404345
0.408121
0.411844
0.415501
0.419109
0.422663
0.426145
0.429569
0.432937
0.436230
0.439453
0.442620
0.445710
0.448720
0.451666
0.454542
0.457329
0.460039
0.462682
0.465238
0.467702
0.470091
0.472404
0.474620
0.476742
0.478789
0.480751
0.482609
0.484372
0.486056
0.487651
0.489140
0.490527
0.491829
0.493045
0.494152
0.495151
0.496059
0.496881
0.497603
0.498212
0.498714
0.499128
0.499454
0.499675
0.499782
0.499781
0.499688
0.499509
0.499234
0.498846
0.498345
0.497741
0.497048
0.496270
0.495401
0.494430
0.493348
0.492157
0.490866
0.489485
0.488021
0.486476
0.484851
0.483138
0.481336
0.479441
0.477454
0.475374
0.473206
0.470950
0.468609
0.466187
0.463683
0.461101
0.458441
0.455706
0.452897
0.450016
0.447064
0.444043
0.440955
0.437801
0.434584
0.431304
0.427966
0.424568
0.421113
0.417605
0.414043
0.410431
0.406769
0.403061
0.399308
0.395511
0.391673
0.387797
0.383884
0.379936
0.375954
0.371941
0.367899
0.363830
0.359736
0.355620
0.351482
0.347325
0.343151
0.338961
0.334757
0.330544
0.326320
0.322089
0.317851
0.313611
0.309368
0.305126
0.300887
0.296650
0.292419
0.288194
0.283978
0.279773
0.275581
0.271401
0.267239
0.263093
0.258965
0.254858
0.250773
0.246710
0.242674
0.238663
0.234680
0.230725
0.226801
0.222909
0.219049
0.215224
0.211434
0.207680
0.203963
0.200286
0.196649
0.193052
0.189498
0.185985
0.182518
0.179094
0.175717
0.172386
0.169104
0.165868
0.162682
0.159546
0.156460
0.153426
0.150443
0.147512
0.144635
0.141812
0.139043
0.136329
0.133671
0.131068
0.128522
0.126032
0.123600
0.121224
0.118907
0.116649
0.114449
0.112309
0.110227
0.108206
0.106243
0.104342
0.102502
0.100722
0.099002
0.097344
0.095746
0.094211
0.092737
0.091324
0.089974
0.088685
0.087459
0.086295
0.085194
0.084154
0.083178
0.082264
0.081413
0.080625
0.079899
0.079237
0.078637
0.078101
0.077627
0.077217
0.076870
0.076585
0.076364
0.076206
0.076111
0.076079
0.076111
0.076205
0.076362
0.076583
0.076867
0.077215
0.077625
0.078098
0.078635
0.079234
0.079897
0.080623
0.081411
0.082262
0.083176
0.084153
0.085192
0.086293
0.087457
0.088683
0.089971
0.091322
0.092735
0.094209
0.095744
0.097341
0.099000
0.100719
0.102499
0.104340
0.106241
0.108203
0.110225
0.112306
0.114447
0.116646
0.118905
0.121221
0.123595
0.126028
0.128519
0.131065
0.133667
0.136326
0.139040
0.141809
0.144632
0.147509
0.150439
0.153421
0.156456
0.159541
0.162676
0.165862
0.169097
0.172380
0.175710
0.179087
0.182510
0.185978
0.189490
0.193045
0.196641
0.200279
0.203956
0.207672
0.211426
0.215216
0.219042
0.222902
0.226794
0.230718
0.234672
0.238656
0.242667
0.246704
0.250765
0.254851
0.258958
0.263085
0.267231
0.271395
0.275573
0.279766
0.283971
0.288186
0.292411
0.296642
0.300879
0.305120
0.309361
0.313604
0.317844
0.322081
0.326312
0.330536
0.334750
0.338953
0.343142
0.347316
0.351474
0.355611
0.359729
0.363823
0.367892
0.371934
0.375947
0.379929
0.383877
0.387790
0.391667
0.395503
0.399300
0.403053
0.406761
0.410423
0.414035
0.417597
0.421106
0.424561
0.427958
0.431298
0.434578
0.437795
0.440949
0.444037
0.447059
0.450011
0.452892
0.455701
0.458437
0.461098
0.463681
0.466186
0.468611
0.470954
0.473215
0.475391
0.477483
0.479489
0.481407
0.483236
0.484976
0.486624
0.488181
0.489645
0.491014
0.492290
0.493471
0.494555
0.495543
0.496434
0.497227
0.497922
0.498518
0.499015
0.499413
0.499711
0.499909
0.500008
0.500006
0.499905
0.499704
0.499403
0.499003
0.498503
0.497904
0.497207
0.496411
0.495518
0.494527
0.493439
0.492255
0.490976
0.489603
0.488136
0.486575
0.484922
0.483179
0.481346
0.479424
0.477414
0.475318
0.473136
0.470870
0.468521
0.466090
0.463579
0.460990
0.458324
0.455582
0.452766
0.449876
0.446917
0.443888
0.440792
0.437630
0.434403
0.431114
0.427764
0.424355
0.420889
0.417368
0.413794
0.410169
0.406494
0.402772
0.399003
0.395191
0.391337
0.387443
0.383511
0.379544
0.375542
0.371508
0.367444
0.363352
0.359233
0.355090
0.350924
0.346738
0.342534
0.338312
0.334076
0.329827
0.325568
0.321298
0.317022
0.312740
0.308454
0.304166
0.299877
0.295590
0.291306
0.287026
0.282753
0.278488
0.274233
0.269988
0.265756
0.261538
0.257335
0.253149
0.248982
0.244834
0.240707
0.236603
0.232522
0.228465
0.224435
0.220431
0.216456
0.212510
0.208594
0.204709
0.200857
0.197037
0.193252
0.189501
0.185786
0.182107
0.178466
0.174862
0.171297
0.167771
0.164285
0.160839
0.157434
0.154070
0.150748
0.147468
0.144231
0.141036
0.137884
0.134776
0.131712
0.128692
0.125716
0.122784
0.119896
0.117053
0.114254
0.111501
0.108791
0.106127
0.103507
0.100931
0.098400
0.095913
0.093470
0.091071
0.088717
0.086405
0.084137
0.081912
0.079731
0.077591
0.075494
0.073439
0.071426
0.069454
0.067523
0.065632
0.063782
0.061972
0.060200
0.058468
0.056774
0.055119
0.053500
0.051919
0.050375
0.048867
0.047394
0.045957
0.044554
0.043186
0.041851
0.040549
0.039280
0.038043
0.036838
0.035664
0.034520
0.033406
0.032322
0.031267
0.030240
0.029240
0.028269
0.027324
0.026405
0.025512
0.024645
0.023802
0.022984
0.022189
0.021417
0.020668
0.019941
0.019236
0.018553
0.017889
0.017247
0.016624
0.016020
0.015435
0.014868
0.014320
0.013789
0.013275
0.012777
0.012296
0.011830
0.011380
0.010945
0.010524
0.010118
0.009725
0.009346
0.008979
0.008625
0.008284
0.007954
0.007636
0.007330
0.007034
0.006749
0.006474
0.006209
0.005953
0.005707
0.005470
0.005242
0.005023
0.004811
0.004608
0.004412
0.004224
0.004043
0.003869
0.003702
0.003541
0.003387
0.003238
0.003096
0.002959
0.002828
0.002702
0.002581
0.002465
0.002353
0.002247
0.002144
0.002046
0.001953
0.001863
0.001776
0.001694
0.001615
0.001539
0.001467
0.001397
0.001331
0.001268
0.001207
0.001149
0.001094
0.001041
0.000990
0.000942
0.000896
0.000852
0.000810
0.000770
0.000731
0.000695
0.000660
0.000627
0.000595
0.000565
0.000536
0.000509
0.000483
0.000458
0.000434
0.000412
0.000391
0.000370
0.000351
0.000332
0.000315
0.000298
0.000282
0.000267
0.000253
0.000239
0.000226
0.000214
0.000203
0.000192
0.000181
0.000171
0.000162
0.000153
0.000144
0.000136
0.000129
0.000122
0.000115
0.000108
0.000102
0.000096
0.000091
0.000086
0.000081
0.000076
0.000072
0.000068
0.000064
0.000060
0.000056
0.000053
0.000050
0.000047
0.000044
0.000042
0.000039
0.000037
0.000035
0.000033
0.000031
0.000029
0.000027
0.000025
0.000024
0.000022
0.000021
0.000020
0.000018
0.000017
0.000016
0.000015
0.000014
0.000013
0.000013
0.000012
0.000011
0.000010
0.000010
0.000009
0.000008
0.000008
0.000007
0.000007
0.000006
0.000006
0.000006
0.000005
0.000005
0.000005
0.000004
0.000004
0.000004
0.000004
0.000003
0.000003
0.000003
0.000003
0.000002
0.000002
0.000002
0.000002
0.000002
0.000002
0.000002
0.000002
0.000001
0.000001
0.000001
0.000001
0.000001
0.000001
0.000001
0.000001
0.000001
0.000001
0.000001
0.000001
0.000001
0.000001
0.000001
0.000000
0.000000
0.000000
0.000000
0.000000
0.000000
0.000000
0.000000
0.000000
0.000000
0.000000
0.000000
0.000000
0.000000
0.000000
0.000000
0.000000
0.000000
0.000000
0.000000
0.000000
0.000000
0.000000
0.000000
0.000000
0.000000
0.000000
0.000000
0.000000
0.000000
0.000000
0.000000
0.000000
0.000000
0.000000
0.000000
0.000000
0.000000
0.000000
0.000000
0.000000
0.000000
0.000000
0.000000
0.000000
0.000000
0.000000
0.000000
0.000000
0.000000
0.000000
0.000000
0.000000
0.000000
0.000000
0.000000
0.000000
0.000000
0.000000
0.000000
0.000000
0.000000
0.000000
0.000000
0.000000
0.000000
0.000000
0.000000
0.000000
0.000000
0.000000
0.000000
0.000000
0.000000
0.000000
0.000000
0.000000
0.000000
0.000000
0.000000
0.000000
0.000000
0.000000
0.000000
0.000000
0.000000
0.000000
0.000000
0.000000
0.000000
0.000000
0.000000
0.000000
0.000000
0.000000
0.000000
0.000000
0.000000
0.000000
0.000000
0.000000
0.000000
0.000000
0.000000
0.000000
0.000000
0.000000
0.000000
0.000000
0.000000
0.000000
0.000000
0.000000
0.000000
0.000000
0.000000
0.000000
0.000000
0.000000
0.000000
0.000000
0.000000
0.000000
0.000000
0.000000
0.000000
0.000000
0.000000
0.000000
0.000000
0.000000
0.000000
0.000000
0.000000
0.000000
0.000000
0.000000
0.000000
0.000000
0.000000
0.000000
0.000000
0.000000
0.000000
0.000000
0.000000
0.000000
0.000000
0.000000
0.000000
0.000000
0.000000
0.000000
0.000000
0.000000
0.000000
0.000000
0.000000
0.000000
0.000000
0.000000
0.000000
0.000000
0.000000
0.000000
0.000000
0.000000
