0.004027
0.008054
0.012083
0.016113
0.020147
0.024184
0.028225
0.032271
0.036322
0.040380
0.044444
0.048516
0.052595
0.056683
0.060780
0.064887
0.069003
0.073132
0.077270
0.081421
0.085583
0.089759
0.093946
0.098147
0.102363
0.106591
0.110835
0.115090
0.119364
0.123648
0.127951
0.132266
0.136598
0.140944
0.145305
0.149682
0.154071
0.158479
0.162897
0.167333
0.171782
0.176244
0.180721
0.185208
0.189712
0.194224
0.198751
0.203288
0.207833
0.212393
0.216956
0.221533
0.226114
0.230703
0.235300
0.239898
0.244505
0.249111
0.253721
0.258335
0.262943
0.267556
0.272164
0.276767
0.281371
0.285961
0.290550
0.295130
0.299695
0.304256
0.308799
0.313328
0.317846
0.322339
0.326819
0.331280
0.335711
0.340128
0.344515
0.348871
0.353209
0.357508
0.361776
0.366017
0.370214
0.374377
0.378507
0.382587
0.386628
0.390631
0.394578
0.398480
0.402341
0.406140
0.409888
0.413590
0.417227
0.420804
0.424332
0.427791
0.431182
0.434520
0.437788
0.440978
0.444107
0.447170
0.450148
0.453053
0.455894
0.458650
0.461320
0.463920
0.466442
0.468869
0.471212
0.473483
0.475664
0.477744
0.479741
0.481660
0.483481
0.485199
0.486830
0.488381
0.489829
0.491170
0.492419
0.493585
0.494651
0.495606
0.496459
0.497228
0.497905
0.498471
0.498924
0.499282
0.499554
0.499729
0.499794
0.499744
0.499595
0.499360
0.499036
0.498606
0.498061
0.497408
0.496659
0.495826
0.494907
0.493891
0.492768
0.491535
0.490198
0.488766
0.487250
0.485654
0.483978
0.482218
0.480372
0.478435
0.476406
0.474286
0.472078
0.469781
0.467401
0.464939
0.462396
0.459774
0.457077
0.454304
0.451459
0.448542
0.445555
0.442500
0.439378
0.436192
0.432943
0.429633
0.426264
0.422837
0.419355
0.415819
0.412230
0.408593
0.404907
0.401175
0.397400
0.393581
0.389723
0.385827
0.381896
0.377929
0.373930
0.369902
0.365845
0.361762
0.357655
0.353527
0.349377
0.345210
0.341027
0.336828
0.332618
0.328397
0.324167
0.319932
0.315690
0.311447
0.307202
0.302959
0.298718
0.294482
0.290251
0.286028
0.281815
0.277613
0.273425
0.269250
0.265093
0.260953
0.256832
0.252732
0.248655
0.244601
0.240573
0.236572
0.232599
0.228655
0.224742
0.220861
0.217014
0.213201
0.209424
0.205683
0.201980
0.198317
0.194694
0.191112
0.187573
0.184075
0.180623
0.177215
0.173854
0.170539
0.167273
0.164053
0.160884
0.157764
0.154695
0.151678
0.148711
0.145797
0.142937
0.140130
0.137378
0.134680
0.132039
0.129452
0.126922
0.124449
0.122032
0.119673
0.117371
0.115128
0.112944
0.110818
0.108751
0.106744
0.104796
0.102909
0.101081
0.099315
0.097608
0.095962
0.094376
0.092852
0.091390
0.089988
0.088648
0.087370
0.086153
0.084999
0.083906
0.082875
0.081907
0.081000
0.080156
0.079374
0.078654
0.077997
0.077403
0.076870
0.076401
0.075994
0.075650
0.075368
0.075148
0.074992
0.074897
0.074866
0.074897
0.074991
0.075147
0.075366
0.075647
0.075992
0.076399
0.076868
0.077400
0.077995
0.078652
0.079372
0.080154
0.080998
0.081905
0.082873
0.083904
0.084997
0.086151
0.087368
0.088646
0.089986
0.091388
0.092851
0.094375
0.095959
0.097605
0.099312
0.101079
0.102906
0.104794
0.106741
0.108749
0.110816
0.112941
0.115125
0.117369
0.119670
0.122028
0.124444
0.126919
0.129449
0.132035
0.134678
0.137376
0.140127
0.142934
0.145794
0.148707
0.151673
0.154691
0.157759
0.160878
0.164047
0.167266
0.170533
0.173847
0.177209
0.180616
0.184068
0.187565
0.191104
0.194687
0.198310
0.201973
0.205675
0.209416
0.213193
0.217006
0.220854
0.224735
0.228647
0.232591
0.236565
0.240566
0.244594
0.248647
0.252725
0.256824
0.260945
0.265085
0.269244
0.273418
0.277606
0.281808
0.286021
0.290243
0.294474
0.298711
0.302952
0.307195
0.311440
0.315683
0.319924
0.324160
0.328389
0.332610
0.336820
0.341018
0.345201
0.349369
0.353518
0.357647
0.361755
0.365838
0.369894
0.373923
0.377922
0.381888
0.385820
0.389717
0.393574
0.397392
0.401168
0.404899
0.408585
0.412223
0.415811
0.419347
0.422830
0.426256
0.429626
0.432936
0.436185
0.439372
0.442494
0.445549
0.448536
0.451454
0.454300
0.457073
0.459772
0.462394
0.464938
0.467404
0.469788
0.472090
0.474310
0.476444
0.478494
0.480456
0.482330
0.484114
0.485808
0.487411
0.488922
0.490339
0.491662
0.492890
0.494023
0.495059
0.495999
0.496841
0.497585
0.498231
0.498777
0.499225
0.499573
0.499821
0.499970
0.500018
0.499967
0.499816
0.499565
0.499215
0.498764
0.498215
0.497567
0.496821
0.495976
0.495034
0.493994
0.492859
0.491627
0.490301
0.488881
0.487366
0.485759
0.484062
0.482273
0.480396
0.478429
0.476376
0.474237
0.472013
0.469705
0.467315
0.464844
0.462295
0.459667
0.456962
0.454183
0.451330
0.448406
0.445411
0.442348
0.439219
0.436024
0.432766
0.429446
0.426067
0.422629
0.419135
0.415587
0.411988
0.408338
0.404639
0.400893
0.397103
0.393269
0.389395
0.385482
0.381532
0.377547
0.373529
0.369480
0.365401
0.361295
0.357164
0.353010
0.348834
0.344638
0.340425
0.336196
0.331953
0.327699
0.323434
0.319161
0.314881
0.310597
0.306310
0.302021
0.297733
0.293447
0.289165
0.284889
0.280620
0.276359
0.272109
0.267870
0.263645
0.259434
0.255240
0.251063
0.246906
0.242768
0.238652
0.234559
0.230490
0.226447
0.222429
0.218440
0.214479
0.210548
0.206647
0.202779
0.198943
0.195140
0.191372
0.187639
0.183942
0.180282
0.176659
0.173075
0.169529
0.166023
0.162557
0.159131
0.155747
0.152404
0.149103
0.145844
0.142628
0.139455
0.136325
0.133239
0.130197
0.127198
0.124244
0.121334
0.118469
0.115648
0.112872
0.110140
0.107453
0.104811
0.102213
0.099660
0.097151
0.094686
0.092265
0.089888
0.087555
0.085266
0.083019
0.080816
0.078656
0.076538
0.074462
0.072428
0.070435
0.068483
0.066573
0.064702
0.062872
0.061081
0.059329
0.057616
0.055942
0.054305
0.052705
0.051143
0.049616
0.048126
0.046671
0.045251
0.043866
0.042514
0.041196
0.039911
0.038658
0.037437
0.036247
0.035088
0.033959
0.032860
0.031791
0.030750
0.029737
0.028751
0.027793
0.026861
0.025956
0.025076
0.024221
0.023390
0.022583
0.021800
0.021040
0.020302
0.019586
0.018892
0.018218
0.017566
0.016933
0.016319
0.015725
0.015149
0.014592
0.014052
0.013529
0.013024
0.012534
0.012061
0.011603
0.011161
0.010733
0.010319
0.009920
0.009534
0.009161
0.008801
0.008453
0.008118
0.007794
0.007482
0.007180
0.006890
0.006610
0.006340
0.006080
0.005829
0.005588
0.005355
0.005132
0.004916
0.004709
0.004509
0.004317
0.004133
0.003955
0.003785
0.003621
0.003463
0.003312
0.003166
0.003027
0.002893
0.002764
0.002641
0.002522
0.002409
0.002300
0.002195
0.002095
0.001999
0.001907
0.001819
0.001735
0.001654
0.001576
0.001502
0.001432
0.001364
0.001299
0.001237
0.001178
0.001121
0.001067
0.001015
0.000966
0.000919
0.000874
0.000831
0.000790
0.000750
0.000713
0.000677
0.000643
0.000611
0.000580
0.000551
0.000523
0.000496
0.000470
0.000446
0.000423
0.000401
0.000380
0.000360
0.000341
0.000323
0.000306
0.000290
0.000275
0.000260
0.000246
0.000233
0.000220
0.000208
0.000197
0.000186
0.000176
0.000166
0.000157
0.000149
0.000140
0.000132
0.000125
0.000118
0.000111
0.000105
0.000099
0.000094
0.000088
0.000083
0.000078
0.000074
0.000070
0.000066
0.000062
0.000058
0.000055
0.000052
0.000049
0.000046
0.000043
0.000040
0.000038
0.000036
0.000034
0.000032
0.000030
0.000028
0.000026
0.000025
0.000023
0.000022
0.000020
0.000019
0.000018
0.000017
0.000016
0.000015
0.000014
0.000013
0.000012
0.000011
0.000011
0.000010
0.000009
0.000009
0.000008
0.000008
0.000007
0.000007
0.000006
0.000006
0.000005
0.000005
0.000005
0.000004
0.000004
0.000004
0.000004
0.000003
0.000003
0.000003
0.000003
0.000003
0.000002
0.000002
0.000002
0.000002
0.000002
0.000002
0.000002
0.000001
0.000001
0.000001
0.000001
0.000001
0.000001
0.000001
0.000001
0.000001
0.000001
0.000001
0.000001
0.000001
0.000001
0.000001
0.000000
0.000000
0.000000
0.000000
0.000000
0.000000
0.000000
0.000000
0.000000
0.000000
0.000000
0.000000
0.000000
0.000000
0.000000
0.000000
0.000000
0.000000
0.000000
0.000000
0.000000
0.000000
0.000000
0.000000
0.000000
0.000000
0.000000
0.000000
0.000000
0.000000
0.000000
0.000000
0.000000
0.000000
0.000000
0.000000
0.000000
0.000000
0.000000
0.000000
0.000000
0.000000
0.000000
0.000000
0.000000
0.000000
0.000000
0.000000
0.000000
0.000000
0.000000
0.000000
0.000000
0.000000
0.000000
0.000000
0.000000
0.000000
0.000000
0.000000
0.000000
0.000000
0.000000
0.000000
0.000000
0.000000
0.000000
0.000000
0.000000
0.000000
0.000000
0.000000
0.000000
0.000000
0.000000
0.000000
0.000000
0.000000
0.000000
0.000000
0.000000
0.000000
0.000000
0.000000
0.000000
0.000000
0.000000
0.000000
0.000000
0.000000
0.000000
0.000000
0.000000
0.000000
0.000000
0.000000
0.000000
0.000000
0.000000
0.000000
0.000000
0.000000
0.000000
0.000000
0.000000
0.000000
0.000000
0.000000
0.000000
0.000000
0.000000
0.000000
0.000000
0.000000
0.000000
0.000000
0.000000
0.000000
0.000000
0.000000
0.000000
0.000000
0.000000
0.000000
0.000000
0.000000
0.000000
0.000000
0.000000
0.000000
0.000000
0.000000
0.000000
0.000000
0.000000
0.000000
0.000000
0.000000
0.000000
0.000000
0.000000
0.000000
0.000000
0.000000
0.000000
0.000000
0.000000
0.000000
0.000000
0.000000
0.000000
0.000000
0.000000
0.000000
0.000000
0.000000
0.000000
0.000000
0.000000
0.000000
0.000000
0.000000
0.000000
0.000000
0.000000
0.000000
0.000000
