0.004068
0.008137
0.012207
0.016280
0.020354
0.024433
0.028515
0.032602
0.036694
0.040793
0.044898
0.049010
0.053129
0.057258
0.061395
0.065542
0.069698
0.073865
0.078043
0.082231
0.086433
0.090645
0.094872
0.099109
0.103362
0.107626
0.111906
0.116198
0.120505
0.124826
0.129161
0.133512
0.137875
0.142256
0.146648
0.151057
0.155478
0.159915
0.164365
0.168828
0.173307
0.177796
0.182301
0.186815
0.191344
0.195883
0.200432
0.204994
0.209562
0.214143
0.218729
0.223324
0.227928
0.232533
0.237150
0.241765
0.246386
0.251011
0.255633
0.260261
0.264883
0.269505
0.274127
0.278738
0.283350
0.287951
0.292543
0.297131
0.301700
0.306263
0.310812
0.315340
0.319859
0.324354
0.328830
0.333290
0.337719
0.342127
0.346512
0.350860
0.355187
0.359482
0.363737
0.367966
0.372155
0.376301
0.380416
0.384485
0.388505
0.392490
0.396423
0.400302
0.404141
0.407923
0.411644
0.415321
0.418937
0.422486
0.425984
0.429421
0.432783
0.436085
0.439327
0.442488
0.445579
0.448608
0.451557
0.454424
0.457225
0.459950
0.462583
0.465139
0.467623
0.470016
0.472315
0.474539
0.476682
0.478725
0.480674
0.482545
0.484327
0.486003
0.487584
0.489084
0.490492
0.491790
0.492987
0.494100
0.495123
0.496035
0.496839
0.497552
0.498178
0.498702
0.499110
0.499414
0.499629
0.499756
0.499777
0.499682
0.499481
0.499189
0.498812
0.498336
0.497750
0.497051
0.496249
0.495360
0.494388
0.493325
0.492161
0.490888
0.489507
0.488027
0.486459
0.484811
0.483084
0.481276
0.479385
0.477405
0.475336
0.473176
0.470927
0.468591
0.466172
0.463670
0.461088
0.458429
0.455694
0.452885
0.450003
0.447051
0.444029
0.440939
0.437785
0.434567
0.431286
0.427947
0.424548
0.421092
0.417583
0.414019
0.410406
0.406743
0.403033
0.399278
0.395481
0.391641
0.387763
0.383848
0.379898
0.375915
0.371900
0.367856
0.363784
0.359688
0.355569
0.351428
0.347269
0.343092
0.338899
0.334693
0.330476
0.326248
0.322014
0.317773
0.313529
0.309282
0.305036
0.300792
0.296551
0.292315
0.288086
0.283865
0.279655
0.275457
0.271272
0.267103
0.262952
0.258818
0.254703
0.250612
0.246542
0.242498
0.238479
0.234488
0.230525
0.226592
0.222691
0.218822
0.214987
0.211187
0.207423
0.203695
0.200007
0.196358
0.192750
0.189183
0.185658
0.182177
0.178739
0.175348
0.172002
0.168705
0.165454
0.162251
0.159098
0.155995
0.152943
0.149942
0.146992
0.144095
0.141252
0.138462
0.135727
0.133046
0.130421
0.127851
0.125337
0.122879
0.120479
0.118136
0.115850
0.113622
0.111453
0.109342
0.107290
0.105297
0.103364
0.101490
0.099676
0.097923
0.096229
0.094595
0.093022
0.091510
0.090058
0.088668
0.087338
0.086070
0.084864
0.083718
0.082634
0.081611
0.080651
0.079752
0.078914
0.078139
0.077426
0.076773
0.076184
0.075656
0.075191
0.074787
0.074446
0.074167
0.073948
0.073793
0.073700
0.073669
0.073699
0.073792
0.073947
0.074164
0.074443
0.074785
0.075188
0.075654
0.076182
0.076772
0.077423
0.078137
0.078912
0.079749
0.080649
0.081610
0.082632
0.083716
0.084861
0.086069
0.087336
0.088666
0.090057
0.091508
0.093020
0.094593
0.096226
0.097919
0.099674
0.101487
0.103362
0.105294
0.107288
0.109340
0.111450
0.113620
0.115847
0.118133
0.120475
0.122876
0.125333
0.127848
0.130417
0.133043
0.135724
0.138460
0.141249
0.144092
0.146989
0.149938
0.152938
0.155990
0.159093
0.162245
0.165447
0.168698
0.171996
0.175341
0.178733
0.182169
0.185650
0.189175
0.192742
0.196350
0.200000
0.203688
0.207415
0.211179
0.214979
0.218814
0.222684
0.226584
0.230518
0.234480
0.238472
0.242491
0.246535
0.250604
0.254696
0.258810
0.262943
0.267096
0.271265
0.275449
0.279647
0.283858
0.288078
0.292307
0.296543
0.300785
0.305030
0.309276
0.313522
0.317766
0.322006
0.326241
0.330468
0.334684
0.338890
0.343083
0.347260
0.351420
0.355560
0.359680
0.363777
0.367848
0.371892
0.375907
0.379891
0.383841
0.387756
0.391634
0.395473
0.399271
0.403026
0.406735
0.410398
0.414012
0.417575
0.421085
0.424540
0.427939
0.431280
0.434560
0.437779
0.440934
0.444023
0.447045
0.449997
0.452880
0.455690
0.458426
0.461087
0.463671
0.466177
0.468601
0.470945
0.473207
0.475384
0.477476
0.479483
0.481401
0.483230
0.484970
0.486619
0.488175
0.489639
0.491010
0.492286
0.493467
0.494551
0.495540
0.496431
0.497224
0.497919
0.498515
0.499012
0.499410
0.499708
0.499907
0.500005
0.500004
0.499903
0.499702
0.499402
0.499001
0.498501
0.497902
0.497205
0.496410
0.495517
0.494526
0.493438
0.492254
0.490976
0.489602
0.488135
0.486574
0.484921
0.483178
0.481345
0.479423
0.477413
0.475317
0.473136
0.470869
0.468520
0.466089
0.463579
0.460990
0.458324
0.455582
0.452765
0.449876
0.446917
0.443888
0.440792
0.437629
0.434403
0.431114
0.427764
0.424355
0.420889
0.417368
0.413794
0.410169
0.406494
0.402772
0.399003
0.395191
0.391337
0.387443
0.383511
0.379544
0.375542
0.371508
0.367444
0.363351
0.359233
0.355090
0.350924
0.346738
0.342534
0.338312
0.334076
0.329827
0.325568
0.321298
0.317022
0.312740
0.308454
0.304165
0.299877
0.295590
0.291306
0.287026
0.282753
0.278488
0.274233
0.269988
0.265756
0.261538
0.257335
0.253149
0.248982
0.244834
0.240707
0.236603
0.232522
0.228465
0.224435
0.220431
0.216456
0.212510
0.208594
0.204709
0.200857
0.197037
0.193252
0.189501
0.185786
0.182107
0.178466
0.174862
0.171297
0.167771
0.164285
0.160839
0.157434
0.154070
0.150748
0.147468
0.144231
0.141036
0.137884
0.134777
0.131712
0.128692
0.125716
0.122784
0.119896
0.117053
0.114254
0.111501
0.108791
0.106127
0.103507
0.100931
0.098400
0.095913
0.093470
0.091071
0.088717
0.086405
0.084137
0.081912
0.079731
0.077591
0.075494
0.073439
0.071426
0.069454
0.067523
0.065632
0.063782
0.061972
0.060200
0.058468
0.056774
0.055119
0.053500
0.051919
0.050375
0.048867
0.047394
0.045957
0.044554
0.043186
0.041851
0.040549
0.039280
0.038043
0.036838
0.035664
0.034520
0.033406
0.032322
0.031267
0.030240
0.029241
0.028269
0.027324
0.026405
0.025513
0.024645
0.023802
0.022984
0.022189
0.021417
0.020668
0.019941
0.019236
0.018553
0.017889
0.017247
0.016624
0.016020
0.015435
0.014868
0.014320
0.013789
0.013275
0.012777
0.012296
0.011830
0.011380
0.010945
0.010524
0.010118
0.009725
0.009346
0.008979
0.008625
0.008284
0.007954
0.007636
0.007330
0.007034
0.006749
0.006474
0.006209
0.005953
0.005707
0.005470
0.005242
0.005023
0.004811
0.004608
0.004412
0.004224
0.004043
0.003869
0.003702
0.003541
0.003387
0.003238
0.003096
0.002959
0.002828
0.002702
0.002581
0.002465
0.002353
0.002247
0.002145
0.002046
0.001953
0.001863
0.001776
0.001694
0.001615
0.001539
0.001467
0.001397
0.001331
0.001268
0.001207
0.001149
0.001094
0.001041
0.000990
0.000942
0.000896
0.000852
0.000810
0.000770
0.000731
0.000695
0.000660
0.000627
0.000595
0.000565
0.000536
0.000509
0.000483
0.000458
0.000434
0.000412
0.000391
0.000370
0.000351
0.000332
0.000315
0.000298
0.000282
0.000267
0.000253
0.000239
0.000226
0.000214
0.000203
0.000192
0.000181
0.000171
0.000162
0.000153
0.000144
0.000136
0.000129
0.000122
0.000115
0.000108
0.000102
0.000096
0.000091
0.000086
0.000081
0.000076
0.000072
0.000068
0.000064
0.000060
0.000056
0.000053
0.000050
0.000047
0.000044
0.000042
0.000039
0.000037
0.000035
0.000033
0.000031
0.000029
0.000027
0.000025
0.000024
0.000022
0.000021
0.000020
0.000018
0.000017
0.000016
0.000015
0.000014
0.000013
0.000013
0.000012
0.000011
0.000010
0.000010
0.000009
0.000008
0.000008
0.000007
0.000007
0.000006
0.000006
0.000006
0.000005
0.000005
0.000005
0.000004
0.000004
0.000004
0.000004
0.000003
0.000003
0.000003
0.000003
0.000002
0.000002
0.000002
0.000002
0.000002
0.000002
0.000002
0.000002
0.000001
0.000001
0.000001
0.000001
0.000001
0.000001
0.000001
0.000001
0.000001
0.000001
0.000001
0.000001
0.000001
0.000001
0.000001
0.000000
0.000000
0.000000
0.000000
0.000000
0.000000
0.000000
0.000000
0.000000
0.000000
0.000000
0.000000
0.000000
0.000000
0.000000
0.000000
0.000000
0.000000
0.000000
0.000000
0.000000
0.000000
0.000000
0.000000
0.000000
0.000000
0.000000
0.000000
0.000000
0.000000
0.000000
0.000000
0.000000
0.000000
0.000000
0.000000
0.000000
0.000000
0.000000
0.000000
0.000000
0.000000
0.000000
0.000000
0.000000
0.000000
0.000000
0.000000
0.000000
0.000000
0.000000
0.000000
0.000000
0.000000
0.000000
0.000000
0.000000
0.000000
0.000000
0.000000
0.000000
0.000000
0.000000
0.000000
0.000000
0.000000
0.000000
0.000000
0.000000
0.000000
0.000000
0.000000
0.000000
0.000000
0.000000
0.000000
0.000000
0.000000
0.000000
0.000000
0.000000
0.000000
0.000000
0.000000
0.000000
0.000000
0.000000
0.000000
0.000000
0.000000
0.000000
0.000000
0.000000
0.000000
0.000000
0.000000
0.000000
0.000000
0.000000
0.000000
0.000000
0.000000
0.000000
0.000000
0.000000
0.000000
0.000000
0.000000
0.000000
0.000000
0.000000
0.000000
0.000000
0.000000
0.000000
0.000000
0.000000
0.000000
0.000000
0.000000
0.000000
0.000000
0.000000
0.000000
0.000000
0.000000
0.000000
0.000000
0.000000
0.000000
0.000000
0.000000
0.000000
0.000000
0.000000
0.000000
0.000000
0.000000
0.000000
0.000000
0.000000
0.000000
0.000000
0.000000
0.000000
0.000000
0.000000
0.000000
0.000000
0.000000
0.000000
0.000000
0.000000
0.000000
0.000000
0.000000
0.000000
0.000000
0.000000
0.000000
0.000000
0.000000
0.000000
0.000000
0.000000
0.000000
