0.004110
0.008220
0.012332
0.016446
0.020563
0.024683
0.028806
0.032935
0.037068
0.041208
0.045353
0.049506
0.053667
0.057835
0.062012
0.066198
0.070395
0.074600
0.078818
0.083045
0.087285
0.091535
0.095800
0.100074
0.104364
0.108665
0.112980
0.117309
0.121650
0.126007
0.130376
0.134761
0.139157
0.143571
0.147995
0.152435
0.156888
0.161354
0.165836
0.170327
0.174835
0.179352
0.183884
0.188426
0.192978
0.197544
0.202116
0.206702
0.211294
0.215895
0.220505
0.225118
0.229742
0.234367
0.238999
0.243634
0.248269
0.252910
0.257546
0.262186
0.266823
0.271454
0.276087
0.280709
0.285326
0.289938
0.294535
0.299128
0.303704
0.308267
0.312821
0.317350
0.321866
0.326365
0.330836
0.335292
0.339721
0.344120
0.348500
0.352844
0.357158
0.361446
0.365692
0.369904
0.374085
0.378217
0.382313
0.386371
0.390373
0.394336
0.398254
0.402113
0.405926
0.409690
0.413389
0.417036
0.420631
0.424156
0.427621
0.431032
0.434368
0.437635
0.440845
0.443980
0.447034
0.450027
0.452947
0.455778
0.458537
0.461227
0.463827
0.466340
0.468781
0.471139
0.473400
0.475576
0.477676
0.479682
0.481587
0.483407
0.485146
0.486784
0.488318
0.489765
0.491127
0.492385
0.493535
0.494593
0.495566
0.496438
0.497195
0.497854
0.498426
0.498904
0.499270
0.499524
0.499683
0.499756
0.499731
0.499594
0.499344
0.498997
0.498563
0.498039
0.497410
0.496668
0.495818
0.494874
0.493847
0.492734
0.491527
0.490213
0.488790
0.487265
0.485648
0.483948
0.482170
0.480314
0.478376
0.476354
0.474243
0.472044
0.469755
0.467381
0.464923
0.462382
0.459762
0.457064
0.454292
0.451447
0.448529
0.445541
0.442485
0.439363
0.436176
0.432926
0.429615
0.426246
0.422817
0.419334
0.415797
0.412207
0.408569
0.404881
0.401148
0.397371
0.393551
0.389692
0.385794
0.381861
0.377893
0.373892
0.369862
0.365803
0.361717
0.357608
0.353477
0.349325
0.345155
0.340969
0.336768
0.332554
0.328331
0.324098
0.319859
0.315614
0.311366
0.307118
0.302871
0.298626
0.294385
0.290150
0.285922
0.281705
0.277498
0.273304
0.269123
0.264961
0.260815
0.256688
0.252581
0.248497
0.244436
0.240401
0.236392
0.232411
0.228459
0.224538
0.220648
0.216791
0.212969
0.209182
0.205431
0.201718
0.198044
0.194409
0.190816
0.187264
0.183754
0.180289
0.176867
0.173492
0.170163
0.166882
0.163647
0.160462
0.157325
0.154239
0.151204
0.148220
0.145287
0.142407
0.139580
0.136808
0.134089
0.131426
0.128817
0.126263
0.123765
0.121324
0.118940
0.116613
0.114343
0.112131
0.109976
0.107881
0.105844
0.103865
0.101946
0.100087
0.098286
0.096545
0.094865
0.093243
0.091683
0.090182
0.088742
0.087363
0.086044
0.084786
0.083589
0.082452
0.081377
0.080363
0.079411
0.078519
0.077688
0.076919
0.076212
0.075565
0.074981
0.074457
0.073996
0.073596
0.073258
0.072981
0.072764
0.072610
0.072518
0.072487
0.072517
0.072609
0.072762
0.072978
0.073255
0.073594
0.073994
0.074455
0.074978
0.075563
0.076209
0.076917
0.077686
0.078516
0.079408
0.080361
0.081375
0.082451
0.083587
0.084784
0.086042
0.087361
0.088740
0.090181
0.091681
0.093241
0.094861
0.096542
0.098283
0.100084
0.101944
0.103863
0.105841
0.107878
0.109974
0.112128
0.114340
0.116610
0.118937
0.121321
0.123762
0.126260
0.128813
0.131422
0.134086
0.136805
0.139577
0.142404
0.145283
0.148215
0.151199
0.154234
0.157320
0.160455
0.163641
0.166875
0.170157
0.173485
0.176861
0.180281
0.183747
0.187255
0.190808
0.194401
0.198036
0.201710
0.205423
0.209174
0.212961
0.216783
0.220641
0.224530
0.228452
0.232403
0.236385
0.240393
0.244429
0.248489
0.252573
0.256680
0.260807
0.264953
0.269117
0.273296
0.277490
0.281697
0.285915
0.290142
0.294378
0.298619
0.302865
0.307112
0.311360
0.315607
0.319851
0.324090
0.328323
0.332546
0.336759
0.340960
0.345146
0.349317
0.353468
0.357600
0.361710
0.365795
0.369854
0.373884
0.377885
0.381853
0.385787
0.389685
0.393544
0.397364
0.401141
0.404874
0.408561
0.412200
0.415789
0.419326
0.422810
0.426238
0.429608
0.432920
0.436170
0.439357
0.442480
0.445536
0.448524
0.451442
0.454288
0.457062
0.459761
0.462384
0.464929
0.467395
0.469780
0.472083
0.474302
0.476438
0.478487
0.480450
0.482324
0.484109
0.485803
0.487406
0.488917
0.490334
0.491658
0.492886
0.494019
0.495056
0.495996
0.496838
0.497582
0.498228
0.498775
0.499223
0.499570
0.499819
0.499968
0.500016
0.499965
0.499814
0.499563
0.499213
0.498763
0.498214
0.497566
0.496820
0.495975
0.495033
0.493993
0.492858
0.491626
0.490300
0.488880
0.487365
0.485759
0.484061
0.482273
0.480395
0.478429
0.476376
0.474237
0.472013
0.469705
0.467315
0.464844
0.462294
0.459667
0.456962
0.454183
0.451330
0.448405
0.445411
0.442348
0.439219
0.436024
0.432766
0.429446
0.426066
0.422628
0.419135
0.415587
0.411988
0.408337
0.404639
0.400893
0.397103
0.393269
0.389395
0.385482
0.381532
0.377547
0.373529
0.369480
0.365401
0.361295
0.357164
0.353010
0.348833
0.344638
0.340425
0.336196
0.331953
0.327699
0.323434
0.319161
0.314881
0.310597
0.306310
0.302021
0.297733
0.293447
0.289165
0.284889
0.280620
0.276359
0.272109
0.267870
0.263645
0.259434
0.255240
0.251063
0.246906
0.242768
0.238652
0.234559
0.230490
0.226447
0.222429
0.218440
0.214479
0.210548
0.206647
0.202779
0.198943
0.195140
0.191372
0.187639
0.183942
0.180282
0.176659
0.173075
0.169529
0.166023
0.162557
0.159131
0.155747
0.152404
0.149103
0.145844
0.142628
0.139455
0.136325
0.133239
0.130197
0.127198
0.124244
0.121334
0.118469
0.115648
0.112872
0.110140
0.107453
0.104811
0.102213
0.099660
0.097151
0.094686
0.092265
0.089888
0.087555
0.085266
0.083019
0.080816
0.078656
0.076538
0.074462
0.072428
0.070435
0.068483
0.066573
0.064702
0.062872
0.061081
0.059329
0.057616
0.055942
0.054305
0.052705
0.051143
0.049616
0.048126
0.046671
0.045251
0.043866
0.042514
0.041196
0.039911
0.038658
0.037437
0.036247
0.035088
0.033959
0.032860
0.031791
0.030750
0.029737
0.028751
0.027793
0.026861
0.025956
0.025076
0.024221
0.023390
0.022583
0.021800
0.021040
0.020302
0.019586
0.018892
0.018218
0.017566
0.016933
0.016319
0.015725
0.015149
0.014592
0.014052
0.013529
0.013024
0.012534
0.012061
0.011603
0.011161
0.010733
0.010319
0.009920
0.009534
0.009161
0.008801
0.008453
0.008118
0.007794
0.007482
0.007180
0.006890
0.006610
0.006340
0.006080
0.005829
0.005588
0.005355
0.005132
0.004916
0.004709
0.004509
0.004317
0.004133
0.003955
0.003785
0.003621
0.003463
0.003312
0.003166
0.003027
0.002893
0.002764
0.002641
0.002522
0.002409
0.002300
0.002195
0.002095
0.001999
0.001907
0.001819
0.001735
0.001654
0.001576
0.001502
0.001432
0.001364
0.001299
0.001237
0.001178
0.001121
0.001067
0.001015
0.000966
0.000919
0.000874
0.000831
0.000790
0.000750
0.000713
0.000677
0.000643
0.000611
0.000580
0.000551
0.000523
0.000496
0.000470
0.000446
0.000423
0.000401
0.000380
0.000360
0.000341
0.000323
0.000306
0.000290
0.000275
0.000260
0.000246
0.000233
0.000220
0.000208
0.000197
0.000186
0.000176
0.000166
0.000157
0.000149
0.000140
0.000132
0.000125
0.000118
0.000111
0.000105
0.000099
0.000094
0.000088
0.000083
0.000078
0.000074
0.000070
0.000066
0.000062
0.000058
0.000055
0.000052
0.000049
0.000046
0.000043
0.000040
0.000038
0.000036
0.000034
0.000032
0.000030
0.000028
0.000026
0.000025
0.000023
0.000022
0.000020
0.000019
0.000018
0.000017
0.000016
0.000015
0.000014
0.000013
0.000012
0.000011
0.000011
0.000010
0.000009
0.000009
0.000008
0.000008
0.000007
0.000007
0.000006
0.000006
0.000005
0.000005
0.000005
0.000004
0.000004
0.000004
0.000004
0.000003
0.000003
0.000003
0.000003
0.000003
0.000002
0.000002
0.000002
0.000002
0.000002
0.000002
0.000002
0.000001
0.000001
0.000001
0.000001
0.000001
0.000001
0.000001
0.000001
0.000001
0.000001
0.000001
0.000001
0.000001
0.000001
0.000001
0.000000
0.000000
0.000000
0.000000
0.000000
0.000000
0.000000
0.000000
0.000000
0.000000
0.000000
0.000000
0.000000
0.000000
0.000000
0.000000
0.000000
0.000000
0.000000
0.000000
0.000000
0.000000
0.000000
0.000000
0.000000
0.000000
0.000000
0.000000
0.000000
0.000000
0.000000
0.000000
0.000000
0.000000
0.000000
0.000000
0.000000
0.000000
0.000000
0.000000
0.000000
0.000000
0.000000
0.000000
0.000000
0.000000
0.000000
0.000000
0.000000
0.000000
0.000000
0.000000
0.000000
0.000000
0.000000
0.000000
0.000000
0.000000
0.000000
0.000000
0.000000
0.000000
0.000000
0.000000
0.000000
0.000000
0.000000
0.000000
0.000000
0.000000
0.000000
0.000000
0.000000
0.000000
0.000000
0.000000
0.000000
0.000000
0.000000
0.000000
0.000000
0.000000
0.000000
0.000000
0.000000
0.000000
0.000000
0.000000
0.000000
0.000000
0.000000
0.000000
0.000000
0.000000
0.000000
0.000000
0.000000
0.000000
0.000000
0.000000
0.000000
0.000000
0.000000
0.000000
0.000000
0.000000
0.000000
0.000000
0.000000
0.000000
0.000000
0.000000
0.000000
0.000000
0.000000
0.000000
0.000000
0.000000
0.000000
0.000000
0.000000
0.000000
0.000000
0.000000
0.000000
0.000000
0.000000
0.000000
0.000000
0.000000
0.000000
0.000000
0.000000
0.000000
0.000000
0.000000
0.000000
0.000000
0.000000
0.000000
0.000000
0.000000
0.000000
0.000000
0.000000
0.000000
0.000000
0.000000
0.000000
0.000000
0.000000
0.000000
0.000000
0.000000
0.000000
0.000000
0.000000
0.000000
0.000000
0.000000
0.000000
0.000000
0.000000
0.000000
0.000000
0.000000
