0.004152
0.008304
0.012458
0.016614
0.020772
0.024933
0.029099
0.033268
0.037444
0.041624
0.045811
0.050004
0.054206
0.058414
0.062632
0.066858
0.071094
0.075339
0.079596
0.083861
0.088140
0.092429
0.096730
0.101043
0.105369
0.109708
0.114058
0.118424
0.122799
0.127192
0.131594
0.136013
0.140444
0.144888
0.149347
0.153816
0.158302
0.162797
0.167309
0.171830
0.176365
0.180912
0.185468
0.190039
0.194615
0.199207
0.203804
0.208412
0.213028
0.217649
0.222281
0.226914
0.231557
0.236202
0.240849
0.245503
0.250153
0.254808
0.259461
0.264110
0.268762
0.273403
0.278045
0.282679
0.287301
0.291922
0.296525
0.301120
0.305705
0.310268
0.314823
0.319357
0.323869
0.328369
0.332839
0.337288
0.341716
0.346108
0.350479
0.354820
0.359122
0.363399
0.367638
0.371835
0.376003
0.380124
0.384201
0.388243
0.392232
0.396171
0.400071
0.403913
0.407699
0.411441
0.415121
0.418739
0.422308
0.425811
0.429244
0.432624
0.435936
0.439171
0.442345
0.445452
0.448475
0.451427
0.454314
0.457114
0.459831
0.462481
0.465049
0.467523
0.469918
0.472238
0.474463
0.476593
0.478646
0.480614
0.482479
0.484249
0.485940
0.487539
0.489030
0.490424
0.491737
0.492953
0.494060
0.495065
0.495985
0.496811
0.497527
0.498134
0.498650
0.499078
0.499402
0.499610
0.499715
0.499731
0.499657
0.499478
0.499183
0.498783
0.498292
0.497716
0.497043
0.496258
0.495363
0.494367
0.493284
0.492120
0.490866
0.489511
0.488048
0.486481
0.484817
0.483066
0.481237
0.479331
0.477346
0.475280
0.473128
0.470889
0.468562
0.466149
0.463653
0.461074
0.458416
0.455681
0.452872
0.449991
0.447038
0.444015
0.440926
0.437770
0.434551
0.431270
0.427929
0.424530
0.421073
0.417562
0.413998
0.410383
0.406720
0.403008
0.399252
0.395453
0.391612
0.387733
0.383816
0.379864
0.375879
0.371862
0.367817
0.363743
0.359644
0.355523
0.351380
0.347218
0.343038
0.338843
0.334634
0.330414
0.326184
0.321946
0.317702
0.313454
0.309204
0.304954
0.300706
0.296460
0.292221
0.287987
0.283761
0.279547
0.275344
0.271154
0.266979
0.262822
0.258683
0.254562
0.250464
0.246388
0.242336
0.238311
0.234312
0.230342
0.226400
0.222491
0.218613
0.214769
0.210960
0.207186
0.203448
0.199750
0.196090
0.192471
0.188892
0.185356
0.181861
0.178412
0.175007
0.171648
0.168336
0.165070
0.161852
0.158684
0.155564
0.152496
0.149477
0.146510
0.143594
0.140732
0.137922
0.135167
0.132465
0.129819
0.127226
0.124689
0.122208
0.119784
0.117415
0.115105
0.112851
0.110654
0.108515
0.106434
0.104412
0.102448
0.100544
0.098698
0.096911
0.095183
0.093516
0.091907
0.090359
0.088870
0.087441
0.086072
0.084764
0.083517
0.082329
0.081202
0.080136
0.079131
0.078185
0.077301
0.076478
0.075715
0.075014
0.074373
0.073793
0.073274
0.072816
0.072420
0.072084
0.071810
0.071595
0.071442
0.071351
0.071320
0.071350
0.071441
0.071594
0.071807
0.072082
0.072417
0.072814
0.073272
0.073791
0.074370
0.075011
0.075713
0.076475
0.077299
0.078183
0.079128
0.080134
0.081201
0.082328
0.083515
0.084763
0.086071
0.087439
0.088868
0.090356
0.091905
0.093512
0.095180
0.096908
0.098695
0.100541
0.102446
0.104409
0.106432
0.108512
0.110651
0.112847
0.115101
0.117413
0.119781
0.122205
0.124686
0.127223
0.129815
0.132462
0.135164
0.137920
0.140729
0.143591
0.146506
0.149472
0.152490
0.155559
0.158678
0.161846
0.165063
0.168329
0.171641
0.175001
0.178405
0.181854
0.185347
0.188884
0.192463
0.196083
0.199743
0.203441
0.207178
0.210951
0.214761
0.218605
0.222483
0.226393
0.230334
0.234304
0.238303
0.242329
0.246380
0.250456
0.254555
0.258674
0.262814
0.266972
0.271147
0.275336
0.279539
0.283754
0.287979
0.292213
0.296454
0.300700
0.304948
0.309198
0.313447
0.317695
0.321938
0.326175
0.330405
0.334626
0.338834
0.343029
0.347210
0.351372
0.355514
0.359636
0.363735
0.367808
0.371854
0.375871
0.379857
0.383808
0.387726
0.391605
0.395445
0.399245
0.403001
0.406711
0.410375
0.413990
0.417554
0.421066
0.424522
0.427922
0.431264
0.434545
0.437764
0.440920
0.444009
0.447032
0.449986
0.452868
0.455679
0.458416
0.461078
0.463662
0.466168
0.468594
0.470938
0.473200
0.475377
0.477470
0.479477
0.481395
0.483225
0.484965
0.486614
0.488171
0.489635
0.491006
0.492282
0.493463
0.494548
0.495536
0.496428
0.497221
0.497916
0.498513
0.499010
0.499408
0.499706
0.499905
0.500004
0.500002
0.499901
0.499700
0.499400
0.499000
0.498500
0.497901
0.497204
0.496409
0.495515
0.494525
0.493437
0.492253
0.490974
0.489601
0.488134
0.486573
0.484921
0.483178
0.481345
0.479423
0.477413
0.475317
0.473135
0.470869
0.468520
0.466089
0.463579
0.460990
0.458324
0.455582
0.452765
0.449876
0.446916
0.443888
0.440791
0.437629
0.434402
0.431113
0.427763
0.424354
0.420888
0.417368
0.413794
0.410169
0.406494
0.402772
0.399003
0.395191
0.391337
0.387443
0.383511
0.379544
0.375542
0.371508
0.367444
0.363351
0.359232
0.355089
0.350924
0.346738
0.342533
0.338312
0.334076
0.329827
0.325567
0.321298
0.317022
0.312740
0.308454
0.304166
0.299877
0.295590
0.291306
0.287026
0.282753
0.278488
0.274233
0.269988
0.265756
0.261538
0.257335
0.253149
0.248982
0.244834
0.240707
0.236603
0.232521
0.228465
0.224435
0.220431
0.216456
0.212509
0.208594
0.204709
0.200857
0.197037
0.193252
0.189501
0.185786
0.182107
0.178466
0.174862
0.171297
0.167771
0.164285
0.160839
0.157434
0.154070
0.150748
0.147468
0.144231
0.141036
0.137885
0.134776
0.131712
0.128692
0.125716
0.122784
0.119896
0.117053
0.114254
0.111501
0.108791
0.106127
0.103507
0.100931
0.098400
0.095913
0.093470
0.091071
0.088717
0.086405
0.084137
0.081912
0.079731
0.077591
0.075494
0.073439
0.071426
0.069454
0.067523
0.065633
0.063782
0.061972
0.060200
0.058468
0.056774
0.055119
0.053500
0.051919
0.050375
0.048867
0.047394
0.045957
0.044554
0.043186
0.041851
0.040549
0.039280
0.038043
0.036838
0.035664
0.034520
0.033406
0.032322
0.031267
0.030240
0.029241
0.028269
0.027324
0.026405
0.025513
0.024645
0.023802
0.022984
0.022189
0.021417
0.020668
0.019941
0.019236
0.018553
0.017889
0.017247
0.016624
0.016020
0.015435
0.014868
0.014320
0.013789
0.013275
0.012777
0.012296
0.011830
0.011380
0.010945
0.010524
0.010118
0.009725
0.009346
0.008979
0.008625
0.008284
0.007954
0.007636
0.007330
0.007034
0.006749
0.006474
0.006209
0.005953
0.005707
0.005470
0.005242
0.005023
0.004811
0.004608
0.004412
0.004224
0.004043
0.003869
0.003702
0.003541
0.003387
0.003238
0.003096
0.002959
0.002828
0.002702
0.002581
0.002465
0.002353
0.002247
0.002145
0.002046
0.001953
0.001863
0.001776
0.001694
0.001615
0.001539
0.001467
0.001397
0.001331
0.001268
0.001207
0.001149
0.001094
0.001041
0.000990
0.000942
0.000896
0.000852
0.000810
0.000770
0.000731
0.000695
0.000660
0.000627
0.000595
0.000565
0.000536
0.000509
0.000483
0.000458
0.000434
0.000412
0.000391
0.000370
0.000351
0.000332
0.000315
0.000298
0.000282
0.000267
0.000253
0.000239
0.000226
0.000214
0.000203
0.000192
0.000181
0.000171
0.000162
0.000153
0.000144
0.000136
0.000129
0.000122
0.000115
0.000108
0.000102
0.000096
0.000091
0.000086
0.000081
0.000076
0.000072
0.000068
0.000064
0.000060
0.000056
0.000053
0.000050
0.000047
0.000044
0.000042
0.000039
0.000037
0.000035
0.000033
0.000031
0.000029
0.000027
0.000025
0.000024
0.000022
0.000021
0.000020
0.000018
0.000017
0.000016
0.000015
0.000014
0.000013
0.000013
0.000012
0.000011
0.000010
0.000010
0.000009
0.000008
0.000008
0.000007
0.000007
0.000006
0.000006
0.000006
0.000005
0.000005
0.000005
0.000004
0.000004
0.000004
0.000004
0.000003
0.000003
0.000003
0.000003
0.000002
0.000002
0.000002
0.000002
0.000002
0.000002
0.000002
0.000002
0.000001
0.000001
0.000001
0.000001
0.000001
0.000001
0.000001
0.000001
0.000001
0.000001
0.000001
0.000001
0.000001
0.000001
0.000001
0.000000
0.000000
0.000000
0.000000
0.000000
0.000000
0.000000
0.000000
0.000000
0.000000
0.000000
0.000000
0.000000
0.000000
0.000000
0.000000
0.000000
0.000000
0.000000
0.000000
0.000000
0.000000
0.000000
0.000000
0.000000
0.000000
0.000000
0.000000
0.000000
0.000000
0.000000
0.000000
0.000000
0.000000
0.000000
0.000000
0.000000
0.000000
0.000000
0.000000
0.000000
0.000000
0.000000
0.000000
0.000000
0.000000
0.000000
0.000000
0.000000
0.000000
0.000000
0.000000
0.000000
0.000000
0.000000
0.000000
0.000000
0.000000
0.000000
0.000000
0.000000
0.000000
0.000000
0.000000
0.000000
0.000000
0.000000
0.000000
0.000000
0.000000
0.000000
0.000000
0.000000
0.000000
0.000000
0.000000
0.000000
0.000000
0.000000
0.000000
0.000000
0.000000
0.000000
0.000000
0.000000
0.000000
0.000000
0.000000
0.000000
0.000000
0.000000
0.000000
0.000000
0.000000
0.000000
0.000000
0.000000
0.000000
0.000000
0.000000
0.000000
0.000000
0.000000
0.000000
0.000000
0.000000
0.000000
0.000000
0.000000
0.000000
0.000000
0.000000
0.000000
0.000000
0.000000
0.000000
0.000000
0.000000
0.000000
0.000000
0.000000
0.000000
0.000000
0.000000
0.000000
0.000000
0.000000
0.000000
0.000000
0.000000
0.000000
0.000000
0.000000
0.000000
0.000000
0.000000
0.000000
0.000000
0.000000
0.000000
0.000000
0.000000
0.000000
0.000000
0.000000
0.000000
0.000000
0.000000
0.000000
0.000000
0.000000
0.000000
0.000000
0.000000
0.000000
0.000000
0.000000
0.000000
0.000000
0.000000
0.000000
0.000000
0.000000
0.000000
0.000000
