0.004194
0.008388
0.012584
0.016782
0.020982
0.025185
0.029392
0.033603
0.037820
0.042042
0.046270
0.050504
0.054747
0.058995
0.063254
0.067520
0.071795
0.076080
0.080375
0.084681
0.088997
0.093325
0.097664
0.102016
0.106377
0.110753
0.115139
0.119541
0.123952
0.128378
0.132817
0.137268
0.141733
0.146209
0.150701
0.155201
0.159718
0.164245
0.168785
0.173337
0.177898
0.182474
0.187056
0.191654
0.196257
0.200871
0.205494
0.210123
0.214763
0.219405
0.224057
0.228713
0.233372
0.238038
0.242701
0.247371
0.252038
0.256705
0.261374
0.266035
0.270698
0.275353
0.280000
0.284646
0.289276
0.293901
0.298514
0.303110
0.307700
0.312268
0.316820
0.321358
0.325869
0.330365
0.334836
0.339278
0.343702
0.348091
0.352450
0.356786
0.361080
0.365343
0.369574
0.373759
0.377909
0.382020
0.386080
0.390101
0.394077
0.397996
0.401873
0.405699
0.409461
0.413177
0.416837
0.420429
0.423968
0.427448
0.430854
0.434199
0.437485
0.440692
0.443828
0.446903
0.449897
0.452811
0.455659
0.458430
0.461109
0.463715
0.466248
0.468686
0.471036
0.473313
0.475503
0.477592
0.479595
0.481520
0.483347
0.485071
0.486711
0.488266
0.489718
0.491063
0.492322
0.493494
0.494559
0.495515
0.496379
0.497157
0.497832
0.498392
0.498852
0.499226
0.499504
0.499670
0.499725
0.499684
0.499557
0.499332
0.498995
0.498546
0.498000
0.497368
0.496647
0.495821
0.494882
0.493838
0.492701
0.491483
0.490180
0.488782
0.487280
0.485672
0.483964
0.482164
0.480284
0.478328
0.476296
0.474185
0.471991
0.469712
0.467347
0.464897
0.462362
0.459746
0.457051
0.454280
0.451434
0.448517
0.445529
0.442472
0.439349
0.436162
0.432911
0.429599
0.426229
0.422800
0.419315
0.415777
0.412186
0.408547
0.404858
0.401124
0.397345
0.393524
0.389663
0.385764
0.381829
0.377860
0.373857
0.369825
0.365764
0.361677
0.357566
0.353432
0.349278
0.345106
0.340917
0.336713
0.332497
0.328271
0.324035
0.319792
0.315544
0.311293
0.307041
0.302790
0.298542
0.294297
0.290058
0.285825
0.281603
0.277392
0.273193
0.269008
0.264839
0.260688
0.256555
0.252443
0.248353
0.244285
0.240243
0.236227
0.232239
0.228279
0.224349
0.220452
0.216587
0.212756
0.208959
0.205199
0.201476
0.197792
0.194146
0.190542
0.186979
0.183458
0.179980
0.176546
0.173158
0.169815
0.166520
0.163271
0.160071
0.156919
0.153816
0.150765
0.147764
0.144813
0.141915
0.139070
0.136278
0.133540
0.130855
0.128225
0.125650
0.123130
0.120665
0.118257
0.115905
0.113610
0.111373
0.109191
0.107068
0.105002
0.102994
0.101046
0.099156
0.097323
0.095551
0.093836
0.092181
0.090586
0.089049
0.087572
0.086155
0.084797
0.083500
0.082263
0.081085
0.079967
0.078909
0.077913
0.076975
0.076098
0.075282
0.074526
0.073830
0.073196
0.072620
0.072106
0.071652
0.071259
0.070926
0.070654
0.070442
0.070290
0.070199
0.070168
0.070199
0.070289
0.070440
0.070652
0.070925
0.071257
0.071650
0.072104
0.072618
0.073193
0.073828
0.074523
0.075280
0.076097
0.076973
0.077910
0.078908
0.079966
0.081084
0.082261
0.083499
0.084796
0.086153
0.087571
0.089047
0.090583
0.092178
0.093833
0.095547
0.097321
0.099153
0.101044
0.102992
0.104999
0.107065
0.109188
0.111369
0.113607
0.115903
0.118254
0.120662
0.123126
0.125647
0.128222
0.130852
0.133537
0.136275
0.139067
0.141912
0.144810
0.147759
0.150759
0.153811
0.156913
0.160064
0.163264
0.166513
0.169809
0.173151
0.176540
0.179972
0.183450
0.186970
0.190534
0.194139
0.197784
0.201468
0.205191
0.208951
0.212748
0.216578
0.220445
0.224342
0.228272
0.232231
0.236219
0.240235
0.244277
0.248344
0.252435
0.256547
0.260679
0.264831
0.269001
0.273185
0.277384
0.281596
0.285818
0.290050
0.294290
0.298536
0.302784
0.307035
0.311287
0.315537
0.319784
0.324026
0.328262
0.332489
0.336705
0.340908
0.345097
0.349270
0.353424
0.357557
0.361669
0.365756
0.369817
0.373849
0.377852
0.381821
0.385757
0.389656
0.393517
0.397338
0.401117
0.404850
0.408539
0.412179
0.415769
0.419308
0.422792
0.426221
0.429592
0.432905
0.436155
0.439344
0.442467
0.445524
0.448512
0.451431
0.454278
0.457052
0.459752
0.462375
0.464921
0.467387
0.469773
0.472076
0.474296
0.476431
0.478481
0.480444
0.482318
0.484103
0.485798
0.487402
0.488913
0.490331
0.491654
0.492883
0.494016
0.495053
0.495993
0.496835
0.497580
0.498226
0.498773
0.499220
0.499568
0.499817
0.499966
0.500015
0.499964
0.499812
0.499562
0.499212
0.498762
0.498213
0.497565
0.496819
0.495974
0.495032
0.493993
0.492857
0.491625
0.490299
0.488879
0.487365
0.485758
0.484060
0.482272
0.480395
0.478429
0.476376
0.474236
0.472012
0.469705
0.467315
0.464844
0.462294
0.459667
0.456962
0.454182
0.451329
0.448405
0.445410
0.442348
0.439218
0.436023
0.432765
0.429446
0.426066
0.422628
0.419135
0.415587
0.411988
0.408337
0.404639
0.400893
0.397102
0.393269
0.389395
0.385481
0.381532
0.377547
0.373529
0.369480
0.365401
0.361295
0.357164
0.353009
0.348833
0.344638
0.340425
0.336196
0.331953
0.327699
0.323434
0.319161
0.314881
0.310597
0.306310
0.302021
0.297733
0.293447
0.289165
0.284889
0.280620
0.276359
0.272109
0.267870
0.263645
0.259434
0.255240
0.251063
0.246905
0.242768
0.238652
0.234559
0.230490
0.226447
0.222429
0.218440
0.214479
0.210548
0.206647
0.202779
0.198943
0.195140
0.191372
0.187639
0.183942
0.180282
0.176659
0.173075
0.169529
0.166023
0.162557
0.159131
0.155747
0.152404
0.149103
0.145844
0.142628
0.139455
0.136325
0.133239
0.130197
0.127198
0.124244
0.121334
0.118469
0.115648
0.112872
0.110140
0.107453
0.104811
0.102213
0.099660
0.097151
0.094686
0.092265
0.089889
0.087555
0.085266
0.083019
0.080816
0.078656
0.076538
0.074462
0.072428
0.070435
0.068483
0.066573
0.064702
0.062872
0.061081
0.059329
0.057616
0.055942
0.054305
0.052705
0.051143
0.049616
0.048126
0.046671
0.045251
0.043866
0.042514
0.041196
0.039911
0.038658
0.037437
0.036247
0.035088
0.033959
0.032860
0.031791
0.030750
0.029737
0.028751
0.027793
0.026861
0.025956
0.025076
0.024221
0.023390
0.022583
0.021800
0.021040
0.020302
0.019586
0.018892
0.018218
0.017566
0.016933
0.016319
0.015725
0.015149
0.014592
0.014052
0.013530
0.013024
0.012534
0.012061
0.011603
0.011161
0.010733
0.010319
0.009920
0.009534
0.009161
0.008801
0.008453
0.008118
0.007794
0.007482
0.007180
0.006890
0.006610
0.006340
0.006080
0.005829
0.005588
0.005355
0.005132
0.004916
0.004709
0.004509
0.004317
0.004133
0.003955
0.003785
0.003621
0.003463
0.003312
0.003166
0.003027
0.002893
0.002764
0.002641
0.002522
0.002409
0.002300
0.002195
0.002095
0.001999
0.001907
0.001819
0.001735
0.001654
0.001576
0.001502
0.001432
0.001364
0.001299
0.001237
0.001178
0.001121
0.001067
0.001015
0.000966
0.000919
0.000874
0.000831
0.000790
0.000750
0.000713
0.000677
0.000643
0.000611
0.000580
0.000551
0.000523
0.000496
0.000470
0.000446
0.000423
0.000401
0.000380
0.000360
0.000341
0.000323
0.000306
0.000290
0.000275
0.000260
0.000246
0.000233
0.000220
0.000208
0.000197
0.000186
0.000176
0.000166
0.000157
0.000149
0.000140
0.000132
0.000125
0.000118
0.000111
0.000105
0.000099
0.000094
0.000088
0.000083
0.000078
0.000074
0.000070
0.000066
0.000062
0.000058
0.000055
0.000052
0.000049
0.000046
0.000043
0.000040
0.000038
0.000036
0.000034
0.000032
0.000030
0.000028
0.000026
0.000025
0.000023
0.000022
0.000020
0.000019
0.000018
0.000017
0.000016
0.000015
0.000014
0.000013
0.000012
0.000011
0.000011
0.000010
0.000009
0.000009
0.000008
0.000008
0.000007
0.000007
0.000006
0.000006
0.000005
0.000005
0.000005
0.000004
0.000004
0.000004
0.000004
0.000003
0.000003
0.000003
0.000003
0.000003
0.000002
0.000002
0.000002
0.000002
0.000002
0.000002
0.000002
0.000001
0.000001
0.000001
0.000001
0.000001
0.000001
0.000001
0.000001
0.000001
0.000001
0.000001
0.000001
0.000001
0.000001
0.000001
0.000000
0.000000
0.000000
0.000000
0.000000
0.000000
0.000000
0.000000
0.000000
0.000000
0.000000
0.000000
0.000000
0.000000
0.000000
0.000000
0.000000
0.000000
0.000000
0.000000
0.000000
0.000000
0.000000
0.000000
0.000000
0.000000
0.000000
0.000000
0.000000
0.000000
0.000000
0.000000
0.000000
0.000000
0.000000
0.000000
0.000000
0.000000
0.000000
0.000000
0.000000
0.000000
0.000000
0.000000
0.000000
0.000000
0.000000
0.000000
0.000000
0.000000
0.000000
0.000000
0.000000
0.000000
0.000000
0.000000
0.000000
0.000000
0.000000
0.000000
0.000000
0.000000
0.000000
0.000000
0.000000
0.000000
0.000000
0.000000
0.000000
0.000000
0.000000
0.000000
0.000000
0.000000
0.000000
0.000000
0.000000
0.000000
0.000000
0.000000
0.000000
0.000000
0.000000
0.000000
0.000000
0.000000
0.000000
0.000000
0.000000
0.000000
0.000000
0.000000
0.000000
0.000000
0.000000
0.000000
0.000000
0.000000
0.000000
0.000000
0.000000
0.000000
0.000000
0.000000
0.000000
0.000000
0.000000
0.000000
0.000000
0.000000
0.000000
0.000000
0.000000
0.000000
0.000000
0.000000
0.000000
0.000000
0.000000
0.000000
0.000000
0.000000
0.000000
0.000000
0.000000
0.000000
0.000000
0.000000
0.000000
0.000000
0.000000
0.000000
0.000000
0.000000
0.000000
0.000000
0.000000
0.000000
0.000000
0.000000
0.000000
0.000000
0.000000
0.000000
0.000000
0.000000
0.000000
0.000000
0.000000
0.000000
0.000000
0.000000
0.000000
0.000000
0.000000
0.000000
0.000000
0.000000
0.000000
0.000000
0.000000
0.000000
0.000000
0.000000
0.000000
