0.004236
0.008473
0.012711
0.016950
0.021193
0.025438
0.029687
0.033940
0.038198
0.042461
0.046731
0.051006
0.055289
0.059579
0.063877
0.068184
0.072499
0.076824
0.081158
0.085504
0.089858
0.094225
0.098601
0.102990
0.107389
0.111801
0.116225
0.120660
0.125109
0.129568
0.134043
0.138526
0.143026
0.147534
0.152057
0.156591
0.161137
0.165696
0.170263
0.174846
0.179435
0.184038
0.188648
0.193270
0.197901
0.202537
0.207186
0.211837
0.216499
0.221164
0.225835
0.230512
0.235188
0.239873
0.244554
0.249238
0.253923
0.258603
0.263286
0.267960
0.272632
0.277300
0.281956
0.286609
0.291249
0.295877
0.300499
0.305099
0.309690
0.314263
0.318814
0.323353
0.327865
0.332355
0.336826
0.341264
0.345679
0.350066
0.354416
0.358742
0.363030
0.367278
0.371499
0.375674
0.379805
0.383903
0.387949
0.391949
0.395909
0.399811
0.403662
0.407469
0.411212
0.414899
0.418536
0.422106
0.425613
0.429067
0.432449
0.435760
0.439014
0.442195
0.445295
0.448334
0.451299
0.454178
0.456985
0.459722
0.462369
0.464931
0.467423
0.469828
0.472136
0.474366
0.476517
0.478568
0.480524
0.482402
0.484190
0.485872
0.487461
0.488968
0.490379
0.491680
0.492886
0.494007
0.495031
0.495943
0.496753
0.497478
0.498108
0.498625
0.499033
0.499350
0.499579
0.499702
0.499711
0.499615
0.499432
0.499159
0.498780
0.498285
0.497686
0.496998
0.496225
0.495355
0.494376
0.493286
0.492097
0.490824
0.489470
0.488027
0.486486
0.484839
0.483088
0.481242
0.479313
0.477306
0.475226
0.473069
0.470833
0.468514
0.466111
0.463623
0.461051
0.458398
0.455667
0.452860
0.449979
0.447026
0.444003
0.440913
0.437757
0.434537
0.431256
0.427914
0.424513
0.421055
0.417544
0.413979
0.410362
0.406698
0.402985
0.399228
0.395428
0.391586
0.387705
0.383787
0.379834
0.375847
0.371828
0.367781
0.363705
0.359605
0.355481
0.351336
0.347172
0.342990
0.338792
0.334581
0.330358
0.326125
0.321884
0.317637
0.313386
0.309133
0.304879
0.300627
0.296378
0.292134
0.287897
0.283667
0.279448
0.275240
0.271046
0.266866
0.262704
0.258558
0.254433
0.250329
0.246247
0.242188
0.238156
0.234150
0.230173
0.226224
0.222307
0.218421
0.214569
0.210751
0.206968
0.203221
0.199513
0.195843
0.192213
0.188624
0.185077
0.181571
0.178109
0.174692
0.171321
0.167994
0.164716
0.161484
0.158301
0.155166
0.152081
0.149047
0.146063
0.143129
0.140249
0.137422
0.134647
0.131926
0.129259
0.126646
0.124087
0.121584
0.119136
0.116744
0.114409
0.112130
0.109909
0.107743
0.105635
0.103585
0.101592
0.099658
0.097782
0.095964
0.094205
0.092504
0.090862
0.089279
0.087755
0.086290
0.084884
0.083537
0.082251
0.081024
0.079855
0.078747
0.077699
0.076710
0.075780
0.074911
0.074102
0.073352
0.072662
0.072033
0.071463
0.070953
0.070503
0.070113
0.069783
0.069513
0.069304
0.069153
0.069063
0.069032
0.069062
0.069152
0.069302
0.069512
0.069782
0.070111
0.070501
0.070951
0.071461
0.072030
0.072660
0.073349
0.074100
0.074909
0.075778
0.076708
0.077697
0.078746
0.079854
0.081022
0.082249
0.083536
0.084882
0.086288
0.087752
0.089276
0.090859
0.092501
0.094202
0.095962
0.097779
0.099656
0.101590
0.103582
0.105632
0.107740
0.109905
0.112127
0.114407
0.116742
0.119133
0.121580
0.124084
0.126642
0.129255
0.131922
0.134644
0.137418
0.140246
0.143126
0.146058
0.149041
0.152076
0.155160
0.158294
0.161477
0.164709
0.167988
0.171314
0.174685
0.178102
0.181563
0.185068
0.188616
0.192206
0.195836
0.199505
0.203214
0.206960
0.210743
0.214560
0.218414
0.222299
0.226217
0.230165
0.234143
0.238148
0.242181
0.246238
0.250320
0.254425
0.258550
0.262695
0.266859
0.271038
0.275232
0.279440
0.283660
0.287889
0.292127
0.296372
0.300621
0.304873
0.309126
0.313379
0.317629
0.321875
0.326117
0.330349
0.334572
0.338784
0.342981
0.347164
0.351328
0.355473
0.359597
0.363697
0.367772
0.371820
0.375839
0.379826
0.383779
0.387698
0.391578
0.395420
0.399221
0.402978
0.406690
0.410355
0.413971
0.417536
0.421048
0.424506
0.427907
0.431249
0.434531
0.437751
0.440907
0.443998
0.447021
0.449975
0.452858
0.455669
0.458407
0.461069
0.463654
0.466161
0.468587
0.470931
0.473193
0.475371
0.477464
0.479471
0.481390
0.483220
0.484960
0.486609
0.488167
0.489632
0.491002
0.492279
0.493460
0.494545
0.495534
0.496425
0.497219
0.497914
0.498510
0.499008
0.499406
0.499704
0.499903
0.500002
0.500001
0.499900
0.499699
0.499399
0.498999
0.498499
0.497900
0.497203
0.496408
0.495515
0.494524
0.493436
0.492252
0.490974
0.489600
0.488133
0.486572
0.484920
0.483177
0.481344
0.479422
0.477413
0.475316
0.473135
0.470869
0.468520
0.466089
0.463579
0.460990
0.458324
0.455582
0.452765
0.449876
0.446916
0.443887
0.440791
0.437629
0.434402
0.431113
0.427763
0.424354
0.420888
0.417367
0.413794
0.410169
0.406494
0.402772
0.399003
0.395191
0.391337
0.387443
0.383511
0.379544
0.375542
0.371508
0.367444
0.363351
0.359232
0.355089
0.350924
0.346738
0.342533
0.338312
0.334076
0.329827
0.325567
0.321298
0.317022
0.312740
0.308454
0.304165
0.299877
0.295590
0.291306
0.287026
0.282753
0.278488
0.274233
0.269988
0.265756
0.261538
0.257335
0.253149
0.248982
0.244834
0.240707
0.236603
0.232522
0.228465
0.224435
0.220431
0.216456
0.212509
0.208594
0.204709
0.200857
0.197037
0.193252
0.189501
0.185786
0.182107
0.178466
0.174862
0.171297
0.167771
0.164285
0.160839
0.157434
0.154070
0.150748
0.147468
0.144231
0.141036
0.137885
0.134776
0.131712
0.128692
0.125716
0.122784
0.119896
0.117053
0.114254
0.111501
0.108791
0.106127
0.103507
0.100931
0.098400
0.095913
0.093470
0.091071
0.088717
0.086405
0.084137
0.081912
0.079731
0.077591
0.075494
0.073439
0.071426
0.069454
0.067523
0.065633
0.063782
0.061972
0.060200
0.058468
0.056774
0.055119
0.053500
0.051919
0.050375
0.048867
0.047394
0.045957
0.044554
0.043186
0.041851
0.040549
0.039280
0.038043
0.036838
0.035664
0.034520
0.033406
0.032322
0.031267
0.030240
0.029241
0.028269
0.027324
0.026405
0.025513
0.024645
0.023802
0.022984
0.022189
0.021417
0.020668
0.019941
0.019236
0.018553
0.017889
0.017247
0.016624
0.016020
0.015435
0.014868
0.014320
0.013789
0.013275
0.012777
0.012296
0.011830
0.011380
0.010945
0.010524
0.010118
0.009725
0.009346
0.008979
0.008625
0.008284
0.007954
0.007636
0.007330
0.007034
0.006749
0.006474
0.006209
0.005953
0.005707
0.005471
0.005242
0.005023
0.004811
0.004608
0.004412
0.004224
0.004043
0.003869
0.003702
0.003541
0.003387
0.003238
0.003096
0.002959
0.002828
0.002702
0.002581
0.002465
0.002353
0.002247
0.002145
0.002046
0.001953
0.001863
0.001776
0.001694
0.001615
0.001539
0.001467
0.001397
0.001331
0.001268
0.001207
0.001149
0.001094
0.001041
0.000990
0.000942
0.000896
0.000852
0.000810
0.000770
0.000731
0.000695
0.000660
0.000627
0.000595
0.000565
0.000536
0.000509
0.000483
0.000458
0.000434
0.000412
0.000391
0.000370
0.000351
0.000332
0.000315
0.000298
0.000282
0.000267
0.000253
0.000239
0.000226
0.000214
0.000203
0.000192
0.000181
0.000171
0.000162
0.000153
0.000144
0.000136
0.000129
0.000122
0.000115
0.000108
0.000102
0.000096
0.000091
0.000086
0.000081
0.000076
0.000072
0.000068
0.000064
0.000060
0.000056
0.000053
0.000050
0.000047
0.000044
0.000042
0.000039
0.000037
0.000035
0.000033
0.000031
0.000029
0.000027
0.000025
0.000024
0.000022
0.000021
0.000020
0.000018
0.000017
0.000016
0.000015
0.000014
0.000013
0.000013
0.000012
0.000011
0.000010
0.000010
0.000009
0.000008
0.000008
0.000007
0.000007
0.000006
0.000006
0.000006
0.000005
0.000005
0.000005
0.000004
0.000004
0.000004
0.000004
0.000003
0.000003
0.000003
0.000003
0.000002
0.000002
0.000002
0.000002
0.000002
0.000002
0.000002
0.000002
0.000001
0.000001
0.000001
0.000001
0.000001
0.000001
0.000001
0.000001
0.000001
0.000001
0.000001
0.000001
0.000001
0.000001
0.000001
0.000000
0.000000
0.000000
0.000000
0.000000
0.000000
0.000000
0.000000
0.000000
0.000000
0.000000
0.000000
0.000000
0.000000
0.000000
0.000000
0.000000
0.000000
0.000000
0.000000
0.000000
0.000000
0.000000
0.000000
0.000000
0.000000
0.000000
0.000000
0.000000
0.000000
0.000000
0.000000
0.000000
0.000000
0.000000
0.000000
0.000000
0.000000
0.000000
0.000000
0.000000
0.000000
0.000000
0.000000
0.000000
0.000000
0.000000
0.000000
0.000000
0.000000
0.000000
0.000000
0.000000
0.000000
0.000000
0.000000
0.000000
0.000000
0.000000
0.000000
0.000000
0.000000
0.000000
0.000000
0.000000
0.000000
0.000000
0.000000
0.000000
0.000000
0.000000
0.000000
0.000000
0.000000
0.000000
0.000000
0.000000
0.000000
0.000000
0.000000
0.000000
0.000000
0.000000
0.000000
0.000000
0.000000
0.000000
0.000000
0.000000
0.000000
0.000000
0.000000
0.000000
0.000000
0.000000
0.000000
0.000000
0.000000
0.000000
0.000000
0.000000
0.000000
0.000000
0.000000
0.000000
0.000000
0.000000
0.000000
0.000000
0.000000
0.000000
0.000000
0.000000
0.000000
0.000000
0.000000
0.000000
0.000000
0.000000
0.000000
0.000000
0.000000
0.000000
0.000000
0.000000
0.000000
0.000000
0.000000
0.000000
0.000000
0.000000
0.000000
0.000000
0.000000
0.000000
0.000000
0.000000
0.000000
0.000000
0.000000
0.000000
0.000000
0.000000
0.000000
0.000000
0.000000
0.000000
0.000000
0.000000
0.000000
0.000000
0.000000
0.000000
0.000000
0.000000
0.000000
0.000000
0.000000
0.000000
0.000000
0.000000
0.000000
0.000000
0.000000
