0.004278
0.008557
0.012838
0.017120
0.021404
0.025692
0.029982
0.034278
0.038577
0.042883
0.047193
0.051510
0.055833
0.060165
0.064503
0.068851
0.073205
0.077571
0.081944
0.086328
0.090721
0.095126
0.099541
0.103967
0.108404
0.112852
0.117313
0.121783
0.126268
0.130762
0.135271
0.139789
0.144320
0.148863
0.153416
0.157983
0.162558
0.167149
0.171745
0.176356
0.180975
0.185604
0.190243
0.194888
0.199546
0.204207
0.208879
0.213554
0.218236
0.222925
0.227614
0.232312
0.237007
0.241707
0.246408
0.251105
0.255807
0.260501
0.265195
0.269885
0.274565
0.279245
0.283910
0.288569
0.293219
0.297852
0.302478
0.307085
0.311675
0.316253
0.320804
0.325341
0.329855
0.334341
0.338808
0.343244
0.347649
0.352032
0.356376
0.360688
0.364971
0.369207
0.373412
0.377578
0.381693
0.385773
0.389807
0.393786
0.397726
0.401613
0.405440
0.409223
0.412948
0.416608
0.420218
0.423767
0.427245
0.430667
0.434026
0.437306
0.440525
0.443678
0.446747
0.449746
0.452680
0.455528
0.458294
0.460992
0.463607
0.466129
0.468576
0.470945
0.473217
0.475400
0.477506
0.479521
0.481434
0.483261
0.485006
0.486650
0.488191
0.489646
0.491013
0.492273
0.493428
0.494497
0.495475
0.496345
0.497105
0.497774
0.498356
0.498830
0.499191
0.499452
0.499627
0.499706
0.499671
0.499525
0.499285
0.498959
0.498535
0.497998
0.497350
0.496607
0.495779
0.494862
0.493841
0.492709
0.491472
0.490146
0.488738
0.487247
0.485665
0.483979
0.482188
0.480299
0.478322
0.476266
0.474137
0.471934
0.469654
0.467295
0.464854
0.462329
0.459720
0.457031
0.454264
0.451421
0.448505
0.445517
0.442460
0.439337
0.436148
0.432897
0.429585
0.426214
0.422784
0.419298
0.415759
0.412168
0.408527
0.404838
0.401102
0.397322
0.393500
0.389637
0.385737
0.381801
0.377830
0.373826
0.369792
0.365729
0.361640
0.357527
0.353392
0.349236
0.345061
0.340870
0.336664
0.332445
0.328216
0.323978
0.319732
0.315481
0.311227
0.306972
0.302717
0.298465
0.294216
0.289973
0.285737
0.281511
0.277295
0.273091
0.268902
0.264728
0.260573
0.256434
0.252316
0.248220
0.244147
0.240098
0.236076
0.232081
0.228114
0.224177
0.220272
0.216399
0.212560
0.208755
0.204986
0.201253
0.197560
0.193905
0.190290
0.186716
0.183185
0.179695
0.176250
0.172849
0.169494
0.166186
0.162923
0.159709
0.156543
0.153425
0.150358
0.147341
0.144374
0.141459
0.138597
0.135787
0.133029
0.130325
0.127676
0.125080
0.122539
0.120052
0.117621
0.115246
0.112927
0.110665
0.108459
0.106309
0.104217
0.102182
0.100204
0.098285
0.096423
0.094620
0.092874
0.091186
0.089557
0.087987
0.086475
0.085022
0.083628
0.082292
0.081016
0.079799
0.078641
0.077542
0.076503
0.075522
0.074601
0.073739
0.072936
0.072193
0.071509
0.070885
0.070321
0.069815
0.069369
0.068982
0.068655
0.068387
0.068180
0.068031
0.067941
0.067911
0.067941
0.068030
0.068178
0.068386
0.068654
0.068981
0.069367
0.069813
0.070318
0.070883
0.071507
0.072191
0.072934
0.073737
0.074599
0.075520
0.076500
0.077541
0.078640
0.079798
0.081015
0.082291
0.083626
0.085020
0.086473
0.087984
0.089555
0.091183
0.092871
0.094617
0.096421
0.098282
0.100202
0.102179
0.104214
0.106306
0.108455
0.110662
0.112925
0.115243
0.117619
0.120049
0.122535
0.125077
0.127672
0.130322
0.133026
0.135783
0.138593
0.141455
0.144370
0.147336
0.150353
0.153420
0.156537
0.159702
0.162916
0.166179
0.169487
0.172842
0.176242
0.179687
0.183176
0.186708
0.190282
0.193897
0.197552
0.201246
0.204978
0.208746
0.212551
0.216391
0.220264
0.224170
0.228106
0.232073
0.236068
0.240091
0.244139
0.248212
0.252308
0.256426
0.260563
0.264721
0.268895
0.273084
0.277288
0.281504
0.285730
0.289967
0.294210
0.298459
0.302711
0.306966
0.311220
0.315473
0.319723
0.323969
0.328207
0.332437
0.336656
0.340861
0.345052
0.349227
0.353383
0.357519
0.361632
0.365721
0.369784
0.373818
0.377822
0.381793
0.385730
0.389630
0.393493
0.397315
0.401095
0.404830
0.408518
0.412160
0.415751
0.419291
0.422776
0.426206
0.429578
0.432891
0.436143
0.439332
0.442455
0.445513
0.448502
0.451421
0.454268
0.457043
0.459744
0.462367
0.464914
0.467380
0.469766
0.472070
0.474290
0.476426
0.478476
0.480439
0.482314
0.484099
0.485794
0.487398
0.488909
0.490327
0.491651
0.492880
0.494013
0.495050
0.495991
0.496833
0.497577
0.498223
0.498770
0.499218
0.499566
0.499815
0.499964
0.500013
0.499962
0.499811
0.499561
0.499211
0.498761
0.498211
0.497564
0.496818
0.495973
0.495031
0.493991
0.492856
0.491625
0.490299
0.488878
0.487364
0.485757
0.484060
0.482272
0.480394
0.478428
0.476375
0.474236
0.472012
0.469705
0.467314
0.464844
0.462294
0.459666
0.456962
0.454182
0.451329
0.448405
0.445410
0.442348
0.439218
0.436023
0.432765
0.429446
0.426066
0.422628
0.419135
0.415587
0.411988
0.408337
0.404639
0.400893
0.397102
0.393269
0.389395
0.385481
0.381532
0.377547
0.373529
0.369479
0.365401
0.361295
0.357164
0.353009
0.348833
0.344638
0.340425
0.336196
0.331953
0.327699
0.323434
0.319161
0.314881
0.310597
0.306310
0.302021
0.297733
0.293447
0.289165
0.284889
0.280620
0.276359
0.272109
0.267870
0.263645
0.259434
0.255240
0.251063
0.246905
0.242768
0.238652
0.234559
0.230490
0.226446
0.222429
0.218440
0.214479
0.210548
0.206647
0.202779
0.198943
0.195140
0.191372
0.187639
0.183942
0.180282
0.176659
0.173075
0.169529
0.166023
0.162557
0.159131
0.155747
0.152404
0.149103
0.145844
0.142628
0.139455
0.136325
0.133239
0.130197
0.127198
0.124244
0.121334
0.118469
0.115648
0.112872
0.110140
0.107453
0.104811
0.102213
0.099660
0.097151
0.094686
0.092265
0.089889
0.087555
0.085266
0.083019
0.080816
0.078656
0.076538
0.074462
0.072428
0.070435
0.068483
0.066573
0.064702
0.062872
0.061081
0.059329
0.057616
0.055942
0.054305
0.052705
0.051143
0.049616
0.048126
0.046671
0.045251
0.043866
0.042514
0.041196
0.039911
0.038658
0.037437
0.036247
0.035088
0.033959
0.032860
0.031791
0.030750
0.029737
0.028751
0.027793
0.026861
0.025956
0.025076
0.024221
0.023390
0.022583
0.021800
0.021040
0.020302
0.019586
0.018892
0.018218
0.017566
0.016933
0.016319
0.015725
0.015149
0.014592
0.014052
0.013530
0.013024
0.012534
0.012061
0.011603
0.011161
0.010733
0.010319
0.009920
0.009534
0.009161
0.008801
0.008453
0.008118
0.007794
0.007482
0.007180
0.006890
0.006610
0.006340
0.006080
0.005829
0.005588
0.005355
0.005132
0.004916
0.004709
0.004509
0.004317
0.004133
0.003955
0.003785
0.003621
0.003463
0.003312
0.003166
0.003027
0.002893
0.002764
0.002641
0.002522
0.002409
0.002300
0.002195
0.002095
0.001999
0.001907
0.001819
0.001735
0.001654
0.001576
0.001502
0.001432
0.001364
0.001299
0.001237
0.001178
0.001121
0.001067
0.001015
0.000966
0.000919
0.000874
0.000831
0.000790
0.000750
0.000713
0.000677
0.000643
0.000611
0.000580
0.000551
0.000523
0.000496
0.000470
0.000446
0.000423
0.000401
0.000380
0.000360
0.000341
0.000323
0.000306
0.000290
0.000275
0.000260
0.000246
0.000233
0.000220
0.000208
0.000197
0.000186
0.000176
0.000166
0.000157
0.000149
0.000140
0.000132
0.000125
0.000118
0.000111
0.000105
0.000099
0.000094
0.000088
0.000083
0.000078
0.000074
0.000070
0.000066
0.000062
0.000058
0.000055
0.000052
0.000049
0.000046
0.000043
0.000040
0.000038
0.000036
0.000034
0.000032
0.000030
0.000028
0.000026
0.000025
0.000023
0.000022
0.000020
0.000019
0.000018
0.000017
0.000016
0.000015
0.000014
0.000013
0.000012
0.000011
0.000011
0.000010
0.000009
0.000009
0.000008
0.000008
0.000007
0.000007
0.000006
0.000006
0.000005
0.000005
0.000005
0.000004
0.000004
0.000004
0.000004
0.000003
0.000003
0.000003
0.000003
0.000003
0.000002
0.000002
0.000002
0.000002
0.000002
0.000002
0.000002
0.000001
0.000001
0.000001
0.000001
0.000001
0.000001
0.000001
0.000001
0.000001
0.000001
0.000001
0.000001
0.000001
0.000001
0.000001
0.000000
0.000000
0.000000
0.000000
0.000000
0.000000
0.000000
0.000000
0.000000
0.000000
0.000000
0.000000
0.000000
0.000000
0.000000
0.000000
0.000000
0.000000
0.000000
0.000000
0.000000
0.000000
0.000000
0.000000
0.000000
0.000000
0.000000
0.000000
0.000000
0.000000
0.000000
0.000000
0.000000
0.000000
0.000000
0.000000
0.000000
0.000000
0.000000
0.000000
0.000000
0.000000
0.000000
0.000000
0.000000
0.000000
0.000000
0.000000
0.000000
0.000000
0.000000
0.000000
0.000000
0.000000
0.000000
0.000000
0.000000
0.000000
0.000000
0.000000
0.000000
0.000000
0.000000
0.000000
0.000000
0.000000
0.000000
0.000000
0.000000
0.000000
0.000000
0.000000
0.000000
0.000000
0.000000
0.000000
0.000000
0.000000
0.000000
0.000000
0.000000
0.000000
0.000000
0.000000
0.000000
0.000000
0.000000
0.000000
0.000000
0.000000
0.000000
0.000000
0.000000
0.000000
0.000000
0.000000
0.000000
0.000000
0.000000
0.000000
0.000000
0.000000
0.000000
0.000000
0.000000
0.000000
0.000000
0.000000
0.000000
0.000000
0.000000
0.000000
0.000000
0.000000
0.000000
0.000000
0.000000
0.000000
0.000000
0.000000
0.000000
0.000000
0.000000
0.000000
0.000000
0.000000
0.000000
0.000000
0.000000
0.000000
0.000000
0.000000
0.000000
0.000000
0.000000
0.000000
0.000000
0.000000
0.000000
0.000000
0.000000
0.000000
0.000000
0.000000
0.000000
0.000000
0.000000
0.000000
0.000000
0.000000
0.000000
0.000000
0.000000
0.000000
0.000000
0.000000
0.000000
0.000000
0.000000
0.000000
0.000000
0.000000
0.000000
0.000000
