0.004321
0.008643
0.012965
0.017290
0.021616
0.025946
0.030279
0.034616
0.038958
0.043305
0.047657
0.052016
0.056380
0.060752
0.065131
0.069519
0.073914
0.078319
0.082732
0.087155
0.091588
0.096030
0.100484
0.104947
0.109422
0.113906
0.118404
0.122910
0.127430
0.131959
0.136501
0.141055
0.145618
0.150194
0.154778
0.159378
0.163984
0.168603
0.173231
0.177869
0.182518
0.187172
0.191839
0.196510
0.201192
0.205879
0.210572
0.215273
0.219974
0.224685
0.229395
0.234110
0.238827
0.243542
0.248261
0.252974
0.257689
0.262400
0.267103
0.271807
0.276498
0.281185
0.285863
0.290527
0.295185
0.299825
0.304452
0.309067
0.313657
0.318236
0.322791
0.327323
0.331839
0.336321
0.340782
0.345216
0.349614
0.353989
0.358328
0.362627
0.366899
0.371128
0.375315
0.379469
0.383572
0.387632
0.391651
0.395614
0.399530
0.403400
0.407207
0.410963
0.414668
0.418305
0.421885
0.425411
0.428863
0.432252
0.435583
0.438837
0.442019
0.445140
0.448182
0.451143
0.454039
0.456857
0.459585
0.462241
0.464822
0.467308
0.469710
0.472038
0.474275
0.476414
0.478473
0.480449
0.482322
0.484100
0.485797
0.487402
0.488899
0.490301
0.491620
0.492840
0.493949
0.494963
0.495892
0.496719
0.497434
0.498049
0.498577
0.499007
0.499324
0.499533
0.499652
0.499681
0.499603
0.499411
0.499116
0.498735
0.498262
0.497683
0.496990
0.496194
0.495311
0.494343
0.493279
0.492106
0.490825
0.489447
0.487985
0.486444
0.484818
0.483093
0.481264
0.479334
0.477312
0.475208
0.473029
0.470779
0.468455
0.466055
0.463576
0.461013
0.458369
0.455644
0.452842
0.449964
0.447013
0.443991
0.440901
0.437745
0.434525
0.431242
0.427900
0.424499
0.421040
0.417527
0.413962
0.410344
0.406679
0.402965
0.399207
0.395405
0.391562
0.387680
0.383761
0.379806
0.375817
0.371797
0.367748
0.363671
0.359569
0.355444
0.351297
0.347130
0.342946
0.338746
0.334532
0.330307
0.326072
0.321828
0.317579
0.313324
0.309068
0.304811
0.300556
0.296304
0.292056
0.287814
0.283580
0.279357
0.275146
0.270947
0.266762
0.262595
0.258446
0.254315
0.250205
0.246117
0.242053
0.238015
0.234003
0.230019
0.226063
0.222138
0.218245
0.214385
0.210559
0.206768
0.203013
0.199295
0.195616
0.191976
0.188377
0.184819
0.181303
0.177830
0.174401
0.171018
0.167680
0.164388
0.161143
0.157946
0.154797
0.151698
0.148648
0.145648
0.142699
0.139802
0.136957
0.134165
0.131425
0.128738
0.126106
0.123527
0.121003
0.118534
0.116120
0.113762
0.111459
0.109213
0.107023
0.104890
0.102813
0.100793
0.098831
0.096926
0.095079
0.093289
0.091557
0.089883
0.088267
0.086710
0.085210
0.083769
0.082386
0.081062
0.079797
0.078590
0.077441
0.076352
0.075321
0.074348
0.073436
0.072581
0.071786
0.071049
0.070372
0.069752
0.069193
0.068692
0.068250
0.067867
0.067542
0.067277
0.067071
0.066924
0.066834
0.066805
0.066834
0.066923
0.067070
0.067276
0.067541
0.067865
0.068248
0.068690
0.069191
0.069750
0.070369
0.071047
0.071783
0.072579
0.073434
0.074347
0.075319
0.076350
0.077440
0.078589
0.079795
0.081061
0.082385
0.083766
0.085208
0.086707
0.088265
0.089881
0.091554
0.093286
0.095077
0.096923
0.098829
0.100791
0.102810
0.104886
0.107020
0.109210
0.111457
0.113759
0.116118
0.118531
0.121000
0.123524
0.126103
0.128735
0.131421
0.134162
0.136953
0.139798
0.142695
0.145643
0.148642
0.151692
0.154791
0.157940
0.161136
0.164381
0.167673
0.171010
0.174394
0.177822
0.181295
0.184811
0.188369
0.191969
0.195609
0.199288
0.203005
0.206759
0.210551
0.214377
0.218238
0.222130
0.226055
0.230010
0.233994
0.238007
0.242045
0.246109
0.250196
0.254306
0.258437
0.262587
0.266755
0.270939
0.275138
0.279351
0.283574
0.287807
0.292049
0.296298
0.300550
0.304805
0.309061
0.313317
0.317570
0.321819
0.326063
0.330299
0.334524
0.338738
0.342937
0.347122
0.351288
0.355435
0.359561
0.363663
0.367740
0.371789
0.375810
0.379798
0.383753
0.387673
0.391555
0.395398
0.399200
0.402958
0.406671
0.410337
0.413953
0.417520
0.421033
0.424491
0.427893
0.431236
0.434518
0.437740
0.440896
0.443987
0.447011
0.449965
0.452849
0.455661
0.458399
0.461061
0.463647
0.466154
0.468580
0.470925
0.473188
0.475366
0.477459
0.479466
0.481385
0.483215
0.484956
0.486606
0.488163
0.489628
0.490999
0.492276
0.493457
0.494542
0.495531
0.496423
0.497216
0.497912
0.498508
0.499006
0.499404
0.499703
0.499902
0.500001
0.500000
0.499898
0.499698
0.499398
0.498998
0.498498
0.497899
0.497203
0.496407
0.495514
0.494523
0.493435
0.492252
0.490973
0.489600
0.488132
0.486572
0.484920
0.483177
0.481344
0.479422
0.477412
0.475316
0.473135
0.470869
0.468520
0.466089
0.463579
0.460990
0.458324
0.455581
0.452764
0.449875
0.446916
0.443887
0.440791
0.437628
0.434402
0.431113
0.427763
0.424354
0.420888
0.417367
0.413794
0.410169
0.406494
0.402771
0.399003
0.395191
0.391337
0.387443
0.383511
0.379544
0.375542
0.371508
0.367443
0.363351
0.359232
0.355089
0.350924
0.346738
0.342533
0.338312
0.334076
0.329827
0.325567
0.321298
0.317022
0.312740
0.308454
0.304166
0.299877
0.295590
0.291306
0.287026
0.282753
0.278488
0.274232
0.269988
0.265756
0.261537
0.257335
0.253149
0.248982
0.244834
0.240707
0.236603
0.232521
0.228465
0.224434
0.220431
0.216455
0.212509
0.208594
0.204709
0.200857
0.197037
0.193252
0.189501
0.185786
0.182107
0.178466
0.174862
0.171297
0.167771
0.164285
0.160839
0.157434
0.154070
0.150748
0.147468
0.144231
0.141036
0.137884
0.134776
0.131712
0.128692
0.125716
0.122784
0.119896
0.117053
0.114254
0.111501
0.108791
0.106127
0.103507
0.100931
0.098400
0.095913
0.093470
0.091071
0.088717
0.086405
0.084137
0.081913
0.079731
0.077591
0.075494
0.073439
0.071426
0.069454
0.067523
0.065633
0.063782
0.061972
0.060200
0.058468
0.056774
0.055119
0.053500
0.051919
0.050375
0.048867
0.047394
0.045957
0.044554
0.043186
0.041851
0.040549
0.039280
0.038043
0.036838
0.035664
0.034520
0.033406
0.032322
0.031267
0.030240
0.029241
0.028269
0.027324
0.026405
0.025513
0.024645
0.023802
0.022984
0.022189
0.021417
0.020668
0.019941
0.019236
0.018553
0.017889
0.017247
0.016624
0.016020
0.015435
0.014868
0.014320
0.013789
0.013275
0.012777
0.012296
0.011830
0.011380
0.010945
0.010524
0.010118
0.009725
0.009346
0.008979
0.008625
0.008284
0.007954
0.007636
0.007330
0.007034
0.006749
0.006474
0.006209
0.005953
0.005707
0.005471
0.005242
0.005023
0.004811
0.004608
0.004412
0.004224
0.004043
0.003869
0.003702
0.003541
0.003387
0.003238
0.003096
0.002959
0.002828
0.002702
0.002581
0.002465
0.002353
0.002247
0.002145
0.002046
0.001953
0.001863
0.001776
0.001694
0.001615
0.001539
0.001467
0.001397
0.001331
0.001268
0.001207
0.001149
0.001094
0.001041
0.000990
0.000942
0.000896
0.000852
0.000810
0.000770
0.000731
0.000695
0.000660
0.000627
0.000595
0.000565
0.000536
0.000509
0.000483
0.000458
0.000434
0.000412
0.000391
0.000370
0.000351
0.000332
0.000315
0.000298
0.000282
0.000267
0.000253
0.000239
0.000226
0.000214
0.000203
0.000192
0.000181
0.000171
0.000162
0.000153
0.000144
0.000136
0.000129
0.000122
0.000115
0.000108
0.000102
0.000096
0.000091
0.000086
0.000081
0.000076
0.000072
0.000068
0.000064
0.000060
0.000056
0.000053
0.000050
0.000047
0.000044
0.000042
0.000039
0.000037
0.000035
0.000033
0.000031
0.000029
0.000027
0.000025
0.000024
0.000022
0.000021
0.000020
0.000018
0.000017
0.000016
0.000015
0.000014
0.000013
0.000013
0.000012
0.000011
0.000010
0.000010
0.000009
0.000008
0.000008
0.000007
0.000007
0.000006
0.000006
0.000006
0.000005
0.000005
0.000005
0.000004
0.000004
0.000004
0.000004
0.000003
0.000003
0.000003
0.000003
0.000002
0.000002
0.000002
0.000002
0.000002
0.000002
0.000002
0.000002
0.000001
0.000001
0.000001
0.000001
0.000001
0.000001
0.000001
0.000001
0.000001
0.000001
0.000001
0.000001
0.000001
0.000001
0.000001
0.000000
0.000000
0.000000
0.000000
0.000000
0.000000
0.000000
0.000000
0.000000
0.000000
0.000000
0.000000
0.000000
0.000000
0.000000
0.000000
0.000000
0.000000
0.000000
0.000000
0.000000
0.000000
0.000000
0.000000
0.000000
0.000000
0.000000
0.000000
0.000000
0.000000
0.000000
0.000000
0.000000
0.000000
0.000000
0.000000
0.000000
0.000000
0.000000
0.000000
0.000000
0.000000
0.000000
0.000000
0.000000
0.000000
0.000000
0.000000
0.000000
0.000000
0.000000
0.000000
0.000000
0.000000
0.000000
0.000000
0.000000
0.000000
0.000000
0.000000
0.000000
0.000000
0.000000
0.000000
0.000000
0.000000
0.000000
0.000000
0.000000
0.000000
0.000000
0.000000
0.000000
0.000000
0.000000
0.000000
0.000000
0.000000
0.000000
0.000000
0.000000
0.000000
0.000000
0.000000
0.000000
0.000000
0.000000
0.000000
0.000000
0.000000
0.000000
0.000000
0.000000
0.000000
0.000000
0.000000
0.000000
0.000000
0.000000
0.000000
0.000000
0.000000
0.000000
0.000000
0.000000
0.000000
0.000000
0.000000
0.000000
0.000000
0.000000
0.000000
0.000000
0.000000
0.000000
0.000000
0.000000
0.000000
0.000000
0.000000
0.000000
0.000000
0.000000
0.000000
0.000000
0.000000
0.000000
0.000000
0.000000
0.000000
0.000000
0.000000
0.000000
0.000000
0.000000
0.000000
0.000000
0.000000
0.000000
0.000000
0.000000
0.000000
0.000000
0.000000
0.000000
0.000000
0.000000
0.000000
0.000000
0.000000
0.000000
0.000000
0.000000
0.000000
0.000000
0.000000
0.000000
0.000000
0.000000
0.000000
0.000000
0.000000
0.000000
