0.004364
0.008728
0.013093
0.017460
0.021829
0.026202
0.030577
0.034956
0.039340
0.043729
0.048122
0.052522
0.056928
0.061341
0.065762
0.070189
0.074625
0.079069
0.083523
0.087984
0.092457
0.096937
0.101429
0.105930
0.110442
0.114964
0.119496
0.124040
0.128594
0.133160
0.137734
0.142323
0.146918
0.151528
0.156144
0.160774
0.165413
0.170060
0.174719
0.179384
0.184062
0.188743
0.193436
0.198135
0.202840
0.207553
0.212267
0.216991
0.221715
0.226445
0.231178
0.235909
0.240646
0.245378
0.250113
0.254843
0.259570
0.264296
0.269011
0.273726
0.278430
0.283124
0.287813
0.292483
0.297146
0.301794
0.306423
0.311043
0.315636
0.320213
0.324772
0.329301
0.333813
0.338297
0.342749
0.347180
0.351573
0.355936
0.360270
0.364559
0.368817
0.373038
0.377210
0.381348
0.385440
0.389480
0.393481
0.397430
0.401322
0.405171
0.408961
0.412690
0.416371
0.419988
0.423538
0.427036
0.430466
0.433822
0.437121
0.440350
0.443498
0.446582
0.449596
0.452523
0.455379
0.458164
0.460859
0.463471
0.466013
0.468466
0.470825
0.473108
0.475309
0.477408
0.479419
0.481351
0.483187
0.484919
0.486565
0.488127
0.489584
0.490936
0.492203
0.493379
0.494447
0.495409
0.496284
0.497066
0.497738
0.498302
0.498773
0.499156
0.499430
0.499591
0.499653
0.499629
0.499507
0.499271
0.498926
0.498488
0.497963
0.497340
0.496605
0.495760
0.494821
0.493800
0.492690
0.491477
0.490154
0.488727
0.487213
0.485620
0.483947
0.482181
0.480315
0.478346
0.476281
0.474131
0.471904
0.469606
0.467237
0.464796
0.462277
0.459677
0.456997
0.454238
0.451401
0.448489
0.445503
0.442448
0.439325
0.436137
0.432885
0.429572
0.426200
0.422770
0.419283
0.415743
0.412151
0.408509
0.404819
0.401082
0.397301
0.393478
0.389614
0.385713
0.381775
0.377802
0.373797
0.369761
0.365698
0.361607
0.357492
0.353355
0.349197
0.345020
0.340827
0.336619
0.332397
0.328166
0.323925
0.319677
0.315424
0.311167
0.306909
0.302651
0.298396
0.294143
0.289897
0.285657
0.281426
0.277207
0.272999
0.268805
0.264627
0.260467
0.256323
0.252201
0.248099
0.244020
0.239966
0.235938
0.231936
0.227963
0.224019
0.220107
0.216227
0.212380
0.208567
0.204790
0.201049
0.197346
0.193682
0.190058
0.186475
0.182932
0.179432
0.175976
0.172564
0.169198
0.165876
0.162603
0.159374
0.156195
0.153064
0.149982
0.146950
0.143968
0.141037
0.138158
0.135330
0.132556
0.129834
0.127165
0.124550
0.121989
0.119482
0.117030
0.114633
0.112291
0.110005
0.107775
0.105601
0.103484
0.101423
0.099419
0.097472
0.095582
0.093749
0.091973
0.090255
0.088595
0.086992
0.085447
0.083960
0.082530
0.081159
0.079847
0.078592
0.077395
0.076256
0.075176
0.074154
0.073190
0.072285
0.071438
0.070650
0.069920
0.069248
0.068634
0.068080
0.067584
0.067145
0.066765
0.066444
0.066181
0.065977
0.065831
0.065743
0.065713
0.065742
0.065830
0.065976
0.066180
0.066442
0.066764
0.067144
0.067581
0.068078
0.068632
0.069245
0.069918
0.070648
0.071436
0.072284
0.073189
0.074152
0.075175
0.076255
0.077394
0.078591
0.079845
0.081158
0.082528
0.083957
0.085444
0.086989
0.088592
0.090253
0.091970
0.093746
0.095579
0.097469
0.099416
0.101420
0.103481
0.105599
0.107773
0.110003
0.112289
0.114630
0.117027
0.119478
0.121985
0.124546
0.127162
0.129830
0.132553
0.135327
0.138154
0.141033
0.143963
0.146945
0.149976
0.153058
0.156189
0.159368
0.162595
0.165870
0.169190
0.172557
0.175969
0.179425
0.182924
0.186466
0.190050
0.193675
0.197339
0.201042
0.204782
0.208559
0.212371
0.216219
0.220099
0.224011
0.227955
0.231928
0.235929
0.239958
0.244012
0.248090
0.252192
0.256315
0.260458
0.264619
0.268798
0.272992
0.277200
0.281420
0.285650
0.289890
0.294137
0.298389
0.302645
0.306902
0.311159
0.315416
0.319669
0.323917
0.328158
0.332390
0.336611
0.340818
0.345012
0.349189
0.353346
0.357484
0.361599
0.365690
0.369754
0.373789
0.377795
0.381767
0.385706
0.389608
0.393471
0.397294
0.401074
0.404811
0.408501
0.412143
0.415735
0.419276
0.422762
0.426192
0.429566
0.432879
0.436132
0.439321
0.442445
0.445503
0.448492
0.451412
0.454260
0.457036
0.459737
0.462361
0.464907
0.467374
0.469760
0.472064
0.474285
0.476420
0.478471
0.480434
0.482309
0.484095
0.485791
0.487394
0.488906
0.490324
0.491648
0.492877
0.494011
0.495048
0.495988
0.496831
0.497575
0.498221
0.498768
0.499216
0.499565
0.499814
0.499963
0.500012
0.499961
0.499810
0.499560
0.499210
0.498760
0.498210
0.497563
0.496817
0.495972
0.495030
0.493991
0.492855
0.491624
0.490298
0.488878
0.487364
0.485757
0.484060
0.482271
0.480394
0.478428
0.476375
0.474236
0.472012
0.469704
0.467314
0.464844
0.462294
0.459666
0.456962
0.454182
0.451329
0.448404
0.445410
0.442347
0.439218
0.436023
0.432765
0.429445
0.426066
0.422628
0.419134
0.415587
0.411988
0.408337
0.404638
0.400893
0.397102
0.393269
0.389394
0.385481
0.381532
0.377547
0.373528
0.369479
0.365400
0.361294
0.357164
0.353009
0.348833
0.344638
0.340425
0.336196
0.331953
0.327699
0.323434
0.319161
0.314881
0.310597
0.306310
0.302021
0.297733
0.293447
0.289165
0.284889
0.280619
0.276359
0.272109
0.267870
0.263645
0.259434
0.255240
0.251063
0.246905
0.242768
0.238652
0.234559
0.230490
0.226446
0.222429
0.218440
0.214479
0.210548
0.206647
0.202779
0.198943
0.195140
0.191372
0.187639
0.183942
0.180282
0.176659
0.173075
0.169529
0.166023
0.162557
0.159131
0.155747
0.152404
0.149103
0.145844
0.142628
0.139455
0.136325
0.133239
0.130196
0.127198
0.124244
0.121334
0.118469
0.115648
0.112872
0.110140
0.107453
0.104811
0.102213
0.099660
0.097151
0.094686
0.092265
0.089889
0.087555
0.085266
0.083020
0.080816
0.078656
0.076538
0.074462
0.072428
0.070435
0.068483
0.066573
0.064702
0.062872
0.061081
0.059329
0.057616
0.055942
0.054305
0.052705
0.051143
0.049616
0.048126
0.046671
0.045251
0.043866
0.042514
0.041196
0.039911
0.038658
0.037437
0.036247
0.035088
0.033959
0.032860
0.031791
0.030750
0.029737
0.028751
0.027793
0.026861
0.025956
0.025076
0.024221
0.023390
0.022583
0.021800
0.021040
0.020302
0.019586
0.018892
0.018218
0.017566
0.016933
0.016319
0.015725
0.015149
0.014592
0.014052
0.013530
0.013024
0.012535
0.012061
0.011603
0.011161
0.010733
0.010319
0.009920
0.009534
0.009161
0.008801
0.008453
0.008118
0.007794
0.007482
0.007180
0.006890
0.006610
0.006340
0.006080
0.005829
0.005588
0.005355
0.005132
0.004916
0.004709
0.004509
0.004317
0.004133
0.003955
0.003785
0.003621
0.003463
0.003312
0.003166
0.003027
0.002893
0.002764
0.002641
0.002522
0.002409
0.002300
0.002195
0.002095
0.001999
0.001907
0.001819
0.001735
0.001654
0.001576
0.001502
0.001432
0.001364
0.001299
0.001237
0.001178
0.001121
0.001067
0.001015
0.000966
0.000919
0.000874
0.000831
0.000790
0.000750
0.000713
0.000677
0.000643
0.000611
0.000580
0.000551
0.000523
0.000496
0.000470
0.000446
0.000423
0.000401
0.000380
0.000360
0.000341
0.000323
0.000306
0.000290
0.000275
0.000260
0.000246
0.000233
0.000220
0.000208
0.000197
0.000186
0.000176
0.000166
0.000157
0.000149
0.000140
0.000132
0.000125
0.000118
0.000111
0.000105
0.000099
0.000094
0.000088
0.000083
0.000078
0.000074
0.000070
0.000066
0.000062
0.000058
0.000055
0.000052
0.000049
0.000046
0.000043
0.000040
0.000038
0.000036
0.000034
0.000032
0.000030
0.000028
0.000026
0.000025
0.000023
0.000022
0.000020
0.000019
0.000018
0.000017
0.000016
0.000015
0.000014
0.000013
0.000012
0.000011
0.000011
0.000010
0.000009
0.000009
0.000008
0.000008
0.000007
0.000007
0.000006
0.000006
0.000005
0.000005
0.000005
0.000004
0.000004
0.000004
0.000004
0.000003
0.000003
0.000003
0.000003
0.000003
0.000002
0.000002
0.000002
0.000002
0.000002
0.000002
0.000002
0.000001
0.000001
0.000001
0.000001
0.000001
0.000001
0.000001
0.000001
0.000001
0.000001
0.000001
0.000001
0.000001
0.000001
0.000001
0.000000
0.000000
0.000000
0.000000
0.000000
0.000000
0.000000
0.000000
0.000000
0.000000
0.000000
0.000000
0.000000
0.000000
0.000000
0.000000
0.000000
0.000000
0.000000
0.000000
0.000000
0.000000
0.000000
0.000000
0.000000
0.000000
0.000000
0.000000
0.000000
0.000000
0.000000
0.000000
0.000000
0.000000
0.000000
0.000000
0.000000
0.000000
0.000000
0.000000
0.000000
0.000000
0.000000
0.000000
0.000000
0.000000
0.000000
0.000000
0.000000
0.000000
0.000000
0.000000
0.000000
0.000000
0.000000
0.000000
0.000000
0.000000
0.000000
0.000000
0.000000
0.000000
0.000000
0.000000
0.000000
0.000000
0.000000
0.000000
0.000000
0.000000
0.000000
0.000000
0.000000
0.000000
0.000000
0.000000
0.000000
0.000000
0.000000
0.000000
0.000000
0.000000
0.000000
0.000000
0.000000
0.000000
0.000000
0.000000
0.000000
0.000000
0.000000
0.000000
0.000000
0.000000
0.000000
0.000000
0.000000
0.000000
0.000000
0.000000
0.000000
0.000000
0.000000
0.000000
0.000000
0.000000
0.000000
0.000000
0.000000
0.000000
0.000000
0.000000
0.000000
0.000000
0.000000
0.000000
0.000000
0.000000
0.000000
0.000000
0.000000
0.000000
0.000000
0.000000
0.000000
0.000000
0.000000
0.000000
0.000000
0.000000
0.000000
0.000000
0.000000
0.000000
0.000000
0.000000
0.000000
0.000000
0.000000
0.000000
0.000000
0.000000
0.000000
0.000000
0.000000
0.000000
0.000000
0.000000
0.000000
0.000000
0.000000
0.000000
0.000000
0.000000
0.000000
0.000000
0.000000
0.000000
0.000000
0.000000
0.000000
0.000000
0.000000
