0.000019
0.000038
0.000055
0.000079
0.000091
0.000119
0.000132
0.000152
0.000185
0.000188
0.000213
0.000257
0.000264
0.000260
0.000297
0.000369
0.000441
0.000495
0.000535
0.000568
0.000600
0.000633
0.000668
0.000704
0.000742
0.000782
0.000824
0.000868
0.000914
0.000962
0.001013
0.001066
0.001122
0.001181
0.001242
0.001307
0.001374
0.001444
0.001518
0.001596
0.001677
0.001761
0.001850
0.001943
0.002040
0.002141
0.002247
0.002358
0.002474
0.002595
0.002721
0.002853
0.002991
0.003135
0.003285
0.003442
0.003605
0.003775
0.003953
0.004138
0.004332
0.004533
0.004743
0.004961
0.005189
0.005425
0.005672
0.005929
0.006196
0.006474
0.006763
0.007063
0.007376
0.007701
0.008038
0.008389
0.008754
0.009132
0.009525
0.009933
0.010356
0.010796
0.011252
0.011725
0.012215
0.012724
0.013251
0.013797
0.014363
0.014949
0.015556
0.016185
0.016836
0.017510
0.018207
0.018929
0.019675
0.020446
0.021244
0.022069
0.022921
0.023802
0.024712
0.025651
0.026621
0.027623
0.028656
0.029723
0.030824
0.031959
0.033129
0.034336
0.035580
0.036861
0.038182
0.039542
0.040943
0.042386
0.043871
0.045399
0.046971
0.048589
0.050253
0.051963
0.053722
0.055529
0.057386
0.059294
0.061254
0.063266
0.065332
0.067453
0.069628
0.071861
0.074151
0.076499
0.078906
0.081373
0.083902
0.086492
0.089146
0.091863
0.094645
0.097493
0.100407
0.103389
0.106438
0.109557
0.112746
0.116005
0.119336
0.122738
0.126214
0.129763
0.133387
0.137086
0.140860
0.144711
0.148639
0.152644
0.156727
0.160889
0.165130
0.169450
0.173850
0.178331
0.182892
0.187534
0.192257
0.197061
0.201947
0.206915
0.211965
0.217097
0.222310
0.227606
0.232983
0.238442
0.243983
0.249604
0.255307
0.261090
0.266954
0.272897
0.278920
0.285022
0.291201
0.297459
0.303792
0.310202
0.316687
0.323246
0.329878
0.336582
0.343358
0.350203
0.357117
0.364099
0.371146
0.378258
0.385434
0.392671
0.399968
0.407323
0.414735
0.422202
0.429722
0.437293
0.444913
0.452580
0.460291
0.468046
0.475841
0.483674
0.491543
0.499446
0.507380
0.515341
0.523329
0.531340
0.539372
0.547422
0.555486
0.563563
0.571649
0.579741
0.587837
0.595933
0.604026
0.612114
0.620192
0.628258
0.636309
0.644341
0.652351
0.660336
0.668293
0.676217
0.684106
0.691956
0.699765
0.707527
0.715241
0.722903
0.730509
0.738055
0.745538
0.752955
0.760303
0.767576
0.774774
0.781891
0.788925
0.795871
0.802728
0.809490
0.816156
0.822721
0.829183
0.835538
0.841783
0.847914
0.853929
0.859825
0.865598
0.871245
0.876764
0.882151
0.887404
0.892520
0.897497
0.902331
0.907020
0.911561
0.915952
0.920191
0.924276
0.928204
0.931972
0.935580
0.939025
0.942304
0.945417
0.948361
0.951135
0.953738
0.956167
0.958422
0.960501
0.962404
0.964128
0.965674
0.967039
0.968225
0.969229
0.970051
0.970691
0.971149
0.971424
0.971515
0.971424
0.971150
0.970692
0.970052
0.969230
0.968226
0.967041
0.965675
0.964130
0.962405
0.960503
0.958424
0.956169
0.953740
0.951137
0.948363
0.945419
0.942306
0.939027
0.935583
0.931975
0.928207
0.924279
0.920195
0.915956
0.911565
0.907023
0.902335
0.897501
0.892524
0.887408
0.882155
0.876768
0.871249
0.865601
0.859829
0.853934
0.847919
0.841787
0.835543
0.829188
0.822726
0.816161
0.809496
0.802733
0.795877
0.788930
0.781896
0.774779
0.767582
0.760308
0.752961
0.745544
0.738061
0.730514
0.722909
0.715248
0.707534
0.699772
0.691963
0.684113
0.676223
0.668299
0.660343
0.652358
0.644348
0.636316
0.628265
0.620199
0.612120
0.604033
0.595940
0.587844
0.579749
0.571656
0.563570
0.555494
0.547429
0.539380
0.531348
0.523338
0.515350
0.507388
0.499454
0.491552
0.483683
0.475849
0.468055
0.460300
0.452588
0.444921
0.437301
0.429731
0.422211
0.414744
0.407332
0.399977
0.392680
0.385443
0.378268
0.371155
0.364108
0.357126
0.350212
0.343367
0.336592
0.329887
0.323255
0.316696
0.310211
0.303802
0.297468
0.291211
0.285031
0.278930
0.272907
0.266964
0.261100
0.255317
0.249614
0.243992
0.238451
0.232992
0.227615
0.222319
0.217106
0.211974
0.206924
0.201956
0.197070
0.192265
0.187542
0.182900
0.178339
0.173859
0.169458
0.165138
0.160897
0.156735
0.152652
0.148647
0.144719
0.140868
0.137093
0.133395
0.129771
0.126221
0.122745
0.119342
0.116012
0.112752
0.109564
0.106445
0.103395
0.100413
0.097499
0.094651
0.091869
0.089152
0.086498
0.083907
0.081379
0.078911
0.076504
0.074156
0.071866
0.069633
0.067457
0.065337
0.063271
0.061259
0.059299
0.057391
0.055533
0.053726
0.051967
0.050257
0.048593
0.046975
0.045403
0.043875
0.042390
0.040947
0.039546
0.038185
0.036865
0.035583
0.034339
0.033132
0.031962
0.030826
0.029726
0.028659
0.027625
0.026624
0.025654
0.024714
0.023804
0.022924
0.022071
0.021247
0.020449
0.019677
0.018931
0.018209
0.017512
0.016838
0.016187
0.015558
0.014951
0.014365
0.013798
0.013252
0.012725
0.012217
0.011726
0.011253
0.010797
0.010358
0.009934
0.009526
0.009133
0.008755
0.008390
0.008039
0.007702
0.007377
0.007064
0.006764
0.006475
0.006197
0.005930
0.005673
0.005426
0.005189
0.004962
0.004743
0.004534
0.004332
0.004139
0.003954
0.003776
0.003606
0.003442
0.003285
0.003135
0.002991
0.002854
0.002722
0.002595
0.002474
0.002358
0.002248
0.002142
0.002040
0.001943
0.001850
0.001762
0.001677
0.001596
0.001519
0.001445
0.001374
0.001307
0.001242
0.001181
0.001123
0.001067
0.001013
0.000963
0.000914
0.000868
0.000824
0.000782
0.000742
0.000704
0.000668
0.000633
0.000601
0.000569
0.000540
0.000511
0.000485
0.000459
0.000435
0.000412
0.000390
0.000369
0.000349
0.000330
0.000312
0.000296
0.000279
0.000264
0.000250
0.000236
0.000223
0.000211
0.000199
0.000188
0.000177
0.000167
0.000158
0.000149
0.000141
0.000133
0.000125
0.000118
0.000111
0.000105
0.000099
0.000093
0.000088
0.000083
0.000078
0.000073
0.000069
0.000065
0.000061
0.000057
0.000054
0.000051
0.000048
0.000045
0.000042
0.000040
0.000037
0.000035
0.000033
0.000031
0.000029
0.000027
0.000025
0.000024
0.000022
0.000021
0.000020
0.000018
0.000017
0.000016
0.000015
0.000014
0.000013
0.000012
0.000012
0.000011
0.000010
0.000010
0.000009
0.000008
0.000008
0.000007
0.000007
0.000006
0.000006
0.000006
0.000005
0.000005
0.000005
0.000004
0.000004
0.000004
0.000003
0.000003
0.000003
0.000003
0.000003
0.000002
0.000002
0.000002
0.000002
0.000002
0.000002
0.000002
0.000001
0.000001
0.000001
0.000001
0.000001
0.000001
0.000001
0.000001
0.000001
0.000001
0.000001
0.000001
0.000001
0.000001
0.000001
0.000000
0.000000
0.000000
0.000000
0.000000
0.000000
0.000000
0.000000
0.000000
0.000000
0.000000
0.000000
0.000000
0.000000
0.000000
0.000000
0.000000
0.000000
0.000000
0.000000
0.000000
0.000000
0.000000
0.000000
0.000000
0.000000
0.000000
0.000000
0.000000
0.000000
0.000000
0.000000
0.000000
0.000000
0.000000
0.000000
0.000000
0.000000
0.000000
0.000000
0.000000
0.000000
0.000000
0.000000
0.000000
0.000000
0.000000
0.000000
0.000000
0.000000
0.000000
0.000000
0.000000
0.000000
0.000000
0.000000
0.000000
0.000000
0.000000
0.000000
0.000000
0.000000
0.000000
0.000000
0.000000
0.000000
0.000000
0.000000
0.000000
0.000000
0.000000
0.000000
0.000000
0.000000
0.000000
0.000000
0.000000
0.000000
0.000000
0.000000
0.000000
0.000000
0.000000
0.000000
0.000000
0.000000
0.000000
0.000000
0.000000
0.000000
0.000000
0.000000
0.000000
0.000000
0.000000
0.000000
0.000000
0.000000
0.000000
0.000000
0.000000
0.000000
0.000000
0.000000
0.000000
0.000000
0.000000
0.000000
0.000000
0.000000
0.000000
0.000000
0.000000
0.000000
0.000000
0.000000
0.000000
0.000000
0.000000
0.000000
0.000000
0.000000
0.000000
0.000000
0.000000
0.000000
0.000000
0.000000
0.000000
0.000000
0.000000
0.000000
0.000000
0.000000
0.000000
0.000000
0.000000
0.000000
0.000000
0.000000
0.000000
0.000000
0.000000
0.000000
0.000000
0.000000
0.000000
0.000000
0.000000
0.000000
0.000000
0.000000
0.000000
0.000000
0.000000
0.000000
0.000000
0.000000
0.000000
0.000000
0.000000
0.000000
0.000000
0.000000
0.000000
0.000000
0.000000
0.000000
0.000000
0.000000
0.000000
0.000000
0.000000
0.000000
0.000000
0.000000
0.000000
0.000000
0.000000
0.000000
0.000000
0.000000
0.000000
0.000000
0.000000
0.000000
0.000000
0.000000
0.000000
0.000000
0.000000
0.000000
0.000000
0.000000
0.000000
0.000000
0.000000
0.000000
0.000000
0.000000
0.000000
0.000000
0.000000
0.000000
0.000000
0.000000
0.000000
0.000000
0.000000
0.000000
0.000000
0.000000
0.000000
0.000000
0.000000
0.000000
0.000000
0.000000
0.000000
0.000000
0.000000
0.000000
0.000000
0.000000
0.000000
0.000000
0.000000
0.000000
0.000000
0.000000
0.000000
0.000000
0.000000
0.000000
0.000000
0.000000
0.000000
0.000000
0.000000
0.000000
0.000000
0.000000
0.000000
0.000000
0.000000
0.000000
0.000000
0.000000
0.000000
0.000000
0.000000
0.000000
0.000000
0.000000
0.000000
0.000000
0.000000
0.000000
0.000000
0.000000
0.000000
0.000000
0.000000
0.000000
0.000000
0.000000
0.000000
0.000000
0.000000
0.000000
0.000000
0.000000
0.000000
0.000000
0.000000
0.000000
0.000000
0.000000
0.000000
0.000000
0.000000
0.000000
0.000000
0.000000
0.000000
0.000000
0.000000
0.000000
0.000000
0.000000
0.000000
0.000000
0.000000
0.000000
0.000000
0.000000
0.000000
0.000000
0.000000
0.000000
0.000000
0.000000
0.000000
0.000000
0.000000
0.000000
0.000000
0.000000
0.000000
0.000000
