0.004406
0.008813
0.013222
0.017631
0.022043
0.026458
0.030876
0.035297
0.039723
0.044153
0.048590
0.053030
0.057479
0.061932
0.066394
0.070861
0.075338
0.079822
0.084316
0.088816
0.093327
0.097847
0.102377
0.106916
0.111464
0.116024
0.120592
0.125173
0.129761
0.134362
0.138971
0.143593
0.148222
0.152863
0.157514
0.162173
0.166844
0.171520
0.176209
0.180903
0.185607
0.190318
0.195035
0.199761
0.204489
0.209227
0.213965
0.218710
0.223458
0.228206
0.232960
0.237710
0.242464
0.247215
0.251963
0.256711
0.261450
0.266190
0.270920
0.275642
0.280360
0.285061
0.289757
0.294438
0.299104
0.303760
0.308392
0.313012
0.317611
0.322186
0.326746
0.331275
0.335781
0.340264
0.344711
0.349134
0.353524
0.357876
0.362201
0.366484
0.370726
0.374936
0.379097
0.383215
0.387296
0.391319
0.395298
0.399232
0.403104
0.406928
0.410700
0.414405
0.418058
0.421654
0.425178
0.428644
0.432050
0.435378
0.438642
0.441842
0.444961
0.448007
0.450988
0.453885
0.456701
0.459448
0.462112
0.464684
0.467183
0.469601
0.471922
0.474158
0.476317
0.478381
0.480345
0.482228
0.484025
0.485716
0.487312
0.488825
0.490242
0.491549
0.492763
0.493891
0.494918
0.495832
0.496652
0.497385
0.498016
0.498532
0.498948
0.499278
0.499508
0.499625
0.499634
0.499553
0.499382
0.499104
0.498712
0.498219
0.497639
0.496969
0.496192
0.495302
0.494311
0.493235
0.492075
0.490819
0.489456
0.487986
0.486421
0.484776
0.483052
0.481244
0.479340
0.477334
0.475229
0.473034
0.470761
0.468415
0.466001
0.463517
0.460957
0.458321
0.455606
0.452812
0.449941
0.446995
0.443976
0.440888
0.437732
0.434512
0.431230
0.427887
0.424485
0.421026
0.417513
0.413946
0.410328
0.406662
0.402947
0.399187
0.395385
0.391541
0.387657
0.383737
0.379781
0.375791
0.371769
0.367719
0.363641
0.359537
0.355410
0.351261
0.347093
0.342907
0.338705
0.334489
0.330260
0.326023
0.321777
0.317525
0.313268
0.309009
0.304749
0.300491
0.296236
0.291984
0.287740
0.283502
0.279275
0.275059
0.270856
0.266668
0.262496
0.258342
0.254206
0.250092
0.245999
0.241929
0.237885
0.233868
0.229877
0.225915
0.221983
0.218084
0.214217
0.210383
0.206584
0.202821
0.199095
0.195407
0.191758
0.188150
0.184582
0.181056
0.177573
0.174134
0.170738
0.167389
0.164085
0.160828
0.157618
0.154456
0.151343
0.148279
0.145265
0.142300
0.139387
0.136526
0.133717
0.130960
0.128256
0.125605
0.123007
0.120464
0.117974
0.115539
0.113159
0.110835
0.108566
0.106352
0.104194
0.102093
0.100048
0.098060
0.096127
0.094252
0.092433
0.090672
0.088968
0.087321
0.085731
0.084198
0.082724
0.081307
0.079947
0.078646
0.077401
0.076214
0.075086
0.074015
0.073002
0.072047
0.071149
0.070310
0.069529
0.068805
0.068139
0.067531
0.066982
0.066490
0.066055
0.065679
0.065360
0.065100
0.064897
0.064752
0.064666
0.064636
0.064665
0.064752
0.064897
0.065099
0.065359
0.065677
0.066054
0.066488
0.066980
0.067529
0.068137
0.068803
0.069526
0.070308
0.071148
0.072045
0.073000
0.074013
0.075085
0.076213
0.077400
0.078644
0.079945
0.081304
0.082721
0.084196
0.085728
0.087318
0.088965
0.090669
0.092430
0.094249
0.096124
0.098056
0.100045
0.102090
0.104192
0.106349
0.108563
0.110832
0.113157
0.115537
0.117971
0.120460
0.123004
0.125602
0.128252
0.130957
0.133713
0.136522
0.139383
0.142296
0.145260
0.148273
0.151337
0.154450
0.157612
0.160821
0.164078
0.167382
0.170731
0.174126
0.177565
0.181048
0.184574
0.188142
0.191751
0.195400
0.199087
0.202813
0.206576
0.210374
0.214208
0.218076
0.221976
0.225907
0.229869
0.233859
0.237877
0.241921
0.245990
0.250083
0.254198
0.258333
0.262488
0.266661
0.270849
0.275053
0.279269
0.283496
0.287733
0.291977
0.296229
0.300485
0.304743
0.309002
0.313261
0.317517
0.321769
0.326015
0.330253
0.334480
0.338696
0.342898
0.347084
0.351252
0.355401
0.359529
0.363632
0.367711
0.371762
0.375784
0.379772
0.383730
0.387651
0.391534
0.395377
0.399180
0.402940
0.406653
0.410320
0.413938
0.417505
0.421019
0.424478
0.427880
0.431224
0.434507
0.437729
0.440886
0.443978
0.447002
0.449957
0.452841
0.455653
0.458393
0.461055
0.463641
0.466148
0.468574
0.470920
0.473182
0.475361
0.477454
0.479462
0.481381
0.483212
0.484952
0.486602
0.488160
0.489625
0.490996
0.492273
0.493455
0.494540
0.495529
0.496420
0.497214
0.497910
0.498506
0.499004
0.499402
0.499701
0.499900
0.500000
0.499999
0.499898
0.499697
0.499397
0.498997
0.498497
0.497899
0.497202
0.496406
0.495513
0.494522
0.493435
0.492251
0.490972
0.489599
0.488132
0.486571
0.484920
0.483177
0.481343
0.479422
0.477412
0.475316
0.473135
0.470869
0.468519
0.466089
0.463579
0.460989
0.458323
0.455581
0.452764
0.449875
0.446915
0.443887
0.440791
0.437628
0.434402
0.431113
0.427763
0.424354
0.420888
0.417368
0.413794
0.410168
0.406494
0.402771
0.399003
0.395191
0.391337
0.387442
0.383511
0.379543
0.375542
0.371508
0.367443
0.363351
0.359232
0.355089
0.350924
0.346738
0.342533
0.338312
0.334076
0.329827
0.325567
0.321298
0.317022
0.312740
0.308454
0.304165
0.299877
0.295589
0.291305
0.287026
0.282753
0.278488
0.274232
0.269988
0.265756
0.261537
0.257335
0.253149
0.248982
0.244834
0.240707
0.236602
0.232521
0.228465
0.224434
0.220431
0.216456
0.212509
0.208594
0.204709
0.200856
0.197037
0.193252
0.189501
0.185786
0.182107
0.178466
0.174862
0.171297
0.167771
0.164285
0.160839
0.157434
0.154070
0.150748
0.147468
0.144231
0.141036
0.137884
0.134776
0.131712
0.128692
0.125716
0.122783
0.119896
0.117053
0.114254
0.111501
0.108791
0.106127
0.103507
0.100931
0.098400
0.095913
0.093470
0.091071
0.088717
0.086405
0.084137
0.081913
0.079731
0.077591
0.075494
0.073439
0.071426
0.069454
0.067523
0.065633
0.063782
0.061972
0.060200
0.058468
0.056774
0.055119
0.053500
0.051919
0.050375
0.048867
0.047394
0.045957
0.044554
0.043186
0.041851
0.040549
0.039280
0.038043
0.036838
0.035664
0.034520
0.033406
0.032322
0.031267
0.030240
0.029241
0.028269
0.027324
0.026405
0.025513
0.024645
0.023802
0.022984
0.022189
0.021417
0.020668
0.019941
0.019236
0.018553
0.017890
0.017247
0.016624
0.016020
0.015435
0.014868
0.014320
0.013789
0.013275
0.012777
0.012296
0.011830
0.011380
0.010945
0.010524
0.010118
0.009725
0.009346
0.008979
0.008625
0.008284
0.007954
0.007636
0.007330
0.007034
0.006749
0.006474
0.006209
0.005953
0.005707
0.005471
0.005242
0.005023
0.004811
0.004608
0.004412
0.004224
0.004043
0.003869
0.003702
0.003541
0.003387
0.003238
0.003096
0.002959
0.002828
0.002702
0.002581
0.002465
0.002353
0.002247
0.002145
0.002046
0.001953
0.001863
0.001776
0.001694
0.001615
0.001539
0.001467
0.001397
0.001331
0.001268
0.001207
0.001149
0.001094
0.001041
0.000990
0.000942
0.000896
0.000852
0.000810
0.000770
0.000731
0.000695
0.000660
0.000627
0.000595
0.000565
0.000536
0.000509
0.000483
0.000458
0.000434
0.000412
0.000391
0.000370
0.000351
0.000332
0.000315
0.000298
0.000282
0.000267
0.000253
0.000239
0.000226
0.000214
0.000203
0.000192
0.000181
0.000171
0.000162
0.000153
0.000144
0.000136
0.000129
0.000122
0.000115
0.000108
0.000102
0.000096
0.000091
0.000086
0.000081
0.000076
0.000072
0.000068
0.000064
0.000060
0.000056
0.000053
0.000050
0.000047
0.000044
0.000042
0.000039
0.000037
0.000035
0.000033
0.000031
0.000029
0.000027
0.000025
0.000024
0.000022
0.000021
0.000020
0.000018
0.000017
0.000016
0.000015
0.000014
0.000013
0.000013
0.000012
0.000011
0.000010
0.000010
0.000009
0.000008
0.000008
0.000007
0.000007
0.000006
0.000006
0.000006
0.000005
0.000005
0.000005
0.000004
0.000004
0.000004
0.000004
0.000003
0.000003
0.000003
0.000003
0.000002
0.000002
0.000002
0.000002
0.000002
0.000002
0.000002
0.000002
0.000001
0.000001
0.000001
0.000001
0.000001
0.000001
0.000001
0.000001
0.000001
0.000001
0.000001
0.000001
0.000001
0.000001
0.000001
0.000000
0.000000
0.000000
0.000000
0.000000
0.000000
0.000000
0.000000
0.000000
0.000000
0.000000
0.000000
0.000000
0.000000
0.000000
0.000000
0.000000
0.000000
0.000000
0.000000
0.000000
0.000000
0.000000
0.000000
0.000000
0.000000
0.000000
0.000000
0.000000
0.000000
0.000000
0.000000
0.000000
0.000000
0.000000
0.000000
0.000000
0.000000
0.000000
0.000000
0.000000
0.000000
0.000000
0.000000
0.000000
0.000000
0.000000
0.000000
0.000000
0.000000
0.000000
0.000000
0.000000
0.000000
0.000000
0.000000
0.000000
0.000000
0.000000
0.000000
0.000000
0.000000
0.000000
0.000000
0.000000
0.000000
0.000000
0.000000
0.000000
0.000000
0.000000
0.000000
0.000000
0.000000
0.000000
0.000000
0.000000
0.000000
0.000000
0.000000
0.000000
0.000000
0.000000
0.000000
0.000000
0.000000
0.000000
0.000000
0.000000
0.000000
0.000000
0.000000
0.000000
0.000000
0.000000
0.000000
0.000000
0.000000
0.000000
0.000000
0.000000
0.000000
0.000000
0.000000
0.000000
0.000000
0.000000
0.000000
0.000000
0.000000
0.000000
0.000000
0.000000
0.000000
0.000000
0.000000
0.000000
0.000000
0.000000
0.000000
0.000000
0.000000
0.000000
0.000000
0.000000
0.000000
0.000000
0.000000
0.000000
0.000000
0.000000
0.000000
0.000000
0.000000
0.000000
0.000000
0.000000
0.000000
0.000000
0.000000
0.000000
0.000000
0.000000
0.000000
0.000000
0.000000
0.000000
0.000000
0.000000
0.000000
0.000000
0.000000
0.000000
0.000000
0.000000
0.000000
0.000000
0.000000
0.000000
0.000000
0.000000
0.000000
