0.004449
0.008899
0.013350
0.017803
0.022258
0.026715
0.031175
0.035639
0.040107
0.044580
0.049058
0.053540
0.058030
0.062525
0.067027
0.071536
0.076053
0.080577
0.085110
0.089651
0.094200
0.098759
0.103326
0.107904
0.112489
0.117086
0.121691
0.126307
0.130931
0.135567
0.140211
0.144865
0.149529
0.154201
0.158885
0.163574
0.168276
0.172983
0.177700
0.182424
0.187154
0.191894
0.196635
0.201388
0.206141
0.210901
0.215664
0.220429
0.225200
0.229968
0.234742
0.239512
0.244281
0.249051
0.253813
0.258577
0.263331
0.268081
0.272826
0.277557
0.282285
0.286997
0.291698
0.296389
0.301059
0.305719
0.310358
0.314977
0.319580
0.324155
0.328712
0.333244
0.337743
0.342223
0.346667
0.351080
0.355466
0.359809
0.364121
0.368398
0.372627
0.376822
0.380973
0.385073
0.389136
0.393147
0.397104
0.401018
0.404874
0.408671
0.412422
0.416107
0.419731
0.423302
0.426804
0.430237
0.433615
0.436918
0.440147
0.443315
0.446406
0.449415
0.452360
0.455227
0.458005
0.460711
0.463342
0.465878
0.468332
0.470711
0.472997
0.475188
0.477302
0.479328
0.481251
0.483084
0.484837
0.486490
0.488038
0.489500
0.490874
0.492139
0.493302
0.494378
0.495361
0.496232
0.496999
0.497678
0.498264
0.498737
0.499101
0.499374
0.499557
0.499631
0.499592
0.499454
0.499231
0.498909
0.498473
0.497928
0.497292
0.496571
0.495751
0.494819
0.493780
0.492649
0.491436
0.490135
0.488732
0.487221
0.485609
0.483912
0.482137
0.480283
0.478339
0.476297
0.474154
0.471918
0.469599
0.467207
0.464747
0.462219
0.459619
0.456945
0.454195
0.451367
0.448463
0.445484
0.442432
0.439311
0.436124
0.432873
0.429560
0.426187
0.422757
0.419269
0.415729
0.412136
0.408493
0.404802
0.401064
0.397282
0.393458
0.389594
0.385691
0.381752
0.377778
0.373772
0.369734
0.365669
0.361577
0.357461
0.353322
0.349162
0.344984
0.340789
0.336579
0.332355
0.328121
0.323878
0.319627
0.315372
0.311112
0.306851
0.302591
0.298332
0.294077
0.289827
0.285584
0.281350
0.277127
0.272915
0.268717
0.264535
0.260370
0.256222
0.252094
0.247988
0.243904
0.239844
0.235811
0.231804
0.227825
0.223875
0.219956
0.216069
0.212215
0.208395
0.204610
0.200861
0.197150
0.193478
0.189845
0.186252
0.182700
0.179191
0.175724
0.172302
0.168924
0.165592
0.162306
0.159065
0.155874
0.152729
0.149635
0.146589
0.143592
0.140645
0.137751
0.134908
0.132117
0.129378
0.126692
0.124059
0.121478
0.118952
0.116480
0.114063
0.111700
0.109392
0.107140
0.104942
0.102801
0.100715
0.098687
0.096714
0.094797
0.092936
0.091132
0.089385
0.087695
0.086061
0.084484
0.082965
0.081502
0.080097
0.078750
0.077459
0.076225
0.075049
0.073930
0.072869
0.071864
0.070918
0.070028
0.069196
0.068422
0.067705
0.067045
0.066443
0.065898
0.065411
0.064980
0.064607
0.064291
0.064033
0.063832
0.063688
0.063603
0.063574
0.063603
0.063688
0.063832
0.064032
0.064290
0.064605
0.064978
0.065408
0.065896
0.066440
0.067043
0.067702
0.068420
0.069194
0.070026
0.070916
0.071863
0.072867
0.073929
0.075047
0.076224
0.077457
0.078747
0.080095
0.081500
0.082962
0.084482
0.086059
0.087692
0.089382
0.091128
0.092933
0.094793
0.096710
0.098684
0.100713
0.102799
0.104940
0.107137
0.109390
0.111697
0.114060
0.116477
0.118948
0.121475
0.124055
0.126688
0.129374
0.132113
0.134904
0.137747
0.140642
0.143587
0.146583
0.149629
0.152724
0.155868
0.159059
0.162298
0.165585
0.168917
0.172295
0.175717
0.179183
0.182692
0.186244
0.189837
0.193470
0.197142
0.200854
0.204601
0.208386
0.212206
0.216061
0.219947
0.223867
0.227816
0.231795
0.235803
0.239837
0.243896
0.247980
0.252086
0.256213
0.260361
0.264528
0.268711
0.272908
0.277120
0.281343
0.285578
0.289820
0.294070
0.298325
0.302584
0.306844
0.311105
0.315364
0.319619
0.323870
0.328113
0.332347
0.336570
0.340780
0.344975
0.349153
0.353313
0.357452
0.361569
0.365661
0.369727
0.373764
0.377770
0.381744
0.385684
0.389587
0.393450
0.397275
0.401057
0.404794
0.408485
0.412128
0.415721
0.419262
0.422749
0.426180
0.429554
0.432868
0.436121
0.439311
0.442436
0.445494
0.448484
0.451404
0.454253
0.457029
0.459730
0.462354
0.464901
0.467369
0.469755
0.472059
0.474280
0.476416
0.478467
0.480431
0.482306
0.484092
0.485787
0.487391
0.488903
0.490321
0.491646
0.492875
0.494008
0.495046
0.495986
0.496829
0.497573
0.498220
0.498767
0.499215
0.499564
0.499813
0.499962
0.500011
0.499960
0.499809
0.499559
0.499209
0.498759
0.498210
0.497562
0.496816
0.495971
0.495029
0.493990
0.492854
0.491623
0.490298
0.488877
0.487363
0.485757
0.484059
0.482271
0.480394
0.478428
0.476375
0.474236
0.472012
0.469704
0.467314
0.464844
0.462293
0.459666
0.456961
0.454182
0.451328
0.448404
0.445410
0.442347
0.439217
0.436023
0.432765
0.429445
0.426066
0.422628
0.419135
0.415587
0.411987
0.408337
0.404638
0.400893
0.397102
0.393269
0.389394
0.385481
0.381531
0.377546
0.373528
0.369479
0.365400
0.361294
0.357163
0.353009
0.348833
0.344638
0.340424
0.336196
0.331953
0.327699
0.323434
0.319161
0.314881
0.310597
0.306310
0.302021
0.297733
0.293447
0.289165
0.284889
0.280619
0.276359
0.272109
0.267870
0.263645
0.259434
0.255240
0.251063
0.246905
0.242768
0.238652
0.234559
0.230490
0.226446
0.222429
0.218440
0.214479
0.210548
0.206647
0.202779
0.198943
0.195140
0.191372
0.187639
0.183942
0.180282
0.176659
0.173075
0.169529
0.166023
0.162557
0.159131
0.155747
0.152404
0.149103
0.145844
0.142628
0.139455
0.136325
0.133239
0.130197
0.127198
0.124244
0.121334
0.118469
0.115648
0.112872
0.110140
0.107453
0.104811
0.102213
0.099660
0.097151
0.094686
0.092265
0.089889
0.087555
0.085266
0.083020
0.080816
0.078656
0.076538
0.074462
0.072428
0.070435
0.068483
0.066573
0.064702
0.062872
0.061081
0.059329
0.057616
0.055942
0.054305
0.052705
0.051143
0.049616
0.048126
0.046671
0.045251
0.043866
0.042514
0.041196
0.039911
0.038658
0.037437
0.036247
0.035088
0.033959
0.032860
0.031791
0.030750
0.029737
0.028751
0.027793
0.026861
0.025956
0.025076
0.024221
0.023390
0.022583
0.021800
0.021040
0.020302
0.019586
0.018892
0.018219
0.017566
0.016933
0.016319
0.015725
0.015149
0.014592
0.014052
0.013530
0.013024
0.012535
0.012061
0.011603
0.011161
0.010733
0.010319
0.009920
0.009534
0.009161
0.008801
0.008453
0.008118
0.007794
0.007482
0.007180
0.006890
0.006610
0.006340
0.006080
0.005829
0.005588
0.005355
0.005132
0.004916
0.004709
0.004509
0.004317
0.004133
0.003955
0.003785
0.003621
0.003463
0.003312
0.003166
0.003027
0.002893
0.002764
0.002641
0.002522
0.002409
0.002300
0.002195
0.002095
0.001999
0.001907
0.001819
0.001735
0.001654
0.001576
0.001502
0.001432
0.001364
0.001299
0.001237
0.001178
0.001121
0.001067
0.001015
0.000966
0.000919
0.000874
0.000831
0.000790
0.000750
0.000713
0.000677
0.000643
0.000611
0.000580
0.000551
0.000523
0.000496
0.000470
0.000446
0.000423
0.000401
0.000380
0.000360
0.000341
0.000323
0.000306
0.000290
0.000275
0.000260
0.000246
0.000233
0.000220
0.000208
0.000197
0.000186
0.000176
0.000166
0.000157
0.000149
0.000140
0.000132
0.000125
0.000118
0.000111
0.000105
0.000099
0.000094
0.000088
0.000083
0.000078
0.000074
0.000070
0.000066
0.000062
0.000058
0.000055
0.000052
0.000049
0.000046
0.000043
0.000040
0.000038
0.000036
0.000034
0.000032
0.000030
0.000028
0.000026
0.000025
0.000023
0.000022
0.000020
0.000019
0.000018
0.000017
0.000016
0.000015
0.000014
0.000013
0.000012
0.000011
0.000011
0.000010
0.000009
0.000009
0.000008
0.000008
0.000007
0.000007
0.000006
0.000006
0.000005
0.000005
0.000005
0.000004
0.000004
0.000004
0.000004
0.000003
0.000003
0.000003
0.000003
0.000003
0.000002
0.000002
0.000002
0.000002
0.000002
0.000002
0.000002
0.000001
0.000001
0.000001
0.000001
0.000001
0.000001
0.000001
0.000001
0.000001
0.000001
0.000001
0.000001
0.000001
0.000001
0.000001
0.000000
0.000000
0.000000
0.000000
0.000000
0.000000
0.000000
0.000000
0.000000
0.000000
0.000000
0.000000
0.000000
0.000000
0.000000
0.000000
0.000000
0.000000
0.000000
0.000000
0.000000
0.000000
0.000000
0.000000
0.000000
0.000000
0.000000
0.000000
0.000000
0.000000
0.000000
0.000000
0.000000
0.000000
0.000000
0.000000
0.000000
0.000000
0.000000
0.000000
0.000000
0.000000
0.000000
0.000000
0.000000
0.000000
0.000000
0.000000
0.000000
0.000000
0.000000
0.000000
0.000000
0.000000
0.000000
0.000000
0.000000
0.000000
0.000000
0.000000
0.000000
0.000000
0.000000
0.000000
0.000000
0.000000
0.000000
0.000000
0.000000
0.000000
0.000000
0.000000
0.000000
0.000000
0.000000
0.000000
0.000000
0.000000
0.000000
0.000000
0.000000
0.000000
0.000000
0.000000
0.000000
0.000000
0.000000
0.000000
0.000000
0.000000
0.000000
0.000000
0.000000
0.000000
0.000000
0.000000
0.000000
0.000000
0.000000
0.000000
0.000000
0.000000
0.000000
0.000000
0.000000
0.000000
0.000000
0.000000
0.000000
0.000000
0.000000
0.000000
0.000000
0.000000
0.000000
0.000000
0.000000
0.000000
0.000000
0.000000
0.000000
0.000000
0.000000
0.000000
0.000000
0.000000
0.000000
0.000000
0.000000
0.000000
0.000000
0.000000
0.000000
0.000000
0.000000
0.000000
0.000000
0.000000
0.000000
0.000000
0.000000
0.000000
0.000000
0.000000
0.000000
0.000000
0.000000
0.000000
0.000000
0.000000
0.000000
0.000000
0.000000
0.000000
0.000000
0.000000
0.000000
0.000000
0.000000
0.000000
0.000000
0.000000
