0.004492
0.008985
0.013480
0.017975
0.022472
0.026972
0.031476
0.035982
0.040493
0.045008
0.049527
0.054052
0.058583
0.063120
0.067663
0.072213
0.076770
0.081335
0.085906
0.090488
0.095075
0.099674
0.104279
0.108894
0.113517
0.118151
0.122792
0.127443
0.132104
0.136773
0.141453
0.146139
0.150838
0.155542
0.160257
0.164979
0.169709
0.174448
0.179192
0.183946
0.188703
0.193470
0.198239
0.203015
0.207794
0.212576
0.217364
0.222150
0.226942
0.231732
0.236522
0.241313
0.246098
0.250885
0.255664
0.260441
0.265211
0.269971
0.274729
0.279471
0.284207
0.288930
0.293636
0.298335
0.303011
0.307673
0.312318
0.316937
0.321542
0.326120
0.330672
0.335204
0.339700
0.344172
0.348615
0.353019
0.357397
0.361735
0.366033
0.370300
0.374519
0.378696
0.382836
0.386922
0.390964
0.394961
0.398899
0.402790
0.406629
0.410403
0.414128
0.417794
0.421390
0.424933
0.428412
0.431816
0.435161
0.438439
0.441636
0.444768
0.447830
0.450808
0.453712
0.456547
0.459292
0.461956
0.464548
0.467052
0.469462
0.471798
0.474049
0.476199
0.478264
0.480249
0.482135
0.483920
0.485624
0.487237
0.488742
0.490152
0.491478
0.492703
0.493819
0.494841
0.495776
0.496606
0.497324
0.497948
0.498484
0.498914
0.499231
0.499448
0.499579
0.499610
0.499525
0.499334
0.499055
0.498685
0.498207
0.497615
0.496924
0.496148
0.495282
0.494309
0.493225
0.492042
0.490775
0.489425
0.487981
0.486430
0.484775
0.483028
0.481202
0.479299
0.477314
0.475235
0.473057
0.470781
0.468420
0.465982
0.463476
0.460903
0.458262
0.455550
0.452765
0.449903
0.446966
0.443954
0.440870
0.437718
0.434499
0.431217
0.427875
0.424473
0.421014
0.417499
0.413933
0.410313
0.406646
0.402931
0.399170
0.395367
0.391521
0.387637
0.383715
0.379758
0.375767
0.371745
0.367692
0.363613
0.359507
0.355379
0.351229
0.347059
0.342871
0.338667
0.334449
0.330219
0.325980
0.321731
0.317476
0.313218
0.308955
0.304693
0.300432
0.296174
0.291920
0.287672
0.283431
0.279200
0.274981
0.270774
0.266582
0.262406
0.258248
0.254107
0.249988
0.245890
0.241816
0.237766
0.233744
0.229748
0.225780
0.221842
0.217936
0.214062
0.210221
0.206416
0.202645
0.198911
0.195215
0.191559
0.187941
0.184365
0.180829
0.177336
0.173886
0.170481
0.167121
0.163806
0.160538
0.157315
0.154142
0.151015
0.147939
0.144910
0.141932
0.139004
0.136128
0.133303
0.130530
0.127808
0.125140
0.122525
0.119963
0.117454
0.115000
0.112600
0.110254
0.107964
0.105727
0.103547
0.101422
0.099352
0.097339
0.095382
0.093480
0.091634
0.089845
0.088112
0.086435
0.084815
0.083252
0.081745
0.080295
0.078902
0.077566
0.076286
0.075063
0.073897
0.072788
0.071736
0.070741
0.069803
0.068921
0.068097
0.067329
0.066619
0.065965
0.065369
0.064828
0.064345
0.063919
0.063549
0.063237
0.062980
0.062781
0.062639
0.062554
0.062526
0.062554
0.062639
0.062781
0.062980
0.063236
0.063548
0.063917
0.064343
0.064826
0.065366
0.065963
0.066616
0.067327
0.068095
0.068919
0.069801
0.070740
0.071735
0.072787
0.073896
0.075062
0.076285
0.077563
0.078900
0.080293
0.081743
0.083250
0.084813
0.086433
0.088109
0.089841
0.091631
0.093476
0.095378
0.097337
0.099350
0.101419
0.103544
0.105725
0.107961
0.110251
0.112597
0.114997
0.117451
0.119959
0.122521
0.125137
0.127804
0.130525
0.133299
0.136124
0.139000
0.141927
0.144905
0.147933
0.151010
0.154135
0.157309
0.160530
0.163799
0.167114
0.170474
0.173879
0.177329
0.180821
0.184356
0.187933
0.191550
0.195207
0.198904
0.202636
0.206407
0.210212
0.214053
0.217927
0.221834
0.225772
0.229739
0.233735
0.237758
0.241808
0.245882
0.249979
0.254099
0.258239
0.262398
0.266575
0.270768
0.274974
0.279194
0.283424
0.287664
0.291912
0.296167
0.300425
0.304687
0.308948
0.313210
0.317469
0.321723
0.325971
0.330211
0.334441
0.338658
0.342862
0.347050
0.351220
0.355370
0.359499
0.363605
0.367685
0.371737
0.375760
0.379750
0.383708
0.387630
0.391514
0.395359
0.399163
0.402923
0.406638
0.410306
0.413924
0.417492
0.421007
0.424466
0.427869
0.431213
0.434497
0.437719
0.440877
0.443969
0.446994
0.449950
0.452834
0.455647
0.458386
0.461049
0.463635
0.466142
0.468569
0.470915
0.473178
0.475356
0.477450
0.479458
0.481378
0.483208
0.484950
0.486599
0.488158
0.489623
0.490994
0.492271
0.493452
0.494538
0.495527
0.496418
0.497212
0.497908
0.498505
0.499003
0.499401
0.499700
0.499899
0.499999
0.499998
0.499896
0.499696
0.499396
0.498996
0.498496
0.497898
0.497201
0.496406
0.495512
0.494521
0.493434
0.492251
0.490972
0.489599
0.488132
0.486571
0.484919
0.483176
0.481343
0.479422
0.477412
0.475316
0.473134
0.470868
0.468519
0.466089
0.463578
0.460989
0.458323
0.455581
0.452764
0.449875
0.446915
0.443887
0.440790
0.437628
0.434402
0.431113
0.427763
0.424354
0.420888
0.417367
0.413794
0.410168
0.406494
0.402771
0.399003
0.395191
0.391336
0.387442
0.383511
0.379543
0.375541
0.371507
0.367443
0.363351
0.359232
0.355089
0.350924
0.346737
0.342533
0.338312
0.334076
0.329827
0.325567
0.321298
0.317022
0.312740
0.308454
0.304165
0.299877
0.295589
0.291305
0.287026
0.282753
0.278488
0.274232
0.269988
0.265755
0.261537
0.257335
0.253149
0.248982
0.244834
0.240707
0.236602
0.232521
0.228465
0.224434
0.220431
0.216455
0.212509
0.208593
0.204709
0.200856
0.197037
0.193252
0.189501
0.185786
0.182107
0.178466
0.174862
0.171297
0.167771
0.164285
0.160839
0.157434
0.154070
0.150748
0.147468
0.144231
0.141036
0.137884
0.134776
0.131712
0.128692
0.125716
0.122783
0.119896
0.117053
0.114254
0.111501
0.108791
0.106127
0.103507
0.100931
0.098400
0.095913
0.093470
0.091071
0.088717
0.086405
0.084137
0.081913
0.079731
0.077591
0.075494
0.073439
0.071426
0.069454
0.067523
0.065633
0.063782
0.061972
0.060200
0.058468
0.056774
0.055119
0.053500
0.051919
0.050375
0.048867
0.047394
0.045957
0.044554
0.043186
0.041851
0.040549
0.039280
0.038043
0.036838
0.035664
0.034520
0.033406
0.032322
0.031267
0.030240
0.029241
0.028269
0.027324
0.026405
0.025513
0.024645
0.023802
0.022984
0.022189
0.021417
0.020668
0.019941
0.019236
0.018553
0.017890
0.017247
0.016624
0.016020
0.015435
0.014868
0.014320
0.013789
0.013275
0.012777
0.012296
0.011830
0.011380
0.010945
0.010524
0.010118
0.009725
0.009346
0.008979
0.008625
0.008284
0.007954
0.007636
0.007330
0.007034
0.006749
0.006474
0.006209
0.005953
0.005707
0.005471
0.005242
0.005023
0.004811
0.004608
0.004412
0.004224
0.004043
0.003869
0.003702
0.003541
0.003387
0.003238
0.003096
0.002959
0.002828
0.002702
0.002581
0.002465
0.002354
0.002247
0.002145
0.002046
0.001953
0.001863
0.001776
0.001694
0.001615
0.001539
0.001467
0.001397
0.001331
0.001268
0.001207
0.001149
0.001094
0.001041
0.000990
0.000942
0.000896
0.000852
0.000810
0.000770
0.000731
0.000695
0.000660
0.000627
0.000595
0.000565
0.000536
0.000509
0.000483
0.000458
0.000434
0.000412
0.000391
0.000370
0.000351
0.000332
0.000315
0.000298
0.000282
0.000267
0.000253
0.000239
0.000226
0.000214
0.000203
0.000192
0.000181
0.000171
0.000162
0.000153
0.000144
0.000136
0.000129
0.000122
0.000115
0.000108
0.000102
0.000096
0.000091
0.000086
0.000081
0.000076
0.000072
0.000068
0.000064
0.000060
0.000056
0.000053
0.000050
0.000047
0.000044
0.000042
0.000039
0.000037
0.000035
0.000033
0.000031
0.000029
0.000027
0.000025
0.000024
0.000022
0.000021
0.000020
0.000018
0.000017
0.000016
0.000015
0.000014
0.000013
0.000013
0.000012
0.000011
0.000010
0.000010
0.000009
0.000008
0.000008
0.000007
0.000007
0.000006
0.000006
0.000006
0.000005
0.000005
0.000005
0.000004
0.000004
0.000004
0.000004
0.000003
0.000003
0.000003
0.000003
0.000002
0.000002
0.000002
0.000002
0.000002
0.000002
0.000002
0.000002
0.000001
0.000001
0.000001
0.000001
0.000001
0.000001
0.000001
0.000001
0.000001
0.000001
0.000001
0.000001
0.000001
0.000001
0.000001
0.000000
0.000000
0.000000
0.000000
0.000000
0.000000
0.000000
0.000000
0.000000
0.000000
0.000000
0.000000
0.000000
0.000000
0.000000
0.000000
0.000000
0.000000
0.000000
0.000000
0.000000
0.000000
0.000000
0.000000
0.000000
0.000000
0.000000
0.000000
0.000000
0.000000
0.000000
0.000000
0.000000
0.000000
0.000000
0.000000
0.000000
0.000000
0.000000
0.000000
0.000000
0.000000
0.000000
0.000000
0.000000
0.000000
0.000000
0.000000
0.000000
0.000000
0.000000
0.000000
0.000000
0.000000
0.000000
0.000000
0.000000
0.000000
0.000000
0.000000
0.000000
0.000000
0.000000
0.000000
0.000000
0.000000
0.000000
0.000000
0.000000
0.000000
0.000000
0.000000
0.000000
0.000000
0.000000
0.000000
0.000000
0.000000
0.000000
0.000000
0.000000
0.000000
0.000000
0.000000
0.000000
0.000000
0.000000
0.000000
0.000000
0.000000
0.000000
0.000000
0.000000
0.000000
0.000000
0.000000
0.000000
0.000000
0.000000
0.000000
0.000000
0.000000
0.000000
0.000000
0.000000
0.000000
0.000000
0.000000
0.000000
0.000000
0.000000
0.000000
0.000000
0.000000
0.000000
0.000000
0.000000
0.000000
0.000000
0.000000
0.000000
0.000000
0.000000
0.000000
0.000000
0.000000
0.000000
0.000000
0.000000
0.000000
0.000000
0.000000
0.000000
0.000000
0.000000
0.000000
0.000000
0.000000
0.000000
0.000000
0.000000
0.000000
0.000000
0.000000
0.000000
0.000000
0.000000
0.000000
0.000000
0.000000
0.000000
0.000000
0.000000
0.000000
0.000000
0.000000
0.000000
0.000000
0.000000
0.000000
0.000000
