0.004536
0.009072
0.013609
0.018148
0.022688
0.027231
0.031777
0.036326
0.040879
0.045437
0.049998
0.054565
0.059137
0.063716
0.068300
0.072891
0.077488
0.082094
0.086705
0.091326
0.095953
0.100590
0.105234
0.109886
0.114548
0.119217
0.123896
0.128582
0.133280
0.137983
0.142697
0.147417
0.152148
0.156886
0.161631
0.166386
0.171145
0.175915
0.180687
0.185470
0.190255
0.195047
0.199844
0.204643
0.209448
0.214253
0.219063
0.223872
0.228683
0.233495
0.238303
0.243113
0.247916
0.252718
0.257514
0.262302
0.267088
0.271861
0.276628
0.281384
0.286125
0.290859
0.295573
0.300275
0.304960
0.309623
0.314272
0.318894
0.323497
0.328078
0.332626
0.337155
0.341651
0.346115
0.350553
0.354952
0.359318
0.363650
0.367937
0.372190
0.376401
0.380561
0.384686
0.388759
0.392780
0.396760
0.400682
0.404548
0.408368
0.412123
0.415819
0.419463
0.423037
0.426548
0.430002
0.433380
0.436690
0.439940
0.443109
0.446204
0.449234
0.452182
0.455047
0.457844
0.460559
0.463182
0.465733
0.468202
0.470574
0.472863
0.475075
0.477189
0.479207
0.481146
0.482993
0.484735
0.486388
0.487957
0.489423
0.490783
0.492057
0.493240
0.494313
0.495282
0.496165
0.496951
0.497625
0.498196
0.498678
0.499064
0.499336
0.499501
0.499576
0.499559
0.499432
0.499192
0.498856
0.498434
0.497912
0.497277
0.496535
0.495703
0.494786
0.493771
0.492646
0.491414
0.490093
0.488692
0.487203
0.485614
0.483919
0.482125
0.480247
0.478295
0.476266
0.474148
0.471935
0.469623
0.467221
0.464740
0.462189
0.459571
0.456888
0.454137
0.451316
0.448420
0.445450
0.442406
0.439291
0.436108
0.432859
0.429547
0.426175
0.422745
0.419257
0.415716
0.412123
0.408479
0.404787
0.401048
0.397265
0.393441
0.389575
0.385671
0.381731
0.377756
0.373749
0.369710
0.365644
0.361550
0.357432
0.353292
0.349131
0.344951
0.340754
0.336542
0.332317
0.328081
0.323836
0.319583
0.315324
0.311062
0.306799
0.302536
0.298275
0.294017
0.289764
0.285518
0.281280
0.277054
0.272839
0.268637
0.264451
0.260281
0.256130
0.251997
0.247887
0.243798
0.239734
0.235695
0.231683
0.227698
0.223743
0.219818
0.215925
0.212063
0.208237
0.204445
0.200689
0.196970
0.193290
0.189649
0.186048
0.182487
0.178968
0.175492
0.172060
0.168672
0.165330
0.162032
0.158781
0.155577
0.152421
0.149313
0.146255
0.143244
0.140284
0.137375
0.134517
0.131710
0.128956
0.126252
0.123602
0.121005
0.118461
0.115969
0.113533
0.111150
0.108822
0.106548
0.104329
0.102165
0.100056
0.098003
0.096006
0.094064
0.092177
0.090347
0.088572
0.086853
0.085190
0.083584
0.082034
0.080540
0.079102
0.077721
0.076397
0.075128
0.073916
0.072760
0.071661
0.070618
0.069632
0.068702
0.067829
0.067011
0.066251
0.065547
0.064899
0.064308
0.063773
0.063294
0.062872
0.062505
0.062196
0.061942
0.061745
0.061604
0.061520
0.061492
0.061520
0.061604
0.061745
0.061942
0.062195
0.062505
0.062870
0.063293
0.063771
0.064306
0.064897
0.065545
0.066249
0.067010
0.067827
0.068700
0.069631
0.070617
0.071659
0.072759
0.073914
0.075126
0.076394
0.077719
0.079100
0.080537
0.082032
0.083582
0.085188
0.086850
0.088568
0.090343
0.092174
0.094060
0.096003
0.098001
0.100054
0.102162
0.104327
0.106546
0.108819
0.111147
0.113530
0.115967
0.118457
0.121001
0.123598
0.126248
0.128951
0.131706
0.134513
0.137371
0.140280
0.143239
0.146249
0.149308
0.152415
0.155571
0.158774
0.162025
0.165322
0.168665
0.172053
0.175485
0.178961
0.182479
0.186039
0.189640
0.193282
0.196963
0.200681
0.204436
0.208228
0.212055
0.215916
0.219809
0.223734
0.227690
0.231674
0.235687
0.239726
0.243790
0.247878
0.251990
0.256122
0.260273
0.264444
0.268630
0.272832
0.277047
0.281274
0.285511
0.289756
0.294010
0.298268
0.302529
0.306792
0.311056
0.315317
0.319574
0.323827
0.328072
0.332309
0.336533
0.340745
0.344942
0.349122
0.353283
0.357424
0.361542
0.365636
0.369702
0.373741
0.377748
0.381723
0.385664
0.389568
0.393433
0.397258
0.401041
0.404779
0.408471
0.412115
0.415709
0.419250
0.422738
0.426170
0.429544
0.432858
0.436112
0.439302
0.442427
0.445486
0.448477
0.451398
0.454246
0.457023
0.459724
0.462349
0.464896
0.467363
0.469750
0.472055
0.474276
0.476412
0.478463
0.480427
0.482303
0.484089
0.485785
0.487389
0.488901
0.490319
0.491643
0.492872
0.494006
0.495044
0.495984
0.496827
0.497572
0.498218
0.498766
0.499214
0.499563
0.499812
0.499961
0.500010
0.499959
0.499808
0.499558
0.499208
0.498758
0.498209
0.497561
0.496815
0.495971
0.495028
0.493990
0.492854
0.491623
0.490297
0.488877
0.487363
0.485756
0.484059
0.482271
0.480394
0.478428
0.476375
0.474236
0.472012
0.469704
0.467314
0.464843
0.462293
0.459665
0.456961
0.454181
0.451328
0.448404
0.445410
0.442347
0.439217
0.436023
0.432765
0.429445
0.426066
0.422628
0.419134
0.415587
0.411987
0.408337
0.404638
0.400893
0.397102
0.393268
0.389394
0.385481
0.381531
0.377546
0.373528
0.369479
0.365400
0.361294
0.357163
0.353009
0.348833
0.344638
0.340425
0.336196
0.331953
0.327699
0.323434
0.319161
0.314881
0.310597
0.306310
0.302021
0.297733
0.293447
0.289165
0.284889
0.280619
0.276359
0.272109
0.267870
0.263645
0.259434
0.255240
0.251063
0.246905
0.242768
0.238652
0.234559
0.230490
0.226446
0.222429
0.218440
0.214479
0.210547
0.206647
0.202779
0.198943
0.195140
0.191372
0.187639
0.183942
0.180282
0.176659
0.173075
0.169529
0.166023
0.162557
0.159131
0.155747
0.152404
0.149103
0.145844
0.142628
0.139455
0.136325
0.133239
0.130196
0.127198
0.124244
0.121334
0.118469
0.115648
0.112872
0.110140
0.107453
0.104811
0.102213
0.099660
0.097151
0.094686
0.092265
0.089889
0.087555
0.085266
0.083020
0.080816
0.078656
0.076538
0.074462
0.072428
0.070435
0.068483
0.066573
0.064702
0.062872
0.061081
0.059329
0.057617
0.055942
0.054305
0.052705
0.051143
0.049616
0.048126
0.046671
0.045251
0.043866
0.042514
0.041196
0.039911
0.038658
0.037437
0.036247
0.035088
0.033959
0.032860
0.031791
0.030750
0.029737
0.028751
0.027793
0.026861
0.025956
0.025076
0.024221
0.023390
0.022583
0.021800
0.021040
0.020302
0.019586
0.018892
0.018219
0.017566
0.016933
0.016319
0.015725
0.015149
0.014592
0.014052
0.013530
0.013024
0.012535
0.012061
0.011603
0.011161
0.010733
0.010319
0.009920
0.009534
0.009161
0.008801
0.008453
0.008118
0.007794
0.007482
0.007180
0.006890
0.006610
0.006340
0.006080
0.005829
0.005588
0.005355
0.005132
0.004916
0.004709
0.004509
0.004317
0.004133
0.003955
0.003785
0.003621
0.003463
0.003312
0.003166
0.003027
0.002893
0.002764
0.002641
0.002522
0.002409
0.002300
0.002195
0.002095
0.001999
0.001907
0.001819
0.001735
0.001654
0.001576
0.001502
0.001432
0.001364
0.001299
0.001237
0.001178
0.001121
0.001067
0.001015
0.000966
0.000919
0.000874
0.000831
0.000790
0.000750
0.000713
0.000677
0.000643
0.000611
0.000580
0.000551
0.000523
0.000496
0.000470
0.000446
0.000423
0.000401
0.000380
0.000360
0.000341
0.000323
0.000306
0.000290
0.000275
0.000260
0.000246
0.000233
0.000220
0.000208
0.000197
0.000186
0.000176
0.000166
0.000157
0.000149
0.000140
0.000132
0.000125
0.000118
0.000111
0.000105
0.000099
0.000094
0.000088
0.000083
0.000078
0.000074
0.000070
0.000066
0.000062
0.000058
0.000055
0.000052
0.000049
0.000046
0.000043
0.000040
0.000038
0.000036
0.000034
0.000032
0.000030
0.000028
0.000026
0.000025
0.000023
0.000022
0.000020
0.000019
0.000018
0.000017
0.000016
0.000015
0.000014
0.000013
0.000012
0.000011
0.000011
0.000010
0.000009
0.000009
0.000008
0.000008
0.000007
0.000007
0.000006
0.000006
0.000005
0.000005
0.000005
0.000004
0.000004
0.000004
0.000004
0.000003
0.000003
0.000003
0.000003
0.000003
0.000002
0.000002
0.000002
0.000002
0.000002
0.000002
0.000002
0.000001
0.000001
0.000001
0.000001
0.000001
0.000001
0.000001
0.000001
0.000001
0.000001
0.000001
0.000001
0.000001
0.000001
0.000001
0.000000
0.000000
0.000000
0.000000
0.000000
0.000000
0.000000
0.000000
0.000000
0.000000
0.000000
0.000000
0.000000
0.000000
0.000000
0.000000
0.000000
0.000000
0.000000
0.000000
0.000000
0.000000
0.000000
0.000000
0.000000
0.000000
0.000000
0.000000
0.000000
0.000000
0.000000
0.000000
0.000000
0.000000
0.000000
0.000000
0.000000
0.000000
0.000000
0.000000
0.000000
0.000000
0.000000
0.000000
0.000000
0.000000
0.000000
0.000000
0.000000
0.000000
0.000000
0.000000
0.000000
0.000000
0.000000
0.000000
0.000000
0.000000
0.000000
0.000000
0.000000
0.000000
0.000000
0.000000
0.000000
0.000000
0.000000
0.000000
0.000000
0.000000
0.000000
0.000000
0.000000
0.000000
0.000000
0.000000
0.000000
0.000000
0.000000
0.000000
0.000000
0.000000
0.000000
0.000000
0.000000
0.000000
0.000000
0.000000
0.000000
0.000000
0.000000
0.000000
0.000000
0.000000
0.000000
0.000000
0.000000
0.000000
0.000000
0.000000
0.000000
0.000000
0.000000
0.000000
0.000000
0.000000
0.000000
0.000000
0.000000
0.000000
0.000000
0.000000
0.000000
0.000000
0.000000
0.000000
0.000000
0.000000
0.000000
0.000000
0.000000
0.000000
0.000000
0.000000
0.000000
0.000000
0.000000
0.000000
0.000000
0.000000
0.000000
0.000000
0.000000
0.000000
0.000000
0.000000
0.000000
0.000000
0.000000
0.000000
0.000000
0.000000
0.000000
0.000000
0.000000
0.000000
0.000000
0.000000
0.000000
0.000000
0.000000
0.000000
0.000000
0.000000
0.000000
0.000000
0.000000
0.000000
0.000000
0.000000
0.000000
