0.004579
0.009159
0.013739
0.018321
0.022904
0.027491
0.032079
0.036671
0.041267
0.045867
0.050470
0.055080
0.059693
0.064314
0.068939
0.073571
0.078209
0.082854
0.087507
0.092166
0.096834
0.101508
0.106191
0.110880
0.115580
0.120286
0.125002
0.129724
0.134456
0.139195
0.143942
0.148698
0.153460
0.158231
0.163007
0.167794
0.172583
0.177382
0.182185
0.186994
0.191808
0.196625
0.201449
0.206272
0.211102
0.215931
0.220762
0.225595
0.230425
0.235258
0.240084
0.244911
0.249733
0.254549
0.259363
0.264164
0.268962
0.273749
0.278525
0.283293
0.288042
0.292783
0.297506
0.302211
0.306903
0.311569
0.316219
0.320846
0.325446
0.330028
0.334576
0.339098
0.343594
0.348051
0.352482
0.356877
0.361230
0.365554
0.369832
0.374070
0.378270
0.382418
0.386523
0.390584
0.394587
0.398545
0.402452
0.406295
0.410091
0.413827
0.417497
0.421115
0.424667
0.428148
0.431573
0.434927
0.438205
0.441421
0.444564
0.447623
0.450616
0.453535
0.456365
0.459121
0.461802
0.464391
0.466897
0.469328
0.471665
0.473910
0.476077
0.478155
0.480130
0.482020
0.483826
0.485528
0.487132
0.488652
0.490077
0.491393
0.492614
0.493749
0.494780
0.495702
0.496530
0.497269
0.497901
0.498422
0.498848
0.499185
0.499415
0.499531
0.499550
0.499481
0.499310
0.499025
0.498636
0.498158
0.497589
0.496912
0.496123
0.495237
0.494266
0.493206
0.492040
0.490764
0.489392
0.487936
0.486400
0.484771
0.483038
0.481201
0.479274
0.477272
0.475195
0.473037
0.470788
0.468442
0.466003
0.463480
0.460885
0.458222
0.455496
0.452706
0.449848
0.446918
0.443916
0.440840
0.437695
0.434482
0.431203
0.427862
0.424461
0.421002
0.417487
0.413920
0.410300
0.406632
0.402917
0.399155
0.395350
0.391504
0.387618
0.383696
0.379738
0.375746
0.371722
0.367669
0.363588
0.359481
0.355351
0.351200
0.347028
0.342839
0.338633
0.334414
0.330182
0.325940
0.321690
0.317433
0.313171
0.308907
0.304642
0.300379
0.296118
0.291861
0.287610
0.283366
0.279132
0.274910
0.270699
0.266503
0.262323
0.258161
0.254017
0.249893
0.245791
0.241712
0.237658
0.233631
0.229629
0.225657
0.221713
0.217801
0.213921
0.210074
0.206261
0.202483
0.198742
0.195039
0.191375
0.187749
0.184165
0.180620
0.177118
0.173659
0.170245
0.166874
0.163549
0.160270
0.157036
0.153851
0.150712
0.147624
0.144583
0.141591
0.138649
0.135759
0.132919
0.130131
0.127394
0.124710
0.122078
0.119498
0.116972
0.114499
0.112080
0.109715
0.107404
0.105147
0.102945
0.100797
0.098705
0.096668
0.094687
0.092760
0.090889
0.089073
0.087313
0.085608
0.083959
0.082367
0.080830
0.079348
0.077923
0.076554
0.075241
0.073984
0.072782
0.071637
0.070547
0.069514
0.068537
0.067615
0.066750
0.065940
0.065187
0.064489
0.063848
0.063262
0.062732
0.062257
0.061839
0.061476
0.061169
0.060918
0.060722
0.060583
0.060499
0.060473
0.060500
0.060583
0.060722
0.060918
0.061169
0.061475
0.061837
0.062256
0.062730
0.063260
0.063846
0.064487
0.065185
0.065939
0.066748
0.067614
0.068536
0.069513
0.070546
0.071636
0.072780
0.073982
0.075239
0.076552
0.077922
0.079346
0.080827
0.082364
0.083957
0.085605
0.087310
0.089069
0.090885
0.092756
0.094684
0.096666
0.098702
0.100795
0.102942
0.105144
0.107401
0.109712
0.112077
0.114496
0.116968
0.119494
0.122073
0.124705
0.127389
0.130127
0.132915
0.135754
0.138645
0.141586
0.144577
0.147617
0.150706
0.153844
0.157029
0.160262
0.163542
0.166867
0.170237
0.173652
0.177111
0.180612
0.184156
0.187741
0.191367
0.195031
0.198735
0.202475
0.206252
0.210064
0.213912
0.217792
0.221704
0.225647
0.229620
0.233622
0.237650
0.241704
0.245783
0.249885
0.254009
0.258153
0.262317
0.266497
0.270693
0.274903
0.279126
0.283359
0.287602
0.291853
0.296111
0.300372
0.304636
0.308900
0.313164
0.317425
0.321681
0.325932
0.330173
0.334405
0.338624
0.342830
0.347019
0.351191
0.355343
0.359473
0.363580
0.367661
0.371715
0.375738
0.379730
0.383689
0.387612
0.391497
0.395343
0.399148
0.402908
0.406624
0.410293
0.413912
0.417480
0.420995
0.424455
0.427859
0.431204
0.434489
0.437711
0.440869
0.443962
0.446987
0.449943
0.452828
0.455641
0.458380
0.461043
0.463630
0.466137
0.468565
0.470911
0.473174
0.475353
0.477447
0.479455
0.481375
0.483205
0.484947
0.486597
0.488155
0.489620
0.490992
0.492269
0.493450
0.494536
0.495525
0.496417
0.497211
0.497907
0.498504
0.499002
0.499400
0.499699
0.499898
0.499998
0.499997
0.499896
0.499696
0.499395
0.498995
0.498495
0.497897
0.497200
0.496405
0.495511
0.494521
0.493434
0.492250
0.490972
0.489599
0.488131
0.486571
0.484919
0.483176
0.481343
0.479421
0.477412
0.475316
0.473134
0.470868
0.468519
0.466088
0.463578
0.460989
0.458322
0.455580
0.452764
0.449875
0.446915
0.443887
0.440790
0.437628
0.434402
0.431113
0.427763
0.424354
0.420888
0.417367
0.413794
0.410168
0.406494
0.402771
0.399003
0.395190
0.391336
0.387442
0.383511
0.379543
0.375541
0.371507
0.367443
0.363351
0.359232
0.355089
0.350923
0.346738
0.342533
0.338312
0.334076
0.329827
0.325567
0.321298
0.317022
0.312740
0.308453
0.304165
0.299877
0.295589
0.291305
0.287026
0.282753
0.278488
0.274232
0.269988
0.265755
0.261537
0.257335
0.253149
0.248982
0.244834
0.240707
0.236602
0.232521
0.228465
0.224434
0.220431
0.216455
0.212509
0.208593
0.204709
0.200856
0.197037
0.193252
0.189501
0.185786
0.182107
0.178466
0.174862
0.171297
0.167771
0.164285
0.160839
0.157434
0.154070
0.150748
0.147468
0.144231
0.141036
0.137884
0.134776
0.131712
0.128692
0.125716
0.122783
0.119896
0.117053
0.114254
0.111501
0.108791
0.106127
0.103507
0.100931
0.098400
0.095913
0.093470
0.091071
0.088717
0.086405
0.084137
0.081913
0.079731
0.077591
0.075494
0.073440
0.071426
0.069454
0.067523
0.065633
0.063782
0.061972
0.060200
0.058468
0.056774
0.055119
0.053500
0.051919
0.050375
0.048867
0.047394
0.045957
0.044554
0.043186
0.041851
0.040549
0.039280
0.038043
0.036838
0.035664
0.034520
0.033406
0.032322
0.031267
0.030240
0.029241
0.028269
0.027324
0.026405
0.025513
0.024645
0.023802
0.022984
0.022189
0.021417
0.020668
0.019941
0.019236
0.018553
0.017890
0.017247
0.016624
0.016020
0.015435
0.014868
0.014320
0.013789
0.013275
0.012777
0.012296
0.011830
0.011380
0.010945
0.010524
0.010118
0.009725
0.009346
0.008979
0.008625
0.008284
0.007954
0.007636
0.007330
0.007034
0.006749
0.006474
0.006209
0.005953
0.005707
0.005471
0.005242
0.005023
0.004811
0.004608
0.004412
0.004224
0.004043
0.003869
0.003702
0.003541
0.003387
0.003238
0.003096
0.002959
0.002828
0.002702
0.002581
0.002465
0.002354
0.002247
0.002145
0.002046
0.001953
0.001863
0.001776
0.001694
0.001615
0.001539
0.001467
0.001397
0.001331
0.001268
0.001207
0.001149
0.001094
0.001041
0.000990
0.000942
0.000896
0.000852
0.000810
0.000770
0.000731
0.000695
0.000660
0.000627
0.000595
0.000565
0.000536
0.000509
0.000483
0.000458
0.000434
0.000412
0.000391
0.000370
0.000351
0.000332
0.000315
0.000298
0.000282
0.000267
0.000253
0.000239
0.000226
0.000214
0.000203
0.000192
0.000181
0.000171
0.000162
0.000153
0.000144
0.000136
0.000129
0.000122
0.000115
0.000108
0.000102
0.000096
0.000091
0.000086
0.000081
0.000076
0.000072
0.000068
0.000064
0.000060
0.000056
0.000053
0.000050
0.000047
0.000044
0.000042
0.000039
0.000037
0.000035
0.000033
0.000031
0.000029
0.000027
0.000025
0.000024
0.000022
0.000021
0.000020
0.000018
0.000017
0.000016
0.000015
0.000014
0.000013
0.000013
0.000012
0.000011
0.000010
0.000010
0.000009
0.000008
0.000008
0.000007
0.000007
0.000006
0.000006
0.000006
0.000005
0.000005
0.000005
0.000004
0.000004
0.000004
0.000004
0.000003
0.000003
0.000003
0.000003
0.000002
0.000002
0.000002
0.000002
0.000002
0.000002
0.000002
0.000002
0.000001
0.000001
0.000001
0.000001
0.000001
0.000001
0.000001
0.000001
0.000001
0.000001
0.000001
0.000001
0.000001
0.000001
0.000001
0.000000
0.000000
0.000000
0.000000
0.000000
0.000000
0.000000
0.000000
0.000000
0.000000
0.000000
0.000000
0.000000
0.000000
0.000000
0.000000
0.000000
0.000000
0.000000
0.000000
0.000000
0.000000
0.000000
0.000000
0.000000
0.000000
0.000000
0.000000
0.000000
0.000000
0.000000
0.000000
0.000000
0.000000
0.000000
0.000000
0.000000
0.000000
0.000000
0.000000
0.000000
0.000000
0.000000
0.000000
0.000000
0.000000
0.000000
0.000000
0.000000
0.000000
0.000000
0.000000
0.000000
0.000000
0.000000
0.000000
0.000000
0.000000
0.000000
0.000000
0.000000
0.000000
0.000000
0.000000
0.000000
0.000000
0.000000
0.000000
0.000000
0.000000
0.000000
0.000000
0.000000
0.000000
0.000000
0.000000
0.000000
0.000000
0.000000
0.000000
0.000000
0.000000
0.000000
0.000000
0.000000
0.000000
0.000000
0.000000
0.000000
0.000000
0.000000
0.000000
0.000000
0.000000
0.000000
0.000000
0.000000
0.000000
0.000000
0.000000
0.000000
0.000000
0.000000
0.000000
0.000000
0.000000
0.000000
0.000000
0.000000
0.000000
0.000000
0.000000
0.000000
0.000000
0.000000
0.000000
0.000000
0.000000
0.000000
0.000000
0.000000
0.000000
0.000000
0.000000
0.000000
0.000000
0.000000
0.000000
0.000000
0.000000
0.000000
0.000000
0.000000
0.000000
0.000000
0.000000
0.000000
0.000000
0.000000
0.000000
0.000000
0.000000
0.000000
0.000000
0.000000
0.000000
0.000000
0.000000
0.000000
0.000000
0.000000
0.000000
0.000000
0.000000
0.000000
0.000000
0.000000
0.000000
0.000000
0.000000
