0.004622
0.009245
0.013869
0.018494
0.023121
0.027751
0.032382
0.037017
0.041655
0.046298
0.050944
0.055595
0.060251
0.064912
0.069580
0.074252
0.078932
0.083617
0.088310
0.093008
0.097716
0.102428
0.107150
0.111877
0.116614
0.121357
0.126109
0.130868
0.135634
0.140409
0.145189
0.149980
0.154774
0.159578
0.164386
0.169203
0.174024
0.178851
0.183684
0.188519
0.193362
0.198205
0.203054
0.207904
0.212755
0.217610
0.222461
0.227317
0.232167
0.237019
0.241866
0.246708
0.251549
0.256379
0.261208
0.266024
0.270833
0.275634
0.280419
0.285197
0.289957
0.294702
0.299435
0.304144
0.308840
0.313512
0.318161
0.322792
0.327391
0.331970
0.336519
0.341035
0.345527
0.349980
0.354401
0.358791
0.363135
0.367447
0.371718
0.375940
0.380126
0.384263
0.388349
0.392394
0.396382
0.400317
0.404205
0.408030
0.411799
0.415515
0.419162
0.422750
0.426280
0.429735
0.433126
0.436455
0.439704
0.442883
0.445997
0.449027
0.451980
0.454866
0.457664
0.460379
0.463023
0.465578
0.468042
0.470430
0.472733
0.474937
0.477057
0.479095
0.481031
0.482872
0.484632
0.486296
0.487854
0.489323
0.490704
0.491979
0.493149
0.494232
0.495221
0.496098
0.496872
0.497560
0.498149
0.498624
0.498995
0.499279
0.499465
0.499537
0.499502
0.499378
0.499160
0.498833
0.498393
0.497859
0.497239
0.496520
0.495687
0.494749
0.493724
0.492614
0.491407
0.490090
0.488669
0.487161
0.485574
0.483902
0.482131
0.480254
0.478282
0.476230
0.474104
0.471904
0.469618
0.467238
0.464764
0.462202
0.459564
0.456857
0.454089
0.451258
0.448362
0.445398
0.442363
0.439258
0.436082
0.432839
0.429531
0.426161
0.422732
0.419245
0.415704
0.412111
0.408466
0.404774
0.401035
0.397250
0.393425
0.389558
0.385653
0.381712
0.377737
0.373728
0.369688
0.365620
0.361526
0.357406
0.353265
0.349102
0.344921
0.340722
0.336509
0.332282
0.328044
0.323797
0.319542
0.315282
0.311018
0.306751
0.302486
0.298222
0.293962
0.289706
0.285458
0.281217
0.276987
0.272769
0.268564
0.264374
0.260201
0.256046
0.251909
0.247795
0.243702
0.239633
0.235589
0.231573
0.227582
0.223622
0.219691
0.215792
0.211925
0.208093
0.204294
0.200531
0.196805
0.193118
0.189469
0.185860
0.182291
0.178764
0.175279
0.171838
0.168440
0.165088
0.161780
0.158519
0.155303
0.152137
0.149016
0.145946
0.142923
0.139950
0.137027
0.134155
0.131334
0.128564
0.125846
0.123180
0.120566
0.118004
0.115496
0.113041
0.110640
0.108292
0.105999
0.103759
0.101574
0.099443
0.097367
0.095347
0.093381
0.091470
0.089614
0.087813
0.086068
0.084377
0.082742
0.081163
0.079639
0.078171
0.076759
0.075401
0.074100
0.072854
0.071663
0.070528
0.069448
0.068424
0.067456
0.066543
0.065686
0.064883
0.064137
0.063446
0.062810
0.062229
0.061705
0.061234
0.060820
0.060461
0.060156
0.059908
0.059714
0.059576
0.059493
0.059466
0.059494
0.059577
0.059714
0.059908
0.060156
0.060460
0.060819
0.061233
0.061703
0.062228
0.062808
0.063444
0.064135
0.064882
0.065684
0.066541
0.067455
0.068423
0.069447
0.070526
0.071661
0.072851
0.074098
0.075399
0.076757
0.078169
0.079637
0.081161
0.082740
0.084374
0.086065
0.087809
0.089610
0.091467
0.093378
0.095344
0.097365
0.099441
0.101571
0.103756
0.105996
0.108289
0.110637
0.113039
0.115493
0.118000
0.120561
0.123175
0.125841
0.128560
0.131330
0.134151
0.137023
0.139946
0.142918
0.145940
0.149010
0.152130
0.155297
0.158511
0.161773
0.165080
0.168433
0.171830
0.175272
0.178756
0.182282
0.185851
0.189461
0.193109
0.196798
0.200522
0.204285
0.208083
0.211916
0.215783
0.219682
0.223613
0.227574
0.231563
0.235581
0.239624
0.243693
0.247786
0.251902
0.256038
0.260193
0.264367
0.268557
0.272762
0.276980
0.281210
0.285450
0.289699
0.293955
0.298216
0.302480
0.306745
0.311011
0.315274
0.319534
0.323789
0.328036
0.332273
0.336500
0.340713
0.344912
0.349093
0.353256
0.357398
0.361518
0.365613
0.369680
0.373720
0.377728
0.381704
0.385647
0.389551
0.393417
0.397243
0.401027
0.404766
0.408458
0.412103
0.415697
0.419239
0.422727
0.426160
0.429534
0.432849
0.436103
0.439294
0.442420
0.445480
0.448471
0.451391
0.454240
0.457017
0.459719
0.462344
0.464891
0.467359
0.469746
0.472051
0.474272
0.476409
0.478460
0.480424
0.482300
0.484086
0.485782
0.487386
0.488898
0.490316
0.491641
0.492870
0.494004
0.495042
0.495982
0.496826
0.497571
0.498217
0.498765
0.499213
0.499562
0.499811
0.499960
0.500009
0.499958
0.499808
0.499557
0.499207
0.498757
0.498208
0.497561
0.496814
0.495970
0.495028
0.493989
0.492854
0.491623
0.490297
0.488876
0.487363
0.485756
0.484059
0.482271
0.480393
0.478427
0.476374
0.474235
0.472011
0.469703
0.467313
0.464843
0.462293
0.459665
0.456961
0.454181
0.451328
0.448404
0.445409
0.442347
0.439217
0.436023
0.432765
0.429445
0.426065
0.422628
0.419134
0.415587
0.411987
0.408337
0.404638
0.400892
0.397102
0.393268
0.389394
0.385481
0.381531
0.377546
0.373528
0.369479
0.365400
0.361294
0.357163
0.353009
0.348833
0.344638
0.340424
0.336196
0.331953
0.327698
0.323434
0.319161
0.314881
0.310597
0.306309
0.302021
0.297733
0.293447
0.289165
0.284889
0.280619
0.276359
0.272108
0.267870
0.263645
0.259434
0.255240
0.251063
0.246905
0.242768
0.238652
0.234559
0.230490
0.226446
0.222429
0.218439
0.214479
0.210547
0.206647
0.202778
0.198942
0.195140
0.191372
0.187639
0.183942
0.180282
0.176659
0.173074
0.169529
0.166023
0.162557
0.159131
0.155747
0.152404
0.149103
0.145844
0.142628
0.139455
0.136325
0.133239
0.130197
0.127198
0.124244
0.121334
0.118469
0.115648
0.112872
0.110140
0.107453
0.104811
0.102213
0.099660
0.097151
0.094686
0.092265
0.089889
0.087556
0.085266
0.083020
0.080816
0.078656
0.076538
0.074462
0.072428
0.070435
0.068483
0.066573
0.064702
0.062872
0.061081
0.059329
0.057617
0.055942
0.054305
0.052705
0.051143
0.049616
0.048126
0.046671
0.045251
0.043866
0.042514
0.041196
0.039911
0.038658
0.037437
0.036247
0.035088
0.033959
0.032860
0.031791
0.030750
0.029737
0.028751
0.027793
0.026861
0.025956
0.025076
0.024221
0.023390
0.022583
0.021800
0.021040
0.020302
0.019586
0.018892
0.018219
0.017566
0.016933
0.016319
0.015725
0.015149
0.014592
0.014052
0.013530
0.013024
0.012535
0.012061
0.011603
0.011161
0.010733
0.010319
0.009920
0.009534
0.009161
0.008801
0.008453
0.008118
0.007794
0.007482
0.007180
0.006890
0.006610
0.006340
0.006080
0.005829
0.005588
0.005355
0.005132
0.004916
0.004709
0.004509
0.004317
0.004133
0.003955
0.003785
0.003621
0.003463
0.003312
0.003166
0.003027
0.002893
0.002764
0.002641
0.002522
0.002409
0.002300
0.002195
0.002095
0.001999
0.001907
0.001819
0.001735
0.001654
0.001576
0.001502
0.001432
0.001364
0.001299
0.001237
0.001178
0.001121
0.001067
0.001015
0.000966
0.000919
0.000874
0.000831
0.000790
0.000750
0.000713
0.000677
0.000643
0.000611
0.000580
0.000551
0.000523
0.000496
0.000470
0.000446
0.000423
0.000401
0.000380
0.000360
0.000341
0.000323
0.000306
0.000290
0.000275
0.000260
0.000246
0.000233
0.000220
0.000208
0.000197
0.000186
0.000176
0.000166
0.000157
0.000149
0.000140
0.000132
0.000125
0.000118
0.000111
0.000105
0.000099
0.000094
0.000088
0.000083
0.000078
0.000074
0.000070
0.000066
0.000062
0.000058
0.000055
0.000052
0.000049
0.000046
0.000043
0.000040
0.000038
0.000036
0.000034
0.000032
0.000030
0.000028
0.000026
0.000025
0.000023
0.000022
0.000020
0.000019
0.000018
0.000017
0.000016
0.000015
0.000014
0.000013
0.000012
0.000011
0.000011
0.000010
0.000009
0.000009
0.000008
0.000008
0.000007
0.000007
0.000006
0.000006
0.000005
0.000005
0.000005
0.000004
0.000004
0.000004
0.000004
0.000003
0.000003
0.000003
0.000003
0.000003
0.000002
0.000002
0.000002
0.000002
0.000002
0.000002
0.000002
0.000001
0.000001
0.000001
0.000001
0.000001
0.000001
0.000001
0.000001
0.000001
0.000001
0.000001
0.000001
0.000001
0.000001
0.000001
0.000000
0.000000
0.000000
0.000000
0.000000
0.000000
0.000000
0.000000
0.000000
0.000000
0.000000
0.000000
0.000000
0.000000
0.000000
0.000000
0.000000
0.000000
0.000000
0.000000
0.000000
0.000000
0.000000
0.000000
0.000000
0.000000
0.000000
0.000000
0.000000
0.000000
0.000000
0.000000
0.000000
0.000000
0.000000
0.000000
0.000000
0.000000
0.000000
0.000000
0.000000
0.000000
0.000000
0.000000
0.000000
0.000000
0.000000
0.000000
0.000000
0.000000
0.000000
0.000000
0.000000
0.000000
0.000000
0.000000
0.000000
0.000000
0.000000
0.000000
0.000000
0.000000
0.000000
0.000000
0.000000
0.000000
0.000000
0.000000
0.000000
0.000000
0.000000
0.000000
0.000000
0.000000
0.000000
0.000000
0.000000
0.000000
0.000000
0.000000
0.000000
0.000000
0.000000
0.000000
0.000000
0.000000
0.000000
0.000000
0.000000
0.000000
0.000000
0.000000
0.000000
0.000000
0.000000
0.000000
0.000000
0.000000
0.000000
0.000000
0.000000
0.000000
0.000000
0.000000
0.000000
0.000000
0.000000
0.000000
0.000000
0.000000
0.000000
0.000000
0.000000
0.000000
0.000000
0.000000
0.000000
0.000000
0.000000
0.000000
0.000000
0.000000
0.000000
0.000000
0.000000
0.000000
0.000000
0.000000
0.000000
0.000000
0.000000
0.000000
0.000000
0.000000
0.000000
0.000000
0.000000
0.000000
0.000000
0.000000
0.000000
0.000000
0.000000
0.000000
0.000000
0.000000
0.000000
0.000000
0.000000
0.000000
0.000000
0.000000
0.000000
0.000000
0.000000
0.000000
0.000000
0.000000
0.000000
0.000000
