0.004666
0.009332
0.014000
0.018668
0.023339
0.028011
0.032686
0.037364
0.042045
0.046730
0.051419
0.056112
0.060810
0.065513
0.070222
0.074935
0.079656
0.084381
0.089114
0.093852
0.098599
0.103351
0.108110
0.112876
0.117650
0.122431
0.127218
0.132014
0.136815
0.141625
0.146439
0.151263
0.156091
0.160926
0.165767
0.170613
0.175466
0.180321
0.185183
0.190047
0.194916
0.199787
0.204660
0.209536
0.214409
0.219288
0.224162
0.229038
0.233910
0.238778
0.243646
0.248504
0.253362
0.258209
0.263050
0.267883
0.272702
0.277516
0.282311
0.287097
0.291868
0.296618
0.301358
0.306073
0.310771
0.315449
0.320097
0.324729
0.329331
0.333904
0.338454
0.342965
0.347450
0.351902
0.356313
0.360694
0.365032
0.369329
0.373591
0.377801
0.381970
0.386096
0.390165
0.394190
0.398164
0.402077
0.405943
0.409751
0.413494
0.417186
0.420813
0.424371
0.427874
0.431305
0.434664
0.437963
0.441186
0.444330
0.447410
0.450411
0.453327
0.456175
0.458942
0.461619
0.464221
0.466743
0.469169
0.471511
0.473776
0.475943
0.478016
0.480010
0.481909
0.483705
0.485415
0.487038
0.488555
0.489972
0.491305
0.492539
0.493662
0.494692
0.495633
0.496469
0.497193
0.497826
0.498368
0.498800
0.499121
0.499349
0.499486
0.499516
0.499431
0.499251
0.498983
0.498613
0.498127
0.497539
0.496864
0.496099
0.495224
0.494240
0.493160
0.491998
0.490746
0.489390
0.487925
0.486366
0.484727
0.483008
0.481197
0.479284
0.477270
0.475169
0.472994
0.470748
0.468424
0.466010
0.463503
0.460905
0.458226
0.455477
0.452666
0.449794
0.446860
0.443860
0.440793
0.437657
0.434452
0.431180
0.427844
0.424446
0.420989
0.417474
0.413908
0.410288
0.406619
0.402903
0.399141
0.395336
0.391489
0.387602
0.383679
0.379720
0.375727
0.371702
0.367647
0.363565
0.359457
0.355326
0.351173
0.347000
0.342809
0.338602
0.334381
0.330148
0.325904
0.321652
0.317393
0.313130
0.308863
0.304596
0.300330
0.296067
0.291807
0.287554
0.283308
0.279070
0.274845
0.270631
0.266432
0.262249
0.258083
0.253935
0.249807
0.245701
0.241618
0.237560
0.233527
0.229521
0.225543
0.221594
0.217677
0.213792
0.209938
0.206120
0.202335
0.198588
0.194878
0.191206
0.187573
0.183980
0.180428
0.176918
0.173450
0.170027
0.166647
0.163312
0.160022
0.156779
0.153582
0.150434
0.147332
0.144280
0.141276
0.138321
0.135418
0.132565
0.129762
0.127011
0.124311
0.121663
0.119067
0.116524
0.114034
0.111597
0.109213
0.106884
0.104607
0.102385
0.100217
0.098103
0.096044
0.094039
0.092089
0.090193
0.088353
0.086567
0.084837
0.083161
0.081539
0.079974
0.078463
0.077008
0.075608
0.074262
0.072972
0.071737
0.070558
0.069433
0.068363
0.067348
0.066389
0.065484
0.064635
0.063840
0.063100
0.062416
0.061786
0.061211
0.060691
0.060225
0.059815
0.059459
0.059158
0.058911
0.058720
0.058583
0.058501
0.058474
0.058502
0.058584
0.058720
0.058911
0.059158
0.059458
0.059814
0.060224
0.060690
0.061210
0.061784
0.062414
0.063099
0.063838
0.064633
0.065483
0.066387
0.067347
0.068361
0.069431
0.070555
0.071735
0.072970
0.074261
0.075606
0.077006
0.078461
0.079971
0.081537
0.083158
0.084833
0.086564
0.088349
0.090191
0.092086
0.094036
0.096041
0.098101
0.100214
0.102382
0.104604
0.106881
0.109210
0.111594
0.114031
0.116520
0.119062
0.121659
0.124306
0.127006
0.129757
0.132560
0.135413
0.138317
0.141271
0.144274
0.147326
0.150427
0.153576
0.156772
0.160015
0.163305
0.166640
0.170020
0.173443
0.176910
0.180420
0.183972
0.187564
0.191198
0.194870
0.198580
0.202327
0.206110
0.209929
0.213782
0.217668
0.221585
0.225534
0.229512
0.233518
0.237551
0.241610
0.245693
0.249800
0.253928
0.258075
0.262242
0.266426
0.270624
0.274838
0.279063
0.283300
0.287546
0.291800
0.296060
0.300324
0.304590
0.308857
0.313123
0.317385
0.321644
0.325896
0.330139
0.334372
0.338593
0.342801
0.346992
0.351164
0.355318
0.359449
0.363558
0.367639
0.371694
0.375718
0.379712
0.383672
0.387595
0.391482
0.395328
0.399134
0.402895
0.406612
0.410281
0.413901
0.417470
0.420985
0.424446
0.427850
0.431195
0.434481
0.437703
0.440862
0.443955
0.446981
0.449937
0.452822
0.455636
0.458375
0.461038
0.463625
0.466133
0.468561
0.470907
0.473170
0.475349
0.477444
0.479452
0.481372
0.483203
0.484944
0.486594
0.488153
0.489618
0.490989
0.492267
0.493448
0.494534
0.495524
0.496416
0.497210
0.497906
0.498503
0.499001
0.499399
0.499698
0.499897
0.499997
0.499996
0.499895
0.499694
0.499395
0.498994
0.498495
0.497896
0.497199
0.496404
0.495511
0.494521
0.493433
0.492250
0.490971
0.489598
0.488131
0.486571
0.484919
0.483176
0.481343
0.479421
0.477412
0.475315
0.473134
0.470868
0.468518
0.466088
0.463577
0.460988
0.458322
0.455580
0.452764
0.449875
0.446915
0.443887
0.440790
0.437628
0.434402
0.431112
0.427763
0.424354
0.420888
0.417367
0.413794
0.410168
0.406494
0.402771
0.399003
0.395190
0.391336
0.387442
0.383510
0.379543
0.375541
0.371507
0.367443
0.363350
0.359232
0.355089
0.350924
0.346738
0.342533
0.338312
0.334076
0.329827
0.325567
0.321298
0.317022
0.312739
0.308453
0.304165
0.299877
0.295589
0.291305
0.287026
0.282753
0.278488
0.274232
0.269988
0.265755
0.261537
0.257335
0.253149
0.248981
0.244834
0.240707
0.236602
0.232521
0.228465
0.224434
0.220431
0.216455
0.212509
0.208593
0.204709
0.200856
0.197037
0.193251
0.189501
0.185786
0.182107
0.178465
0.174862
0.171297
0.167771
0.164285
0.160839
0.157434
0.154070
0.150748
0.147468
0.144231
0.141036
0.137884
0.134777
0.131712
0.128692
0.125716
0.122784
0.119896
0.117053
0.114254
0.111501
0.108791
0.106127
0.103507
0.100931
0.098400
0.095913
0.093470
0.091071
0.088717
0.086405
0.084137
0.081913
0.079731
0.077591
0.075494
0.073440
0.071426
0.069454
0.067523
0.065633
0.063782
0.061972
0.060200
0.058468
0.056774
0.055119
0.053500
0.051919
0.050375
0.048867
0.047394
0.045957
0.044554
0.043186
0.041851
0.040549
0.039280
0.038043
0.036838
0.035664
0.034520
0.033406
0.032322
0.031267
0.030240
0.029241
0.028269
0.027324
0.026405
0.025513
0.024645
0.023802
0.022984
0.022189
0.021417
0.020668
0.019942
0.019236
0.018553
0.017890
0.017247
0.016624
0.016020
0.015435
0.014868
0.014320
0.013789
0.013275
0.012777
0.012296
0.011830
0.011380
0.010945
0.010524
0.010118
0.009725
0.009346
0.008979
0.008625
0.008284
0.007954
0.007636
0.007330
0.007034
0.006749
0.006474
0.006209
0.005953
0.005707
0.005471
0.005242
0.005023
0.004811
0.004608
0.004412
0.004224
0.004043
0.003869
0.003702
0.003541
0.003387
0.003238
0.003096
0.002959
0.002828
0.002702
0.002581
0.002465
0.002354
0.002247
0.002145
0.002047
0.001953
0.001863
0.001776
0.001694
0.001615
0.001539
0.001467
0.001397
0.001331
0.001268
0.001207
0.001149
0.001094
0.001041
0.000990
0.000942
0.000896
0.000852
0.000810
0.000770
0.000731
0.000695
0.000660
0.000627
0.000595
0.000565
0.000536
0.000509
0.000483
0.000458
0.000434
0.000412
0.000391
0.000370
0.000351
0.000332
0.000315
0.000298
0.000282
0.000267
0.000253
0.000239
0.000226
0.000214
0.000203
0.000192
0.000181
0.000171
0.000162
0.000153
0.000144
0.000136
0.000129
0.000122
0.000115
0.000108
0.000102
0.000096
0.000091
0.000086
0.000081
0.000076
0.000072
0.000068
0.000064
0.000060
0.000056
0.000053
0.000050
0.000047
0.000044
0.000042
0.000039
0.000037
0.000035
0.000033
0.000031
0.000029
0.000027
0.000025
0.000024
0.000022
0.000021
0.000020
0.000018
0.000017
0.000016
0.000015
0.000014
0.000013
0.000013
0.000012
0.000011
0.000010
0.000010
0.000009
0.000008
0.000008
0.000007
0.000007
0.000006
0.000006
0.000006
0.000005
0.000005
0.000005
0.000004
0.000004
0.000004
0.000004
0.000003
0.000003
0.000003
0.000003
0.000002
0.000002
0.000002
0.000002
0.000002
0.000002
0.000002
0.000002
0.000001
0.000001
0.000001
0.000001
0.000001
0.000001
0.000001
0.000001
0.000001
0.000001
0.000001
0.000001
0.000001
0.000001
0.000001
0.000000
0.000000
0.000000
0.000000
0.000000
0.000000
0.000000
0.000000
0.000000
0.000000
0.000000
0.000000
0.000000
0.000000
0.000000
0.000000
0.000000
0.000000
0.000000
0.000000
0.000000
0.000000
0.000000
0.000000
0.000000
0.000000
0.000000
0.000000
0.000000
0.000000
0.000000
0.000000
0.000000
0.000000
0.000000
0.000000
0.000000
0.000000
0.000000
0.000000
0.000000
0.000000
0.000000
0.000000
0.000000
0.000000
0.000000
0.000000
0.000000
0.000000
0.000000
0.000000
0.000000
0.000000
0.000000
0.000000
0.000000
0.000000
0.000000
0.000000
0.000000
0.000000
0.000000
0.000000
0.000000
0.000000
0.000000
0.000000
0.000000
0.000000
0.000000
0.000000
0.000000
0.000000
0.000000
0.000000
0.000000
0.000000
0.000000
0.000000
0.000000
0.000000
0.000000
0.000000
0.000000
0.000000
0.000000
0.000000
0.000000
0.000000
0.000000
0.000000
0.000000
0.000000
0.000000
0.000000
0.000000
0.000000
0.000000
0.000000
0.000000
0.000000
0.000000
0.000000
0.000000
0.000000
0.000000
0.000000
0.000000
0.000000
0.000000
0.000000
0.000000
0.000000
0.000000
0.000000
0.000000
0.000000
0.000000
0.000000
0.000000
0.000000
0.000000
0.000000
0.000000
0.000000
0.000000
0.000000
0.000000
0.000000
0.000000
0.000000
0.000000
0.000000
0.000000
0.000000
0.000000
0.000000
0.000000
0.000000
0.000000
0.000000
0.000000
0.000000
0.000000
0.000000
0.000000
0.000000
0.000000
0.000000
0.000000
0.000000
0.000000
0.000000
0.000000
0.000000
0.000000
0.000000
0.000000
