0.004710
0.009420
0.014131
0.018843
0.023557
0.028272
0.032991
0.037711
0.042436
0.047163
0.051895
0.056630
0.061370
0.066115
0.070865
0.075620
0.080381
0.085147
0.089920
0.094699
0.099483
0.104275
0.109072
0.113877
0.118687
0.123506
0.128329
0.133161
0.137998
0.142842
0.147691
0.152547
0.157409
0.162275
0.167149
0.172025
0.176908
0.181793
0.186683
0.191576
0.196470
0.201369
0.206266
0.211167
0.216065
0.220965
0.225863
0.230757
0.235652
0.240538
0.245424
0.250301
0.255173
0.260038
0.264890
0.269738
0.274570
0.279392
0.284201
0.288993
0.293774
0.298532
0.303275
0.307998
0.312696
0.317378
0.322030
0.326659
0.331264
0.335833
0.340379
0.344890
0.349365
0.353813
0.358217
0.362586
0.366919
0.371203
0.375451
0.379652
0.383803
0.387914
0.391969
0.395973
0.399931
0.403825
0.407667
0.411456
0.415176
0.418840
0.422446
0.425978
0.429450
0.432858
0.436187
0.439451
0.442648
0.445760
0.448802
0.451774
0.454657
0.457464
0.460198
0.462841
0.465399
0.467884
0.470274
0.472573
0.474795
0.476925
0.478955
0.480901
0.482761
0.484516
0.486176
0.487753
0.489230
0.490600
0.491880
0.493071
0.494152
0.495129
0.496019
0.496812
0.497491
0.498070
0.498560
0.498949
0.499223
0.499396
0.499481
0.499466
0.499337
0.499102
0.498780
0.498364
0.497836
0.497197
0.496467
0.495651
0.494734
0.493707
0.492576
0.491359
0.490059
0.488662
0.487157
0.485551
0.483859
0.482091
0.480238
0.478288
0.476236
0.474091
0.471867
0.469573
0.467207
0.464759
0.462219
0.459587
0.456870
0.454081
0.451227
0.448314
0.445341
0.442306
0.439206
0.436040
0.432805
0.429505
0.426142
0.422716
0.419231
0.415691
0.412098
0.408454
0.404761
0.401021
0.397237
0.393411
0.389543
0.385637
0.381695
0.377719
0.373709
0.369669
0.365599
0.361504
0.357383
0.353240
0.349077
0.344893
0.340694
0.336479
0.332251
0.328011
0.323762
0.319506
0.315243
0.310977
0.306709
0.302441
0.298175
0.293912
0.289654
0.285403
0.281160
0.276927
0.272706
0.268497
0.264304
0.260128
0.255969
0.251829
0.247710
0.243614
0.239540
0.235493
0.231471
0.227477
0.223511
0.219575
0.215671
0.211799
0.207960
0.204156
0.200386
0.196654
0.192960
0.189304
0.185687
0.182111
0.178576
0.175083
0.171633
0.168227
0.164865
0.161548
0.158276
0.155051
0.151874
0.148743
0.145661
0.142626
0.139641
0.136706
0.133821
0.130986
0.128203
0.125470
0.122789
0.120159
0.117582
0.115057
0.112585
0.110167
0.107801
0.105488
0.103229
0.101024
0.098873
0.096776
0.094734
0.092745
0.090810
0.088931
0.087106
0.085335
0.083619
0.081957
0.080350
0.078798
0.077301
0.075858
0.074471
0.073137
0.071858
0.070635
0.069466
0.068351
0.067291
0.066286
0.065335
0.064439
0.063598
0.062811
0.062078
0.061400
0.060776
0.060206
0.059691
0.059230
0.058823
0.058471
0.058173
0.057928
0.057739
0.057603
0.057523
0.057495
0.057523
0.057604
0.057740
0.057929
0.058173
0.058471
0.058823
0.059229
0.059690
0.060205
0.060775
0.061398
0.062077
0.062809
0.063596
0.064438
0.065334
0.066284
0.067290
0.068349
0.069463
0.070632
0.071856
0.073136
0.074468
0.075856
0.077298
0.078796
0.080347
0.081954
0.083616
0.085332
0.087102
0.088928
0.090807
0.092742
0.094731
0.096774
0.098871
0.101021
0.103226
0.105485
0.107797
0.110163
0.112582
0.115053
0.117577
0.120155
0.122784
0.125465
0.128198
0.130982
0.133817
0.136702
0.139637
0.142621
0.145655
0.148737
0.151867
0.155045
0.158269
0.161541
0.164858
0.168220
0.171626
0.175075
0.178568
0.182103
0.185678
0.189296
0.192951
0.196646
0.200378
0.204147
0.207950
0.211789
0.215662
0.219566
0.223502
0.227468
0.231462
0.235484
0.239533
0.243606
0.247703
0.251822
0.255961
0.260121
0.264298
0.268490
0.272699
0.276919
0.281153
0.285395
0.289647
0.293906
0.298169
0.302435
0.306702
0.310970
0.315236
0.319497
0.323754
0.328002
0.332242
0.336470
0.340685
0.344885
0.349068
0.353232
0.357375
0.361496
0.365591
0.369661
0.373701
0.377711
0.381688
0.385630
0.389536
0.393403
0.397230
0.401014
0.404754
0.408447
0.412092
0.415687
0.419229
0.422718
0.426151
0.429526
0.432842
0.436097
0.439288
0.442414
0.445473
0.448465
0.451385
0.454235
0.457012
0.459714
0.462339
0.464887
0.467355
0.469742
0.472047
0.474269
0.476406
0.478457
0.480422
0.482297
0.484084
0.485779
0.487384
0.488896
0.490314
0.491639
0.492869
0.494003
0.495040
0.495981
0.496824
0.497570
0.498216
0.498764
0.499212
0.499561
0.499810
0.499959
0.500008
0.499957
0.499807
0.499557
0.499207
0.498757
0.498207
0.497560
0.496814
0.495970
0.495028
0.493989
0.492853
0.491622
0.490297
0.488876
0.487362
0.485756
0.484059
0.482271
0.480393
0.478427
0.476374
0.474235
0.472011
0.469703
0.467313
0.464842
0.462293
0.459665
0.456961
0.454181
0.451328
0.448404
0.445410
0.442347
0.439217
0.436023
0.432765
0.429445
0.426066
0.422628
0.419134
0.415587
0.411987
0.408337
0.404638
0.400892
0.397102
0.393268
0.389394
0.385481
0.381531
0.377546
0.373528
0.369479
0.365400
0.361294
0.357163
0.353009
0.348833
0.344637
0.340424
0.336196
0.331953
0.327698
0.323434
0.319161
0.314881
0.310597
0.306309
0.302021
0.297733
0.293447
0.289165
0.284888
0.280619
0.276359
0.272108
0.267870
0.263644
0.259434
0.255240
0.251063
0.246905
0.242768
0.238652
0.234559
0.230490
0.226446
0.222429
0.218439
0.214478
0.210547
0.206647
0.202778
0.198942
0.195140
0.191372
0.187639
0.183942
0.180282
0.176659
0.173074
0.169529
0.166023
0.162557
0.159131
0.155747
0.152404
0.149103
0.145844
0.142628
0.139455
0.136325
0.133239
0.130197
0.127198
0.124244
0.121334
0.118469
0.115648
0.112872
0.110140
0.107453
0.104811
0.102213
0.099660
0.097151
0.094686
0.092265
0.089889
0.087556
0.085266
0.083020
0.080816
0.078656
0.076538
0.074462
0.072428
0.070435
0.068484
0.066573
0.064702
0.062872
0.061081
0.059329
0.057617
0.055942
0.054305
0.052705
0.051143
0.049616
0.048126
0.046671
0.045251
0.043866
0.042514
0.041196
0.039911
0.038658
0.037437
0.036247
0.035088
0.033959
0.032860
0.031791
0.030750
0.029737
0.028751
0.027793
0.026861
0.025956
0.025076
0.024221
0.023390
0.022583
0.021800
0.021040
0.020302
0.019586
0.018892
0.018219
0.017566
0.016933
0.016319
0.015725
0.015149
0.014592
0.014052
0.013530
0.013024
0.012535
0.012061
0.011603
0.011161
0.010733
0.010319
0.009920
0.009534
0.009161
0.008801
0.008453
0.008118
0.007794
0.007482
0.007180
0.006890
0.006610
0.006340
0.006080
0.005829
0.005588
0.005355
0.005132
0.004916
0.004709
0.004509
0.004317
0.004133
0.003955
0.003785
0.003621
0.003463
0.003312
0.003166
0.003027
0.002893
0.002764
0.002641
0.002522
0.002409
0.002300
0.002195
0.002095
0.001999
0.001907
0.001819
0.001735
0.001654
0.001576
0.001502
0.001432
0.001364
0.001299
0.001237
0.001178
0.001121
0.001067
0.001015
0.000966
0.000919
0.000874
0.000831
0.000790
0.000750
0.000713
0.000677
0.000643
0.000611
0.000580
0.000551
0.000523
0.000496
0.000470
0.000446
0.000423
0.000401
0.000380
0.000360
0.000341
0.000323
0.000306
0.000290
0.000275
0.000260
0.000246
0.000233
0.000220
0.000208
0.000197
0.000186
0.000176
0.000166
0.000157
0.000149
0.000140
0.000132
0.000125
0.000118
0.000111
0.000105
0.000099
0.000094
0.000088
0.000083
0.000078
0.000074
0.000070
0.000066
0.000062
0.000058
0.000055
0.000052
0.000049
0.000046
0.000043
0.000040
0.000038
0.000036
0.000034
0.000032
0.000030
0.000028
0.000026
0.000025
0.000023
0.000022
0.000020
0.000019
0.000018
0.000017
0.000016
0.000015
0.000014
0.000013
0.000012
0.000011
0.000011
0.000010
0.000009
0.000009
0.000008
0.000008
0.000007
0.000007
0.000006
0.000006
0.000005
0.000005
0.000005
0.000004
0.000004
0.000004
0.000004
0.000003
0.000003
0.000003
0.000003
0.000003
0.000002
0.000002
0.000002
0.000002
0.000002
0.000002
0.000002
0.000001
0.000001
0.000001
0.000001
0.000001
0.000001
0.000001
0.000001
0.000001
0.000001
0.000001
0.000001
0.000001
0.000001
0.000001
0.000000
0.000000
0.000000
0.000000
0.000000
0.000000
0.000000
0.000000
0.000000
0.000000
0.000000
0.000000
0.000000
0.000000
0.000000
0.000000
0.000000
0.000000
0.000000
0.000000
0.000000
0.000000
0.000000
0.000000
0.000000
0.000000
0.000000
0.000000
0.000000
0.000000
0.000000
0.000000
0.000000
0.000000
0.000000
0.000000
0.000000
0.000000
0.000000
0.000000
0.000000
0.000000
0.000000
0.000000
0.000000
0.000000
0.000000
0.000000
0.000000
0.000000
0.000000
0.000000
0.000000
0.000000
0.000000
0.000000
0.000000
0.000000
0.000000
0.000000
0.000000
0.000000
0.000000
0.000000
0.000000
0.000000
0.000000
0.000000
0.000000
0.000000
0.000000
0.000000
0.000000
0.000000
0.000000
0.000000
0.000000
0.000000
0.000000
0.000000
0.000000
0.000000
0.000000
0.000000
0.000000
0.000000
0.000000
0.000000
0.000000
0.000000
0.000000
0.000000
0.000000
0.000000
0.000000
0.000000
0.000000
0.000000
0.000000
0.000000
0.000000
0.000000
0.000000
0.000000
0.000000
0.000000
0.000000
0.000000
0.000000
0.000000
0.000000
0.000000
0.000000
0.000000
0.000000
0.000000
0.000000
0.000000
0.000000
0.000000
0.000000
0.000000
0.000000
0.000000
0.000000
0.000000
0.000000
0.000000
0.000000
0.000000
0.000000
0.000000
0.000000
0.000000
0.000000
0.000000
0.000000
0.000000
0.000000
0.000000
0.000000
0.000000
0.000000
0.000000
0.000000
0.000000
0.000000
0.000000
0.000000
0.000000
0.000000
0.000000
0.000000
0.000000
0.000000
0.000000
0.000000
0.000000
0.000000
