0.004753
0.009507
0.014262
0.019018
0.023775
0.028534
0.033296
0.038060
0.042827
0.047597
0.052371
0.057149
0.061931
0.066718
0.071509
0.076306
0.081107
0.085915
0.090727
0.095546
0.100370
0.105201
0.110036
0.114879
0.119727
0.124582
0.129443
0.134310
0.139182
0.144060
0.148945
0.153833
0.158729
0.163627
0.168532
0.173439
0.178351
0.183266
0.188183
0.193105
0.198025
0.202951
0.207873
0.212797
0.217721
0.222641
0.227563
0.232477
0.237391
0.242297
0.247200
0.252096
0.256981
0.261863
0.266729
0.271589
0.276435
0.281266
0.286087
0.290886
0.295674
0.300441
0.305187
0.309917
0.314618
0.319300
0.323957
0.328583
0.333187
0.337756
0.342295
0.346805
0.351273
0.355713
0.360112
0.364469
0.368793
0.373068
0.377300
0.381491
0.385626
0.389719
0.393761
0.397744
0.401682
0.405560
0.409377
0.413143
0.416844
0.420480
0.424061
0.427570
0.431010
0.434390
0.437694
0.440923
0.444089
0.447173
0.450177
0.453115
0.455968
0.458735
0.461431
0.464041
0.466559
0.469001
0.471357
0.473616
0.475791
0.477883
0.479873
0.481770
0.483586
0.485303
0.486916
0.488443
0.489879
0.491206
0.492433
0.493576
0.494616
0.495545
0.496381
0.497126
0.497764
0.498291
0.498726
0.499069
0.499300
0.499421
0.499451
0.499388
0.499216
0.498932
0.498553
0.498087
0.497516
0.496832
0.496048
0.495177
0.494217
0.493148
0.491971
0.490700
0.489348
0.487908
0.486364
0.484715
0.482973
0.481153
0.479255
0.477267
0.475179
0.472992
0.470722
0.468380
0.465971
0.463485
0.460912
0.458248
0.455497
0.452669
0.449774
0.446819
0.443806
0.440735
0.437602
0.434405
0.431142
0.427815
0.424423
0.420971
0.417460
0.413894
0.410276
0.406607
0.402891
0.399128
0.395322
0.391475
0.387587
0.383663
0.379703
0.375710
0.371683
0.367628
0.363545
0.359436
0.355303
0.351150
0.346975
0.342783
0.338575
0.334352
0.330117
0.325872
0.321618
0.317358
0.313092
0.308824
0.304555
0.300287
0.296021
0.291759
0.287503
0.283254
0.279014
0.274786
0.270570
0.266367
0.262181
0.258011
0.253860
0.249728
0.245619
0.241532
0.237469
0.233432
0.229422
0.225439
0.221487
0.217563
0.213673
0.209814
0.205990
0.202200
0.198447
0.194730
0.191051
0.187412
0.183812
0.180252
0.176734
0.173259
0.169826
0.166438
0.163094
0.159795
0.156542
0.153335
0.150177
0.147064
0.144001
0.140985
0.138019
0.135103
0.132237
0.129421
0.126656
0.123942
0.121280
0.118668
0.116110
0.113603
0.111149
0.108749
0.106401
0.104106
0.101865
0.099677
0.097543
0.095463
0.093437
0.091464
0.089546
0.087682
0.085872
0.084117
0.082415
0.080768
0.079175
0.077636
0.076152
0.074723
0.073347
0.072026
0.070759
0.069546
0.068388
0.067283
0.066233
0.065238
0.064295
0.063408
0.062574
0.061795
0.061069
0.060398
0.059779
0.059215
0.058704
0.058249
0.057846
0.057496
0.057201
0.056959
0.056772
0.056638
0.056557
0.056530
0.056557
0.056638
0.056772
0.056960
0.057201
0.057496
0.057845
0.058248
0.058704
0.059214
0.059778
0.060396
0.061068
0.061793
0.062573
0.063407
0.064294
0.065236
0.066232
0.067281
0.068385
0.069544
0.070756
0.072024
0.073345
0.074720
0.076150
0.077633
0.079172
0.080765
0.082411
0.084114
0.085869
0.087679
0.089543
0.091461
0.093434
0.095460
0.097541
0.099674
0.101862
0.104103
0.106398
0.108745
0.111146
0.113599
0.116105
0.118664
0.121275
0.123937
0.126651
0.129417
0.132233
0.135098
0.138014
0.140980
0.143995
0.147058
0.150170
0.153329
0.156535
0.159788
0.163087
0.166431
0.169819
0.173251
0.176726
0.180244
0.183803
0.187403
0.191042
0.194722
0.198438
0.202192
0.205981
0.209805
0.213663
0.217555
0.221477
0.225431
0.229413
0.233424
0.237462
0.241524
0.245611
0.249721
0.253853
0.258004
0.262174
0.266360
0.270562
0.274779
0.279007
0.283247
0.287495
0.291752
0.296014
0.300280
0.304548
0.308817
0.313085
0.317349
0.321610
0.325863
0.330109
0.334343
0.338565
0.342774
0.346967
0.351141
0.355295
0.359428
0.363537
0.367620
0.371676
0.375701
0.379695
0.383656
0.387581
0.391468
0.395316
0.399121
0.402884
0.406601
0.410270
0.413891
0.417460
0.420976
0.424437
0.427842
0.431188
0.434474
0.437697
0.440856
0.443949
0.446975
0.449931
0.452817
0.455630
0.458370
0.461034
0.463621
0.466129
0.468557
0.470904
0.473167
0.475347
0.477441
0.479449
0.481369
0.483201
0.484942
0.486592
0.488151
0.489616
0.490988
0.492265
0.493447
0.494533
0.495522
0.496414
0.497209
0.497905
0.498502
0.498999
0.499398
0.499697
0.499897
0.499996
0.499995
0.499894
0.499694
0.499394
0.498994
0.498494
0.497896
0.497199
0.496404
0.495511
0.494520
0.493433
0.492250
0.490971
0.489598
0.488131
0.486571
0.484919
0.483176
0.481343
0.479421
0.477411
0.475315
0.473134
0.470867
0.468518
0.466088
0.463577
0.460989
0.458322
0.455580
0.452763
0.449875
0.446915
0.443887
0.440790
0.437628
0.434401
0.431112
0.427763
0.424354
0.420888
0.417367
0.413793
0.410168
0.406493
0.402771
0.399002
0.395190
0.391336
0.387442
0.383510
0.379543
0.375541
0.371507
0.367443
0.363351
0.359232
0.355089
0.350923
0.346738
0.342533
0.338312
0.334076
0.329827
0.325567
0.321298
0.317021
0.312739
0.308453
0.304165
0.299876
0.295589
0.291305
0.287026
0.282753
0.278488
0.274232
0.269987
0.265755
0.261537
0.257335
0.253149
0.248982
0.244834
0.240707
0.236602
0.232521
0.228465
0.224434
0.220431
0.216455
0.212509
0.208593
0.204709
0.200856
0.197037
0.193251
0.189501
0.185786
0.182107
0.178465
0.174862
0.171297
0.167771
0.164285
0.160839
0.157434
0.154070
0.150748
0.147468
0.144231
0.141036
0.137884
0.134776
0.131712
0.128692
0.125715
0.122784
0.119896
0.117053
0.114254
0.111501
0.108791
0.106127
0.103507
0.100931
0.098400
0.095913
0.093470
0.091071
0.088717
0.086405
0.084137
0.081913
0.079731
0.077591
0.075494
0.073440
0.071426
0.069454
0.067523
0.065633
0.063782
0.061972
0.060200
0.058468
0.056774
0.055119
0.053501
0.051919
0.050375
0.048867
0.047394
0.045957
0.044554
0.043186
0.041851
0.040549
0.039280
0.038043
0.036838
0.035664
0.034520
0.033406
0.032322
0.031267
0.030240
0.029241
0.028269
0.027324
0.026405
0.025513
0.024645
0.023802
0.022984
0.022189
0.021417
0.020668
0.019942
0.019237
0.018553
0.017890
0.017247
0.016624
0.016020
0.015435
0.014868
0.014320
0.013789
0.013275
0.012777
0.012296
0.011830
0.011380
0.010945
0.010524
0.010118
0.009725
0.009346
0.008979
0.008625
0.008284
0.007954
0.007636
0.007330
0.007034
0.006749
0.006474
0.006209
0.005953
0.005707
0.005471
0.005242
0.005023
0.004811
0.004608
0.004412
0.004224
0.004043
0.003869
0.003702
0.003541
0.003387
0.003238
0.003096
0.002959
0.002828
0.002702
0.002581
0.002465
0.002354
0.002247
0.002145
0.002047
0.001953
0.001863
0.001776
0.001694
0.001615
0.001539
0.001467
0.001397
0.001331
0.001268
0.001207
0.001149
0.001094
0.001041
0.000990
0.000942
0.000896
0.000852
0.000810
0.000770
0.000731
0.000695
0.000660
0.000627
0.000595
0.000565
0.000536
0.000509
0.000483
0.000458
0.000434
0.000412
0.000391
0.000370
0.000351
0.000332
0.000315
0.000298
0.000282
0.000267
0.000253
0.000239
0.000226
0.000214
0.000203
0.000192
0.000181
0.000171
0.000162
0.000153
0.000144
0.000136
0.000129
0.000122
0.000115
0.000108
0.000102
0.000096
0.000091
0.000086
0.000081
0.000076
0.000072
0.000068
0.000064
0.000060
0.000056
0.000053
0.000050
0.000047
0.000044
0.000042
0.000039
0.000037
0.000035
0.000033
0.000031
0.000029
0.000027
0.000025
0.000024
0.000022
0.000021
0.000020
0.000018
0.000017
0.000016
0.000015
0.000014
0.000013
0.000013
0.000012
0.000011
0.000010
0.000010
0.000009
0.000008
0.000008
0.000007
0.000007
0.000006
0.000006
0.000006
0.000005
0.000005
0.000005
0.000004
0.000004
0.000004
0.000004
0.000003
0.000003
0.000003
0.000003
0.000002
0.000002
0.000002
0.000002
0.000002
0.000002
0.000002
0.000002
0.000001
0.000001
0.000001
0.000001
0.000001
0.000001
0.000001
0.000001
0.000001
0.000001
0.000001
0.000001
0.000001
0.000001
0.000001
0.000000
0.000000
0.000000
0.000000
0.000000
0.000000
0.000000
0.000000
0.000000
0.000000
0.000000
0.000000
0.000000
0.000000
0.000000
0.000000
0.000000
0.000000
0.000000
0.000000
0.000000
0.000000
0.000000
0.000000
0.000000
0.000000
0.000000
0.000000
0.000000
0.000000
0.000000
0.000000
0.000000
0.000000
0.000000
0.000000
0.000000
0.000000
0.000000
0.000000
0.000000
0.000000
0.000000
0.000000
0.000000
0.000000
0.000000
0.000000
0.000000
0.000000
0.000000
0.000000
0.000000
0.000000
0.000000
0.000000
0.000000
0.000000
0.000000
0.000000
0.000000
0.000000
0.000000
0.000000
0.000000
0.000000
0.000000
0.000000
0.000000
0.000000
0.000000
0.000000
0.000000
0.000000
0.000000
0.000000
0.000000
0.000000
0.000000
0.000000
0.000000
0.000000
0.000000
0.000000
0.000000
0.000000
0.000000
0.000000
0.000000
0.000000
0.000000
0.000000
0.000000
0.000000
0.000000
0.000000
0.000000
0.000000
0.000000
0.000000
0.000000
0.000000
0.000000
0.000000
0.000000
0.000000
0.000000
0.000000
0.000000
0.000000
0.000000
0.000000
0.000000
0.000000
0.000000
0.000000
0.000000
0.000000
0.000000
0.000000
0.000000
0.000000
0.000000
0.000000
0.000000
0.000000
0.000000
0.000000
0.000000
0.000000
0.000000
0.000000
0.000000
0.000000
0.000000
0.000000
0.000000
0.000000
0.000000
0.000000
0.000000
0.000000
0.000000
0.000000
0.000000
0.000000
0.000000
0.000000
0.000000
0.000000
0.000000
0.000000
0.000000
0.000000
0.000000
0.000000
0.000000
0.000000
