0.004797
0.009595
0.014393
0.019193
0.023994
0.028797
0.033601
0.038409
0.043219
0.048032
0.052849
0.057670
0.062493
0.067323
0.072155
0.076993
0.081835
0.086684
0.091536
0.096395
0.101258
0.106128
0.111002
0.115882
0.120769
0.125660
0.130558
0.135459
0.140368
0.145280
0.150199
0.155121
0.160049
0.164980
0.169915
0.174854
0.179794
0.184740
0.189685
0.194634
0.199582
0.204532
0.209481
0.214427
0.219376
0.224318
0.229261
0.234196
0.239129
0.244056
0.248974
0.253889
0.258789
0.263684
0.268567
0.273436
0.278297
0.283137
0.287967
0.292777
0.297569
0.302345
0.307095
0.311829
0.316535
0.321216
0.325876
0.330501
0.335102
0.339671
0.344204
0.348710
0.353174
0.357603
0.361997
0.366344
0.370655
0.374922
0.379138
0.383315
0.387439
0.391511
0.395538
0.399504
0.403418
0.407280
0.411075
0.414815
0.418496
0.422106
0.425658
0.429145
0.432555
0.435904
0.439182
0.442379
0.445509
0.448566
0.451535
0.454435
0.457257
0.459988
0.462643
0.465219
0.467700
0.470097
0.472416
0.474637
0.476766
0.478815
0.480768
0.482620
0.484387
0.486064
0.487635
0.489110
0.490500
0.491786
0.492965
0.494055
0.495052
0.495938
0.496720
0.497414
0.498009
0.498490
0.498869
0.499161
0.499350
0.499423
0.499397
0.499283
0.499067
0.498738
0.498304
0.497784
0.497168
0.496442
0.495607
0.494682
0.493672
0.492562
0.491342
0.490020
0.488615
0.487127
0.485545
0.483855
0.482067
0.480195
0.478249
0.476221
0.474097
0.471873
0.469559
0.467170
0.464715
0.462189
0.459583
0.456887
0.454105
0.451240
0.448306
0.445310
0.442257
0.439148
0.435982
0.432754
0.429463
0.426108
0.422690
0.419212
0.415675
0.412084
0.408441
0.404749
0.401010
0.397224
0.393397
0.389530
0.385623
0.381680
0.377703
0.373692
0.369651
0.365581
0.361484
0.357362
0.353218
0.349054
0.344869
0.340668
0.336452
0.332222
0.327981
0.323731
0.319472
0.315208
0.310941
0.306670
0.302401
0.298133
0.293867
0.289607
0.285353
0.281108
0.276872
0.272648
0.268437
0.264241
0.260062
0.255900
0.251756
0.247633
0.243533
0.239456
0.235405
0.231379
0.227380
0.223410
0.219469
0.215560
0.211683
0.207839
0.204029
0.200254
0.196516
0.192815
0.189153
0.185529
0.181947
0.178404
0.174903
0.171445
0.168031
0.164660
0.161335
0.158054
0.154820
0.151631
0.148491
0.145398
0.142353
0.139356
0.136409
0.133512
0.130665
0.127868
0.125122
0.122427
0.119783
0.117191
0.114651
0.112163
0.109727
0.107344
0.105015
0.102737
0.100514
0.098343
0.096226
0.094163
0.092154
0.090197
0.088295
0.086447
0.084652
0.082912
0.081225
0.079592
0.078013
0.076488
0.075017
0.073600
0.072237
0.070928
0.069672
0.068471
0.067323
0.066229
0.065189
0.064203
0.063269
0.062390
0.061565
0.060792
0.060074
0.059409
0.058796
0.058237
0.057732
0.057280
0.056881
0.056535
0.056243
0.056004
0.055818
0.055685
0.055605
0.055578
0.055605
0.055686
0.055819
0.056004
0.056243
0.056535
0.056881
0.057280
0.057731
0.058236
0.058795
0.059407
0.060072
0.060791
0.061563
0.062389
0.063268
0.064200
0.065187
0.066227
0.067321
0.068469
0.069670
0.070926
0.072235
0.073598
0.075015
0.076485
0.078010
0.079589
0.081221
0.082909
0.084649
0.086443
0.088292
0.090194
0.092151
0.094160
0.096224
0.098341
0.100511
0.102734
0.105012
0.107341
0.109724
0.112159
0.114647
0.117186
0.119779
0.122422
0.125117
0.127864
0.130661
0.133508
0.136404
0.139351
0.142347
0.145392
0.148485
0.151626
0.154813
0.158047
0.161327
0.164653
0.168023
0.171438
0.174896
0.178395
0.181937
0.185520
0.189144
0.192806
0.196507
0.200246
0.204020
0.207829
0.211673
0.215551
0.219460
0.223401
0.227371
0.231370
0.235397
0.239449
0.243526
0.247626
0.251749
0.255892
0.260054
0.264234
0.268430
0.272641
0.276865
0.281101
0.285346
0.289600
0.293860
0.298126
0.302394
0.306664
0.310934
0.315200
0.319464
0.323722
0.327973
0.332214
0.336443
0.340659
0.344861
0.349045
0.353210
0.357354
0.361476
0.365572
0.369643
0.373684
0.377695
0.381673
0.385616
0.389523
0.393390
0.397218
0.401002
0.404743
0.408436
0.412082
0.415678
0.419221
0.422710
0.426143
0.429519
0.432835
0.436090
0.439281
0.442408
0.445468
0.448459
0.451380
0.454230
0.457008
0.459710
0.462335
0.464884
0.467352
0.469739
0.472044
0.474266
0.476403
0.478455
0.480419
0.482295
0.484081
0.485777
0.487382
0.488894
0.490313
0.491638
0.492867
0.494001
0.495039
0.495980
0.496823
0.497568
0.498215
0.498762
0.499211
0.499560
0.499809
0.499958
0.500007
0.499956
0.499806
0.499556
0.499206
0.498756
0.498207
0.497560
0.496814
0.495969
0.495028
0.493989
0.492853
0.491622
0.490297
0.488876
0.487362
0.485756
0.484058
0.482270
0.480393
0.478427
0.476374
0.474235
0.472011
0.469703
0.467313
0.464842
0.462293
0.459665
0.456960
0.454181
0.451328
0.448404
0.445410
0.442347
0.439217
0.436023
0.432765
0.429445
0.426065
0.422628
0.419134
0.415587
0.411987
0.408337
0.404638
0.400892
0.397102
0.393268
0.389393
0.385481
0.381531
0.377546
0.373528
0.369479
0.365400
0.361294
0.357163
0.353009
0.348833
0.344638
0.340424
0.336196
0.331953
0.327698
0.323434
0.319160
0.314881
0.310597
0.306309
0.302021
0.297732
0.293447
0.289165
0.284888
0.280619
0.276359
0.272108
0.267870
0.263644
0.259434
0.255240
0.251063
0.246905
0.242768
0.238652
0.234559
0.230490
0.226446
0.222429
0.218439
0.214478
0.210547
0.206647
0.202778
0.198942
0.195140
0.191372
0.187639
0.183942
0.180281
0.176659
0.173074
0.169529
0.166023
0.162557
0.159131
0.155747
0.152404
0.149103
0.145844
0.142628
0.139455
0.136325
0.133239
0.130197
0.127198
0.124244
0.121334
0.118469
0.115648
0.112872
0.110140
0.107453
0.104811
0.102213
0.099660
0.097151
0.094686
0.092265
0.089889
0.087556
0.085266
0.083020
0.080816
0.078656
0.076538
0.074462
0.072428
0.070435
0.068484
0.066573
0.064702
0.062872
0.061081
0.059330
0.057617
0.055942
0.054305
0.052705
0.051143
0.049617
0.048126
0.046671
0.045251
0.043866
0.042514
0.041196
0.039911
0.038658
0.037437
0.036247
0.035088
0.033959
0.032861
0.031791
0.030750
0.029737
0.028751
0.027793
0.026861
0.025956
0.025076
0.024221
0.023390
0.022583
0.021800
0.021040
0.020302
0.019586
0.018892
0.018219
0.017566
0.016933
0.016319
0.015725
0.015149
0.014592
0.014052
0.013530
0.013024
0.012535
0.012061
0.011603
0.011161
0.010733
0.010319
0.009920
0.009534
0.009161
0.008801
0.008453
0.008118
0.007794
0.007482
0.007180
0.006890
0.006610
0.006340
0.006080
0.005829
0.005588
0.005355
0.005132
0.004916
0.004709
0.004509
0.004317
0.004133
0.003955
0.003785
0.003621
0.003463
0.003312
0.003166
0.003027
0.002893
0.002764
0.002641
0.002522
0.002409
0.002300
0.002195
0.002095
0.001999
0.001907
0.001819
0.001735
0.001654
0.001576
0.001502
0.001432
0.001364
0.001299
0.001237
0.001178
0.001121
0.001067
0.001015
0.000966
0.000919
0.000874
0.000831
0.000790
0.000750
0.000713
0.000677
0.000643
0.000611
0.000580
0.000551
0.000523
0.000496
0.000470
0.000446
0.000423
0.000401
0.000380
0.000360
0.000341
0.000323
0.000306
0.000290
0.000275
0.000260
0.000246
0.000233
0.000220
0.000208
0.000197
0.000186
0.000176
0.000166
0.000157
0.000149
0.000140
0.000132
0.000125
0.000118
0.000111
0.000105
0.000099
0.000094
0.000088
0.000083
0.000078
0.000074
0.000070
0.000066
0.000062
0.000058
0.000055
0.000052
0.000049
0.000046
0.000043
0.000040
0.000038
0.000036
0.000034
0.000032
0.000030
0.000028
0.000026
0.000025
0.000023
0.000022
0.000020
0.000019
0.000018
0.000017
0.000016
0.000015
0.000014
0.000013
0.000012
0.000011
0.000011
0.000010
0.000009
0.000009
0.000008
0.000008
0.000007
0.000007
0.000006
0.000006
0.000005
0.000005
0.000005
0.000004
0.000004
0.000004
0.000004
0.000003
0.000003
0.000003
0.000003
0.000003
0.000002
0.000002
0.000002
0.000002
0.000002
0.000002
0.000002
0.000001
0.000001
0.000001
0.000001
0.000001
0.000001
0.000001
0.000001
0.000001
0.000001
0.000001
0.000001
0.000001
0.000001
0.000001
0.000000
0.000000
0.000000
0.000000
0.000000
0.000000
0.000000
0.000000
0.000000
0.000000
0.000000
0.000000
0.000000
0.000000
0.000000
0.000000
0.000000
0.000000
0.000000
0.000000
0.000000
0.000000
0.000000
0.000000
0.000000
0.000000
0.000000
0.000000
0.000000
0.000000
0.000000
0.000000
0.000000
0.000000
0.000000
0.000000
0.000000
0.000000
0.000000
0.000000
0.000000
0.000000
0.000000
0.000000
0.000000
0.000000
0.000000
0.000000
0.000000
0.000000
0.000000
0.000000
0.000000
0.000000
0.000000
0.000000
0.000000
0.000000
0.000000
0.000000
0.000000
0.000000
0.000000
0.000000
0.000000
0.000000
0.000000
0.000000
0.000000
0.000000
0.000000
0.000000
0.000000
0.000000
0.000000
0.000000
0.000000
0.000000
0.000000
0.000000
0.000000
0.000000
0.000000
0.000000
0.000000
0.000000
0.000000
0.000000
0.000000
0.000000
0.000000
0.000000
0.000000
0.000000
0.000000
0.000000
0.000000
0.000000
0.000000
0.000000
0.000000
0.000000
0.000000
0.000000
0.000000
0.000000
0.000000
0.000000
0.000000
0.000000
0.000000
0.000000
0.000000
0.000000
0.000000
0.000000
0.000000
0.000000
0.000000
0.000000
0.000000
0.000000
0.000000
0.000000
0.000000
0.000000
0.000000
0.000000
0.000000
0.000000
0.000000
0.000000
0.000000
0.000000
0.000000
0.000000
0.000000
0.000000
0.000000
0.000000
0.000000
0.000000
0.000000
0.000000
0.000000
0.000000
0.000000
0.000000
0.000000
0.000000
0.000000
0.000000
0.000000
0.000000
0.000000
0.000000
0.000000
0.000000
