0.000019
0.000040
0.000056
0.000081
0.000095
0.000118
0.000142
0.000152
0.000187
0.000203
0.000212
0.000255
0.000284
0.000277
0.000292
0.000353
0.000430
0.000494
0.000541
0.000578
0.000612
0.000645
0.000680
0.000717
0.000756
0.000797
0.000839
0.000884
0.000931
0.000980
0.001032
0.001086
0.001142
0.001202
0.001264
0.001329
0.001398
0.001469
0.001544
0.001623
0.001705
0.001791
0.001881
0.001975
0.002073
0.002176
0.002284
0.002396
0.002513
0.002636
0.002764
0.002898
0.003037
0.003183
0.003335
0.003494
0.003659
0.003832
0.004012
0.004199
0.004395
0.004598
0.004811
0.005032
0.005262
0.005501
0.005751
0.006010
0.006281
0.006562
0.006854
0.007158
0.007473
0.007802
0.008143
0.008497
0.008865
0.009248
0.009645
0.010057
0.010484
0.010928
0.011388
0.011865
0.012360
0.012873
0.013405
0.013956
0.014527
0.015119
0.015731
0.016366
0.017022
0.017701
0.018404
0.019131
0.019883
0.020661
0.021465
0.022296
0.023155
0.024042
0.024958
0.025904
0.026881
0.027890
0.028930
0.030004
0.031112
0.032254
0.033432
0.034646
0.035898
0.037187
0.038516
0.039884
0.041293
0.042744
0.044237
0.045773
0.047354
0.048980
0.050652
0.052371
0.054138
0.055954
0.057820
0.059737
0.061705
0.063726
0.065801
0.067930
0.070115
0.072356
0.074654
0.077011
0.079427
0.081903
0.084440
0.087040
0.089702
0.092428
0.095218
0.098074
0.100997
0.103987
0.107044
0.110171
0.113367
0.116634
0.119973
0.123383
0.126866
0.130422
0.134053
0.137758
0.141539
0.145396
0.149330
0.153341
0.157430
0.161597
0.165843
0.170168
0.174572
0.179057
0.183621
0.188267
0.192993
0.197800
0.202689
0.207659
0.212710
0.217843
0.223057
0.228353
0.233730
0.239189
0.244728
0.250349
0.256049
0.261830
0.267691
0.273631
0.279650
0.285747
0.291921
0.298173
0.304501
0.310904
0.317382
0.323933
0.330557
0.337252
0.344018
0.350853
0.357757
0.364727
0.371762
0.378862
0.386024
0.393247
0.400530
0.407870
0.415267
0.422718
0.430221
0.437774
0.445376
0.453025
0.460717
0.468452
0.476227
0.484039
0.491887
0.499767
0.507678
0.515617
0.523581
0.531568
0.539575
0.547599
0.555638
0.563689
0.571748
0.579813
0.587881
0.595950
0.604014
0.612073
0.620122
0.628159
0.636179
0.644182
0.652161
0.660115
0.668041
0.675934
0.683791
0.691610
0.699387
0.707117
0.714799
0.722429
0.730002
0.737516
0.744967
0.752352
0.759666
0.766908
0.774073
0.781158
0.788160
0.795075
0.801900
0.808631
0.815265
0.821800
0.828231
0.834555
0.840770
0.846872
0.852858
0.858725
0.864469
0.870089
0.875580
0.880940
0.886167
0.891258
0.896209
0.901018
0.905683
0.910201
0.914570
0.918788
0.922851
0.926758
0.930508
0.934096
0.937523
0.940785
0.943882
0.946810
0.949570
0.952158
0.954575
0.956818
0.958886
0.960778
0.962493
0.964031
0.965389
0.966568
0.967567
0.968385
0.969021
0.969476
0.969750
0.969841
0.969750
0.969477
0.969022
0.968386
0.967568
0.966569
0.965391
0.964032
0.962495
0.960780
0.958888
0.956819
0.954576
0.952160
0.949571
0.946812
0.943883
0.940787
0.937525
0.934099
0.930510
0.926762
0.922854
0.918791
0.914574
0.910205
0.905687
0.901022
0.896213
0.891261
0.886171
0.880944
0.875584
0.870093
0.864473
0.858729
0.852862
0.846877
0.840775
0.834560
0.828236
0.821805
0.815271
0.808637
0.801905
0.795080
0.788166
0.781164
0.774078
0.766914
0.759672
0.752357
0.744972
0.737522
0.730008
0.722435
0.714806
0.707124
0.699394
0.691617
0.683798
0.675940
0.668047
0.660122
0.652168
0.644188
0.636186
0.628165
0.620129
0.612080
0.604021
0.595956
0.587888
0.579820
0.571756
0.563696
0.555646
0.547607
0.539583
0.531576
0.523590
0.515625
0.507687
0.499776
0.491895
0.484047
0.476235
0.468461
0.460726
0.453033
0.445385
0.437783
0.430229
0.422726
0.415276
0.407879
0.400539
0.393257
0.386033
0.378871
0.371771
0.364736
0.357765
0.350862
0.344027
0.337261
0.330566
0.323942
0.317391
0.310913
0.304510
0.298182
0.291931
0.285756
0.279659
0.273641
0.267701
0.261840
0.256059
0.250358
0.244738
0.239198
0.233740
0.228362
0.223066
0.217852
0.212719
0.207668
0.202698
0.197809
0.193002
0.188276
0.183630
0.179065
0.174581
0.170176
0.165851
0.161605
0.157438
0.153349
0.149338
0.145404
0.141547
0.137766
0.134060
0.130429
0.126873
0.123390
0.119979
0.116641
0.113374
0.110178
0.107051
0.103993
0.101003
0.098080
0.095224
0.092434
0.089708
0.087045
0.084446
0.081909
0.079432
0.077016
0.074659
0.072361
0.070120
0.067935
0.065805
0.063731
0.061710
0.059741
0.057824
0.055958
0.054142
0.052375
0.050656
0.048984
0.047358
0.045777
0.044240
0.042747
0.041297
0.039888
0.038519
0.037191
0.035901
0.034649
0.033435
0.032257
0.031115
0.030007
0.028933
0.027892
0.026884
0.025907
0.024961
0.024044
0.023157
0.022298
0.021467
0.020663
0.019886
0.019133
0.018406
0.017703
0.017024
0.016367
0.015733
0.015121
0.014529
0.013958
0.013407
0.012875
0.012362
0.011867
0.011389
0.010929
0.010485
0.010058
0.009646
0.009249
0.008867
0.008498
0.008144
0.007803
0.007474
0.007159
0.006855
0.006562
0.006281
0.006011
0.005752
0.005502
0.005263
0.005032
0.004811
0.004599
0.004395
0.004200
0.004012
0.003832
0.003660
0.003494
0.003336
0.003183
0.003038
0.002898
0.002764
0.002636
0.002514
0.002396
0.002284
0.002176
0.002074
0.001975
0.001881
0.001791
0.001705
0.001623
0.001545
0.001470
0.001398
0.001330
0.001264
0.001202
0.001143
0.001086
0.001032
0.000980
0.000931
0.000884
0.000839
0.000797
0.000756
0.000717
0.000681
0.000646
0.000612
0.000580
0.000550
0.000521
0.000494
0.000468
0.000443
0.000420
0.000398
0.000376
0.000356
0.000337
0.000319
0.000302
0.000285
0.000270
0.000255
0.000241
0.000228
0.000215
0.000203
0.000192
0.000181
0.000171
0.000162
0.000152
0.000144
0.000136
0.000128
0.000121
0.000114
0.000107
0.000101
0.000095
0.000090
0.000084
0.000080
0.000075
0.000071
0.000066
0.000062
0.000059
0.000055
0.000052
0.000049
0.000046
0.000043
0.000041
0.000038
0.000036
0.000034
0.000032
0.000030
0.000028
0.000026
0.000024
0.000023
0.000022
0.000020
0.000019
0.000018
0.000017
0.000016
0.000015
0.000014
0.000013
0.000012
0.000011
0.000010
0.000010
0.000009
0.000009
0.000008
0.000008
0.000007
0.000007
0.000006
0.000006
0.000005
0.000005
0.000005
0.000004
0.000004
0.000004
0.000004
0.000003
0.000003
0.000003
0.000003
0.000002
0.000002
0.000002
0.000002
0.000002
0.000002
0.000002
0.000002
0.000001
0.000001
0.000001
0.000001
0.000001
0.000001
0.000001
0.000001
0.000001
0.000001
0.000001
0.000001
0.000001
0.000001
0.000001
0.000000
0.000000
0.000000
0.000000
0.000000
0.000000
0.000000
0.000000
0.000000
0.000000
0.000000
0.000000
0.000000
0.000000
0.000000
0.000000
0.000000
0.000000
0.000000
0.000000
0.000000
0.000000
0.000000
0.000000
0.000000
0.000000
0.000000
0.000000
0.000000
0.000000
0.000000
0.000000
0.000000
0.000000
0.000000
0.000000
0.000000
0.000000
0.000000
0.000000
0.000000
0.000000
0.000000
0.000000
0.000000
0.000000
0.000000
0.000000
0.000000
0.000000
0.000000
0.000000
0.000000
0.000000
0.000000
0.000000
0.000000
0.000000
0.000000
0.000000
0.000000
0.000000
0.000000
0.000000
0.000000
0.000000
0.000000
0.000000
0.000000
0.000000
0.000000
0.000000
0.000000
0.000000
0.000000
0.000000
0.000000
0.000000
0.000000
0.000000
0.000000
0.000000
0.000000
0.000000
0.000000
0.000000
0.000000
0.000000
0.000000
0.000000
0.000000
0.000000
0.000000
0.000000
0.000000
0.000000
0.000000
0.000000
0.000000
0.000000
0.000000
0.000000
0.000000
0.000000
0.000000
0.000000
0.000000
0.000000
0.000000
0.000000
0.000000
0.000000
0.000000
0.000000
0.000000
0.000000
0.000000
0.000000
0.000000
0.000000
0.000000
0.000000
0.000000
0.000000
0.000000
0.000000
0.000000
0.000000
0.000000
0.000000
0.000000
0.000000
0.000000
0.000000
0.000000
0.000000
0.000000
0.000000
0.000000
0.000000
0.000000
0.000000
0.000000
0.000000
0.000000
0.000000
0.000000
0.000000
0.000000
0.000000
0.000000
0.000000
0.000000
0.000000
0.000000
0.000000
0.000000
0.000000
0.000000
0.000000
0.000000
0.000000
0.000000
0.000000
0.000000
0.000000
0.000000
0.000000
0.000000
0.000000
0.000000
0.000000
0.000000
0.000000
0.000000
0.000000
0.000000
0.000000
0.000000
0.000000
0.000000
0.000000
0.000000
0.000000
0.000000
0.000000
0.000000
0.000000
0.000000
0.000000
0.000000
0.000000
0.000000
0.000000
0.000000
0.000000
0.000000
0.000000
0.000000
0.000000
0.000000
0.000000
0.000000
0.000000
0.000000
0.000000
0.000000
0.000000
0.000000
0.000000
0.000000
0.000000
0.000000
0.000000
0.000000
0.000000
0.000000
0.000000
0.000000
0.000000
0.000000
0.000000
0.000000
0.000000
0.000000
0.000000
0.000000
0.000000
0.000000
0.000000
0.000000
0.000000
0.000000
0.000000
0.000000
0.000000
0.000000
0.000000
0.000000
0.000000
0.000000
0.000000
0.000000
0.000000
0.000000
0.000000
0.000000
0.000000
0.000000
0.000000
0.000000
0.000000
0.000000
0.000000
0.000000
0.000000
0.000000
0.000000
0.000000
0.000000
0.000000
0.000000
0.000000
0.000000
0.000000
0.000000
0.000000
0.000000
0.000000
0.000000
0.000000
0.000000
0.000000
0.000000
0.000000
0.000000
0.000000
0.000000
0.000000
0.000000
0.000000
0.000000
0.000000
0.000000
0.000000
0.000000
0.000000
0.000000
0.000000
0.000000
0.000000
0.000000
0.000000
0.000000
0.000000
0.000000
0.000000
0.000000
0.000000
0.000000
0.000000
0.000000
0.000000
0.000000
0.000000
0.000000
0.000000
0.000000
0.000000
