0.004841
0.009683
0.014525
0.019369
0.024213
0.029060
0.033908
0.038759
0.043612
0.048468
0.053327
0.058191
0.063057
0.067928
0.072802
0.077682
0.082565
0.087454
0.092347
0.097245
0.102148
0.107055
0.111970
0.116887
0.121812
0.126739
0.131674
0.136611
0.141555
0.146502
0.151454
0.156410
0.161369
0.166334
0.171299
0.176270
0.181239
0.186214
0.191187
0.196163
0.201139
0.206112
0.211088
0.216058
0.221030
0.225995
0.230957
0.235915
0.240865
0.245812
0.250747
0.255677
0.260596
0.265503
0.270401
0.275282
0.280153
0.285005
0.289842
0.294663
0.299460
0.304243
0.308999
0.313733
0.318446
0.323127
0.327786
0.332414
0.337009
0.341578
0.346106
0.350604
0.355066
0.359485
0.363871
0.368210
0.372506
0.376763
0.380966
0.385126
0.389238
0.393291
0.397300
0.401251
0.405141
0.408983
0.412759
0.416471
0.420130
0.423717
0.427239
0.430700
0.434085
0.437399
0.440650
0.443818
0.446911
0.449937
0.452876
0.455735
0.458524
0.461222
0.463835
0.466373
0.468820
0.471173
0.473449
0.475635
0.477721
0.479723
0.481638
0.483448
0.485165
0.486799
0.488330
0.489756
0.491096
0.492340
0.493475
0.494511
0.495460
0.496304
0.497037
0.497677
0.498226
0.498663
0.498990
0.499227
0.499370
0.499401
0.499322
0.499152
0.498890
0.498518
0.498034
0.497457
0.496793
0.496025
0.495144
0.494165
0.493102
0.491948
0.490687
0.489320
0.487861
0.486323
0.484698
0.482971
0.481140
0.479219
0.477223
0.475151
0.472990
0.470731
0.468378
0.465944
0.463441
0.460873
0.458231
0.455505
0.452692
0.449794
0.446822
0.443787
0.440694
0.437548
0.434347
0.431087
0.427767
0.424386
0.420942
0.417437
0.413876
0.410261
0.406594
0.402879
0.399116
0.395310
0.391462
0.387574
0.383649
0.379689
0.375694
0.371667
0.367611
0.363527
0.359417
0.355283
0.351128
0.346953
0.342759
0.338550
0.334326
0.330089
0.325842
0.321588
0.317325
0.313058
0.308789
0.304517
0.300247
0.295979
0.291715
0.287456
0.283206
0.278963
0.274732
0.270514
0.266308
0.262119
0.257947
0.253792
0.249657
0.245544
0.241453
0.237387
0.233346
0.229332
0.225345
0.221387
0.217460
0.213565
0.209701
0.205872
0.202076
0.198317
0.194595
0.190910
0.187264
0.183657
0.180091
0.176565
0.173083
0.169642
0.166246
0.162894
0.159587
0.156324
0.153108
0.149939
0.146817
0.143744
0.140717
0.137740
0.134812
0.131934
0.129106
0.126328
0.123601
0.120925
0.118300
0.115726
0.113205
0.110735
0.108318
0.105953
0.103642
0.101382
0.099176
0.097023
0.094923
0.092877
0.090884
0.088944
0.087057
0.085225
0.083445
0.081720
0.080048
0.078429
0.076864
0.075353
0.073895
0.072491
0.071140
0.069843
0.068600
0.067409
0.066272
0.065188
0.064158
0.063181
0.062257
0.061386
0.060568
0.059803
0.059092
0.058433
0.057826
0.057273
0.056773
0.056325
0.055930
0.055587
0.055298
0.055062
0.054877
0.054746
0.054667
0.054640
0.054667
0.054746
0.054878
0.055062
0.055298
0.055588
0.055930
0.056325
0.056772
0.057272
0.057825
0.058432
0.059090
0.059802
0.060567
0.061384
0.062255
0.063179
0.064155
0.065186
0.066270
0.067407
0.068597
0.069841
0.071139
0.072489
0.073893
0.075350
0.076861
0.078426
0.080045
0.081717
0.083443
0.085221
0.087054
0.088941
0.090881
0.092874
0.094921
0.097020
0.099173
0.101379
0.103638
0.105950
0.108314
0.110732
0.113201
0.115721
0.118295
0.120920
0.123596
0.126324
0.129102
0.131929
0.134807
0.137735
0.140712
0.143738
0.146811
0.149933
0.153102
0.156317
0.159579
0.162886
0.166239
0.169635
0.173075
0.176557
0.180082
0.183648
0.187255
0.190901
0.194586
0.198308
0.202068
0.205862
0.209692
0.213555
0.217451
0.221378
0.225336
0.229323
0.233338
0.237380
0.241446
0.245536
0.249650
0.253784
0.257938
0.262112
0.266301
0.270506
0.274725
0.278957
0.283199
0.287449
0.291708
0.295973
0.300241
0.304511
0.308781
0.313051
0.317317
0.321579
0.325834
0.330081
0.334317
0.338541
0.342751
0.346944
0.351120
0.355275
0.359409
0.363518
0.367603
0.371660
0.375686
0.379681
0.383642
0.387568
0.391455
0.395304
0.399110
0.402873
0.406590
0.410261
0.413882
0.417452
0.420968
0.424430
0.427835
0.431181
0.434467
0.437691
0.440850
0.443943
0.446970
0.449926
0.452812
0.455626
0.458366
0.461030
0.463618
0.466126
0.468554
0.470901
0.473164
0.475344
0.477439
0.479447
0.481367
0.483198
0.484940
0.486590
0.488149
0.489614
0.490986
0.492264
0.493446
0.494532
0.495521
0.496413
0.497208
0.497904
0.498501
0.498999
0.499398
0.499696
0.499895
0.499995
0.499994
0.499893
0.499693
0.499393
0.498993
0.498494
0.497896
0.497199
0.496404
0.495510
0.494520
0.493433
0.492250
0.490971
0.489598
0.488131
0.486570
0.484918
0.483176
0.481342
0.479421
0.477411
0.475315
0.473133
0.470867
0.468518
0.466088
0.463577
0.460988
0.458322
0.455580
0.452764
0.449875
0.446915
0.443886
0.440790
0.437628
0.434401
0.431112
0.427763
0.424353
0.420888
0.417367
0.413793
0.410168
0.406493
0.402771
0.399002
0.395190
0.391336
0.387442
0.383510
0.379543
0.375541
0.371507
0.367443
0.363350
0.359232
0.355089
0.350923
0.346738
0.342533
0.338312
0.334076
0.329827
0.325567
0.321298
0.317021
0.312739
0.308453
0.304165
0.299876
0.295589
0.291305
0.287026
0.282753
0.278488
0.274232
0.269987
0.265755
0.261537
0.257335
0.253149
0.248981
0.244834
0.240707
0.236602
0.232521
0.228465
0.224434
0.220431
0.216455
0.212509
0.208593
0.204709
0.200856
0.197037
0.193251
0.189501
0.185785
0.182107
0.178465
0.174862
0.171297
0.167771
0.164285
0.160839
0.157434
0.154070
0.150748
0.147468
0.144231
0.141036
0.137884
0.134776
0.131712
0.128692
0.125716
0.122783
0.119896
0.117053
0.114254
0.111501
0.108791
0.106127
0.103507
0.100931
0.098400
0.095913
0.093470
0.091072
0.088717
0.086405
0.084137
0.081913
0.079731
0.077591
0.075494
0.073440
0.071426
0.069454
0.067523
0.065633
0.063782
0.061972
0.060200
0.058468
0.056774
0.055119
0.053501
0.051919
0.050375
0.048867
0.047394
0.045957
0.044554
0.043186
0.041851
0.040549
0.039280
0.038043
0.036838
0.035664
0.034520
0.033406
0.032322
0.031267
0.030240
0.029241
0.028269
0.027324
0.026405
0.025513
0.024645
0.023802
0.022984
0.022189
0.021417
0.020668
0.019942
0.019237
0.018553
0.017890
0.017247
0.016624
0.016020
0.015435
0.014868
0.014320
0.013789
0.013275
0.012777
0.012296
0.011830
0.011380
0.010945
0.010524
0.010118
0.009725
0.009346
0.008979
0.008625
0.008284
0.007954
0.007636
0.007330
0.007034
0.006749
0.006474
0.006209
0.005953
0.005707
0.005471
0.005242
0.005023
0.004811
0.004608
0.004412
0.004224
0.004043
0.003869
0.003702
0.003541
0.003387
0.003238
0.003096
0.002959
0.002828
0.002702
0.002581
0.002465
0.002354
0.002247
0.002145
0.002047
0.001953
0.001863
0.001776
0.001694
0.001615
0.001539
0.001467
0.001397
0.001331
0.001268
0.001207
0.001149
0.001094
0.001041
0.000990
0.000942
0.000896
0.000852
0.000810
0.000770
0.000731
0.000695
0.000660
0.000627
0.000595
0.000565
0.000536
0.000509
0.000483
0.000458
0.000434
0.000412
0.000391
0.000370
0.000351
0.000332
0.000315
0.000298
0.000282
0.000267
0.000253
0.000239
0.000226
0.000214
0.000203
0.000192
0.000181
0.000171
0.000162
0.000153
0.000144
0.000136
0.000129
0.000122
0.000115
0.000108
0.000102
0.000096
0.000091
0.000086
0.000081
0.000076
0.000072
0.000068
0.000064
0.000060
0.000056
0.000053
0.000050
0.000047
0.000044
0.000042
0.000039
0.000037
0.000035
0.000033
0.000031
0.000029
0.000027
0.000025
0.000024
0.000022
0.000021
0.000020
0.000018
0.000017
0.000016
0.000015
0.000014
0.000013
0.000013
0.000012
0.000011
0.000010
0.000010
0.000009
0.000008
0.000008
0.000007
0.000007
0.000006
0.000006
0.000006
0.000005
0.000005
0.000005
0.000004
0.000004
0.000004
0.000004
0.000003
0.000003
0.000003
0.000003
0.000002
0.000002
0.000002
0.000002
0.000002
0.000002
0.000002
0.000002
0.000001
0.000001
0.000001
0.000001
0.000001
0.000001
0.000001
0.000001
0.000001
0.000001
0.000001
0.000001
0.000001
0.000001
0.000001
0.000000
0.000000
0.000000
0.000000
0.000000
0.000000
0.000000
0.000000
0.000000
0.000000
0.000000
0.000000
0.000000
0.000000
0.000000
0.000000
0.000000
0.000000
0.000000
0.000000
0.000000
0.000000
0.000000
0.000000
0.000000
0.000000
0.000000
0.000000
0.000000
0.000000
0.000000
0.000000
0.000000
0.000000
0.000000
0.000000
0.000000
0.000000
0.000000
0.000000
0.000000
0.000000
0.000000
0.000000
0.000000
0.000000
0.000000
0.000000
0.000000
0.000000
0.000000
0.000000
0.000000
0.000000
0.000000
0.000000
0.000000
0.000000
0.000000
0.000000
0.000000
0.000000
0.000000
0.000000
0.000000
0.000000
0.000000
0.000000
0.000000
0.000000
0.000000
0.000000
0.000000
0.000000
0.000000
0.000000
0.000000
0.000000
0.000000
0.000000
0.000000
0.000000
0.000000
0.000000
0.000000
0.000000
0.000000
0.000000
0.000000
0.000000
0.000000
0.000000
0.000000
0.000000
0.000000
0.000000
0.000000
0.000000
0.000000
0.000000
0.000000
0.000000
0.000000
0.000000
0.000000
0.000000
0.000000
0.000000
0.000000
0.000000
0.000000
0.000000
0.000000
0.000000
0.000000
0.000000
0.000000
0.000000
0.000000
0.000000
0.000000
0.000000
0.000000
0.000000
0.000000
0.000000
0.000000
0.000000
0.000000
0.000000
0.000000
0.000000
0.000000
0.000000
0.000000
0.000000
0.000000
0.000000
0.000000
0.000000
0.000000
0.000000
0.000000
0.000000
0.000000
0.000000
0.000000
0.000000
0.000000
0.000000
0.000000
0.000000
0.000000
0.000000
0.000000
0.000000
0.000000
