0.004885
0.009771
0.014657
0.019545
0.024433
0.029323
0.034215
0.039109
0.044005
0.048905
0.053807
0.058713
0.063622
0.068534
0.073451
0.078371
0.083296
0.088225
0.093159
0.098096
0.103039
0.107985
0.112938
0.117893
0.122855
0.127820
0.132790
0.137764
0.142742
0.147725
0.152710
0.157701
0.162691
0.167688
0.172684
0.177685
0.182685
0.187687
0.192691
0.197691
0.202695
0.207694
0.212694
0.217689
0.222682
0.227671
0.232652
0.237632
0.242601
0.247565
0.252519
0.257463
0.262399
0.267319
0.272231
0.277125
0.282005
0.286870
0.291713
0.296543
0.301348
0.306134
0.310898
0.315633
0.320348
0.325032
0.329689
0.334318
0.338909
0.343474
0.348001
0.352490
0.356948
0.361358
0.365732
0.370065
0.374347
0.378591
0.382784
0.386925
0.391023
0.395061
0.399047
0.402983
0.406853
0.410669
0.414427
0.418114
0.421746
0.425312
0.428805
0.432237
0.435597
0.438879
0.442097
0.445238
0.448296
0.451287
0.454197
0.457018
0.459768
0.462435
0.465008
0.467504
0.469916
0.472230
0.474461
0.476609
0.478655
0.480609
0.482481
0.484253
0.485923
0.487508
0.488999
0.490380
0.491667
0.492867
0.493960
0.494946
0.495842
0.496643
0.497331
0.497917
0.498414
0.498809
0.499089
0.499270
0.499362
0.499350
0.499224
0.498998
0.498685
0.498270
0.497740
0.497109
0.496391
0.495579
0.494656
0.493627
0.492509
0.491308
0.490006
0.488597
0.487088
0.485497
0.483827
0.482061
0.480191
0.478224
0.476178
0.474059
0.471859
0.469566
0.467176
0.464700
0.462151
0.459539
0.456858
0.454100
0.451258
0.448329
0.445323
0.442249
0.439117
0.435933
0.432697
0.429405
0.426057
0.422648
0.419178
0.415649
0.412064
0.408425
0.404735
0.400997
0.397212
0.393385
0.389517
0.385610
0.381667
0.377689
0.373677
0.369635
0.365564
0.361466
0.357344
0.353198
0.349033
0.344847
0.340645
0.336428
0.332196
0.327954
0.323702
0.319443
0.315177
0.310907
0.306636
0.302364
0.298094
0.293827
0.289564
0.285308
0.281060
0.276822
0.272596
0.268382
0.264184
0.260001
0.255836
0.251690
0.247564
0.243460
0.239379
0.235324
0.231294
0.227292
0.223317
0.219373
0.215459
0.211578
0.207728
0.203913
0.200133
0.196389
0.192683
0.189015
0.185385
0.181795
0.178246
0.174738
0.171273
0.167851
0.164473
0.161139
0.157849
0.154606
0.151409
0.148259
0.145156
0.142101
0.139093
0.136136
0.133227
0.130369
0.127560
0.124801
0.122093
0.119436
0.116829
0.114275
0.111772
0.109321
0.106922
0.104576
0.102281
0.100040
0.097852
0.095716
0.093633
0.091604
0.089627
0.087704
0.085833
0.084016
0.082252
0.080541
0.078884
0.077280
0.075729
0.074232
0.072787
0.071395
0.070057
0.068772
0.067540
0.066360
0.065234
0.064161
0.063140
0.062172
0.061257
0.060394
0.059585
0.058828
0.058123
0.057470
0.056870
0.056322
0.055827
0.055383
0.054992
0.054653
0.054366
0.054133
0.053950
0.053820
0.053741
0.053716
0.053741
0.053820
0.053950
0.054133
0.054367
0.054653
0.054992
0.055383
0.055826
0.056321
0.056869
0.057469
0.058121
0.058826
0.059584
0.060393
0.061255
0.062170
0.063137
0.064158
0.065232
0.066358
0.067538
0.068770
0.070055
0.071393
0.072784
0.074229
0.075726
0.077277
0.078881
0.080539
0.082250
0.084013
0.085830
0.087701
0.089624
0.091601
0.093631
0.095713
0.097849
0.100037
0.102278
0.104572
0.106918
0.109317
0.111768
0.114270
0.116824
0.119431
0.122088
0.124796
0.127555
0.130364
0.133222
0.136131
0.139089
0.142095
0.145150
0.148253
0.151403
0.154599
0.157842
0.161131
0.164465
0.167844
0.171265
0.174730
0.178237
0.181785
0.185376
0.189005
0.192674
0.196380
0.200124
0.203904
0.207718
0.211568
0.215450
0.219363
0.223309
0.227283
0.231286
0.235317
0.239372
0.243453
0.247557
0.251682
0.255828
0.259993
0.264176
0.268375
0.272589
0.276815
0.281054
0.285301
0.289557
0.293820
0.298088
0.302358
0.306629
0.310900
0.315169
0.319434
0.323694
0.327946
0.332188
0.336418
0.340636
0.344839
0.349024
0.353190
0.357335
0.361458
0.365556
0.369627
0.373670
0.377680
0.381660
0.385604
0.389510
0.393379
0.397207
0.400992
0.404733
0.408427
0.412073
0.415669
0.419213
0.422703
0.426137
0.429512
0.432829
0.436084
0.439276
0.442402
0.445463
0.448454
0.451376
0.454226
0.457004
0.459706
0.462332
0.464880
0.467349
0.469736
0.472042
0.474263
0.476401
0.478453
0.480417
0.482293
0.484079
0.485775
0.487380
0.488892
0.490311
0.491636
0.492866
0.494000
0.495038
0.495979
0.496822
0.497567
0.498214
0.498762
0.499210
0.499559
0.499808
0.499958
0.500007
0.499956
0.499805
0.499556
0.499206
0.498756
0.498207
0.497559
0.496813
0.495969
0.495027
0.493989
0.492853
0.491622
0.490296
0.488876
0.487362
0.485756
0.484058
0.482270
0.480392
0.478427
0.476373
0.474234
0.472010
0.469703
0.467313
0.464842
0.462292
0.459665
0.456960
0.454181
0.451328
0.448404
0.445409
0.442347
0.439217
0.436022
0.432765
0.429445
0.426065
0.422627
0.419134
0.415587
0.411987
0.408337
0.404638
0.400892
0.397102
0.393268
0.389393
0.385480
0.381531
0.377546
0.373528
0.369479
0.365400
0.361294
0.357163
0.353009
0.348833
0.344637
0.340424
0.336195
0.331953
0.327698
0.323433
0.319160
0.314881
0.310596
0.306309
0.302020
0.297732
0.293447
0.289165
0.284888
0.280619
0.276358
0.272108
0.267870
0.263644
0.259434
0.255239
0.251063
0.246905
0.242768
0.238652
0.234559
0.230490
0.226446
0.222429
0.218439
0.214478
0.210547
0.206647
0.202778
0.198942
0.195140
0.191372
0.187639
0.183942
0.180281
0.176659
0.173074
0.169529
0.166023
0.162557
0.159131
0.155747
0.152404
0.149103
0.145844
0.142628
0.139455
0.136325
0.133239
0.130197
0.127198
0.124244
0.121334
0.118469
0.115648
0.112872
0.110140
0.107453
0.104811
0.102213
0.099660
0.097151
0.094686
0.092265
0.089889
0.087556
0.085266
0.083020
0.080816
0.078656
0.076538
0.074462
0.072428
0.070435
0.068484
0.066573
0.064702
0.062872
0.061081
0.059330
0.057617
0.055942
0.054305
0.052705
0.051143
0.049617
0.048126
0.046671
0.045251
0.043866
0.042514
0.041196
0.039911
0.038658
0.037437
0.036247
0.035088
0.033959
0.032861
0.031791
0.030750
0.029737
0.028751
0.027793
0.026861
0.025956
0.025076
0.024221
0.023390
0.022583
0.021800
0.021040
0.020302
0.019586
0.018892
0.018219
0.017566
0.016933
0.016319
0.015725
0.015149
0.014592
0.014052
0.013530
0.013024
0.012535
0.012061
0.011603
0.011161
0.010733
0.010319
0.009920
0.009534
0.009161
0.008801
0.008453
0.008118
0.007794
0.007482
0.007181
0.006890
0.006610
0.006340
0.006080
0.005829
0.005588
0.005355
0.005132
0.004916
0.004709
0.004509
0.004317
0.004133
0.003955
0.003785
0.003621
0.003463
0.003312
0.003166
0.003027
0.002893
0.002764
0.002641
0.002522
0.002409
0.002300
0.002195
0.002095
0.001999
0.001907
0.001819
0.001735
0.001654
0.001576
0.001502
0.001432
0.001364
0.001299
0.001237
0.001178
0.001121
0.001067
0.001015
0.000966
0.000919
0.000874
0.000831
0.000790
0.000750
0.000713
0.000677
0.000643
0.000611
0.000580
0.000551
0.000523
0.000496
0.000470
0.000446
0.000423
0.000401
0.000380
0.000360
0.000341
0.000323
0.000306
0.000290
0.000275
0.000260
0.000246
0.000233
0.000220
0.000208
0.000197
0.000186
0.000176
0.000166
0.000157
0.000149
0.000140
0.000132
0.000125
0.000118
0.000111
0.000105
0.000099
0.000094
0.000088
0.000083
0.000078
0.000074
0.000070
0.000066
0.000062
0.000058
0.000055
0.000052
0.000049
0.000046
0.000043
0.000040
0.000038
0.000036
0.000034
0.000032
0.000030
0.000028
0.000026
0.000025
0.000023
0.000022
0.000020
0.000019
0.000018
0.000017
0.000016
0.000015
0.000014
0.000013
0.000012
0.000011
0.000011
0.000010
0.000009
0.000009
0.000008
0.000008
0.000007
0.000007
0.000006
0.000006
0.000005
0.000005
0.000005
0.000004
0.000004
0.000004
0.000004
0.000003
0.000003
0.000003
0.000003
0.000003
0.000002
0.000002
0.000002
0.000002
0.000002
0.000002
0.000002
0.000001
0.000001
0.000001
0.000001
0.000001
0.000001
0.000001
0.000001
0.000001
0.000001
0.000001
0.000001
0.000001
0.000001
0.000001
0.000000
0.000000
0.000000
0.000000
0.000000
0.000000
0.000000
0.000000
0.000000
0.000000
0.000000
0.000000
0.000000
0.000000
0.000000
0.000000
0.000000
0.000000
0.000000
0.000000
0.000000
0.000000
0.000000
0.000000
0.000000
0.000000
0.000000
0.000000
0.000000
0.000000
0.000000
0.000000
0.000000
0.000000
0.000000
0.000000
0.000000
0.000000
0.000000
0.000000
0.000000
0.000000
0.000000
0.000000
0.000000
0.000000
0.000000
0.000000
0.000000
0.000000
0.000000
0.000000
0.000000
0.000000
0.000000
0.000000
0.000000
0.000000
0.000000
0.000000
0.000000
0.000000
0.000000
0.000000
0.000000
0.000000
0.000000
0.000000
0.000000
0.000000
0.000000
0.000000
0.000000
0.000000
0.000000
0.000000
0.000000
0.000000
0.000000
0.000000
0.000000
0.000000
0.000000
0.000000
0.000000
0.000000
0.000000
0.000000
0.000000
0.000000
0.000000
0.000000
0.000000
0.000000
0.000000
0.000000
0.000000
0.000000
0.000000
0.000000
0.000000
0.000000
0.000000
0.000000
0.000000
0.000000
0.000000
0.000000
0.000000
0.000000
0.000000
0.000000
0.000000
0.000000
0.000000
0.000000
0.000000
0.000000
0.000000
0.000000
0.000000
0.000000
0.000000
0.000000
0.000000
0.000000
0.000000
0.000000
0.000000
0.000000
0.000000
0.000000
0.000000
0.000000
0.000000
0.000000
0.000000
0.000000
0.000000
0.000000
0.000000
0.000000
0.000000
0.000000
0.000000
0.000000
0.000000
0.000000
0.000000
0.000000
0.000000
0.000000
0.000000
0.000000
0.000000
0.000000
0.000000
