0.004929
0.009859
0.014790
0.019721
0.024653
0.029587
0.034523
0.039460
0.044400
0.049342
0.054288
0.059235
0.064187
0.069141
0.074100
0.079061
0.084028
0.088997
0.093971
0.098948
0.103931
0.108916
0.113907
0.118901
0.123900
0.128902
0.133908
0.138918
0.143930
0.148949
0.153967
0.158991
0.164015
0.169042
0.174071
0.179100
0.184132
0.189161
0.194193
0.199221
0.204250
0.209275
0.214298
0.219319
0.224333
0.229345
0.234347
0.239346
0.244335
0.249316
0.254289
0.259247
0.264199
0.269133
0.274056
0.278964
0.283853
0.288729
0.293581
0.298417
0.303231
0.308019
0.312789
0.317527
0.322243
0.326931
0.331584
0.336213
0.340803
0.345361
0.349886
0.354368
0.358817
0.363222
0.367583
0.371907
0.376179
0.380407
0.384589
0.388714
0.392793
0.396818
0.400782
0.404698
0.408551
0.412341
0.416077
0.419744
0.423346
0.426889
0.430355
0.433755
0.437090
0.440343
0.443525
0.446638
0.449664
0.452616
0.455495
0.458283
0.460991
0.463624
0.466162
0.468614
0.470988
0.473266
0.475451
0.477557
0.479566
0.481475
0.483299
0.485032
0.486659
0.488193
0.489640
0.490981
0.492217
0.493366
0.494418
0.495358
0.496200
0.496953
0.497599
0.498135
0.498577
0.498926
0.499163
0.499291
0.499329
0.499272
0.499101
0.498823
0.498454
0.497993
0.497421
0.496739
0.495966
0.495106
0.494142
0.493067
0.491896
0.490642
0.489298
0.487849
0.486294
0.484651
0.482931
0.481125
0.479217
0.477209
0.475114
0.472946
0.470704
0.468377
0.465953
0.463438
0.460846
0.458188
0.455466
0.452675
0.449802
0.446845
0.443806
0.440697
0.437528
0.434306
0.431033
0.427709
0.424331
0.420895
0.417400
0.413847
0.410239
0.406576
0.402864
0.399103
0.395297
0.391450
0.387562
0.383636
0.379676
0.375680
0.371653
0.367595
0.363510
0.359400
0.355265
0.351109
0.346933
0.342737
0.338527
0.334302
0.330064
0.325816
0.321560
0.317296
0.313027
0.308756
0.304483
0.300211
0.295942
0.291676
0.287415
0.283162
0.278917
0.274684
0.270463
0.266255
0.262063
0.257888
0.253731
0.249593
0.245476
0.241382
0.237312
0.233268
0.229249
0.225259
0.221297
0.217366
0.213466
0.209598
0.205763
0.201963
0.198198
0.194471
0.190781
0.187129
0.183516
0.179943
0.176411
0.172921
0.169474
0.166070
0.162710
0.159395
0.156124
0.152900
0.149722
0.146591
0.143506
0.140471
0.137482
0.134544
0.131655
0.128815
0.126026
0.123286
0.120597
0.117959
0.115371
0.112836
0.110351
0.107920
0.105539
0.103211
0.100934
0.098712
0.096541
0.094422
0.092357
0.090344
0.088384
0.086477
0.084622
0.082821
0.081072
0.079376
0.077734
0.076144
0.074608
0.073124
0.071692
0.070313
0.068987
0.067714
0.066493
0.065325
0.064209
0.063147
0.062136
0.061177
0.060271
0.059417
0.058615
0.057865
0.057167
0.056521
0.055926
0.055384
0.054894
0.054454
0.054067
0.053732
0.053448
0.053216
0.053036
0.052907
0.052829
0.052804
0.052829
0.052906
0.053036
0.053217
0.053449
0.053732
0.054068
0.054454
0.054893
0.055383
0.055926
0.056520
0.057166
0.057864
0.058614
0.059415
0.060269
0.061175
0.062133
0.063144
0.064208
0.065323
0.066491
0.067712
0.068985
0.070311
0.071689
0.073121
0.074604
0.076141
0.077731
0.079374
0.081070
0.082818
0.084619
0.086474
0.088381
0.090341
0.092354
0.094420
0.096537
0.098708
0.100931
0.103207
0.105535
0.107915
0.110348
0.112832
0.115366
0.117954
0.120593
0.123281
0.126020
0.128810
0.131650
0.134539
0.137478
0.140465
0.143501
0.146584
0.149716
0.152893
0.156117
0.159387
0.162703
0.166063
0.169466
0.172913
0.176402
0.179934
0.183506
0.187119
0.190772
0.194462
0.198190
0.201954
0.205754
0.209588
0.213456
0.217357
0.221289
0.225251
0.229241
0.233260
0.237305
0.241375
0.245468
0.249585
0.253722
0.257879
0.262055
0.266248
0.270456
0.274677
0.278911
0.283154
0.287408
0.291669
0.295935
0.300205
0.304476
0.308749
0.313020
0.317288
0.321551
0.325808
0.330056
0.334293
0.338518
0.342730
0.346923
0.351100
0.355256
0.359392
0.363502
0.367588
0.371645
0.375672
0.379668
0.383630
0.387556
0.391444
0.395293
0.399100
0.402864
0.406582
0.410252
0.413874
0.417444
0.420961
0.424424
0.427829
0.431175
0.434462
0.437685
0.440845
0.443938
0.446965
0.449922
0.452808
0.455622
0.458363
0.461027
0.463615
0.466123
0.468551
0.470898
0.473162
0.475342
0.477436
0.479444
0.481365
0.483196
0.484938
0.486589
0.488147
0.489613
0.490985
0.492263
0.493445
0.494531
0.495520
0.496412
0.497207
0.497903
0.498500
0.498998
0.499396
0.499695
0.499895
0.499994
0.499993
0.499893
0.499693
0.499393
0.498993
0.498493
0.497895
0.497199
0.496403
0.495510
0.494520
0.493433
0.492250
0.490971
0.489598
0.488130
0.486570
0.484918
0.483175
0.481342
0.479420
0.477411
0.475314
0.473133
0.470867
0.468518
0.466087
0.463577
0.460988
0.458322
0.455580
0.452764
0.449874
0.446915
0.443886
0.440790
0.437628
0.434401
0.431112
0.427762
0.424353
0.420887
0.417367
0.413793
0.410168
0.406493
0.402771
0.399002
0.395190
0.391336
0.387442
0.383510
0.379543
0.375541
0.371507
0.367443
0.363350
0.359232
0.355089
0.350923
0.346737
0.342533
0.338312
0.334076
0.329827
0.325567
0.321298
0.317021
0.312739
0.308453
0.304165
0.299876
0.295589
0.291305
0.287026
0.282753
0.278487
0.274232
0.269987
0.265755
0.261537
0.257334
0.253149
0.248981
0.244834
0.240707
0.236602
0.232521
0.228465
0.224434
0.220431
0.216455
0.212509
0.208593
0.204709
0.200856
0.197037
0.193251
0.189501
0.185786
0.182107
0.178465
0.174862
0.171297
0.167771
0.164285
0.160839
0.157434
0.154070
0.150748
0.147468
0.144231
0.141036
0.137884
0.134776
0.131712
0.128692
0.125716
0.122784
0.119896
0.117053
0.114254
0.111501
0.108791
0.106127
0.103507
0.100931
0.098400
0.095913
0.093470
0.091072
0.088717
0.086405
0.084137
0.081913
0.079731
0.077591
0.075495
0.073440
0.071426
0.069454
0.067523
0.065633
0.063782
0.061972
0.060200
0.058468
0.056774
0.055119
0.053501
0.051919
0.050375
0.048867
0.047394
0.045957
0.044554
0.043186
0.041851
0.040549
0.039280
0.038043
0.036838
0.035664
0.034520
0.033406
0.032322
0.031267
0.030240
0.029241
0.028269
0.027324
0.026405
0.025513
0.024645
0.023802
0.022984
0.022189
0.021417
0.020668
0.019942
0.019237
0.018553
0.017890
0.017247
0.016624
0.016020
0.015435
0.014869
0.014320
0.013789
0.013275
0.012777
0.012296
0.011830
0.011380
0.010945
0.010524
0.010118
0.009725
0.009346
0.008979
0.008625
0.008284
0.007954
0.007636
0.007330
0.007034
0.006749
0.006474
0.006209
0.005953
0.005707
0.005471
0.005242
0.005023
0.004811
0.004608
0.004412
0.004224
0.004043
0.003869
0.003702
0.003541
0.003387
0.003238
0.003096
0.002959
0.002828
0.002702
0.002581
0.002465
0.002354
0.002247
0.002145
0.002047
0.001953
0.001863
0.001776
0.001694
0.001615
0.001539
0.001467
0.001397
0.001331
0.001268
0.001207
0.001149
0.001094
0.001041
0.000990
0.000942
0.000896
0.000852
0.000810
0.000770
0.000731
0.000695
0.000660
0.000627
0.000595
0.000565
0.000536
0.000509
0.000483
0.000458
0.000434
0.000412
0.000391
0.000370
0.000351
0.000332
0.000315
0.000298
0.000282
0.000267
0.000253
0.000239
0.000226
0.000214
0.000203
0.000192
0.000181
0.000171
0.000162
0.000153
0.000144
0.000136
0.000129
0.000122
0.000115
0.000108
0.000102
0.000096
0.000091
0.000086
0.000081
0.000076
0.000072
0.000068
0.000064
0.000060
0.000056
0.000053
0.000050
0.000047
0.000044
0.000042
0.000039
0.000037
0.000035
0.000033
0.000031
0.000029
0.000027
0.000025
0.000024
0.000022
0.000021
0.000020
0.000018
0.000017
0.000016
0.000015
0.000014
0.000013
0.000013
0.000012
0.000011
0.000010
0.000010
0.000009
0.000008
0.000008
0.000007
0.000007
0.000006
0.000006
0.000006
0.000005
0.000005
0.000005
0.000004
0.000004
0.000004
0.000004
0.000003
0.000003
0.000003
0.000003
0.000002
0.000002
0.000002
0.000002
0.000002
0.000002
0.000002
0.000002
0.000001
0.000001
0.000001
0.000001
0.000001
0.000001
0.000001
0.000001
0.000001
0.000001
0.000001
0.000001
0.000001
0.000001
0.000001
0.000000
0.000000
0.000000
0.000000
0.000000
0.000000
0.000000
0.000000
0.000000
0.000000
0.000000
0.000000
0.000000
0.000000
0.000000
0.000000
0.000000
0.000000
0.000000
0.000000
0.000000
0.000000
0.000000
0.000000
0.000000
0.000000
0.000000
0.000000
0.000000
0.000000
0.000000
0.000000
0.000000
0.000000
0.000000
0.000000
0.000000
0.000000
0.000000
0.000000
0.000000
0.000000
0.000000
0.000000
0.000000
0.000000
0.000000
0.000000
0.000000
0.000000
0.000000
0.000000
0.000000
0.000000
0.000000
0.000000
0.000000
0.000000
0.000000
0.000000
0.000000
0.000000
0.000000
0.000000
0.000000
0.000000
0.000000
0.000000
0.000000
0.000000
0.000000
0.000000
0.000000
0.000000
0.000000
0.000000
0.000000
0.000000
0.000000
0.000000
0.000000
0.000000
0.000000
0.000000
0.000000
0.000000
0.000000
0.000000
0.000000
0.000000
0.000000
0.000000
0.000000
0.000000
0.000000
0.000000
0.000000
0.000000
0.000000
0.000000
0.000000
0.000000
0.000000
0.000000
0.000000
0.000000
0.000000
0.000000
0.000000
0.000000
0.000000
0.000000
0.000000
0.000000
0.000000
0.000000
0.000000
0.000000
0.000000
0.000000
0.000000
0.000000
0.000000
0.000000
0.000000
0.000000
0.000000
0.000000
0.000000
0.000000
0.000000
0.000000
0.000000
0.000000
0.000000
0.000000
0.000000
0.000000
0.000000
0.000000
0.000000
0.000000
0.000000
0.000000
0.000000
0.000000
0.000000
0.000000
0.000000
0.000000
0.000000
0.000000
0.000000
0.000000
0.000000
0.000000
