0.004974
0.009948
0.014922
0.019897
0.024874
0.029851
0.034831
0.039812
0.044795
0.049780
0.054769
0.059759
0.064753
0.069750
0.074750
0.079753
0.084760
0.089771
0.094785
0.099802
0.104823
0.109849
0.114877
0.119910
0.124945
0.129985
0.135026
0.140073
0.145121
0.150173
0.155226
0.160281
0.165339
0.170397
0.175457
0.180516
0.185577
0.190635
0.195695
0.200751
0.205804
0.210857
0.215902
0.220948
0.225984
0.231017
0.236041
0.241058
0.246068
0.251064
0.256055
0.261029
0.265994
0.270945
0.275878
0.280799
0.285698
0.290582
0.295445
0.300285
0.305107
0.309900
0.314672
0.319416
0.324131
0.328821
0.333473
0.338098
0.342688
0.347239
0.351761
0.356237
0.360675
0.365075
0.369425
0.373737
0.378000
0.382210
0.386379
0.390491
0.394549
0.398559
0.402505
0.406397
0.410233
0.413999
0.417710
0.421357
0.424931
0.428446
0.431889
0.435257
0.438562
0.441789
0.444936
0.448016
0.451014
0.453928
0.456771
0.459528
0.462195
0.464789
0.467294
0.469704
0.472036
0.474279
0.476422
0.478481
0.480452
0.482320
0.484095
0.485785
0.487372
0.488857
0.490255
0.491555
0.492745
0.493842
0.494848
0.495745
0.496536
0.497237
0.497840
0.498329
0.498717
0.499015
0.499210
0.499289
0.499272
0.499164
0.498951
0.498624
0.498201
0.497689
0.497074
0.496346
0.495519
0.494607
0.493600
0.492483
0.491262
0.489954
0.488564
0.487074
0.485478
0.483786
0.482014
0.480163
0.478219
0.476173
0.474032
0.471816
0.469528
0.467163
0.464707
0.462157
0.459523
0.456820
0.454057
0.451229
0.448326
0.445340
0.442272
0.439130
0.435925
0.432665
0.429357
0.425999
0.422590
0.419127
0.415607
0.412031
0.408400
0.404715
0.400981
0.397199
0.393372
0.389505
0.385598
0.381654
0.377676
0.373664
0.369621
0.365549
0.361450
0.357327
0.353180
0.349014
0.344828
0.340624
0.336406
0.332173
0.327930
0.323676
0.319416
0.315148
0.310877
0.306604
0.302330
0.298059
0.293790
0.289526
0.285268
0.281018
0.276777
0.272549
0.268333
0.264131
0.259946
0.255779
0.251630
0.247501
0.243394
0.239310
0.235251
0.231218
0.227211
0.223233
0.219284
0.215366
0.211481
0.207626
0.203807
0.200022
0.196273
0.192562
0.188888
0.185253
0.181657
0.178101
0.174586
0.171115
0.167686
0.164301
0.160959
0.157662
0.154410
0.151205
0.148046
0.144934
0.141869
0.138851
0.135884
0.132965
0.130095
0.127275
0.124504
0.121784
0.119114
0.116495
0.113927
0.111410
0.108945
0.106531
0.104169
0.101859
0.099601
0.097396
0.095243
0.093142
0.091094
0.089097
0.087154
0.085263
0.083425
0.081639
0.079906
0.078225
0.076597
0.075022
0.073499
0.072029
0.070610
0.069244
0.067931
0.066669
0.065460
0.064303
0.063198
0.062145
0.061144
0.060195
0.059298
0.058452
0.057657
0.056915
0.056224
0.055584
0.054996
0.054459
0.053973
0.053539
0.053155
0.052824
0.052542
0.052313
0.052134
0.052006
0.051930
0.051904
0.051930
0.052006
0.052134
0.052313
0.052543
0.052824
0.053156
0.053538
0.053973
0.054458
0.054995
0.055584
0.056223
0.056914
0.057657
0.058450
0.059295
0.060192
0.061142
0.062143
0.063196
0.064301
0.065458
0.066667
0.067928
0.069242
0.070607
0.072026
0.073496
0.075019
0.076594
0.078223
0.079903
0.081637
0.083422
0.085260
0.087151
0.089094
0.091090
0.093139
0.095240
0.097392
0.099597
0.101855
0.104165
0.106527
0.108941
0.111406
0.113922
0.116490
0.119110
0.121779
0.124499
0.127270
0.130090
0.132960
0.135879
0.138847
0.141863
0.144928
0.148039
0.151198
0.154403
0.157655
0.160951
0.164293
0.167678
0.171107
0.174578
0.178092
0.181647
0.185244
0.188878
0.192553
0.196264
0.200013
0.203798
0.207617
0.211471
0.215358
0.219276
0.223225
0.227203
0.231210
0.235244
0.239303
0.243386
0.247493
0.251621
0.255770
0.259939
0.264124
0.268326
0.272542
0.276771
0.281011
0.285260
0.289519
0.293783
0.298052
0.302324
0.306597
0.310870
0.315140
0.319407
0.323668
0.327922
0.332165
0.336397
0.340616
0.344819
0.349005
0.353172
0.357319
0.361442
0.365541
0.369613
0.373656
0.377668
0.381647
0.385592
0.389499
0.393369
0.397197
0.400983
0.404724
0.408419
0.412066
0.415662
0.419206
0.422696
0.426130
0.429506
0.432823
0.436078
0.439271
0.442397
0.445458
0.448450
0.451372
0.454223
0.457000
0.459703
0.462329
0.464878
0.467346
0.469734
0.472039
0.474261
0.476399
0.478450
0.480414
0.482291
0.484078
0.485774
0.487379
0.488891
0.490310
0.491635
0.492865
0.493999
0.495037
0.495978
0.496821
0.497567
0.498213
0.498761
0.499209
0.499558
0.499807
0.499957
0.500006
0.499955
0.499805
0.499556
0.499205
0.498755
0.498206
0.497559
0.496813
0.495969
0.495027
0.493989
0.492853
0.491622
0.490296
0.488876
0.487362
0.485755
0.484058
0.482270
0.480392
0.478426
0.476373
0.474235
0.472010
0.469702
0.467313
0.464842
0.462292
0.459665
0.456960
0.454181
0.451328
0.448403
0.445409
0.442346
0.439217
0.436022
0.432764
0.429445
0.426065
0.422627
0.419134
0.415586
0.411987
0.408337
0.404638
0.400892
0.397102
0.393268
0.389393
0.385481
0.381531
0.377546
0.373528
0.369479
0.365400
0.361294
0.357163
0.353009
0.348833
0.344637
0.340424
0.336195
0.331953
0.327698
0.323433
0.319160
0.314881
0.310596
0.306309
0.302021
0.297732
0.293447
0.289165
0.284888
0.280619
0.276358
0.272108
0.267870
0.263644
0.259434
0.255239
0.251063
0.246905
0.242768
0.238652
0.234558
0.230490
0.226446
0.222429
0.218439
0.214478
0.210547
0.206647
0.202778
0.198942
0.195140
0.191372
0.187639
0.183942
0.180281
0.176659
0.173074
0.169529
0.166023
0.162556
0.159131
0.155747
0.152404
0.149103
0.145844
0.142628
0.139455
0.136325
0.133239
0.130197
0.127198
0.124244
0.121334
0.118469
0.115648
0.112872
0.110140
0.107453
0.104811
0.102213
0.099660
0.097151
0.094686
0.092265
0.089889
0.087556
0.085266
0.083020
0.080816
0.078656
0.076538
0.074462
0.072428
0.070435
0.068484
0.066573
0.064702
0.062872
0.061081
0.059330
0.057617
0.055942
0.054305
0.052705
0.051143
0.049617
0.048126
0.046671
0.045251
0.043866
0.042514
0.041196
0.039911
0.038658
0.037437
0.036247
0.035088
0.033960
0.032861
0.031791
0.030750
0.029737
0.028751
0.027793
0.026862
0.025956
0.025076
0.024221
0.023390
0.022583
0.021800
0.021040
0.020302
0.019586
0.018892
0.018219
0.017566
0.016933
0.016319
0.015725
0.015150
0.014592
0.014052
0.013530
0.013024
0.012535
0.012061
0.011603
0.011161
0.010733
0.010319
0.009920
0.009534
0.009161
0.008801
0.008453
0.008118
0.007794
0.007482
0.007181
0.006890
0.006610
0.006340
0.006080
0.005829
0.005588
0.005355
0.005132
0.004916
0.004709
0.004509
0.004317
0.004133
0.003955
0.003785
0.003621
0.003463
0.003312
0.003166
0.003027
0.002893
0.002764
0.002641
0.002522
0.002409
0.002300
0.002195
0.002095
0.001999
0.001907
0.001819
0.001735
0.001654
0.001577
0.001502
0.001432
0.001364
0.001299
0.001237
0.001178
0.001121
0.001067
0.001015
0.000966
0.000919
0.000874
0.000831
0.000790
0.000750
0.000713
0.000677
0.000643
0.000611
0.000580
0.000551
0.000523
0.000496
0.000470
0.000446
0.000423
0.000401
0.000380
0.000360
0.000341
0.000323
0.000306
0.000290
0.000275
0.000260
0.000246
0.000233
0.000220
0.000208
0.000197
0.000186
0.000176
0.000166
0.000157
0.000149
0.000140
0.000132
0.000125
0.000118
0.000111
0.000105
0.000099
0.000094
0.000088
0.000083
0.000078
0.000074
0.000070
0.000066
0.000062
0.000058
0.000055
0.000052
0.000049
0.000046
0.000043
0.000040
0.000038
0.000036
0.000034
0.000032
0.000030
0.000028
0.000026
0.000025
0.000023
0.000022
0.000020
0.000019
0.000018
0.000017
0.000016
0.000015
0.000014
0.000013
0.000012
0.000011
0.000011
0.000010
0.000009
0.000009
0.000008
0.000008
0.000007
0.000007
0.000006
0.000006
0.000005
0.000005
0.000005
0.000004
0.000004
0.000004
0.000004
0.000003
0.000003
0.000003
0.000003
0.000003
0.000002
0.000002
0.000002
0.000002
0.000002
0.000002
0.000002
0.000001
0.000001
0.000001
0.000001
0.000001
0.000001
0.000001
0.000001
0.000001
0.000001
0.000001
0.000001
0.000001
0.000001
0.000001
0.000000
0.000000
0.000000
0.000000
0.000000
0.000000
0.000000
0.000000
0.000000
0.000000
0.000000
0.000000
0.000000
0.000000
0.000000
0.000000
0.000000
0.000000
0.000000
0.000000
0.000000
0.000000
0.000000
0.000000
0.000000
0.000000
0.000000
0.000000
0.000000
0.000000
0.000000
0.000000
0.000000
0.000000
0.000000
0.000000
0.000000
0.000000
0.000000
0.000000
0.000000
0.000000
0.000000
0.000000
0.000000
0.000000
0.000000
0.000000
0.000000
0.000000
0.000000
0.000000
0.000000
0.000000
0.000000
0.000000
0.000000
0.000000
0.000000
0.000000
0.000000
0.000000
0.000000
0.000000
0.000000
0.000000
0.000000
0.000000
0.000000
0.000000
0.000000
0.000000
0.000000
0.000000
0.000000
0.000000
0.000000
0.000000
0.000000
0.000000
0.000000
0.000000
0.000000
0.000000
0.000000
0.000000
0.000000
0.000000
0.000000
0.000000
0.000000
0.000000
0.000000
0.000000
0.000000
0.000000
0.000000
0.000000
0.000000
0.000000
0.000000
0.000000
0.000000
0.000000
0.000000
0.000000
0.000000
0.000000
0.000000
0.000000
0.000000
0.000000
0.000000
0.000000
0.000000
0.000000
0.000000
0.000000
0.000000
0.000000
0.000000
0.000000
0.000000
0.000000
0.000000
0.000000
0.000000
0.000000
0.000000
0.000000
0.000000
0.000000
0.000000
0.000000
0.000000
0.000000
0.000000
0.000000
0.000000
0.000000
0.000000
0.000000
0.000000
0.000000
0.000000
0.000000
0.000000
0.000000
0.000000
0.000000
0.000000
0.000000
0.000000
0.000000
0.000000
0.000000
