0.005018
0.010036
0.015055
0.020074
0.025095
0.030116
0.035139
0.040164
0.045191
0.050219
0.055250
0.060284
0.065320
0.070359
0.075401
0.080446
0.085494
0.090545
0.095599
0.100657
0.105717
0.110782
0.115848
0.120920
0.125992
0.131068
0.136147
0.141228
0.146312
0.151397
0.156485
0.161572
0.166663
0.171752
0.176844
0.181932
0.187022
0.192110
0.197195
0.202280
0.207358
0.212436
0.217506
0.222574
0.227634
0.232686
0.237733
0.242768
0.247797
0.252811
0.257817
0.262809
0.267786
0.272752
0.277696
0.282628
0.287539
0.292430
0.297303
0.302149
0.306977
0.311776
0.316548
0.321298
0.326012
0.330701
0.335356
0.339974
0.344564
0.349110
0.353624
0.358097
0.362524
0.366916
0.371258
0.375554
0.379807
0.384004
0.388155
0.392254
0.396293
0.400285
0.404214
0.408082
0.411898
0.415644
0.419327
0.422952
0.426501
0.429985
0.433405
0.436743
0.440015
0.443215
0.446330
0.449374
0.452342
0.455222
0.458025
0.460750
0.463381
0.465933
0.468403
0.470775
0.473062
0.475267
0.477372
0.479383
0.481312
0.483141
0.484869
0.486512
0.488060
0.489499
0.490845
0.492102
0.493250
0.494294
0.495251
0.496106
0.496849
0.497496
0.498053
0.498499
0.498834
0.499078
0.499227
0.499263
0.499192
0.499031
0.498773
0.498402
0.497925
0.497359
0.496699
0.495929
0.495051
0.494084
0.493031
0.491873
0.490606
0.489245
0.487804
0.486273
0.484638
0.482900
0.481077
0.479178
0.477195
0.475113
0.472931
0.470667
0.468333
0.465927
0.463437
0.460855
0.458184
0.455438
0.452631
0.449764
0.446828
0.443815
0.440720
0.437547
0.434309
0.431013
0.427668
0.424276
0.420836
0.417345
0.413800
0.410201
0.406547
0.402841
0.399086
0.395283
0.391437
0.387550
0.383624
0.379663
0.375667
0.371639
0.367581
0.363496
0.359384
0.355249
0.351091
0.346914
0.342718
0.338507
0.334280
0.330042
0.325792
0.321535
0.317270
0.312999
0.308727
0.304452
0.300179
0.295908
0.291640
0.287378
0.283122
0.278876
0.274640
0.270417
0.266206
0.262012
0.257834
0.253674
0.249534
0.245414
0.241318
0.237244
0.233196
0.229175
0.225180
0.221214
0.217279
0.213375
0.209504
0.205664
0.201860
0.198090
0.194358
0.190662
0.187005
0.183387
0.179808
0.176270
0.172773
0.169319
0.165909
0.162542
0.159219
0.155940
0.152708
0.149521
0.146382
0.143289
0.140244
0.137245
0.134297
0.131398
0.128548
0.125747
0.122996
0.120294
0.117644
0.115044
0.112495
0.109997
0.107551
0.105156
0.102812
0.100520
0.098281
0.096093
0.093958
0.091875
0.089843
0.087864
0.085937
0.084063
0.082240
0.080470
0.078752
0.077086
0.075473
0.073912
0.072404
0.070947
0.069541
0.068188
0.066887
0.065638
0.064440
0.063294
0.062200
0.061157
0.060166
0.059226
0.058337
0.057500
0.056714
0.055978
0.055294
0.054660
0.054078
0.053547
0.053065
0.052635
0.052256
0.051928
0.051650
0.051422
0.051246
0.051119
0.051043
0.051018
0.051043
0.051119
0.051245
0.051422
0.051650
0.051928
0.052256
0.052636
0.053066
0.053546
0.054078
0.054660
0.055294
0.055977
0.056712
0.057498
0.058335
0.059223
0.060163
0.061154
0.062198
0.063292
0.064438
0.065635
0.066884
0.068185
0.069539
0.070944
0.072401
0.073910
0.075471
0.077084
0.078749
0.080468
0.082238
0.084059
0.085934
0.087860
0.089840
0.091871
0.093955
0.096089
0.098277
0.100516
0.102808
0.105151
0.107546
0.109993
0.112491
0.115039
0.117639
0.120289
0.122990
0.125741
0.128543
0.131393
0.134293
0.137241
0.140238
0.143283
0.146375
0.149515
0.152701
0.155933
0.159211
0.162534
0.165901
0.169311
0.172765
0.176261
0.179798
0.183377
0.186995
0.190653
0.194348
0.198082
0.201851
0.205655
0.209494
0.213367
0.217271
0.221207
0.225172
0.229166
0.233189
0.237237
0.241309
0.245406
0.249526
0.253666
0.257826
0.262004
0.266199
0.270410
0.274633
0.278869
0.283115
0.287370
0.291633
0.295901
0.300172
0.304446
0.308720
0.312992
0.317262
0.321526
0.325784
0.330034
0.334272
0.338498
0.342710
0.346905
0.351083
0.355240
0.359376
0.363488
0.367574
0.371632
0.375660
0.379656
0.383619
0.387545
0.391434
0.395283
0.399091
0.402855
0.406574
0.410245
0.413867
0.417437
0.420955
0.424418
0.427823
0.431170
0.434456
0.437680
0.440840
0.443934
0.446961
0.449918
0.452805
0.455619
0.458360
0.461024
0.463612
0.466121
0.468549
0.470896
0.473159
0.475339
0.477434
0.479442
0.481363
0.483195
0.484936
0.486588
0.488146
0.489612
0.490984
0.492262
0.493444
0.494530
0.495519
0.496412
0.497206
0.497902
0.498499
0.498997
0.499396
0.499695
0.499894
0.499994
0.499993
0.499892
0.499693
0.499393
0.498993
0.498493
0.497895
0.497198
0.496403
0.495510
0.494520
0.493433
0.492249
0.490971
0.489598
0.488130
0.486570
0.484918
0.483175
0.481342
0.479420
0.477410
0.475315
0.473133
0.470867
0.468518
0.466087
0.463577
0.460988
0.458322
0.455580
0.452763
0.449874
0.446915
0.443886
0.440790
0.437628
0.434401
0.431112
0.427762
0.424353
0.420887
0.417367
0.413793
0.410168
0.406493
0.402770
0.399002
0.395190
0.391336
0.387442
0.383510
0.379543
0.375541
0.371507
0.367443
0.363351
0.359232
0.355089
0.350923
0.346737
0.342533
0.338311
0.334076
0.329827
0.325567
0.321298
0.317021
0.312739
0.308453
0.304165
0.299876
0.295589
0.291305
0.287026
0.282752
0.278488
0.274232
0.269987
0.265755
0.261537
0.257334
0.253149
0.248981
0.244834
0.240707
0.236602
0.232521
0.228465
0.224434
0.220430
0.216455
0.212509
0.208593
0.204709
0.200856
0.197037
0.193251
0.189501
0.185785
0.182107
0.178465
0.174862
0.171297
0.167771
0.164285
0.160839
0.157434
0.154070
0.150748
0.147468
0.144231
0.141036
0.137884
0.134776
0.131712
0.128692
0.125716
0.122784
0.119896
0.117053
0.114254
0.111501
0.108791
0.106127
0.103507
0.100931
0.098400
0.095913
0.093470
0.091072
0.088717
0.086405
0.084137
0.081913
0.079731
0.077591
0.075495
0.073440
0.071426
0.069454
0.067523
0.065633
0.063782
0.061972
0.060200
0.058468
0.056774
0.055119
0.053501
0.051920
0.050375
0.048867
0.047394
0.045957
0.044554
0.043186
0.041851
0.040549
0.039280
0.038044
0.036838
0.035664
0.034520
0.033406
0.032322
0.031267
0.030240
0.029241
0.028269
0.027324
0.026405
0.025513
0.024645
0.023802
0.022984
0.022189
0.021417
0.020668
0.019942
0.019237
0.018553
0.017890
0.017247
0.016624
0.016020
0.015435
0.014869
0.014320
0.013789
0.013275
0.012777
0.012296
0.011830
0.011380
0.010945
0.010524
0.010118
0.009725
0.009346
0.008979
0.008625
0.008284
0.007954
0.007636
0.007330
0.007034
0.006749
0.006474
0.006209
0.005953
0.005707
0.005471
0.005242
0.005023
0.004811
0.004608
0.004412
0.004224
0.004043
0.003869
0.003702
0.003541
0.003387
0.003238
0.003096
0.002959
0.002828
0.002702
0.002581
0.002465
0.002354
0.002247
0.002145
0.002047
0.001953
0.001863
0.001776
0.001694
0.001615
0.001539
0.001467
0.001397
0.001331
0.001268
0.001207
0.001149
0.001094
0.001041
0.000990
0.000942
0.000896
0.000852
0.000810
0.000770
0.000731
0.000695
0.000660
0.000627
0.000595
0.000565
0.000536
0.000509
0.000483
0.000458
0.000434
0.000412
0.000391
0.000370
0.000351
0.000332
0.000315
0.000298
0.000282
0.000267
0.000253
0.000239
0.000226
0.000214
0.000203
0.000192
0.000181
0.000171
0.000162
0.000153
0.000144
0.000136
0.000129
0.000122
0.000115
0.000108
0.000102
0.000096
0.000091
0.000086
0.000081
0.000076
0.000072
0.000068
0.000064
0.000060
0.000056
0.000053
0.000050
0.000047
0.000044
0.000042
0.000039
0.000037
0.000035
0.000033
0.000031
0.000029
0.000027
0.000025
0.000024
0.000022
0.000021
0.000020
0.000018
0.000017
0.000016
0.000015
0.000014
0.000013
0.000013
0.000012
0.000011
0.000010
0.000010
0.000009
0.000008
0.000008
0.000007
0.000007
0.000006
0.000006
0.000006
0.000005
0.000005
0.000005
0.000004
0.000004
0.000004
0.000004
0.000003
0.000003
0.000003
0.000003
0.000002
0.000002
0.000002
0.000002
0.000002
0.000002
0.000002
0.000002
0.000001
0.000001
0.000001
0.000001
0.000001
0.000001
0.000001
0.000001
0.000001
0.000001
0.000001
0.000001
0.000001
0.000001
0.000001
0.000000
0.000000
0.000000
0.000000
0.000000
0.000000
0.000000
0.000000
0.000000
0.000000
0.000000
0.000000
0.000000
0.000000
0.000000
0.000000
0.000000
0.000000
0.000000
0.000000
0.000000
0.000000
0.000000
0.000000
0.000000
0.000000
0.000000
0.000000
0.000000
0.000000
0.000000
0.000000
0.000000
0.000000
0.000000
0.000000
0.000000
0.000000
0.000000
0.000000
0.000000
0.000000
0.000000
0.000000
0.000000
0.000000
0.000000
0.000000
0.000000
0.000000
0.000000
0.000000
0.000000
0.000000
0.000000
0.000000
0.000000
0.000000
0.000000
0.000000
0.000000
0.000000
0.000000
0.000000
0.000000
0.000000
0.000000
0.000000
0.000000
0.000000
0.000000
0.000000
0.000000
0.000000
0.000000
0.000000
0.000000
0.000000
0.000000
0.000000
0.000000
0.000000
0.000000
0.000000
0.000000
0.000000
0.000000
0.000000
0.000000
0.000000
0.000000
0.000000
0.000000
0.000000
0.000000
0.000000
0.000000
0.000000
0.000000
0.000000
0.000000
0.000000
0.000000
0.000000
0.000000
0.000000
0.000000
0.000000
0.000000
0.000000
0.000000
0.000000
0.000000
0.000000
0.000000
0.000000
0.000000
0.000000
0.000000
0.000000
0.000000
0.000000
0.000000
0.000000
0.000000
0.000000
0.000000
0.000000
0.000000
0.000000
0.000000
0.000000
0.000000
0.000000
0.000000
0.000000
0.000000
0.000000
0.000000
0.000000
0.000000
0.000000
0.000000
0.000000
0.000000
0.000000
0.000000
0.000000
0.000000
0.000000
0.000000
0.000000
0.000000
0.000000
0.000000
