0.005062
0.010125
0.015188
0.020251
0.025316
0.030381
0.035448
0.040517
0.045587
0.050659
0.055733
0.060809
0.065887
0.070969
0.076052
0.081140
0.086228
0.091320
0.096414
0.101512
0.106612
0.111716
0.116821
0.121929
0.127040
0.132152
0.137268
0.142383
0.147503
0.152622
0.157744
0.162864
0.167987
0.173108
0.178229
0.183349
0.188467
0.193584
0.198696
0.203807
0.208912
0.214014
0.219109
0.224198
0.229282
0.234354
0.239422
0.244476
0.249522
0.254556
0.259576
0.264585
0.269575
0.274554
0.279512
0.284452
0.289375
0.294273
0.299155
0.304008
0.308839
0.313645
0.318419
0.323171
0.327887
0.332573
0.337229
0.341844
0.346429
0.350973
0.355477
0.359945
0.364364
0.368744
0.373079
0.377360
0.381601
0.385786
0.389918
0.394003
0.398025
0.401995
0.405908
0.409754
0.413545
0.417273
0.420929
0.424528
0.428055
0.431508
0.434899
0.438213
0.441449
0.444620
0.447706
0.450712
0.453649
0.456496
0.459260
0.461949
0.464548
0.467056
0.469487
0.471825
0.474067
0.476230
0.478298
0.480265
0.482147
0.483938
0.485622
0.487215
0.488720
0.490118
0.491413
0.492622
0.493729
0.494725
0.495629
0.496439
0.497139
0.497733
0.498237
0.498640
0.498928
0.499118
0.499217
0.499210
0.499090
0.498873
0.498567
0.498153
0.497627
0.497005
0.496297
0.495485
0.494560
0.493539
0.492435
0.491235
0.489927
0.488517
0.487022
0.485446
0.483773
0.481994
0.480122
0.478172
0.476146
0.474028
0.471809
0.469501
0.467119
0.464669
0.462145
0.459530
0.456825
0.454040
0.451191
0.448282
0.445312
0.442269
0.439148
0.435948
0.432678
0.429348
0.425968
0.422542
0.419069
0.415550
0.411980
0.408357
0.404681
0.400955
0.397179
0.393356
0.389491
0.385585
0.381642
0.377664
0.373651
0.369608
0.365535
0.361436
0.357312
0.353165
0.348997
0.344810
0.340605
0.336386
0.332152
0.327908
0.323653
0.319391
0.315123
0.310850
0.306576
0.302301
0.298028
0.293757
0.289491
0.285231
0.280979
0.276737
0.272506
0.268288
0.264084
0.259897
0.255727
0.251575
0.247443
0.243334
0.239247
0.235184
0.231148
0.227138
0.223156
0.219204
0.215282
0.211392
0.207534
0.203710
0.199921
0.196167
0.192451
0.188772
0.185132
0.181530
0.177969
0.174449
0.170970
0.167535
0.164143
0.160794
0.157490
0.154230
0.151017
0.147850
0.144729
0.141656
0.138630
0.135651
0.132723
0.129843
0.127012
0.124231
0.121499
0.118818
0.116186
0.113605
0.111076
0.108597
0.106170
0.103793
0.101468
0.099195
0.096973
0.094803
0.092686
0.090620
0.088606
0.086643
0.084733
0.082875
0.081069
0.079315
0.077612
0.075961
0.074362
0.072816
0.071321
0.069878
0.068485
0.067145
0.065856
0.064619
0.063432
0.062298
0.061214
0.060182
0.059200
0.058269
0.057390
0.056561
0.055782
0.055054
0.054377
0.053750
0.053173
0.052647
0.052171
0.051745
0.051370
0.051044
0.050770
0.050544
0.050369
0.050244
0.050169
0.050144
0.050169
0.050244
0.050369
0.050544
0.050770
0.051046
0.051370
0.051746
0.052171
0.052647
0.053173
0.053749
0.054376
0.055053
0.055781
0.056559
0.057387
0.058267
0.059198
0.060179
0.061212
0.062296
0.063430
0.064616
0.065854
0.067142
0.068483
0.069875
0.071318
0.072814
0.074360
0.075959
0.077609
0.079312
0.081066
0.082872
0.084730
0.086640
0.088602
0.090616
0.092682
0.094800
0.096969
0.099191
0.101464
0.103789
0.106165
0.108593
0.111072
0.113601
0.116181
0.118812
0.121494
0.124225
0.127007
0.129838
0.132718
0.135647
0.138624
0.141650
0.144723
0.147843
0.151010
0.154223
0.157482
0.160786
0.164135
0.167526
0.170962
0.174440
0.177960
0.181521
0.185122
0.188763
0.192442
0.196159
0.199912
0.203701
0.207525
0.211384
0.215274
0.219196
0.223148
0.227130
0.231140
0.235177
0.239239
0.243325
0.247435
0.251567
0.255718
0.259889
0.264077
0.268281
0.272499
0.276730
0.280972
0.285224
0.289483
0.293750
0.298021
0.302294
0.306569
0.310843
0.315115
0.319383
0.323645
0.327900
0.332144
0.336377
0.340597
0.344801
0.348989
0.353156
0.357304
0.361428
0.365527
0.369601
0.373644
0.377657
0.381637
0.385582
0.389489
0.393359
0.397188
0.400975
0.404716
0.408412
0.412059
0.415656
0.419200
0.422690
0.426125
0.429501
0.432818
0.436074
0.439266
0.442393
0.445455
0.448446
0.451369
0.454220
0.456997
0.459700
0.462327
0.464875
0.467344
0.469732
0.472037
0.474259
0.476397
0.478448
0.480413
0.482289
0.484076
0.485773
0.487378
0.488890
0.490309
0.491634
0.492864
0.493998
0.495036
0.495977
0.496821
0.497566
0.498212
0.498760
0.499209
0.499557
0.499807
0.499956
0.500006
0.499955
0.499805
0.499555
0.499205
0.498755
0.498206
0.497559
0.496813
0.495969
0.495027
0.493988
0.492853
0.491622
0.490296
0.488875
0.487361
0.485755
0.484057
0.482269
0.480392
0.478426
0.476373
0.474234
0.472010
0.469702
0.467313
0.464842
0.462292
0.459665
0.456960
0.454181
0.451328
0.448403
0.445409
0.442346
0.439217
0.436022
0.432764
0.429445
0.426065
0.422627
0.419134
0.415586
0.411987
0.408336
0.404638
0.400892
0.397101
0.393268
0.389393
0.385481
0.381531
0.377546
0.373528
0.369479
0.365400
0.361294
0.357163
0.353009
0.348833
0.344637
0.340424
0.336195
0.331953
0.327698
0.323433
0.319160
0.314881
0.310596
0.306309
0.302020
0.297732
0.293446
0.289164
0.284888
0.280619
0.276358
0.272108
0.267869
0.263644
0.259434
0.255239
0.251063
0.246905
0.242767
0.238651
0.234558
0.230490
0.226446
0.222429
0.218439
0.214478
0.210547
0.206647
0.202778
0.198942
0.195140
0.191372
0.187639
0.183942
0.180281
0.176659
0.173074
0.169529
0.166023
0.162557
0.159131
0.155747
0.152404
0.149103
0.145844
0.142628
0.139455
0.136325
0.133239
0.130197
0.127198
0.124244
0.121334
0.118469
0.115648
0.112872
0.110140
0.107453
0.104811
0.102213
0.099660
0.097151
0.094686
0.092265
0.089889
0.087556
0.085266
0.083020
0.080816
0.078656
0.076538
0.074462
0.072428
0.070435
0.068484
0.066573
0.064702
0.062872
0.061081
0.059330
0.057617
0.055942
0.054305
0.052705
0.051143
0.049617
0.048126
0.046671
0.045251
0.043866
0.042514
0.041196
0.039911
0.038658
0.037437
0.036247
0.035088
0.033960
0.032861
0.031791
0.030750
0.029737
0.028751
0.027793
0.026862
0.025956
0.025076
0.024221
0.023390
0.022583
0.021800
0.021040
0.020302
0.019586
0.018892
0.018219
0.017566
0.016933
0.016319
0.015725
0.015150
0.014592
0.014052
0.013530
0.013024
0.012535
0.012061
0.011603
0.011161
0.010733
0.010319
0.009920
0.009534
0.009161
0.008801
0.008453
0.008118
0.007794
0.007482
0.007181
0.006890
0.006610
0.006340
0.006080
0.005829
0.005588
0.005355
0.005132
0.004916
0.004709
0.004509
0.004317
0.004133
0.003955
0.003785
0.003621
0.003463
0.003312
0.003166
0.003027
0.002893
0.002764
0.002641
0.002522
0.002409
0.002300
0.002195
0.002095
0.001999
0.001907
0.001819
0.001735
0.001654
0.001577
0.001502
0.001432
0.001364
0.001299
0.001237
0.001178
0.001121
0.001067
0.001015
0.000966
0.000919
0.000874
0.000831
0.000790
0.000750
0.000713
0.000677
0.000643
0.000611
0.000580
0.000551
0.000523
0.000496
0.000470
0.000446
0.000423
0.000401
0.000380
0.000360
0.000341
0.000323
0.000306
0.000290
0.000275
0.000260
0.000246
0.000233
0.000220
0.000208
0.000197
0.000186
0.000176
0.000166
0.000157
0.000149
0.000140
0.000132
0.000125
0.000118
0.000111
0.000105
0.000099
0.000094
0.000088
0.000083
0.000078
0.000074
0.000070
0.000066
0.000062
0.000058
0.000055
0.000052
0.000049
0.000046
0.000043
0.000040
0.000038
0.000036
0.000034
0.000032
0.000030
0.000028
0.000026
0.000025
0.000023
0.000022
0.000020
0.000019
0.000018
0.000017
0.000016
0.000015
0.000014
0.000013
0.000012
0.000011
0.000011
0.000010
0.000009
0.000009
0.000008
0.000008
0.000007
0.000007
0.000006
0.000006
0.000005
0.000005
0.000005
0.000004
0.000004
0.000004
0.000004
0.000003
0.000003
0.000003
0.000003
0.000003
0.000002
0.000002
0.000002
0.000002
0.000002
0.000002
0.000002
0.000001
0.000001
0.000001
0.000001
0.000001
0.000001
0.000001
0.000001
0.000001
0.000001
0.000001
0.000001
0.000001
0.000001
0.000001
0.000000
0.000000
0.000000
0.000000
0.000000
0.000000
0.000000
0.000000
0.000000
0.000000
0.000000
0.000000
0.000000
0.000000
0.000000
0.000000
0.000000
0.000000
0.000000
0.000000
0.000000
0.000000
0.000000
0.000000
0.000000
0.000000
0.000000
0.000000
0.000000
0.000000
0.000000
0.000000
0.000000
0.000000
0.000000
0.000000
0.000000
0.000000
0.000000
0.000000
0.000000
0.000000
0.000000
0.000000
0.000000
0.000000
0.000000
0.000000
0.000000
0.000000
0.000000
0.000000
0.000000
0.000000
0.000000
0.000000
0.000000
0.000000
0.000000
0.000000
0.000000
0.000000
0.000000
0.000000
0.000000
0.000000
0.000000
0.000000
0.000000
0.000000
0.000000
0.000000
0.000000
0.000000
0.000000
0.000000
0.000000
0.000000
0.000000
0.000000
0.000000
0.000000
0.000000
0.000000
0.000000
0.000000
0.000000
0.000000
0.000000
0.000000
0.000000
0.000000
0.000000
0.000000
0.000000
0.000000
0.000000
0.000000
0.000000
0.000000
0.000000
0.000000
0.000000
0.000000
0.000000
0.000000
0.000000
0.000000
0.000000
0.000000
0.000000
0.000000
0.000000
0.000000
0.000000
0.000000
0.000000
0.000000
0.000000
0.000000
0.000000
0.000000
0.000000
0.000000
0.000000
0.000000
0.000000
0.000000
0.000000
0.000000
0.000000
0.000000
0.000000
0.000000
0.000000
0.000000
0.000000
0.000000
0.000000
0.000000
0.000000
0.000000
0.000000
0.000000
0.000000
0.000000
0.000000
0.000000
0.000000
0.000000
0.000000
0.000000
0.000000
0.000000
0.000000
