0.005107
0.010214
0.015321
0.020429
0.025537
0.030647
0.035757
0.040870
0.045983
0.051099
0.056215
0.061335
0.066456
0.071580
0.076705
0.081833
0.086963
0.092096
0.097231
0.102368
0.107508
0.112649
0.117794
0.122939
0.128088
0.133236
0.138389
0.143540
0.148694
0.153848
0.159002
0.164157
0.169310
0.174464
0.179614
0.184765
0.189911
0.195057
0.200196
0.205333
0.210465
0.215590
0.220711
0.225821
0.230927
0.236021
0.241108
0.246183
0.251245
0.256297
0.261332
0.266356
0.271361
0.276350
0.281323
0.286271
0.291205
0.296112
0.300999
0.305862
0.310695
0.315506
0.320283
0.325035
0.329755
0.334437
0.339092
0.343706
0.348284
0.352826
0.357321
0.361781
0.366194
0.370561
0.374887
0.379156
0.383380
0.387555
0.391669
0.395736
0.399744
0.403691
0.407586
0.411412
0.415177
0.418884
0.422517
0.426086
0.429591
0.433016
0.436375
0.439663
0.442868
0.446003
0.449062
0.452033
0.454933
0.457750
0.460476
0.463125
0.465691
0.468160
0.470548
0.472851
0.475053
0.477169
0.479199
0.481125
0.482959
0.484707
0.486352
0.487896
0.489354
0.490711
0.491959
0.493116
0.494180
0.495133
0.495983
0.496745
0.497402
0.497947
0.498397
0.498753
0.498998
0.499135
0.499180
0.499129
0.498963
0.498693
0.498333
0.497876
0.497305
0.496630
0.495868
0.495013
0.494046
0.492974
0.491816
0.490571
0.489223
0.487767
0.486220
0.484595
0.482881
0.481064
0.479146
0.477147
0.475074
0.472918
0.470665
0.468317
0.465889
0.463394
0.460830
0.458183
0.455447
0.452627
0.449735
0.446785
0.443777
0.440704
0.437556
0.434331
0.431032
0.427670
0.424256
0.420795
0.417291
0.413742
0.410146
0.406500
0.402803
0.399057
0.395260
0.391419
0.387535
0.383611
0.379651
0.375656
0.371627
0.367569
0.363482
0.359370
0.355234
0.351076
0.346898
0.342701
0.338488
0.334261
0.330021
0.325771
0.321512
0.317246
0.312975
0.308700
0.304424
0.300150
0.295877
0.291607
0.287344
0.283086
0.278838
0.274601
0.270375
0.266163
0.261966
0.257786
0.253623
0.249480
0.245358
0.241259
0.237182
0.233131
0.229107
0.225109
0.221140
0.217201
0.213293
0.209417
0.205574
0.201765
0.197991
0.194254
0.190554
0.186892
0.183268
0.179684
0.176140
0.172638
0.169178
0.165761
0.162387
0.159057
0.155772
0.152531
0.149338
0.146190
0.143088
0.140034
0.137028
0.134070
0.131161
0.128301
0.125489
0.122728
0.120015
0.117353
0.114741
0.112180
0.109669
0.107210
0.104801
0.102443
0.100137
0.097882
0.095679
0.093527
0.091427
0.089379
0.087381
0.085436
0.083543
0.081700
0.079910
0.078172
0.076484
0.074849
0.073265
0.071732
0.070251
0.068821
0.067443
0.066115
0.064838
0.063613
0.062438
0.061315
0.060242
0.059219
0.058247
0.057326
0.056455
0.055634
0.054864
0.054142
0.053472
0.052851
0.052281
0.051760
0.051289
0.050867
0.050496
0.050174
0.049902
0.049679
0.049505
0.049382
0.049308
0.049283
0.049308
0.049382
0.049505
0.049679
0.049902
0.050175
0.050496
0.050868
0.051289
0.051761
0.052281
0.052851
0.053472
0.054142
0.054862
0.055632
0.056452
0.057323
0.058245
0.059217
0.060239
0.061312
0.062436
0.063610
0.064836
0.066112
0.067440
0.068818
0.070249
0.071730
0.073262
0.074846
0.076482
0.078169
0.079908
0.081698
0.083539
0.085433
0.087378
0.089375
0.091423
0.093523
0.095675
0.097878
0.100133
0.102439
0.104796
0.107205
0.109666
0.112176
0.114736
0.117348
0.120010
0.122722
0.125484
0.128296
0.131156
0.134065
0.137023
0.140029
0.143082
0.146183
0.149331
0.152525
0.155764
0.159049
0.162379
0.165752
0.169170
0.172629
0.176132
0.179674
0.183258
0.186882
0.190545
0.194245
0.197982
0.201756
0.205565
0.209408
0.213285
0.217193
0.221132
0.225101
0.229098
0.233123
0.237175
0.241250
0.245350
0.249473
0.253615
0.257778
0.261959
0.266156
0.270368
0.274594
0.278832
0.283079
0.287336
0.291600
0.295870
0.300143
0.304418
0.308694
0.312967
0.317238
0.321504
0.325763
0.330013
0.334252
0.338480
0.342692
0.346889
0.351067
0.355226
0.359362
0.363475
0.367562
0.371620
0.375649
0.379645
0.383609
0.387535
0.391425
0.395275
0.399083
0.402848
0.406567
0.410238
0.413861
0.417431
0.420949
0.424412
0.427818
0.431165
0.434451
0.437676
0.440836
0.443931
0.446957
0.449915
0.452802
0.455616
0.458357
0.461022
0.463610
0.466118
0.468547
0.470893
0.473157
0.475337
0.477433
0.479441
0.481362
0.483194
0.484935
0.486586
0.488145
0.489611
0.490983
0.492261
0.493443
0.494529
0.495519
0.496411
0.497205
0.497901
0.498498
0.498996
0.499395
0.499694
0.499894
0.499993
0.499993
0.499892
0.499692
0.499392
0.498992
0.498493
0.497895
0.497198
0.496403
0.495510
0.494520
0.493432
0.492249
0.490971
0.489597
0.488130
0.486570
0.484918
0.483175
0.481342
0.479420
0.477410
0.475314
0.473133
0.470867
0.468518
0.466087
0.463577
0.460988
0.458322
0.455580
0.452763
0.449874
0.446915
0.443886
0.440790
0.437627
0.434401
0.431112
0.427762
0.424353
0.420887
0.417367
0.413793
0.410168
0.406493
0.402770
0.399002
0.395190
0.391336
0.387442
0.383510
0.379543
0.375541
0.371507
0.367443
0.363350
0.359232
0.355089
0.350923
0.346737
0.342533
0.338312
0.334075
0.329827
0.325567
0.321298
0.317021
0.312739
0.308453
0.304165
0.299876
0.295589
0.291305
0.287026
0.282752
0.278487
0.274232
0.269987
0.265755
0.261537
0.257334
0.253149
0.248981
0.244833
0.240707
0.236602
0.232521
0.228464
0.224434
0.220430
0.216455
0.212509
0.208593
0.204708
0.200856
0.197037
0.193251
0.189501
0.185785
0.182107
0.178465
0.174862
0.171297
0.167771
0.164285
0.160839
0.157434
0.154070
0.150748
0.147468
0.144231
0.141036
0.137884
0.134776
0.131712
0.128692
0.125716
0.122784
0.119896
0.117053
0.114254
0.111501
0.108791
0.106127
0.103507
0.100931
0.098400
0.095913
0.093470
0.091072
0.088717
0.086405
0.084137
0.081913
0.079731
0.077591
0.075495
0.073440
0.071426
0.069454
0.067523
0.065633
0.063782
0.061972
0.060201
0.058468
0.056774
0.055119
0.053501
0.051920
0.050375
0.048867
0.047394
0.045957
0.044554
0.043186
0.041851
0.040550
0.039280
0.038044
0.036838
0.035664
0.034520
0.033406
0.032322
0.031267
0.030240
0.029241
0.028269
0.027324
0.026406
0.025513
0.024645
0.023802
0.022984
0.022189
0.021417
0.020668
0.019942
0.019237
0.018553
0.017890
0.017247
0.016624
0.016020
0.015435
0.014869
0.014320
0.013789
0.013275
0.012777
0.012296
0.011830
0.011380
0.010945
0.010524
0.010118
0.009725
0.009346
0.008979
0.008625
0.008284
0.007954
0.007637
0.007330
0.007034
0.006749
0.006474
0.006209
0.005953
0.005707
0.005471
0.005242
0.005023
0.004811
0.004608
0.004412
0.004224
0.004043
0.003869
0.003702
0.003541
0.003387
0.003238
0.003096
0.002959
0.002828
0.002702
0.002581
0.002465
0.002354
0.002247
0.002145
0.002047
0.001953
0.001863
0.001776
0.001694
0.001615
0.001539
0.001467
0.001397
0.001331
0.001268
0.001207
0.001149
0.001094
0.001041
0.000990
0.000942
0.000896
0.000852
0.000810
0.000770
0.000731
0.000695
0.000660
0.000627
0.000595
0.000565
0.000536
0.000509
0.000483
0.000458
0.000434
0.000412
0.000391
0.000370
0.000351
0.000332
0.000315
0.000298
0.000282
0.000267
0.000253
0.000239
0.000226
0.000214
0.000203
0.000192
0.000181
0.000171
0.000162
0.000153
0.000144
0.000136
0.000129
0.000122
0.000115
0.000108
0.000102
0.000096
0.000091
0.000086
0.000081
0.000076
0.000072
0.000068
0.000064
0.000060
0.000056
0.000053
0.000050
0.000047
0.000044
0.000042
0.000039
0.000037
0.000035
0.000033
0.000031
0.000029
0.000027
0.000025
0.000024
0.000022
0.000021
0.000020
0.000018
0.000017
0.000016
0.000015
0.000014
0.000013
0.000013
0.000012
0.000011
0.000010
0.000010
0.000009
0.000008
0.000008
0.000007
0.000007
0.000006
0.000006
0.000006
0.000005
0.000005
0.000005
0.000004
0.000004
0.000004
0.000004
0.000003
0.000003
0.000003
0.000003
0.000002
0.000002
0.000002
0.000002
0.000002
0.000002
0.000002
0.000002
0.000001
0.000001
0.000001
0.000001
0.000001
0.000001
0.000001
0.000001
0.000001
0.000001
0.000001
0.000001
0.000001
0.000001
0.000001
0.000000
0.000000
0.000000
0.000000
0.000000
0.000000
0.000000
0.000000
0.000000
0.000000
0.000000
0.000000
0.000000
0.000000
0.000000
0.000000
0.000000
0.000000
0.000000
0.000000
0.000000
0.000000
0.000000
0.000000
0.000000
0.000000
0.000000
0.000000
0.000000
0.000000
0.000000
0.000000
0.000000
0.000000
0.000000
0.000000
0.000000
0.000000
0.000000
0.000000
0.000000
0.000000
0.000000
0.000000
0.000000
0.000000
0.000000
0.000000
0.000000
0.000000
0.000000
0.000000
0.000000
0.000000
0.000000
0.000000
0.000000
0.000000
0.000000
0.000000
0.000000
0.000000
0.000000
0.000000
0.000000
0.000000
0.000000
0.000000
0.000000
0.000000
0.000000
0.000000
0.000000
0.000000
0.000000
0.000000
0.000000
0.000000
0.000000
0.000000
0.000000
0.000000
0.000000
0.000000
0.000000
0.000000
0.000000
0.000000
0.000000
0.000000
0.000000
0.000000
0.000000
0.000000
0.000000
0.000000
0.000000
0.000000
0.000000
0.000000
0.000000
0.000000
0.000000
0.000000
0.000000
0.000000
0.000000
0.000000
0.000000
0.000000
0.000000
0.000000
0.000000
0.000000
0.000000
0.000000
0.000000
0.000000
0.000000
0.000000
0.000000
0.000000
0.000000
0.000000
0.000000
0.000000
0.000000
0.000000
0.000000
0.000000
0.000000
0.000000
0.000000
0.000000
0.000000
0.000000
0.000000
0.000000
0.000000
0.000000
0.000000
0.000000
0.000000
0.000000
0.000000
0.000000
0.000000
0.000000
0.000000
0.000000
0.000000
0.000000
0.000000
0.000000
