0.005151
0.010302
0.015454
0.020606
0.025759
0.030913
0.036067
0.041223
0.046380
0.051539
0.056699
0.061861
0.067025
0.072191
0.077358
0.082527
0.087699
0.092872
0.098048
0.103224
0.108404
0.113584
0.118768
0.123950
0.129136
0.134322
0.139509
0.144697
0.149885
0.155074
0.160261
0.165449
0.170633
0.175819
0.181000
0.186180
0.191355
0.196528
0.201696
0.206857
0.212016
0.217165
0.222310
0.227443
0.232570
0.237686
0.242790
0.247886
0.252965
0.258034
0.263085
0.268122
0.273144
0.278143
0.283128
0.288087
0.293029
0.297946
0.302837
0.307708
0.312545
0.317359
0.322142
0.326891
0.331613
0.336295
0.340945
0.345559
0.350129
0.354667
0.359157
0.363606
0.368013
0.372367
0.376680
0.380941
0.385148
0.389309
0.393408
0.397455
0.401448
0.405374
0.409246
0.413055
0.416794
0.420477
0.424089
0.427628
0.431107
0.434507
0.437833
0.441093
0.444269
0.447368
0.450397
0.453337
0.456196
0.458981
0.461673
0.464281
0.466810
0.469243
0.471587
0.473851
0.476017
0.478086
0.480074
0.481963
0.483750
0.485451
0.487057
0.488556
0.489962
0.491277
0.492483
0.493587
0.494603
0.495515
0.496315
0.497024
0.497637
0.498137
0.498532
0.498838
0.499041
0.499129
0.499119
0.499019
0.498811
0.498490
0.498076
0.497571
0.496957
0.496233
0.495416
0.494512
0.493505
0.492387
0.491175
0.489880
0.488491
0.486994
0.485398
0.483721
0.481963
0.480109
0.478151
0.476103
0.473982
0.471784
0.469497
0.467112
0.464641
0.462100
0.459494
0.456814
0.454048
0.451195
0.448265
0.445273
0.442226
0.439120
0.435945
0.432696
0.429371
0.425980
0.422533
0.419038
0.415501
0.411922
0.408300
0.404630
0.400912
0.397146
0.393330
0.389471
0.385569
0.381628
0.377651
0.373639
0.369596
0.365523
0.361423
0.357298
0.353151
0.348982
0.344794
0.340588
0.336368
0.332134
0.327888
0.323632
0.319369
0.315100
0.310826
0.306550
0.302273
0.297999
0.293727
0.289459
0.285198
0.280944
0.276700
0.272467
0.268248
0.264041
0.259852
0.255679
0.251525
0.247391
0.243279
0.239190
0.235124
0.231085
0.227072
0.223087
0.219131
0.215206
0.211311
0.207450
0.203622
0.199829
0.196070
0.192350
0.188666
0.185021
0.181414
0.177848
0.174322
0.170838
0.167397
0.163998
0.160643
0.157332
0.154065
0.150844
0.147670
0.144542
0.141460
0.138425
0.135438
0.132501
0.129611
0.126770
0.123979
0.121237
0.118544
0.115901
0.113309
0.110767
0.108276
0.105835
0.103445
0.101107
0.098819
0.096582
0.094397
0.092263
0.090181
0.088150
0.086170
0.084242
0.082364
0.080539
0.078765
0.077042
0.075370
0.073749
0.072180
0.070662
0.069194
0.067778
0.066413
0.065098
0.063833
0.062619
0.061457
0.060344
0.059281
0.058269
0.057307
0.056394
0.055533
0.054720
0.053957
0.053243
0.052580
0.051966
0.051401
0.050885
0.050419
0.050002
0.049635
0.049316
0.049046
0.048826
0.048654
0.048532
0.048459
0.048434
0.048458
0.048532
0.048654
0.048826
0.049047
0.049316
0.049635
0.050003
0.050420
0.050886
0.051401
0.051966
0.052579
0.053243
0.053956
0.054718
0.055530
0.056392
0.057305
0.058267
0.059279
0.060341
0.061454
0.062617
0.063831
0.065095
0.066410
0.067775
0.069192
0.070660
0.072178
0.073747
0.075367
0.077039
0.078762
0.080536
0.082361
0.084238
0.086166
0.088146
0.090177
0.092259
0.094393
0.096578
0.098814
0.101102
0.103441
0.105831
0.108272
0.110763
0.113304
0.115896
0.118539
0.121231
0.123973
0.126765
0.129606
0.132496
0.135434
0.138420
0.141454
0.144535
0.147664
0.150838
0.154058
0.157324
0.160634
0.163989
0.167388
0.170830
0.174314
0.177838
0.181405
0.185011
0.188657
0.192341
0.196062
0.199820
0.203614
0.207441
0.211303
0.215197
0.219123
0.223079
0.227063
0.231076
0.235116
0.239181
0.243270
0.247383
0.251517
0.255671
0.259844
0.264034
0.268241
0.272460
0.276694
0.280937
0.285190
0.289452
0.293720
0.297993
0.302267
0.306544
0.310819
0.315092
0.319361
0.323624
0.327880
0.332125
0.336359
0.340580
0.344785
0.348973
0.353142
0.357291
0.361415
0.365515
0.369589
0.373633
0.377646
0.381627
0.385572
0.389481
0.393351
0.397181
0.400968
0.404710
0.408405
0.412053
0.415650
0.419194
0.422685
0.426119
0.429496
0.432814
0.436070
0.439262
0.442390
0.445451
0.448443
0.451366
0.454217
0.456995
0.459698
0.462324
0.464873
0.467341
0.469729
0.472035
0.474257
0.476395
0.478447
0.480412
0.482288
0.484075
0.485772
0.487377
0.488889
0.490308
0.491633
0.492863
0.493998
0.495036
0.495976
0.496819
0.497565
0.498212
0.498759
0.499208
0.499557
0.499807
0.499956
0.500005
0.499954
0.499804
0.499555
0.499205
0.498755
0.498206
0.497559
0.496813
0.495969
0.495027
0.493988
0.492852
0.491621
0.490295
0.488875
0.487361
0.485755
0.484057
0.482269
0.480392
0.478426
0.476373
0.474234
0.472010
0.469703
0.467313
0.464842
0.462292
0.459664
0.456960
0.454181
0.451328
0.448403
0.445409
0.442346
0.439217
0.436022
0.432764
0.429444
0.426065
0.422627
0.419134
0.415586
0.411987
0.408336
0.404637
0.400892
0.397101
0.393268
0.389393
0.385481
0.381531
0.377546
0.373528
0.369479
0.365400
0.361294
0.357163
0.353008
0.348832
0.344637
0.340424
0.336195
0.331952
0.327698
0.323433
0.319160
0.314881
0.310596
0.306309
0.302020
0.297732
0.293446
0.289164
0.284888
0.280619
0.276358
0.272108
0.267869
0.263644
0.259433
0.255239
0.251062
0.246905
0.242767
0.238651
0.234558
0.230490
0.226446
0.222429
0.218439
0.214478
0.210547
0.206647
0.202778
0.198942
0.195140
0.191371
0.187638
0.183942
0.180281
0.176659
0.173074
0.169529
0.166023
0.162557
0.159131
0.155747
0.152404
0.149103
0.145844
0.142628
0.139455
0.136325
0.133239
0.130197
0.127198
0.124244
0.121334
0.118469
0.115648
0.112872
0.110140
0.107453
0.104811
0.102213
0.099660
0.097151
0.094686
0.092265
0.089889
0.087556
0.085266
0.083020
0.080816
0.078656
0.076538
0.074462
0.072428
0.070435
0.068484
0.066573
0.064702
0.062872
0.061081
0.059330
0.057617
0.055942
0.054305
0.052705
0.051143
0.049617
0.048126
0.046671
0.045251
0.043866
0.042514
0.041196
0.039911
0.038658
0.037437
0.036247
0.035088
0.033960
0.032861
0.031791
0.030750
0.029737
0.028751
0.027793
0.026862
0.025956
0.025076
0.024221
0.023390
0.022583
0.021800
0.021040
0.020302
0.019586
0.018892
0.018219
0.017566
0.016933
0.016319
0.015725
0.015150
0.014592
0.014052
0.013530
0.013024
0.012535
0.012061
0.011603
0.011161
0.010733
0.010319
0.009920
0.009534
0.009161
0.008801
0.008453
0.008118
0.007794
0.007482
0.007181
0.006890
0.006610
0.006340
0.006080
0.005829
0.005588
0.005355
0.005132
0.004916
0.004709
0.004509
0.004317
0.004133
0.003955
0.003785
0.003621
0.003463
0.003312
0.003166
0.003027
0.002893
0.002764
0.002641
0.002522
0.002409
0.002300
0.002195
0.002095
0.001999
0.001907
0.001819
0.001735
0.001654
0.001577
0.001502
0.001432
0.001364
0.001299
0.001237
0.001178
0.001121
0.001067
0.001015
0.000966
0.000919
0.000874
0.000831
0.000790
0.000750
0.000713
0.000677
0.000643
0.000611
0.000580
0.000551
0.000523
0.000496
0.000470
0.000446
0.000423
0.000401
0.000380
0.000360
0.000341
0.000323
0.000306
0.000290
0.000275
0.000260
0.000246
0.000233
0.000220
0.000208
0.000197
0.000186
0.000176
0.000166
0.000157
0.000149
0.000140
0.000132
0.000125
0.000118
0.000111
0.000105
0.000099
0.000094
0.000088
0.000083
0.000078
0.000074
0.000070
0.000066
0.000062
0.000058
0.000055
0.000052
0.000049
0.000046
0.000043
0.000040
0.000038
0.000036
0.000034
0.000032
0.000030
0.000028
0.000026
0.000025
0.000023
0.000022
0.000020
0.000019
0.000018
0.000017
0.000016
0.000015
0.000014
0.000013
0.000012
0.000011
0.000011
0.000010
0.000009
0.000009
0.000008
0.000008
0.000007
0.000007
0.000006
0.000006
0.000005
0.000005
0.000005
0.000004
0.000004
0.000004
0.000004
0.000003
0.000003
0.000003
0.000003
0.000003
0.000002
0.000002
0.000002
0.000002
0.000002
0.000002
0.000002
0.000001
0.000001
0.000001
0.000001
0.000001
0.000001
0.000001
0.000001
0.000001
0.000001
0.000001
0.000001
0.000001
0.000001
0.000001
0.000000
0.000000
0.000000
0.000000
0.000000
0.000000
0.000000
0.000000
0.000000
0.000000
0.000000
0.000000
0.000000
0.000000
0.000000
0.000000
0.000000
0.000000
0.000000
0.000000
0.000000
0.000000
0.000000
0.000000
0.000000
0.000000
0.000000
0.000000
0.000000
0.000000
0.000000
0.000000
0.000000
0.000000
0.000000
0.000000
0.000000
0.000000
0.000000
0.000000
0.000000
0.000000
0.000000
0.000000
0.000000
0.000000
0.000000
0.000000
0.000000
0.000000
0.000000
0.000000
0.000000
0.000000
0.000000
0.000000
0.000000
0.000000
0.000000
0.000000
0.000000
0.000000
0.000000
0.000000
0.000000
0.000000
0.000000
0.000000
0.000000
0.000000
0.000000
0.000000
0.000000
0.000000
0.000000
0.000000
0.000000
0.000000
0.000000
0.000000
0.000000
0.000000
0.000000
0.000000
0.000000
0.000000
0.000000
0.000000
0.000000
0.000000
0.000000
0.000000
0.000000
0.000000
0.000000
0.000000
0.000000
0.000000
0.000000
0.000000
0.000000
0.000000
0.000000
0.000000
0.000000
0.000000
0.000000
0.000000
0.000000
0.000000
0.000000
0.000000
0.000000
0.000000
0.000000
0.000000
0.000000
0.000000
0.000000
0.000000
0.000000
0.000000
0.000000
0.000000
0.000000
0.000000
0.000000
0.000000
0.000000
0.000000
0.000000
0.000000
0.000000
0.000000
0.000000
0.000000
0.000000
0.000000
0.000000
0.000000
0.000000
0.000000
0.000000
0.000000
0.000000
0.000000
0.000000
0.000000
0.000000
0.000000
0.000000
0.000000
0.000000
0.000000
