0.005196
0.010391
0.015587
0.020784
0.025981
0.031178
0.036377
0.041577
0.046778
0.051980
0.057183
0.062388
0.067595
0.072802
0.078012
0.083222
0.088435
0.093649
0.098865
0.104081
0.109301
0.114520
0.119741
0.124962
0.130184
0.135408
0.140630
0.145855
0.151076
0.156300
0.161519
0.166740
0.171957
0.177173
0.182385
0.187593
0.192799
0.197998
0.203194
0.208381
0.213565
0.218739
0.223906
0.229064
0.234210
0.239348
0.244471
0.249585
0.254682
0.259766
0.264836
0.269884
0.274920
0.279932
0.284926
0.289898
0.294846
0.299774
0.304670
0.309545
0.314390
0.319204
0.323991
0.328740
0.333461
0.338144
0.342789
0.347401
0.351967
0.356496
0.360982
0.365420
0.369818
0.374164
0.378461
0.382712
0.386903
0.391047
0.395134
0.399160
0.403135
0.407044
0.410890
0.414680
0.418397
0.422052
0.425642
0.429155
0.432603
0.435979
0.439274
0.442501
0.445651
0.448715
0.451709
0.454620
0.457441
0.460189
0.462849
0.465416
0.467906
0.470305
0.472607
0.474827
0.476957
0.478984
0.480924
0.482775
0.484519
0.486171
0.487735
0.489192
0.490548
0.491816
0.492981
0.494036
0.495001
0.495869
0.496624
0.497279
0.497844
0.498301
0.498646
0.498898
0.499055
0.499098
0.499036
0.498882
0.498630
0.498264
0.497795
0.497238
0.496582
0.495813
0.494943
0.493986
0.492936
0.491776
0.490513
0.489166
0.487733
0.486197
0.484556
0.482828
0.481022
0.479128
0.477133
0.475041
0.472870
0.470628
0.468304
0.465886
0.463377
0.460791
0.458140
0.455423
0.452627
0.449744
0.446779
0.443747
0.440660
0.437519
0.434316
0.431042
0.427693
0.424275
0.420797
0.417270
0.413701
0.410092
0.406442
0.402748
0.399010
0.395223
0.391390
0.387513
0.383593
0.379636
0.375642
0.371614
0.367557
0.363470
0.359357
0.355221
0.351062
0.346883
0.342685
0.338472
0.334244
0.330003
0.325752
0.321492
0.317225
0.312952
0.308677
0.304400
0.300123
0.295849
0.291578
0.287313
0.283054
0.278804
0.274565
0.270337
0.266124
0.261924
0.257742
0.253577
0.249432
0.245307
0.241205
0.237126
0.233072
0.229045
0.225044
0.221072
0.217129
0.213218
0.209338
0.205492
0.201679
0.197901
0.194159
0.190455
0.186788
0.183160
0.179571
0.176022
0.172514
0.169049
0.165626
0.162246
0.158909
0.155617
0.152370
0.149169
0.146013
0.142905
0.139842
0.136827
0.133861
0.130944
0.128073
0.125253
0.122480
0.119758
0.117085
0.114462
0.111889
0.109367
0.106895
0.104474
0.102102
0.099782
0.097513
0.095295
0.093128
0.091013
0.088948
0.086934
0.084971
0.083060
0.081199
0.079390
0.077632
0.075924
0.074268
0.072662
0.071108
0.069604
0.068150
0.066747
0.065395
0.064093
0.062841
0.061639
0.060487
0.059386
0.058333
0.057332
0.056379
0.055476
0.054623
0.053818
0.053063
0.052357
0.051700
0.051092
0.050533
0.050023
0.049562
0.049149
0.048785
0.048470
0.048203
0.047985
0.047815
0.047694
0.047622
0.047598
0.047622
0.047694
0.047816
0.047985
0.048203
0.048470
0.048787
0.049150
0.049562
0.050024
0.050534
0.051093
0.051700
0.052356
0.053062
0.053816
0.054621
0.055474
0.056377
0.057330
0.058331
0.059383
0.060485
0.061636
0.062838
0.064090
0.065392
0.066745
0.068148
0.069602
0.071106
0.072660
0.074266
0.075922
0.077629
0.079388
0.081196
0.083057
0.084968
0.086930
0.088943
0.091008
0.093124
0.095291
0.097509
0.099778
0.102098
0.104469
0.106890
0.109363
0.111884
0.114457
0.117080
0.119753
0.122475
0.125247
0.128068
0.130938
0.133856
0.136823
0.139837
0.142898
0.146007
0.149162
0.152363
0.155610
0.158901
0.162237
0.165617
0.169040
0.172506
0.176012
0.179561
0.183150
0.186778
0.190445
0.194151
0.197893
0.201671
0.205483
0.209330
0.213210
0.217121
0.221064
0.225036
0.229036
0.233064
0.237118
0.241197
0.245299
0.249424
0.253569
0.257734
0.261917
0.266116
0.270330
0.274558
0.278797
0.283047
0.287305
0.291571
0.295843
0.300117
0.304393
0.308670
0.312945
0.317217
0.321483
0.325744
0.329995
0.334235
0.338464
0.342677
0.346875
0.351053
0.355213
0.359350
0.363463
0.367551
0.371609
0.375638
0.379636
0.383600
0.387527
0.391417
0.395268
0.399076
0.402841
0.406560
0.410232
0.413855
0.417426
0.420944
0.424407
0.427813
0.431161
0.434448
0.437672
0.440832
0.443928
0.446954
0.449912
0.452799
0.455614
0.458354
0.461019
0.463607
0.466116
0.468544
0.470891
0.473155
0.475336
0.477431
0.479440
0.481361
0.483192
0.484934
0.486586
0.488144
0.489610
0.490982
0.492260
0.493442
0.494528
0.495518
0.496410
0.497204
0.497900
0.498498
0.498996
0.499395
0.499694
0.499894
0.499993
0.499992
0.499892
0.499692
0.499392
0.498992
0.498493
0.497895
0.497198
0.496403
0.495510
0.494519
0.493432
0.492249
0.490970
0.489597
0.488129
0.486569
0.484917
0.483175
0.481342
0.479420
0.477410
0.475314
0.473133
0.470867
0.468518
0.466087
0.463577
0.460988
0.458322
0.455580
0.452763
0.449874
0.446915
0.443886
0.440790
0.437627
0.434401
0.431112
0.427762
0.424353
0.420887
0.417367
0.413793
0.410168
0.406493
0.402771
0.399002
0.395190
0.391335
0.387442
0.383510
0.379543
0.375541
0.371507
0.367443
0.363350
0.359232
0.355088
0.350923
0.346737
0.342532
0.338311
0.334075
0.329826
0.325567
0.321298
0.317021
0.312739
0.308453
0.304165
0.299876
0.295589
0.291305
0.287025
0.282752
0.278487
0.274232
0.269987
0.265755
0.261537
0.257334
0.253149
0.248981
0.244833
0.240707
0.236602
0.232521
0.228464
0.224434
0.220430
0.216455
0.212509
0.208593
0.204708
0.200856
0.197037
0.193251
0.189500
0.185785
0.182107
0.178465
0.174862
0.171297
0.167771
0.164285
0.160839
0.157434
0.154070
0.150748
0.147468
0.144230
0.141036
0.137884
0.134776
0.131712
0.128692
0.125716
0.122784
0.119896
0.117053
0.114254
0.111501
0.108791
0.106127
0.103507
0.100931
0.098400
0.095913
0.093470
0.091072
0.088717
0.086405
0.084137
0.081913
0.079731
0.077591
0.075495
0.073440
0.071426
0.069454
0.067523
0.065633
0.063782
0.061972
0.060201
0.058468
0.056774
0.055119
0.053501
0.051920
0.050375
0.048867
0.047394
0.045957
0.044554
0.043186
0.041851
0.040550
0.039280
0.038044
0.036838
0.035664
0.034520
0.033406
0.032322
0.031267
0.030240
0.029241
0.028269
0.027324
0.026406
0.025513
0.024645
0.023802
0.022984
0.022189
0.021417
0.020668
0.019942
0.019237
0.018553
0.017890
0.017247
0.016624
0.016020
0.015435
0.014869
0.014320
0.013789
0.013275
0.012777
0.012296
0.011830
0.011380
0.010945
0.010524
0.010118
0.009725
0.009346
0.008979
0.008626
0.008284
0.007954
0.007637
0.007330
0.007034
0.006749
0.006474
0.006209
0.005953
0.005708
0.005471
0.005242
0.005023
0.004811
0.004608
0.004412
0.004224
0.004043
0.003869
0.003702
0.003541
0.003387
0.003238
0.003096
0.002959
0.002828
0.002702
0.002581
0.002465
0.002354
0.002247
0.002145
0.002047
0.001953
0.001863
0.001776
0.001694
0.001615
0.001539
0.001467
0.001397
0.001331
0.001268
0.001207
0.001149
0.001094
0.001041
0.000990
0.000942
0.000896
0.000852
0.000810
0.000770
0.000731
0.000695
0.000660
0.000627
0.000595
0.000565
0.000536
0.000509
0.000483
0.000458
0.000434
0.000412
0.000391
0.000370
0.000351
0.000332
0.000315
0.000298
0.000282
0.000267
0.000253
0.000239
0.000226
0.000214
0.000203
0.000192
0.000181
0.000171
0.000162
0.000153
0.000144
0.000136
0.000129
0.000122
0.000115
0.000108
0.000102
0.000096
0.000091
0.000086
0.000081
0.000076
0.000072
0.000068
0.000064
0.000060
0.000056
0.000053
0.000050
0.000047
0.000044
0.000042
0.000039
0.000037
0.000035
0.000033
0.000031
0.000029
0.000027
0.000025
0.000024
0.000022
0.000021
0.000020
0.000018
0.000017
0.000016
0.000015
0.000014
0.000013
0.000013
0.000012
0.000011
0.000010
0.000010
0.000009
0.000008
0.000008
0.000007
0.000007
0.000006
0.000006
0.000006
0.000005
0.000005
0.000005
0.000004
0.000004
0.000004
0.000004
0.000003
0.000003
0.000003
0.000003
0.000002
0.000002
0.000002
0.000002
0.000002
0.000002
0.000002
0.000002
0.000001
0.000001
0.000001
0.000001
0.000001
0.000001
0.000001
0.000001
0.000001
0.000001
0.000001
0.000001
0.000001
0.000001
0.000001
0.000000
0.000000
0.000000
0.000000
0.000000
0.000000
0.000000
0.000000
0.000000
0.000000
0.000000
0.000000
0.000000
0.000000
0.000000
0.000000
0.000000
0.000000
0.000000
0.000000
0.000000
0.000000
0.000000
0.000000
0.000000
0.000000
0.000000
0.000000
0.000000
0.000000
0.000000
0.000000
0.000000
0.000000
0.000000
0.000000
0.000000
0.000000
0.000000
0.000000
0.000000
0.000000
0.000000
0.000000
0.000000
0.000000
0.000000
0.000000
0.000000
0.000000
0.000000
0.000000
0.000000
0.000000
0.000000
0.000000
0.000000
0.000000
0.000000
0.000000
0.000000
0.000000
0.000000
0.000000
0.000000
0.000000
0.000000
0.000000
0.000000
0.000000
0.000000
0.000000
0.000000
0.000000
0.000000
0.000000
0.000000
0.000000
0.000000
0.000000
0.000000
0.000000
0.000000
0.000000
0.000000
0.000000
0.000000
0.000000
0.000000
0.000000
0.000000
0.000000
0.000000
0.000000
0.000000
0.000000
0.000000
0.000000
0.000000
0.000000
0.000000
0.000000
0.000000
0.000000
0.000000
0.000000
0.000000
0.000000
0.000000
0.000000
0.000000
0.000000
0.000000
0.000000
0.000000
0.000000
0.000000
0.000000
0.000000
0.000000
0.000000
0.000000
0.000000
0.000000
0.000000
0.000000
0.000000
0.000000
0.000000
0.000000
0.000000
0.000000
0.000000
0.000000
0.000000
0.000000
0.000000
0.000000
0.000000
0.000000
0.000000
0.000000
0.000000
0.000000
0.000000
0.000000
0.000000
0.000000
0.000000
0.000000
0.000000
0.000000
0.000000
