0.005240
0.010480
0.015721
0.020961
0.026203
0.031445
0.036688
0.041931
0.047175
0.052421
0.057668
0.062915
0.068164
0.073414
0.078666
0.083918
0.089172
0.094426
0.099682
0.104939
0.110197
0.115456
0.120714
0.125974
0.131233
0.136493
0.141751
0.147011
0.152268
0.157524
0.162778
0.168030
0.173280
0.178526
0.183770
0.189006
0.194241
0.199467
0.204690
0.209904
0.215111
0.220311
0.225499
0.230681
0.235848
0.241006
0.246150
0.251280
0.256397
0.261495
0.266580
0.271643
0.276691
0.281716
0.286719
0.291703
0.296658
0.301593
0.306498
0.311376
0.316227
0.321042
0.325831
0.330583
0.335300
0.339984
0.344624
0.349232
0.353795
0.358314
0.362795
0.367224
0.371610
0.375948
0.380230
0.384468
0.388648
0.392771
0.396845
0.400852
0.404805
0.408698
0.412521
0.416287
0.419985
0.423611
0.427177
0.430665
0.434081
0.437431
0.440698
0.443890
0.447011
0.450044
0.453000
0.455880
0.458668
0.461374
0.464002
0.466532
0.468978
0.471342
0.473606
0.475780
0.477871
0.479859
0.481752
0.483560
0.485265
0.486869
0.488386
0.489803
0.491112
0.492329
0.493451
0.494462
0.495374
0.496195
0.496908
0.497512
0.498024
0.498437
0.498736
0.498933
0.499040
0.499041
0.498929
0.498720
0.498421
0.498013
0.497493
0.496881
0.496178
0.495368
0.494448
0.493437
0.492341
0.491140
0.489831
0.488430
0.486949
0.485373
0.483692
0.481914
0.480058
0.478122
0.476091
0.473959
0.471741
0.469451
0.467088
0.464637
0.462093
0.459465
0.456769
0.454012
0.451184
0.448273
0.445277
0.442208
0.439081
0.435902
0.432668
0.429369
0.425998
0.422555
0.419050
0.415492
0.411891
0.408251
0.404573
0.400855
0.397095
0.393288
0.389438
0.385544
0.381608
0.377635
0.373625
0.369582
0.365511
0.361411
0.357286
0.353137
0.348968
0.344780
0.340573
0.336352
0.332117
0.327870
0.323614
0.319349
0.315079
0.310804
0.306527
0.302249
0.297973
0.293700
0.289431
0.285168
0.280912
0.276667
0.272433
0.268211
0.264003
0.259811
0.255637
0.251480
0.247344
0.243229
0.239137
0.235069
0.231027
0.227012
0.223024
0.219065
0.215136
0.211239
0.207374
0.203541
0.199745
0.195982
0.192258
0.188569
0.184920
0.181309
0.177737
0.174206
0.170717
0.167270
0.163866
0.160505
0.157187
0.153914
0.150686
0.147505
0.144369
0.141280
0.138237
0.135242
0.132296
0.129398
0.126548
0.123747
0.120995
0.118292
0.115639
0.113035
0.110482
0.107979
0.105526
0.103124
0.100772
0.098471
0.096220
0.094021
0.091872
0.089775
0.087727
0.085731
0.083786
0.081891
0.080047
0.078254
0.076512
0.074820
0.073179
0.071588
0.070048
0.068558
0.067119
0.065729
0.064390
0.063101
0.061861
0.060671
0.059531
0.058440
0.057398
0.056406
0.055464
0.054570
0.053725
0.052929
0.052181
0.051483
0.050833
0.050231
0.049677
0.049173
0.048716
0.048308
0.047948
0.047637
0.047372
0.047156
0.046989
0.046869
0.046797
0.046773
0.046797
0.046869
0.046989
0.047157
0.047372
0.047636
0.047949
0.048309
0.048718
0.049174
0.049678
0.050231
0.050832
0.051482
0.052180
0.052927
0.053723
0.054568
0.055461
0.056404
0.057396
0.058437
0.059528
0.060668
0.061858
0.063098
0.064387
0.065727
0.067117
0.068556
0.070046
0.071586
0.073177
0.074817
0.076509
0.078251
0.080044
0.081888
0.083782
0.085726
0.087723
0.089770
0.091868
0.094017
0.096216
0.098466
0.100768
0.103120
0.105522
0.107975
0.110478
0.113030
0.115634
0.118287
0.120990
0.123741
0.126543
0.129393
0.132291
0.135237
0.138232
0.141274
0.144362
0.147498
0.150679
0.153907
0.157179
0.160496
0.163857
0.167262
0.170708
0.174197
0.177727
0.181299
0.184910
0.188560
0.192248
0.195975
0.199736
0.203533
0.207365
0.211230
0.215128
0.219056
0.223015
0.227003
0.231018
0.235061
0.239129
0.243221
0.247336
0.251472
0.255628
0.259804
0.263996
0.268203
0.272425
0.276660
0.280905
0.285160
0.289424
0.293693
0.297967
0.302243
0.306521
0.310797
0.315071
0.319341
0.323605
0.327862
0.332108
0.336343
0.340565
0.344772
0.348960
0.353130
0.357279
0.361404
0.365505
0.369578
0.373623
0.377637
0.381618
0.385564
0.389473
0.393344
0.397174
0.400961
0.404704
0.408399
0.412047
0.415644
0.419189
0.422680
0.426115
0.429493
0.432810
0.436066
0.439259
0.442387
0.445448
0.448440
0.451363
0.454214
0.456992
0.459695
0.462322
0.464870
0.467339
0.469727
0.472033
0.474255
0.476394
0.478446
0.480411
0.482287
0.484074
0.485771
0.487376
0.488888
0.490307
0.491633
0.492862
0.493997
0.495035
0.495976
0.496819
0.497564
0.498211
0.498759
0.499208
0.499557
0.499806
0.499956
0.500005
0.499954
0.499804
0.499555
0.499205
0.498755
0.498206
0.497559
0.496813
0.495968
0.495027
0.493988
0.492852
0.491621
0.490295
0.488875
0.487361
0.485755
0.484057
0.482269
0.480392
0.478426
0.476373
0.474234
0.472010
0.469702
0.467312
0.464842
0.462292
0.459664
0.456960
0.454181
0.451327
0.448403
0.445409
0.442346
0.439217
0.436022
0.432764
0.429444
0.426065
0.422627
0.419134
0.415586
0.411986
0.408336
0.404638
0.400892
0.397101
0.393268
0.389394
0.385481
0.381531
0.377546
0.373528
0.369478
0.365400
0.361294
0.357163
0.353008
0.348833
0.344637
0.340424
0.336195
0.331952
0.327698
0.323433
0.319160
0.314881
0.310596
0.306309
0.302020
0.297732
0.293446
0.289164
0.284888
0.280619
0.276358
0.272108
0.267869
0.263644
0.259433
0.255239
0.251062
0.246905
0.242767
0.238651
0.234558
0.230489
0.226446
0.222429
0.218439
0.214478
0.210547
0.206647
0.202778
0.198942
0.195140
0.191371
0.187638
0.183942
0.180281
0.176659
0.173074
0.169529
0.166023
0.162557
0.159131
0.155747
0.152404
0.149103
0.145844
0.142628
0.139455
0.136325
0.133239
0.130197
0.127198
0.124244
0.121334
0.118469
0.115648
0.112872
0.110140
0.107453
0.104811
0.102213
0.099660
0.097151
0.094686
0.092265
0.089889
0.087556
0.085266
0.083020
0.080816
0.078656
0.076538
0.074462
0.072428
0.070435
0.068484
0.066573
0.064702
0.062872
0.061081
0.059330
0.057617
0.055942
0.054305
0.052705
0.051143
0.049617
0.048126
0.046671
0.045251
0.043866
0.042514
0.041196
0.039911
0.038658
0.037437
0.036247
0.035088
0.033960
0.032861
0.031791
0.030750
0.029737
0.028751
0.027793
0.026862
0.025956
0.025076
0.024221
0.023390
0.022583
0.021800
0.021040
0.020302
0.019586
0.018892
0.018219
0.017566
0.016933
0.016320
0.015725
0.015150
0.014592
0.014052
0.013530
0.013024
0.012535
0.012061
0.011604
0.011161
0.010733
0.010319
0.009920
0.009534
0.009161
0.008801
0.008453
0.008118
0.007794
0.007482
0.007181
0.006890
0.006610
0.006340
0.006080
0.005829
0.005588
0.005355
0.005132
0.004916
0.004709
0.004509
0.004317
0.004133
0.003955
0.003785
0.003621
0.003463
0.003312
0.003166
0.003027
0.002893
0.002764
0.002641
0.002522
0.002409
0.002300
0.002195
0.002095
0.001999
0.001907
0.001819
0.001735
0.001654
0.001577
0.001502
0.001432
0.001364
0.001299
0.001237
0.001178
0.001121
0.001067
0.001015
0.000966
0.000919
0.000874
0.000831
0.000790
0.000750
0.000713
0.000677
0.000643
0.000611
0.000580
0.000551
0.000523
0.000496
0.000470
0.000446
0.000423
0.000401
0.000380
0.000360
0.000341
0.000323
0.000306
0.000290
0.000275
0.000260
0.000246
0.000233
0.000220
0.000208
0.000197
0.000186
0.000176
0.000166
0.000157
0.000149
0.000140
0.000132
0.000125
0.000118
0.000111
0.000105
0.000099
0.000094
0.000088
0.000083
0.000078
0.000074
0.000070
0.000066
0.000062
0.000058
0.000055
0.000052
0.000049
0.000046
0.000043
0.000040
0.000038
0.000036
0.000034
0.000032
0.000030
0.000028
0.000026
0.000025
0.000023
0.000022
0.000020
0.000019
0.000018
0.000017
0.000016
0.000015
0.000014
0.000013
0.000012
0.000011
0.000011
0.000010
0.000009
0.000009
0.000008
0.000008
0.000007
0.000007
0.000006
0.000006
0.000005
0.000005
0.000005
0.000004
0.000004
0.000004
0.000004
0.000003
0.000003
0.000003
0.000003
0.000003
0.000002
0.000002
0.000002
0.000002
0.000002
0.000002
0.000002
0.000001
0.000001
0.000001
0.000001
0.000001
0.000001
0.000001
0.000001
0.000001
0.000001
0.000001
0.000001
0.000001
0.000001
0.000001
0.000000
0.000000
0.000000
0.000000
0.000000
0.000000
0.000000
0.000000
0.000000
0.000000
0.000000
0.000000
0.000000
0.000000
0.000000
0.000000
0.000000
0.000000
0.000000
0.000000
0.000000
0.000000
0.000000
0.000000
0.000000
0.000000
0.000000
0.000000
0.000000
0.000000
0.000000
0.000000
0.000000
0.000000
0.000000
0.000000
0.000000
0.000000
0.000000
0.000000
0.000000
0.000000
0.000000
0.000000
0.000000
0.000000
0.000000
0.000000
0.000000
0.000000
0.000000
0.000000
0.000000
0.000000
0.000000
0.000000
0.000000
0.000000
0.000000
0.000000
0.000000
0.000000
0.000000
0.000000
0.000000
0.000000
0.000000
0.000000
0.000000
0.000000
0.000000
0.000000
0.000000
0.000000
0.000000
0.000000
0.000000
0.000000
0.000000
0.000000
0.000000
0.000000
0.000000
0.000000
0.000000
0.000000
0.000000
0.000000
0.000000
0.000000
0.000000
0.000000
0.000000
0.000000
0.000000
0.000000
0.000000
0.000000
0.000000
0.000000
0.000000
0.000000
0.000000
0.000000
0.000000
0.000000
0.000000
0.000000
0.000000
0.000000
0.000000
0.000000
0.000000
0.000000
0.000000
0.000000
0.000000
0.000000
0.000000
0.000000
0.000000
0.000000
0.000000
0.000000
0.000000
0.000000
0.000000
0.000000
0.000000
0.000000
0.000000
0.000000
0.000000
0.000000
0.000000
0.000000
0.000000
0.000000
0.000000
0.000000
0.000000
0.000000
0.000000
0.000000
0.000000
0.000000
0.000000
0.000000
0.000000
0.000000
0.000000
0.000000
0.000000
