0.000019
0.000041
0.000059
0.000080
0.000102
0.000117
0.000148
0.000158
0.000185
0.000215
0.000220
0.000250
0.000294
0.000301
0.000300
0.000341
0.000415
0.000488
0.000545
0.000587
0.000623
0.000658
0.000694
0.000731
0.000770
0.000812
0.000855
0.000900
0.000948
0.000998
0.001050
0.001105
0.001163
0.001223
0.001287
0.001353
0.001422
0.001495
0.001571
0.001651
0.001734
0.001821
0.001913
0.002008
0.002108
0.002212
0.002321
0.002435
0.002554
0.002678
0.002808
0.002944
0.003085
0.003233
0.003387
0.003548
0.003715
0.003890
0.004072
0.004262
0.004460
0.004666
0.004881
0.005105
0.005337
0.005580
0.005832
0.006095
0.006368
0.006652
0.006948
0.007255
0.007574
0.007906
0.008251
0.008609
0.008981
0.009367
0.009768
0.010184
0.010616
0.011064
0.011529
0.012011
0.012510
0.013028
0.013565
0.014121
0.014697
0.015294
0.015912
0.016551
0.017213
0.017898
0.018607
0.019340
0.020099
0.020882
0.021693
0.022530
0.023395
0.024289
0.025212
0.026165
0.027149
0.028165
0.029213
0.030294
0.031409
0.032559
0.033744
0.034966
0.036226
0.037523
0.038860
0.040236
0.041653
0.043112
0.044614
0.046158
0.047748
0.049382
0.051063
0.052791
0.054567
0.056392
0.058266
0.060192
0.062169
0.064199
0.066283
0.068421
0.070615
0.072865
0.075172
0.077538
0.079963
0.082448
0.084995
0.087603
0.090274
0.093008
0.095807
0.098672
0.101603
0.104601
0.107667
0.110802
0.114007
0.117282
0.120628
0.124045
0.127536
0.131100
0.134737
0.138450
0.142237
0.146101
0.150041
0.154058
0.158152
0.162324
0.166575
0.170905
0.175314
0.179803
0.184371
0.189020
0.193750
0.198560
0.203451
0.208422
0.213475
0.218610
0.223825
0.229121
0.234498
0.239956
0.245494
0.251113
0.256812
0.262590
0.268448
0.274384
0.280399
0.286491
0.292661
0.298907
0.305228
0.311624
0.318095
0.324638
0.331253
0.337939
0.344695
0.351520
0.358412
0.365371
0.372394
0.379481
0.386630
0.393839
0.401107
0.408432
0.415812
0.423247
0.430732
0.438268
0.445852
0.453481
0.461154
0.468868
0.476622
0.484413
0.492238
0.500096
0.507984
0.515899
0.523839
0.531801
0.539782
0.547781
0.555793
0.563817
0.571849
0.579886
0.587926
0.595965
0.604001
0.612030
0.620049
0.628055
0.636045
0.644017
0.651965
0.659887
0.667781
0.675642
0.683467
0.691253
0.698997
0.706695
0.714344
0.721940
0.729481
0.736961
0.744379
0.751731
0.759012
0.766221
0.773353
0.780405
0.787374
0.794256
0.801048
0.807748
0.814350
0.820852
0.827252
0.833546
0.839730
0.845801
0.851757
0.857594
0.863310
0.868901
0.874364
0.879697
0.884896
0.889960
0.894886
0.899670
0.904311
0.908805
0.913151
0.917345
0.921387
0.925273
0.929003
0.932572
0.935980
0.939225
0.942305
0.945217
0.947961
0.950536
0.952939
0.955170
0.957227
0.959108
0.960814
0.962343
0.963694
0.964867
0.965860
0.966673
0.967306
0.967758
0.968030
0.968121
0.968031
0.967759
0.967307
0.966674
0.965861
0.964868
0.963696
0.962345
0.960816
0.959110
0.957228
0.955172
0.952941
0.950537
0.947963
0.945219
0.942306
0.939227
0.935982
0.932575
0.929005
0.925277
0.921390
0.917349
0.913154
0.908808
0.904314
0.899674
0.894890
0.889964
0.884900
0.879701
0.874368
0.868905
0.863314
0.857598
0.851761
0.845806
0.839734
0.833550
0.827257
0.820858
0.814355
0.807753
0.801054
0.794262
0.787379
0.780410
0.773358
0.766226
0.759018
0.751736
0.744385
0.736967
0.729486
0.721946
0.714350
0.706702
0.699004
0.691260
0.683474
0.675648
0.667787
0.659894
0.651972
0.644023
0.636052
0.628062
0.620055
0.612036
0.604007
0.595972
0.587933
0.579893
0.571856
0.563824
0.555801
0.547789
0.539790
0.531809
0.523847
0.515907
0.507992
0.500105
0.492247
0.484421
0.476630
0.468877
0.461162
0.453489
0.445860
0.438277
0.430741
0.423255
0.415821
0.408441
0.401116
0.393848
0.386639
0.379490
0.372403
0.365380
0.358421
0.351529
0.344704
0.337948
0.331262
0.324647
0.318104
0.311633
0.305237
0.298916
0.292670
0.286501
0.280408
0.274394
0.268457
0.262600
0.256821
0.251122
0.245504
0.239965
0.234507
0.229130
0.223834
0.218619
0.213484
0.208432
0.203460
0.198569
0.193758
0.189029
0.184380
0.179811
0.175323
0.170913
0.166584
0.162333
0.158160
0.154066
0.150048
0.146108
0.142245
0.138457
0.134745
0.131107
0.127543
0.124052
0.120634
0.117288
0.114013
0.110809
0.107674
0.104608
0.101609
0.098678
0.095813
0.093014
0.090279
0.087608
0.085000
0.082454
0.079969
0.077543
0.075178
0.072870
0.070620
0.068426
0.066288
0.064204
0.062174
0.060196
0.058271
0.056396
0.054571
0.052795
0.051067
0.049386
0.047752
0.046162
0.044617
0.043116
0.041657
0.040239
0.038863
0.037526
0.036229
0.034969
0.033747
0.032562
0.031412
0.030296
0.029215
0.028167
0.027152
0.026168
0.025214
0.024291
0.023398
0.022532
0.021695
0.020885
0.020101
0.019342
0.018609
0.017900
0.017215
0.016553
0.015914
0.015296
0.014699
0.014123
0.013566
0.013030
0.012512
0.012012
0.011530
0.011065
0.010617
0.010185
0.009769
0.009368
0.008982
0.008610
0.008252
0.007907
0.007575
0.007256
0.006948
0.006653
0.006369
0.006096
0.005833
0.005581
0.005338
0.005105
0.004882
0.004667
0.004461
0.004263
0.004073
0.003890
0.003716
0.003548
0.003387
0.003233
0.003086
0.002944
0.002809
0.002679
0.002554
0.002435
0.002322
0.002213
0.002108
0.002008
0.001913
0.001822
0.001735
0.001651
0.001571
0.001495
0.001423
0.001353
0.001287
0.001224
0.001163
0.001106
0.001051
0.000998
0.000948
0.000901
0.000855
0.000812
0.000770
0.000731
0.000694
0.000658
0.000624
0.000592
0.000561
0.000532
0.000504
0.000478
0.000452
0.000428
0.000406
0.000384
0.000364
0.000344
0.000326
0.000308
0.000291
0.000276
0.000261
0.000246
0.000233
0.000220
0.000208
0.000196
0.000185
0.000175
0.000165
0.000156
0.000147
0.000139
0.000131
0.000123
0.000116
0.000110
0.000103
0.000097
0.000092
0.000087
0.000081
0.000077
0.000072
0.000068
0.000064
0.000060
0.000057
0.000053
0.000050
0.000047
0.000044
0.000042
0.000039
0.000037
0.000034
0.000032
0.000030
0.000029
0.000027
0.000025
0.000024
0.000022
0.000021
0.000019
0.000018
0.000017
0.000016
0.000015
0.000014
0.000013
0.000012
0.000012
0.000011
0.000010
0.000009
0.000009
0.000008
0.000008
0.000007
0.000007
0.000006
0.000006
0.000005
0.000005
0.000005
0.000004
0.000004
0.000004
0.000004
0.000003
0.000003
0.000003
0.000003
0.000003
0.000002
0.000002
0.000002
0.000002
0.000002
0.000002
0.000002
0.000001
0.000001
0.000001
0.000001
0.000001
0.000001
0.000001
0.000001
0.000001
0.000001
0.000001
0.000001
0.000001
0.000001
0.000001
0.000000
0.000000
0.000000
0.000000
0.000000
0.000000
0.000000
0.000000
0.000000
0.000000
0.000000
0.000000
0.000000
0.000000
0.000000
0.000000
0.000000
0.000000
0.000000
0.000000
0.000000
0.000000
0.000000
0.000000
0.000000
0.000000
0.000000
0.000000
0.000000
0.000000
0.000000
0.000000
0.000000
0.000000
0.000000
0.000000
0.000000
0.000000
0.000000
0.000000
0.000000
0.000000
0.000000
0.000000
0.000000
0.000000
0.000000
0.000000
0.000000
0.000000
0.000000
0.000000
0.000000
0.000000
0.000000
0.000000
0.000000
0.000000
0.000000
0.000000
0.000000
0.000000
0.000000
0.000000
0.000000
0.000000
0.000000
0.000000
0.000000
0.000000
0.000000
0.000000
0.000000
0.000000
0.000000
0.000000
0.000000
0.000000
0.000000
0.000000
0.000000
0.000000
0.000000
0.000000
0.000000
0.000000
0.000000
0.000000
0.000000
0.000000
0.000000
0.000000
0.000000
0.000000
0.000000
0.000000
0.000000
0.000000
0.000000
0.000000
0.000000
0.000000
0.000000
0.000000
0.000000
0.000000
0.000000
0.000000
0.000000
0.000000
0.000000
0.000000
0.000000
0.000000
0.000000
0.000000
0.000000
0.000000
0.000000
0.000000
0.000000
0.000000
0.000000
0.000000
0.000000
0.000000
0.000000
0.000000
0.000000
0.000000
0.000000
0.000000
0.000000
0.000000
0.000000
0.000000
0.000000
0.000000
0.000000
0.000000
0.000000
0.000000
0.000000
0.000000
0.000000
0.000000
0.000000
0.000000
0.000000
0.000000
0.000000
0.000000
0.000000
0.000000
0.000000
0.000000
0.000000
0.000000
0.000000
0.000000
0.000000
0.000000
0.000000
0.000000
0.000000
0.000000
0.000000
0.000000
0.000000
0.000000
0.000000
0.000000
0.000000
0.000000
0.000000
0.000000
0.000000
0.000000
0.000000
0.000000
0.000000
0.000000
0.000000
0.000000
0.000000
0.000000
0.000000
0.000000
0.000000
0.000000
0.000000
0.000000
0.000000
0.000000
0.000000
0.000000
0.000000
0.000000
0.000000
0.000000
0.000000
0.000000
0.000000
0.000000
0.000000
0.000000
0.000000
0.000000
0.000000
0.000000
0.000000
0.000000
0.000000
0.000000
0.000000
0.000000
0.000000
0.000000
0.000000
0.000000
0.000000
0.000000
0.000000
0.000000
0.000000
0.000000
0.000000
0.000000
0.000000
0.000000
0.000000
0.000000
0.000000
0.000000
0.000000
0.000000
0.000000
0.000000
0.000000
0.000000
0.000000
0.000000
0.000000
0.000000
0.000000
0.000000
0.000000
0.000000
0.000000
0.000000
0.000000
0.000000
0.000000
0.000000
0.000000
0.000000
0.000000
0.000000
0.000000
0.000000
0.000000
0.000000
0.000000
0.000000
0.000000
0.000000
0.000000
0.000000
0.000000
0.000000
0.000000
0.000000
0.000000
0.000000
0.000000
0.000000
0.000000
0.000000
0.000000
0.000000
0.000000
0.000000
0.000000
0.000000
0.000000
0.000000
0.000000
0.000000
0.000000
0.000000
0.000000
0.000000
0.000000
0.000000
0.000000
0.000000
0.000000
0.000000
0.000000
0.000000
0.000000
0.000000
0.000000
0.000000
0.000000
0.000000
0.000000
0.000000
0.000000
