0.000021
0.000040
0.000063
0.000080
0.000107
0.000120
0.000149
0.000168
0.000183
0.000221
0.000234
0.000248
0.000296
0.000322
0.000317
0.000337
0.000400
0.000479
0.000545
0.000594
0.000634
0.000670
0.000707
0.000745
0.000785
0.000827
0.000871
0.000917
0.000966
0.001017
0.001070
0.001126
0.001184
0.001246
0.001310
0.001377
0.001448
0.001522
0.001599
0.001680
0.001764
0.001853
0.001946
0.002042
0.002144
0.002249
0.002360
0.002476
0.002596
0.002722
0.002854
0.002991
0.003135
0.003284
0.003440
0.003603
0.003773
0.003950
0.004134
0.004327
0.004527
0.004736
0.004953
0.005180
0.005415
0.005661
0.005916
0.006182
0.006458
0.006746
0.007044
0.007355
0.007678
0.008013
0.008362
0.008724
0.009100
0.009490
0.009895
0.010315
0.010752
0.011204
0.011674
0.012160
0.012665
0.013187
0.013729
0.014291
0.014872
0.015474
0.016098
0.016743
0.017411
0.018102
0.018816
0.019556
0.020320
0.021110
0.021927
0.022771
0.023643
0.024543
0.025473
0.026434
0.027425
0.028448
0.029503
0.030592
0.031714
0.032872
0.034065
0.035295
0.036563
0.037868
0.039213
0.040598
0.042024
0.043491
0.045001
0.046555
0.048153
0.049796
0.051486
0.053223
0.055007
0.056841
0.058725
0.060660
0.062646
0.064686
0.066779
0.068926
0.071129
0.073388
0.075705
0.078080
0.080514
0.083009
0.085564
0.088181
0.090861
0.093605
0.096413
0.099287
0.102226
0.105233
0.108308
0.111451
0.114664
0.117947
0.121301
0.124726
0.128224
0.131795
0.135440
0.139160
0.142954
0.146824
0.150770
0.154793
0.158894
0.163072
0.167328
0.171662
0.176076
0.180569
0.185141
0.189794
0.194526
0.199339
0.204233
0.209207
0.214261
0.219396
0.224612
0.229909
0.235286
0.240743
0.246280
0.251897
0.257594
0.263370
0.269224
0.275157
0.281168
0.287255
0.293419
0.299659
0.305974
0.312363
0.318826
0.325361
0.331967
0.338644
0.345390
0.352204
0.359085
0.366031
0.373042
0.380115
0.387250
0.394445
0.401698
0.409007
0.416371
0.423788
0.431256
0.438774
0.446338
0.453948
0.461600
0.469294
0.477026
0.484795
0.492598
0.500433
0.508296
0.516187
0.524102
0.532039
0.539994
0.547966
0.555951
0.563947
0.571951
0.579959
0.587970
0.595980
0.603986
0.611984
0.619973
0.627948
0.635906
0.643846
0.651762
0.659652
0.667513
0.675341
0.683133
0.690886
0.698596
0.706261
0.713876
0.721438
0.728944
0.736391
0.743774
0.751092
0.758340
0.765514
0.772612
0.779631
0.786566
0.793415
0.800174
0.806840
0.813409
0.819879
0.826247
0.832508
0.838661
0.844701
0.850626
0.856433
0.862119
0.867681
0.873115
0.878420
0.883592
0.888628
0.893527
0.898286
0.902901
0.907371
0.911693
0.915865
0.919885
0.923749
0.927458
0.931008
0.934397
0.937623
0.940686
0.943582
0.946311
0.948871
0.951260
0.953478
0.955524
0.957395
0.959091
0.960611
0.961954
0.963120
0.964107
0.964916
0.965546
0.965995
0.966265
0.966356
0.966266
0.965996
0.965547
0.964917
0.964109
0.963121
0.961956
0.960613
0.959092
0.957396
0.955525
0.953480
0.951262
0.948872
0.946312
0.943584
0.940687
0.937625
0.934399
0.931010
0.927460
0.923753
0.919888
0.915868
0.911697
0.907375
0.902905
0.898290
0.893531
0.888633
0.883596
0.878423
0.873119
0.867684
0.862123
0.856438
0.850630
0.844706
0.838665
0.832513
0.826252
0.819885
0.813415
0.806845
0.800179
0.793420
0.786571
0.779636
0.772618
0.765519
0.758345
0.751098
0.743780
0.736396
0.728950
0.721444
0.713882
0.706267
0.698603
0.690893
0.683140
0.675348
0.667519
0.659659
0.651769
0.643852
0.635913
0.627954
0.619979
0.611991
0.603992
0.595986
0.587977
0.579966
0.571958
0.563955
0.555959
0.547973
0.540002
0.532047
0.524110
0.516196
0.508305
0.500441
0.492606
0.484804
0.477035
0.469302
0.461609
0.453956
0.446347
0.438782
0.431265
0.423797
0.416380
0.409016
0.401707
0.394454
0.387260
0.380125
0.373051
0.366040
0.359094
0.352213
0.345399
0.338653
0.331976
0.325370
0.318835
0.312372
0.305983
0.299668
0.293429
0.287264
0.281177
0.275167
0.269234
0.263379
0.257603
0.251907
0.246290
0.240752
0.235295
0.229918
0.224621
0.219405
0.214270
0.209216
0.204242
0.199348
0.194535
0.189802
0.185150
0.180577
0.176084
0.171671
0.167336
0.163080
0.158902
0.154801
0.150778
0.146832
0.142962
0.139167
0.135448
0.131803
0.128231
0.124733
0.121307
0.117953
0.114670
0.111457
0.108314
0.105239
0.102232
0.099293
0.096419
0.093611
0.090867
0.088187
0.085570
0.083014
0.080520
0.078086
0.075710
0.073394
0.071134
0.068931
0.066783
0.064690
0.062651
0.060664
0.058730
0.056846
0.055012
0.053227
0.051490
0.049800
0.048157
0.046559
0.045005
0.043495
0.042027
0.040602
0.039217
0.037872
0.036566
0.035299
0.034069
0.032875
0.031717
0.030594
0.029506
0.028450
0.027427
0.026436
0.025476
0.024546
0.023645
0.022773
0.021929
0.021112
0.020322
0.019558
0.018818
0.018104
0.017413
0.016745
0.016099
0.015476
0.014874
0.014292
0.013731
0.013189
0.012666
0.012162
0.011675
0.011206
0.010753
0.010317
0.009896
0.009491
0.009101
0.008725
0.008363
0.008014
0.007679
0.007356
0.007045
0.006746
0.006459
0.006183
0.005917
0.005662
0.005416
0.005180
0.004954
0.004737
0.004528
0.004327
0.004135
0.003950
0.003773
0.003604
0.003441
0.003285
0.003135
0.002992
0.002854
0.002723
0.002597
0.002476
0.002360
0.002250
0.002144
0.002043
0.001946
0.001853
0.001765
0.001680
0.001599
0.001522
0.001448
0.001378
0.001310
0.001246
0.001185
0.001126
0.001070
0.001017
0.000966
0.000918
0.000871
0.000827
0.000785
0.000745
0.000707
0.000671
0.000637
0.000604
0.000572
0.000543
0.000514
0.000487
0.000462
0.000437
0.000414
0.000392
0.000371
0.000351
0.000333
0.000315
0.000298
0.000282
0.000266
0.000252
0.000238
0.000225
0.000212
0.000201
0.000190
0.000179
0.000169
0.000159
0.000151
0.000142
0.000134
0.000126
0.000119
0.000112
0.000106
0.000100
0.000094
0.000089
0.000083
0.000079
0.000074
0.000070
0.000066
0.000062
0.000058
0.000055
0.000051
0.000048
0.000045
0.000043
0.000040
0.000038
0.000035
0.000033
0.000031
0.000029
0.000027
0.000026
0.000024
0.000023
0.000021
0.000020
0.000019
0.000018
0.000016
0.000015
0.000014
0.000014
0.000013
0.000012
0.000011
0.000010
0.000010
0.000009
0.000008
0.000008
0.000007
0.000007
0.000006
0.000006
0.000006
0.000005
0.000005
0.000005
0.000004
0.000004
0.000004
0.000003
0.000003
0.000003
0.000003
0.000003
0.000002
0.000002
0.000002
0.000002
0.000002
0.000002
0.000002
0.000001
0.000001
0.000001
0.000001
0.000001
0.000001
0.000001
0.000001
0.000001
0.000001
0.000001
0.000001
0.000001
0.000001
0.000001
0.000000
0.000000
0.000000
0.000000
0.000000
0.000000
0.000000
0.000000
0.000000
0.000000
0.000000
0.000000
0.000000
0.000000
0.000000
0.000000
0.000000
0.000000
0.000000
0.000000
0.000000
0.000000
0.000000
0.000000
0.000000
0.000000
0.000000
0.000000
0.000000
0.000000
0.000000
0.000000
0.000000
0.000000
0.000000
0.000000
0.000000
0.000000
0.000000
0.000000
0.000000
0.000000
0.000000
0.000000
0.000000
0.000000
0.000000
0.000000
0.000000
0.000000
0.000000
0.000000
0.000000
0.000000
0.000000
0.000000
0.000000
0.000000
0.000000
0.000000
0.000000
0.000000
0.000000
0.000000
0.000000
0.000000
0.000000
0.000000
0.000000
0.000000
0.000000
0.000000
0.000000
0.000000
0.000000
0.000000
0.000000
0.000000
0.000000
0.000000
0.000000
0.000000
0.000000
0.000000
0.000000
0.000000
0.000000
0.000000
0.000000
0.000000
0.000000
0.000000
0.000000
0.000000
0.000000
0.000000
0.000000
0.000000
0.000000
0.000000
0.000000
0.000000
0.000000
0.000000
0.000000
0.000000
0.000000
0.000000
0.000000
0.000000
0.000000
0.000000
0.000000
0.000000
0.000000
0.000000
0.000000
0.000000
0.000000
0.000000
0.000000
0.000000
0.000000
0.000000
0.000000
0.000000
0.000000
0.000000
0.000000
0.000000
0.000000
0.000000
0.000000
0.000000
0.000000
0.000000
0.000000
0.000000
0.000000
0.000000
0.000000
0.000000
0.000000
0.000000
0.000000
0.000000
0.000000
0.000000
0.000000
0.000000
0.000000
0.000000
0.000000
0.000000
0.000000
0.000000
0.000000
0.000000
0.000000
0.000000
0.000000
0.000000
0.000000
0.000000
0.000000
0.000000
0.000000
0.000000
0.000000
0.000000
0.000000
0.000000
0.000000
0.000000
0.000000
0.000000
0.000000
0.000000
0.000000
0.000000
0.000000
0.000000
0.000000
0.000000
0.000000
0.000000
0.000000
0.000000
0.000000
0.000000
0.000000
0.000000
0.000000
0.000000
0.000000
0.000000
0.000000
0.000000
0.000000
0.000000
0.000000
0.000000
0.000000
0.000000
0.000000
0.000000
0.000000
0.000000
0.000000
0.000000
0.000000
0.000000
0.000000
0.000000
0.000000
0.000000
0.000000
0.000000
0.000000
0.000000
0.000000
0.000000
0.000000
0.000000
0.000000
0.000000
0.000000
0.000000
0.000000
0.000000
0.000000
0.000000
0.000000
0.000000
0.000000
0.000000
0.000000
0.000000
0.000000
0.000000
0.000000
0.000000
0.000000
0.000000
0.000000
0.000000
0.000000
0.000000
0.000000
0.000000
0.000000
0.000000
0.000000
0.000000
0.000000
0.000000
0.000000
0.000000
0.000000
0.000000
0.000000
0.000000
0.000000
0.000000
0.000000
0.000000
0.000000
0.000000
0.000000
0.000000
0.000000
0.000000
0.000000
0.000000
0.000000
0.000000
0.000000
0.000000
0.000000
0.000000
0.000000
0.000000
0.000000
0.000000
0.000000
0.000000
0.000000
0.000000
0.000000
0.000000
0.000000
0.000000
0.000000
0.000000
0.000000
0.000000
0.000000
0.000000
0.000000
0.000000
0.000000
0.000000
0.000000
0.000000
0.000000
0.000000
0.000000
0.000000
0.000000
