0.000022
0.000041
0.000065
0.000082
0.000108
0.000126
0.000148
0.000178
0.000188
0.000221
0.000249
0.000255
0.000292
0.000335
0.000341
0.000344
0.000389
0.000466
0.000541
0.000599
0.000644
0.000683
0.000721
0.000760
0.000801
0.000843
0.000888
0.000935
0.000984
0.001036
0.001090
0.001147
0.001207
0.001269
0.001334
0.001403
0.001474
0.001549
0.001628
0.001710
0.001796
0.001886
0.001980
0.002078
0.002181
0.002288
0.002400
0.002517
0.002640
0.002767
0.002901
0.003040
0.003186
0.003337
0.003495
0.003660
0.003832
0.004012
0.004199
0.004394
0.004596
0.004808
0.005028
0.005257
0.005496
0.005744
0.006003
0.006271
0.006551
0.006842
0.007144
0.007458
0.007785
0.008124
0.008476
0.008842
0.009222
0.009617
0.010026
0.010451
0.010892
0.011349
0.011823
0.012314
0.012824
0.013352
0.013899
0.014465
0.015052
0.015660
0.016289
0.016940
0.017614
0.018311
0.019032
0.019777
0.020548
0.021345
0.022168
0.023019
0.023898
0.024805
0.025742
0.026710
0.027708
0.028739
0.029802
0.030898
0.032029
0.033194
0.034396
0.035634
0.036910
0.038224
0.039577
0.040970
0.042405
0.043881
0.045400
0.046962
0.048569
0.050222
0.051920
0.053666
0.055461
0.057304
0.059197
0.061141
0.063137
0.065186
0.067288
0.069445
0.071657
0.073926
0.076253
0.078637
0.081081
0.083584
0.086149
0.088776
0.091465
0.094218
0.097035
0.099918
0.102866
0.105882
0.108965
0.112117
0.115338
0.118629
0.121992
0.125425
0.128931
0.132510
0.136162
0.139889
0.143690
0.147567
0.151519
0.155549
0.159655
0.163838
0.168100
0.172439
0.176858
0.181355
0.185931
0.190587
0.195323
0.200139
0.205035
0.210011
0.215067
0.220203
0.225420
0.230717
0.236093
0.241550
0.247086
0.252702
0.258396
0.264169
0.270020
0.275949
0.281955
0.288038
0.294197
0.300430
0.306739
0.313120
0.319575
0.326102
0.332699
0.339366
0.346101
0.352904
0.359774
0.366708
0.373706
0.380765
0.387886
0.395066
0.402303
0.409596
0.416943
0.424343
0.431793
0.439291
0.446836
0.454426
0.462057
0.469730
0.477440
0.485186
0.492966
0.500777
0.508616
0.516481
0.524371
0.532281
0.540209
0.548154
0.556111
0.564079
0.572054
0.580033
0.588014
0.595994
0.603969
0.611936
0.619893
0.627836
0.635763
0.643669
0.651552
0.659409
0.667236
0.675031
0.682789
0.690508
0.698184
0.705814
0.713394
0.720922
0.728393
0.735805
0.743153
0.750436
0.757649
0.764789
0.771852
0.778836
0.785737
0.792551
0.799276
0.805908
0.812444
0.818880
0.825215
0.831444
0.837564
0.843572
0.849466
0.855242
0.860897
0.866429
0.871834
0.877109
0.882253
0.887262
0.892134
0.896865
0.901455
0.905900
0.910198
0.914347
0.918343
0.922186
0.925873
0.929403
0.932772
0.935981
0.939025
0.941905
0.944618
0.947163
0.949538
0.951744
0.953777
0.955637
0.957323
0.958834
0.960170
0.961329
0.962311
0.963115
0.963740
0.964187
0.964456
0.964545
0.964456
0.964188
0.963741
0.963116
0.962312
0.961330
0.960171
0.958836
0.957325
0.955639
0.953779
0.951746
0.949540
0.947165
0.944620
0.941907
0.939027
0.935982
0.932774
0.929405
0.925876
0.922189
0.918347
0.914350
0.910202
0.905904
0.901459
0.896870
0.892138
0.887266
0.882257
0.877113
0.871838
0.866433
0.860901
0.855246
0.849470
0.843577
0.837569
0.831449
0.825220
0.818886
0.812449
0.805914
0.799281
0.792557
0.785742
0.778841
0.771858
0.764794
0.757654
0.750442
0.743159
0.735810
0.728399
0.720927
0.713400
0.705820
0.698190
0.690515
0.682796
0.675038
0.667243
0.659416
0.651559
0.643676
0.635769
0.627843
0.619900
0.611943
0.603975
0.596000
0.588021
0.580040
0.572061
0.564087
0.556119
0.548162
0.540217
0.532289
0.524379
0.516490
0.508624
0.500785
0.492974
0.485194
0.477448
0.469738
0.462066
0.454434
0.446845
0.439300
0.431801
0.424351
0.416952
0.409605
0.402312
0.395075
0.387895
0.380775
0.373715
0.366717
0.359783
0.352913
0.346110
0.339375
0.332708
0.326110
0.319584
0.313130
0.306748
0.300440
0.294206
0.288047
0.281965
0.275959
0.270030
0.264179
0.258406
0.252711
0.247096
0.241559
0.236102
0.230726
0.225429
0.220212
0.215076
0.210020
0.205044
0.200148
0.195332
0.190596
0.185940
0.181363
0.176866
0.172448
0.168108
0.163846
0.159663
0.155557
0.151527
0.147574
0.143698
0.139896
0.136169
0.132517
0.128938
0.125432
0.121998
0.118636
0.115345
0.112124
0.108972
0.105888
0.102872
0.099924
0.097041
0.094224
0.091471
0.088781
0.086155
0.083590
0.081086
0.078642
0.076258
0.073931
0.071662
0.069450
0.067293
0.065190
0.063142
0.061145
0.059201
0.057308
0.055465
0.053671
0.051924
0.050226
0.048573
0.046966
0.045403
0.043884
0.042408
0.040974
0.039580
0.038227
0.036913
0.035637
0.034399
0.033197
0.032032
0.030901
0.029805
0.028742
0.027711
0.026712
0.025745
0.024808
0.023900
0.023021
0.022170
0.021347
0.020550
0.019779
0.019034
0.018313
0.017616
0.016942
0.016291
0.015661
0.015054
0.014467
0.013900
0.013353
0.012825
0.012316
0.011824
0.011350
0.010893
0.010452
0.010027
0.009618
0.009223
0.008843
0.008477
0.008125
0.007786
0.007459
0.007145
0.006843
0.006552
0.006272
0.006003
0.005745
0.005497
0.005258
0.005029
0.004809
0.004597
0.004394
0.004199
0.004012
0.003833
0.003661
0.003496
0.003338
0.003186
0.003041
0.002901
0.002768
0.002640
0.002518
0.002400
0.002288
0.002181
0.002078
0.001980
0.001886
0.001796
0.001710
0.001628
0.001549
0.001474
0.001403
0.001334
0.001269
0.001207
0.001147
0.001090
0.001036
0.000985
0.000935
0.000888
0.000843
0.000801
0.000760
0.000721
0.000684
0.000649
0.000616
0.000584
0.000554
0.000525
0.000497
0.000471
0.000447
0.000423
0.000401
0.000379
0.000359
0.000340
0.000321
0.000304
0.000288
0.000272
0.000257
0.000243
0.000230
0.000217
0.000205
0.000194
0.000183
0.000173
0.000163
0.000154
0.000145
0.000137
0.000129
0.000122
0.000115
0.000108
0.000102
0.000096
0.000091
0.000085
0.000081
0.000076
0.000071
0.000067
0.000063
0.000059
0.000056
0.000053
0.000050
0.000047
0.000044
0.000041
0.000039
0.000036
0.000034
0.000032
0.000030
0.000028
0.000026
0.000025
0.000023
0.000022
0.000021
0.000019
0.000018
0.000017
0.000016
0.000015
0.000014
0.000013
0.000012
0.000011
0.000011
0.000010
0.000009
0.000009
0.000008
0.000008
0.000007
0.000007
0.000006
0.000006
0.000005
0.000005
0.000005
0.000004
0.000004
0.000004
0.000004
0.000003
0.000003
0.000003
0.000003
0.000003
0.000002
0.000002
0.000002
0.000002
0.000002
0.000002
0.000002
0.000001
0.000001
0.000001
0.000001
0.000001
0.000001
0.000001
0.000001
0.000001
0.000001
0.000001
0.000001
0.000001
0.000001
0.000001
0.000000
0.000000
0.000000
0.000000
0.000000
0.000000
0.000000
0.000000
0.000000
0.000000
0.000000
0.000000
0.000000
0.000000
0.000000
0.000000
0.000000
0.000000
0.000000
0.000000
0.000000
0.000000
0.000000
0.000000
0.000000
0.000000
0.000000
0.000000
0.000000
0.000000
0.000000
0.000000
0.000000
0.000000
0.000000
0.000000
0.000000
0.000000
0.000000
0.000000
0.000000
0.000000
0.000000
0.000000
0.000000
0.000000
0.000000
0.000000
0.000000
0.000000
0.000000
0.000000
0.000000
0.000000
0.000000
0.000000
0.000000
0.000000
0.000000
0.000000
0.000000
0.000000
0.000000
0.000000
0.000000
0.000000
0.000000
0.000000
0.000000
0.000000
0.000000
0.000000
0.000000
0.000000
0.000000
0.000000
0.000000
0.000000
0.000000
0.000000
0.000000
0.000000
0.000000
0.000000
0.000000
0.000000
0.000000
0.000000
0.000000
0.000000
0.000000
0.000000
0.000000
0.000000
0.000000
0.000000
0.000000
0.000000
0.000000
0.000000
0.000000
0.000000
0.000000
0.000000
0.000000
0.000000
0.000000
0.000000
0.000000
0.000000
0.000000
0.000000
0.000000
0.000000
0.000000
0.000000
0.000000
0.000000
0.000000
0.000000
0.000000
0.000000
0.000000
0.000000
0.000000
0.000000
0.000000
0.000000
0.000000
0.000000
0.000000
0.000000
0.000000
0.000000
0.000000
0.000000
0.000000
0.000000
0.000000
0.000000
0.000000
0.000000
0.000000
0.000000
0.000000
0.000000
0.000000
0.000000
0.000000
0.000000
0.000000
0.000000
0.000000
0.000000
0.000000
0.000000
0.000000
0.000000
0.000000
0.000000
0.000000
0.000000
0.000000
0.000000
0.000000
0.000000
0.000000
0.000000
0.000000
0.000000
0.000000
0.000000
0.000000
0.000000
0.000000
0.000000
0.000000
0.000000
0.000000
0.000000
0.000000
0.000000
0.000000
0.000000
0.000000
0.000000
0.000000
0.000000
0.000000
0.000000
0.000000
0.000000
0.000000
0.000000
0.000000
0.000000
0.000000
0.000000
0.000000
0.000000
0.000000
0.000000
0.000000
0.000000
0.000000
0.000000
0.000000
0.000000
0.000000
0.000000
0.000000
0.000000
0.000000
0.000000
0.000000
0.000000
0.000000
0.000000
0.000000
0.000000
0.000000
0.000000
0.000000
0.000000
0.000000
0.000000
0.000000
0.000000
0.000000
0.000000
0.000000
0.000000
0.000000
0.000000
0.000000
0.000000
0.000000
0.000000
0.000000
0.000000
0.000000
0.000000
0.000000
0.000000
0.000000
0.000000
0.000000
0.000000
0.000000
0.000000
0.000000
0.000000
0.000000
0.000000
0.000000
0.000000
0.000000
0.000000
0.000000
0.000000
0.000000
0.000000
0.000000
0.000000
0.000000
0.000000
0.000000
0.000000
0.000000
0.000000
0.000000
0.000000
0.000000
0.000000
0.000000
0.000000
0.000000
0.000000
0.000000
0.000000
0.000000
0.000000
0.000000
0.000000
0.000000
0.000000
0.000000
0.000000
0.000000
0.000000
0.000000
0.000000
0.000000
0.000000
0.000000
0.000000
0.000000
0.000000
0.000000
0.000000
0.000000
0.000000
0.000000
0.000000
0.000000
0.000000
0.000000
0.000000
