0.000022
0.000042
0.000066
0.000086
0.000108
0.000134
0.000148
0.000182
0.000198
0.000219
0.000258
0.000269
0.000289
0.000340
0.000364
0.000362
0.000386
0.000452
0.000532
0.000601
0.000653
0.000695
0.000735
0.000775
0.000817
0.000860
0.000906
0.000953
0.001003
0.001056
0.001111
0.001169
0.001229
0.001293
0.001359
0.001429
0.001501
0.001578
0.001657
0.001741
0.001828
0.001919
0.002015
0.002114
0.002219
0.002328
0.002441
0.002560
0.002684
0.002814
0.002949
0.003091
0.003238
0.003392
0.003552
0.003719
0.003894
0.004076
0.004265
0.004462
0.004668
0.004882
0.005105
0.005337
0.005579
0.005830
0.006092
0.006364
0.006647
0.006941
0.007247
0.007565
0.007895
0.008238
0.008594
0.008964
0.009348
0.009747
0.010161
0.010590
0.011036
0.011497
0.011976
0.012473
0.012987
0.013520
0.014073
0.014645
0.015237
0.015851
0.016486
0.017143
0.017822
0.018526
0.019253
0.020005
0.020782
0.021586
0.022416
0.023274
0.024160
0.025074
0.026019
0.026994
0.028000
0.029038
0.030109
0.031213
0.032352
0.033526
0.034735
0.035982
0.037266
0.038589
0.039951
0.041353
0.042796
0.044281
0.045809
0.047381
0.048997
0.050659
0.052367
0.054122
0.055926
0.057779
0.059681
0.061635
0.063641
0.065699
0.067811
0.069978
0.072200
0.074479
0.076814
0.079209
0.081662
0.084175
0.086750
0.089386
0.092084
0.094847
0.097673
0.100565
0.103523
0.106547
0.109640
0.112800
0.116030
0.119330
0.122700
0.126142
0.129656
0.133242
0.136902
0.140636
0.144445
0.148328
0.152287
0.156323
0.160435
0.164624
0.168891
0.173236
0.177659
0.182161
0.186741
0.191401
0.196140
0.200959
0.205857
0.210835
0.215893
0.221030
0.226248
0.231545
0.236921
0.242377
0.247912
0.253526
0.259218
0.264988
0.270836
0.276761
0.282762
0.288840
0.294993
0.301220
0.307522
0.313896
0.320343
0.326860
0.333448
0.340105
0.346830
0.353621
0.360479
0.367400
0.374385
0.381431
0.388536
0.395701
0.402922
0.410199
0.417528
0.424910
0.432341
0.439820
0.447345
0.454914
0.462525
0.470175
0.477863
0.485585
0.493341
0.501127
0.508942
0.516781
0.524644
0.532528
0.540429
0.548345
0.556274
0.564213
0.572158
0.580107
0.588058
0.596006
0.603950
0.611885
0.619810
0.627721
0.635614
0.643487
0.651336
0.659159
0.666952
0.674712
0.682435
0.690119
0.697760
0.705354
0.712899
0.720391
0.727827
0.735203
0.742516
0.749762
0.756940
0.764044
0.771072
0.778020
0.784886
0.791665
0.798355
0.804952
0.811454
0.817856
0.824157
0.830352
0.836439
0.842415
0.848277
0.854021
0.859644
0.865145
0.870520
0.875766
0.880881
0.885861
0.890705
0.895410
0.899973
0.904393
0.908666
0.912790
0.916763
0.920584
0.924249
0.927758
0.931108
0.934297
0.937323
0.940186
0.942883
0.945412
0.947774
0.949966
0.951987
0.953836
0.955512
0.957014
0.958341
0.959493
0.960469
0.961268
0.961891
0.962335
0.962601
0.962691
0.962602
0.962335
0.961891
0.961269
0.960470
0.959495
0.958343
0.957016
0.955514
0.953838
0.951989
0.949968
0.947776
0.945415
0.942885
0.940188
0.937325
0.934299
0.931110
0.927760
0.924252
0.920587
0.916767
0.912793
0.908669
0.904397
0.899977
0.895414
0.890709
0.885866
0.880885
0.875770
0.870524
0.865149
0.859649
0.854025
0.848281
0.842419
0.836444
0.830357
0.824162
0.817862
0.811459
0.804958
0.798360
0.791670
0.784891
0.778025
0.771077
0.764049
0.756945
0.749768
0.742521
0.735208
0.727832
0.720397
0.712905
0.705361
0.697766
0.690126
0.682442
0.674719
0.666959
0.659166
0.651343
0.643493
0.635620
0.627727
0.619817
0.611892
0.603956
0.596013
0.588065
0.580115
0.572166
0.564221
0.556282
0.548353
0.540437
0.532536
0.524653
0.516790
0.508950
0.501135
0.493349
0.485594
0.477871
0.470183
0.462533
0.454922
0.447354
0.439829
0.432350
0.424918
0.417537
0.410207
0.402931
0.395710
0.388546
0.381440
0.374394
0.367409
0.360488
0.353630
0.346839
0.340114
0.333457
0.326869
0.320351
0.313905
0.307531
0.301230
0.295002
0.288849
0.282772
0.276770
0.270845
0.264997
0.259227
0.253535
0.247921
0.242386
0.236930
0.231554
0.226257
0.221039
0.215902
0.210844
0.205866
0.200968
0.196149
0.191410
0.186750
0.182169
0.177667
0.173244
0.168899
0.164633
0.160443
0.156331
0.152295
0.148336
0.144452
0.140644
0.136910
0.133250
0.129663
0.126149
0.122707
0.119337
0.116037
0.112807
0.109646
0.106554
0.103529
0.100571
0.097679
0.094852
0.092090
0.089391
0.086755
0.084181
0.081667
0.079214
0.076820
0.074484
0.072205
0.069983
0.067816
0.065704
0.063645
0.061640
0.059686
0.057783
0.055930
0.054126
0.052371
0.050663
0.049001
0.047385
0.045813
0.044285
0.042800
0.041356
0.039954
0.038592
0.037269
0.035985
0.034739
0.033529
0.032355
0.031216
0.030112
0.029041
0.028003
0.026997
0.026022
0.025077
0.024162
0.023276
0.022418
0.021588
0.020784
0.020007
0.019255
0.018528
0.017824
0.017144
0.016487
0.015852
0.015239
0.014647
0.014074
0.013522
0.012989
0.012474
0.011978
0.011499
0.011037
0.010591
0.010162
0.009748
0.009350
0.008965
0.008595
0.008239
0.007896
0.007566
0.007248
0.006942
0.006648
0.006365
0.006093
0.005831
0.005580
0.005338
0.005106
0.004883
0.004669
0.004463
0.004266
0.004076
0.003894
0.003720
0.003553
0.003392
0.003239
0.003091
0.002950
0.002815
0.002685
0.002561
0.002442
0.002328
0.002219
0.002115
0.002015
0.001919
0.001828
0.001741
0.001658
0.001578
0.001502
0.001429
0.001359
0.001293
0.001230
0.001169
0.001111
0.001056
0.001004
0.000954
0.000906
0.000860
0.000817
0.000775
0.000736
0.000698
0.000663
0.000628
0.000596
0.000565
0.000536
0.000508
0.000481
0.000456
0.000432
0.000409
0.000387
0.000367
0.000347
0.000329
0.000311
0.000294
0.000278
0.000263
0.000249
0.000235
0.000222
0.000210
0.000198
0.000187
0.000177
0.000167
0.000158
0.000149
0.000140
0.000132
0.000125
0.000118
0.000111
0.000105
0.000099
0.000093
0.000088
0.000083
0.000078
0.000073
0.000069
0.000065
0.000061
0.000057
0.000054
0.000051
0.000048
0.000045
0.000042
0.000040
0.000037
0.000035
0.000033
0.000031
0.000029
0.000027
0.000026
0.000024
0.000022
0.000021
0.000020
0.000019
0.000017
0.000016
0.000015
0.000014
0.000013
0.000013
0.000012
0.000011
0.000010
0.000010
0.000009
0.000008
0.000008
0.000007
0.000007
0.000006
0.000006
0.000006
0.000005
0.000005
0.000005
0.000004
0.000004
0.000004
0.000003
0.000003
0.000003
0.000003
0.000003
0.000002
0.000002
0.000002
0.000002
0.000002
0.000002
0.000002
0.000001
0.000001
0.000001
0.000001
0.000001
0.000001
0.000001
0.000001
0.000001
0.000001
0.000001
0.000001
0.000001
0.000001
0.000001
0.000000
0.000000
0.000000
0.000000
0.000000
0.000000
0.000000
0.000000
0.000000
0.000000
0.000000
0.000000
0.000000
0.000000
0.000000
0.000000
0.000000
0.000000
0.000000
0.000000
0.000000
0.000000
0.000000
0.000000
0.000000
0.000000
0.000000
0.000000
0.000000
0.000000
0.000000
0.000000
0.000000
0.000000
0.000000
0.000000
0.000000
0.000000
0.000000
0.000000
0.000000
0.000000
0.000000
0.000000
0.000000
0.000000
0.000000
0.000000
0.000000
0.000000
0.000000
0.000000
0.000000
0.000000
0.000000
0.000000
0.000000
0.000000
0.000000
0.000000
0.000000
0.000000
0.000000
0.000000
0.000000
0.000000
0.000000
0.000000
0.000000
0.000000
0.000000
0.000000
0.000000
0.000000
0.000000
0.000000
0.000000
0.000000
0.000000
0.000000
0.000000
0.000000
0.000000
0.000000
0.000000
0.000000
0.000000
0.000000
0.000000
0.000000
0.000000
0.000000
0.000000
0.000000
0.000000
0.000000
0.000000
0.000000
0.000000
0.000000
0.000000
0.000000
0.000000
0.000000
0.000000
0.000000
0.000000
0.000000
0.000000
0.000000
0.000000
0.000000
0.000000
0.000000
0.000000
0.000000
0.000000
0.000000
0.000000
0.000000
0.000000
0.000000
0.000000
0.000000
0.000000
0.000000
0.000000
0.000000
0.000000
0.000000
0.000000
0.000000
0.000000
0.000000
0.000000
0.000000
0.000000
0.000000
0.000000
0.000000
0.000000
0.000000
0.000000
0.000000
0.000000
0.000000
0.000000
0.000000
0.000000
0.000000
0.000000
0.000000
0.000000
0.000000
0.000000
0.000000
0.000000
0.000000
0.000000
0.000000
0.000000
0.000000
0.000000
0.000000
0.000000
0.000000
0.000000
0.000000
0.000000
0.000000
0.000000
0.000000
0.000000
0.000000
0.000000
0.000000
0.000000
0.000000
0.000000
0.000000
0.000000
0.000000
0.000000
0.000000
0.000000
0.000000
0.000000
0.000000
0.000000
0.000000
0.000000
0.000000
0.000000
0.000000
0.000000
0.000000
0.000000
0.000000
0.000000
0.000000
0.000000
0.000000
0.000000
0.000000
0.000000
0.000000
0.000000
0.000000
0.000000
0.000000
0.000000
0.000000
0.000000
0.000000
0.000000
0.000000
0.000000
0.000000
0.000000
0.000000
0.000000
0.000000
0.000000
0.000000
0.000000
0.000000
0.000000
0.000000
0.000000
0.000000
0.000000
0.000000
0.000000
0.000000
0.000000
0.000000
0.000000
0.000000
0.000000
0.000000
0.000000
0.000000
0.000000
0.000000
0.000000
0.000000
0.000000
0.000000
0.000000
0.000000
0.000000
0.000000
0.000000
0.000000
0.000000
0.000000
0.000000
0.000000
0.000000
0.000000
0.000000
0.000000
0.000000
0.000000
0.000000
0.000000
0.000000
0.000000
0.000000
0.000000
0.000000
0.000000
0.000000
0.000000
0.000000
0.000000
0.000000
0.000000
0.000000
0.000000
0.000000
0.000000
0.000000
0.000000
0.000000
0.000000
0.000000
0.000000
0.000000
0.000000
0.000000
0.000000
0.000000
0.000000
0.000000
0.000000
0.000000
0.000000
0.000000
0.000000
0.000000
0.000000
0.000000
0.000000
0.000000
0.000000
0.000000
0.000000
