0.000022
0.000045
0.000065
0.000091
0.000108
0.000138
0.000154
0.000182
0.000209
0.000222
0.000261
0.000286
0.000295
0.000337
0.000380
0.000386
0.000393
0.000442
0.000521
0.000598
0.000659
0.000707
0.000749
0.000791
0.000833
0.000877
0.000924
0.000972
0.001023
0.001077
0.001133
0.001191
0.001253
0.001317
0.001385
0.001455
0.001529
0.001607
0.001688
0.001772
0.001861
0.001954
0.002051
0.002152
0.002258
0.002368
0.002484
0.002605
0.002731
0.002862
0.002999
0.003143
0.003292
0.003448
0.003611
0.003780
0.003957
0.004141
0.004333
0.004533
0.004742
0.004958
0.005184
0.005419
0.005664
0.005919
0.006183
0.006459
0.006745
0.007043
0.007352
0.007674
0.008008
0.008355
0.008715
0.009090
0.009478
0.009881
0.010300
0.010734
0.011184
0.011650
0.012134
0.012636
0.013156
0.013694
0.014252
0.014830
0.015428
0.016047
0.016688
0.017351
0.018037
0.018747
0.019480
0.020239
0.021023
0.021834
0.022671
0.023536
0.024429
0.025351
0.026303
0.027286
0.028300
0.029346
0.030424
0.031537
0.032684
0.033866
0.035084
0.036339
0.037632
0.038964
0.040334
0.041746
0.043198
0.044692
0.046229
0.047810
0.049436
0.051107
0.052825
0.054590
0.056403
0.058266
0.060179
0.062142
0.064157
0.066226
0.068348
0.070524
0.072756
0.075045
0.077391
0.079795
0.082258
0.084781
0.087366
0.090011
0.092720
0.095492
0.098328
0.101229
0.104196
0.107230
0.110331
0.113501
0.116740
0.120048
0.123427
0.126877
0.130399
0.133993
0.137661
0.141402
0.145218
0.149109
0.153075
0.157116
0.161235
0.165430
0.169702
0.174052
0.178480
0.182986
0.187571
0.192234
0.196977
0.201798
0.206699
0.211679
0.216739
0.221877
0.227095
0.232392
0.237769
0.243224
0.248757
0.254369
0.260059
0.265826
0.271670
0.277591
0.283588
0.289661
0.295808
0.302029
0.308323
0.314690
0.321128
0.327636
0.334214
0.340861
0.347575
0.354355
0.361200
0.368108
0.375079
0.382111
0.389202
0.396350
0.403555
0.410814
0.418127
0.425489
0.432902
0.440361
0.447865
0.455413
0.463002
0.470629
0.478294
0.485993
0.493724
0.501485
0.509274
0.517087
0.524923
0.532779
0.540653
0.548540
0.556440
0.564348
0.572263
0.580182
0.588101
0.596018
0.603929
0.611832
0.619723
0.627600
0.635460
0.643298
0.651114
0.658902
0.666659
0.674384
0.682072
0.689720
0.697324
0.704883
0.712391
0.719847
0.727246
0.734585
0.741862
0.749071
0.756212
0.763280
0.770272
0.777184
0.784013
0.790756
0.797411
0.803972
0.810439
0.816806
0.823072
0.829233
0.835287
0.841229
0.847058
0.852769
0.858361
0.863830
0.869174
0.874390
0.879475
0.884426
0.889242
0.893919
0.898455
0.902849
0.907096
0.911196
0.915145
0.918943
0.922586
0.926074
0.929403
0.932572
0.935581
0.938426
0.941106
0.943620
0.945967
0.948146
0.950154
0.951992
0.953658
0.955150
0.956469
0.957614
0.958584
0.959378
0.959996
0.960438
0.960703
0.960791
0.960703
0.960438
0.959997
0.959379
0.958585
0.957615
0.956471
0.955152
0.953660
0.951994
0.950156
0.948148
0.945969
0.943623
0.941108
0.938428
0.935583
0.932575
0.929405
0.926076
0.922589
0.918946
0.915149
0.911199
0.907099
0.902852
0.898459
0.893923
0.889246
0.884431
0.879479
0.874394
0.869178
0.863835
0.858365
0.852773
0.847062
0.841233
0.835291
0.829239
0.823078
0.816812
0.810444
0.803978
0.797416
0.790762
0.784018
0.777189
0.770277
0.763286
0.756218
0.749077
0.741867
0.734591
0.727252
0.719853
0.712397
0.704889
0.697331
0.689727
0.682079
0.674391
0.666666
0.658908
0.651120
0.643305
0.635466
0.627607
0.619730
0.611838
0.603935
0.596024
0.588108
0.580189
0.572271
0.564356
0.556448
0.548548
0.540660
0.532787
0.524932
0.517095
0.509282
0.501493
0.493732
0.486001
0.478302
0.470638
0.463010
0.455421
0.447874
0.440369
0.432910
0.425498
0.418135
0.410823
0.403564
0.396359
0.389211
0.382120
0.375088
0.368117
0.361209
0.354364
0.347584
0.340870
0.334223
0.327645
0.321136
0.314699
0.308332
0.302038
0.295817
0.289670
0.283597
0.277601
0.271680
0.265836
0.260068
0.254379
0.248767
0.243233
0.237778
0.232402
0.227104
0.221886
0.216748
0.211688
0.206708
0.201807
0.196985
0.192243
0.187580
0.182995
0.178489
0.174060
0.169710
0.165438
0.161243
0.157125
0.153083
0.149116
0.145226
0.141410
0.137668
0.134001
0.130406
0.126884
0.123434
0.120055
0.116746
0.113508
0.110338
0.107236
0.104202
0.101235
0.098334
0.095498
0.092726
0.090017
0.087371
0.084787
0.082264
0.079800
0.077396
0.075050
0.072761
0.070529
0.068353
0.066230
0.064162
0.062147
0.060183
0.058270
0.056408
0.054594
0.052829
0.051111
0.049440
0.047814
0.046233
0.044696
0.043201
0.041749
0.040338
0.038967
0.037635
0.036342
0.035087
0.033869
0.032687
0.031540
0.030427
0.029348
0.028302
0.027288
0.026306
0.025354
0.024431
0.023538
0.022673
0.021836
0.021025
0.020241
0.019482
0.018749
0.018039
0.017353
0.016690
0.016049
0.015429
0.014831
0.014254
0.013696
0.013157
0.012637
0.012136
0.011652
0.011185
0.010735
0.010301
0.009882
0.009479
0.009091
0.008717
0.008356
0.008009
0.007675
0.007353
0.007044
0.006746
0.006460
0.006184
0.005919
0.005665
0.005420
0.005185
0.004959
0.004742
0.004534
0.004334
0.004142
0.003958
0.003781
0.003611
0.003449
0.003293
0.003143
0.003000
0.002863
0.002731
0.002605
0.002484
0.002369
0.002258
0.002152
0.002051
0.001954
0.001861
0.001773
0.001688
0.001607
0.001530
0.001456
0.001385
0.001317
0.001253
0.001192
0.001133
0.001077
0.001023
0.000972
0.000924
0.000877
0.000833
0.000791
0.000751
0.000713
0.000676
0.000641
0.000608
0.000577
0.000547
0.000519
0.000492
0.000466
0.000441
0.000418
0.000396
0.000375
0.000355
0.000336
0.000318
0.000301
0.000284
0.000269
0.000254
0.000240
0.000227
0.000215
0.000203
0.000192
0.000181
0.000171
0.000161
0.000152
0.000144
0.000136
0.000128
0.000121
0.000114
0.000107
0.000101
0.000095
0.000090
0.000085
0.000080
0.000075
0.000071
0.000066
0.000063
0.000059
0.000055
0.000052
0.000049
0.000046
0.000043
0.000041
0.000038
0.000036
0.000034
0.000032
0.000030
0.000028
0.000026
0.000025
0.000023
0.000022
0.000020
0.000019
0.000018
0.000017
0.000016
0.000015
0.000014
0.000013
0.000012
0.000011
0.000011
0.000010
0.000009
0.000009
0.000008
0.000008
0.000007
0.000007
0.000006
0.000006
0.000005
0.000005
0.000005
0.000004
0.000004
0.000004
0.000004
0.000003
0.000003
0.000003
0.000003
0.000003
0.000002
0.000002
0.000002
0.000002
0.000002
0.000002
0.000002
0.000001
0.000001
0.000001
0.000001
0.000001
0.000001
0.000001
0.000001
0.000001
0.000001
0.000001
0.000001
0.000001
0.000001
0.000001
0.000000
0.000000
0.000000
0.000000
0.000000
0.000000
0.000000
0.000000
0.000000
0.000000
0.000000
0.000000
0.000000
0.000000
0.000000
0.000000
0.000000
0.000000
0.000000
0.000000
0.000000
0.000000
0.000000
0.000000
0.000000
0.000000
0.000000
0.000000
0.000000
0.000000
0.000000
0.000000
0.000000
0.000000
0.000000
0.000000
0.000000
0.000000
0.000000
0.000000
0.000000
0.000000
0.000000
0.000000
0.000000
0.000000
0.000000
0.000000
0.000000
0.000000
0.000000
0.000000
0.000000
0.000000
0.000000
0.000000
0.000000
0.000000
0.000000
0.000000
0.000000
0.000000
0.000000
0.000000
0.000000
0.000000
0.000000
0.000000
0.000000
0.000000
0.000000
0.000000
0.000000
0.000000
0.000000
0.000000
0.000000
0.000000
0.000000
0.000000
0.000000
0.000000
0.000000
0.000000
0.000000
0.000000
0.000000
0.000000
0.000000
0.000000
0.000000
0.000000
0.000000
0.000000
0.000000
0.000000
0.000000
0.000000
0.000000
0.000000
0.000000
0.000000
0.000000
0.000000
0.000000
0.000000
0.000000
0.000000
0.000000
0.000000
0.000000
0.000000
0.000000
0.000000
0.000000
0.000000
0.000000
0.000000
0.000000
0.000000
0.000000
0.000000
0.000000
0.000000
0.000000
0.000000
0.000000
0.000000
0.000000
0.000000
0.000000
0.000000
0.000000
0.000000
0.000000
0.000000
0.000000
0.000000
0.000000
0.000000
0.000000
0.000000
0.000000
0.000000
0.000000
0.000000
0.000000
0.000000
0.000000
0.000000
0.000000
0.000000
0.000000
0.000000
0.000000
0.000000
0.000000
0.000000
0.000000
0.000000
0.000000
0.000000
0.000000
0.000000
0.000000
0.000000
0.000000
0.000000
0.000000
0.000000
0.000000
0.000000
0.000000
0.000000
0.000000
0.000000
0.000000
0.000000
0.000000
0.000000
0.000000
0.000000
0.000000
0.000000
0.000000
0.000000
0.000000
0.000000
0.000000
0.000000
0.000000
0.000000
0.000000
0.000000
0.000000
0.000000
0.000000
0.000000
0.000000
0.000000
0.000000
0.000000
0.000000
0.000000
0.000000
0.000000
0.000000
0.000000
0.000000
0.000000
0.000000
0.000000
0.000000
0.000000
0.000000
0.000000
0.000000
0.000000
0.000000
0.000000
0.000000
0.000000
0.000000
0.000000
0.000000
0.000000
0.000000
0.000000
0.000000
0.000000
0.000000
0.000000
0.000000
0.000000
0.000000
0.000000
0.000000
0.000000
0.000000
0.000000
0.000000
0.000000
0.000000
0.000000
0.000000
0.000000
0.000000
0.000000
0.000000
0.000000
0.000000
0.000000
0.000000
0.000000
0.000000
0.000000
0.000000
0.000000
0.000000
0.000000
0.000000
0.000000
0.000000
0.000000
0.000000
0.000000
0.000000
0.000000
0.000000
0.000000
0.000000
0.000000
0.000000
0.000000
0.000000
0.000000
0.000000
0.000000
0.000000
0.000000
0.000000
0.000000
0.000000
0.000000
0.000000
0.000000
0.000000
0.000000
0.000000
0.000000
0.000000
0.000000
0.000000
0.000000
0.000000
0.000000
0.000000
0.000000
0.000000
0.000000
0.000000
0.000000
0.000000
0.000000
0.000000
0.000000
0.000000
