-0.000006
0.000052
0.000128
0.000156
0.000168
0.000178
0.000189
0.000200
0.000212
0.000225
0.000238
0.000252
0.000267
0.000283
0.000300
0.000317
0.000336
0.000355
0.000376
0.000397
0.000420
0.000444
0.000469
0.000496
0.000524
0.000554
0.000585
0.000618
0.000652
0.000688
0.000726
0.000766
0.000808
0.000852
0.000899
0.000948
0.000999
0.001053
0.001109
0.001168
0.001230
0.001296
0.001364
0.001436
0.001511
0.001590
0.001672
0.001759
0.001849
0.001944
0.002044
0.002148
0.002257
0.002370
0.002490
0.002614
0.002744
0.002881
0.003023
0.003172
0.003327
0.003490
0.003659
0.003836
0.004021
0.004214
0.004415
0.004625
0.004844
0.005072
0.005310
0.005558
0.005816
0.006085
0.006366
0.006658
0.006962
0.007278
0.007607
0.007950
0.008306
0.008677
0.009062
0.009463
0.009879
0.010311
0.010761
0.011227
0.011712
0.012215
0.012737
0.013278
0.013840
0.014423
0.015027
0.015654
0.016303
0.016976
0.017674
0.018396
0.019144
0.019918
0.020719
0.021549
0.022407
0.023295
0.024213
0.025162
0.026143
0.027157
0.028205
0.029287
0.030405
0.031559
0.032750
0.033980
0.035248
0.036557
0.037906
0.039298
0.040733
0.042211
0.043735
0.045304
0.046921
0.048585
0.050298
0.052062
0.053876
0.055742
0.057662
0.059636
0.061665
0.063750
0.065893
0.068094
0.070355
0.072676
0.075059
0.077504
0.080013
0.082587
0.085226
0.087933
0.090707
0.093550
0.096463
0.099446
0.102502
0.105630
0.108832
0.112109
0.115461
0.118890
0.122396
0.125980
0.129643
0.133387
0.137211
0.141116
0.145104
0.149174
0.153328
0.157566
0.161889
0.166297
0.170792
0.175372
0.180040
0.184795
0.189637
0.194568
0.199587
0.204694
0.209891
0.215176
0.220550
0.226013
0.231566
0.237207
0.242937
0.248756
0.254664
0.260660
0.266743
0.272914
0.279173
0.285517
0.291948
0.298463
0.305063
0.311747
0.318514
0.325362
0.332291
0.339301
0.346388
0.353553
0.360795
0.368111
0.375500
0.382962
0.390493
0.398093
0.405760
0.413492
0.421288
0.429144
0.437060
0.445032
0.453060
0.461140
0.469271
0.477450
0.485674
0.493941
0.502249
0.510594
0.518974
0.527387
0.535829
0.544297
0.552788
0.561300
0.569830
0.578373
0.586927
0.595489
0.604054
0.612621
0.621185
0.629743
0.638291
0.646827
0.655345
0.663843
0.672317
0.680763
0.689178
0.697557
0.705897
0.714194
0.722444
0.730644
0.738789
0.746875
0.754900
0.762858
0.770746
0.778560
0.786296
0.793950
0.801519
0.808998
0.816384
0.823674
0.830862
0.837945
0.844920
0.851783
0.858530
0.865158
0.871663
0.878041
0.884290
0.890404
0.896382
0.902220
0.907915
0.913463
0.918862
0.924108
0.929198
0.934129
0.938900
0.943506
0.947945
0.952215
0.956313
0.960237
0.963984
0.967553
0.970941
0.974147
0.977167
0.980002
0.982648
0.985105
0.987370
0.989443
0.991323
0.993007
0.994496
0.995788
0.996883
0.997779
0.998477
0.998976
0.999275
0.999375
0.999275
0.998976
0.998478
0.997780
0.996883
0.995789
0.994497
0.993008
0.991324
0.989444
0.987372
0.985106
0.982650
0.980004
0.977169
0.974149
0.970943
0.967556
0.963987
0.960239
0.956316
0.952217
0.947948
0.943508
0.938902
0.934132
0.929201
0.924111
0.918865
0.913467
0.907919
0.902224
0.896386
0.890408
0.884293
0.878045
0.871667
0.865162
0.858534
0.851787
0.844924
0.837950
0.830866
0.823678
0.816389
0.809003
0.801524
0.793955
0.786301
0.778565
0.770751
0.762863
0.754905
0.746881
0.738794
0.730649
0.722450
0.714200
0.705903
0.697563
0.689184
0.680770
0.672324
0.663850
0.655352
0.646834
0.638299
0.629751
0.621193
0.612629
0.604062
0.595497
0.586935
0.578381
0.569838
0.561309
0.552797
0.544306
0.535838
0.527396
0.518983
0.510603
0.502258
0.493951
0.485683
0.477459
0.469281
0.461150
0.453070
0.445042
0.437069
0.429154
0.421297
0.413502
0.405770
0.398103
0.390503
0.382972
0.375510
0.368121
0.360805
0.353564
0.346398
0.339311
0.332302
0.325372
0.318524
0.311757
0.305073
0.298473
0.291957
0.285527
0.279182
0.272924
0.266753
0.260669
0.254674
0.248766
0.242947
0.237217
0.231575
0.226023
0.220559
0.215185
0.209900
0.204703
0.199596
0.194577
0.189646
0.184803
0.180049
0.175381
0.170800
0.166306
0.161897
0.157574
0.153336
0.149182
0.145111
0.141124
0.137218
0.133394
0.129651
0.125987
0.122403
0.118897
0.115468
0.112116
0.108839
0.105637
0.102509
0.099453
0.096469
0.093556
0.090713
0.087939
0.085232
0.082593
0.080019
0.077510
0.075064
0.072681
0.070360
0.068099
0.065898
0.063755
0.061670
0.059641
0.057667
0.055747
0.053880
0.052066
0.050302
0.048589
0.046925
0.045308
0.043739
0.042215
0.040736
0.039302
0.037910
0.036560
0.035252
0.033983
0.032753
0.031562
0.030408
0.029290
0.028208
0.027160
0.026146
0.025165
0.024215
0.023297
0.022410
0.021551
0.020722
0.019920
0.019146
0.018398
0.017676
0.016978
0.016305
0.015656
0.015029
0.014425
0.013842
0.013280
0.012738
0.012216
0.011713
0.011229
0.010762
0.010313
0.009880
0.009464
0.009063
0.008678
0.008307
0.007951
0.007608
0.007279
0.006963
0.006659
0.006367
0.006086
0.005817
0.005559
0.005311
0.005073
0.004844
0.004626
0.004416
0.004214
0.004022
0.003837
0.003660
0.003490
0.003328
0.003172
0.003024
0.002881
0.002745
0.002615
0.002490
0.002371
0.002257
0.002148
0.002044
0.001945
0.001850
0.001759
0.001673
0.001590
0.001511
0.001436
0.001364
0.001296
0.001231
0.001169
0.001109
0.001053
0.000999
0.000948
0.000899
0.000853
0.000808
0.000766
0.000726
0.000688
0.000652
0.000618
0.000585
0.000554
0.000524
0.000496
0.000470
0.000444
0.000420
0.000397
0.000376
0.000355
0.000336
0.000317
0.000300
0.000283
0.000267
0.000252
0.000238
0.000225
0.000212
0.000200
0.000189
0.000178
0.000168
0.000158
0.000149
0.000141
0.000132
0.000125
0.000117
0.000111
0.000104
0.000098
0.000092
0.000087
0.000082
0.000077
0.000072
0.000068
0.000064
0.000060
0.000056
0.000053
0.000050
0.000047
0.000044
0.000041
0.000039
0.000036
0.000034
0.000032
0.000030
0.000028
0.000026
0.000025
0.000023
0.000022
0.000020
0.000019
0.000018
0.000017
0.000015
0.000014
0.000014
0.000013
0.000012
0.000011
0.000010
0.000010
0.000009
0.000008
0.000008
0.000007
0.000007
0.000006
0.000006
0.000006
0.000005
0.000005
0.000005
0.000004
0.000004
0.000004
0.000003
0.000003
0.000003
0.000003
0.000003
0.000002
0.000002
0.000002
0.000002
0.000002
0.000002
0.000002
0.000001
0.000001
0.000001
0.000001
0.000001
0.000001
0.000001
0.000001
0.000001
0.000001
0.000001
0.000001
0.000001
0.000001
0.000001
0.000000
0.000000
0.000000
0.000000
0.000000
0.000000
0.000000
0.000000
0.000000
0.000000
0.000000
0.000000
0.000000
0.000000
0.000000
0.000000
0.000000
0.000000
0.000000
0.000000
0.000000
0.000000
0.000000
0.000000
0.000000
0.000000
0.000000
0.000000
0.000000
0.000000
0.000000
0.000000
0.000000
0.000000
0.000000
0.000000
0.000000
0.000000
0.000000
0.000000
0.000000
0.000000
0.000000
0.000000
0.000000
0.000000
0.000000
0.000000
0.000000
0.000000
0.000000
0.000000
0.000000
0.000000
0.000000
0.000000
0.000000
0.000000
0.000000
0.000000
0.000000
0.000000
0.000000
0.000000
0.000000
0.000000
0.000000
0.000000
0.000000
0.000000
0.000000
0.000000
0.000000
0.000000
0.000000
0.000000
0.000000
0.000000
0.000000
0.000000
0.000000
0.000000
0.000000
0.000000
0.000000
0.000000
0.000000
0.000000
0.000000
0.000000
0.000000
0.000000
0.000000
0.000000
0.000000
0.000000
0.000000
0.000000
0.000000
0.000000
0.000000
0.000000
0.000000
0.000000
0.000000
0.000000
0.000000
0.000000
0.000000
0.000000
0.000000
0.000000
0.000000
0.000000
0.000000
0.000000
0.000000
0.000000
0.000000
0.000000
0.000000
0.000000
0.000000
0.000000
0.000000
0.000000
0.000000
0.000000
0.000000
0.000000
0.000000
0.000000
0.000000
0.000000
0.000000
0.000000
0.000000
0.000000
0.000000
0.000000
0.000000
0.000000
0.000000
0.000000
0.000000
0.000000
0.000000
0.000000
0.000000
0.000000
0.000000
0.000000
0.000000
0.000000
0.000000
0.000000
0.000000
0.000000
0.000000
0.000000
0.000000
0.000000
0.000000
0.000000
0.000000
0.000000
0.000000
0.000000
0.000000
0.000000
0.000000
0.000000
0.000000
0.000000
0.000000
0.000000
0.000000
0.000000
0.000000
0.000000
0.000000
0.000000
0.000000
0.000000
0.000000
0.000000
0.000000
0.000000
0.000000
0.000000
0.000000
0.000000
0.000000
0.000000
0.000000
0.000000
0.000000
0.000000
0.000000
0.000000
0.000000
0.000000
0.000000
0.000000
0.000000
0.000000
0.000000
0.000000
0.000000
0.000000
0.000000
0.000000
0.000000
0.000000
0.000000
0.000000
0.000000
0.000000
0.000000
0.000000
0.000000
0.000000
0.000000
0.000000
0.000000
0.000000
0.000000
0.000000
0.000000
0.000000
0.000000
0.000000
0.000000
0.000000
0.000000
0.000000
0.000000
0.000000
0.000000
0.000000
0.000000
0.000000
0.000000
0.000000
0.000000
0.000000
0.000000
0.000000
0.000000
0.000000
0.000000
0.000000
0.000000
0.000000
0.000000
0.000000
0.000000
0.000000
0.000000
0.000000
0.000000
0.000000
0.000000
0.000000
0.000000
0.000000
0.000000
0.000000
0.000000
0.000000
0.000000
0.000000
0.000000
0.000000
0.000000
0.000000
0.000000
0.000000
0.000000
0.000000
0.000000
0.000000
0.000000
0.000000
0.000000
0.000000
0.000000
0.000000
0.000000
0.000000
0.000000
0.000000
0.000000
0.000000
0.000000
0.000000
0.000000
0.000000
0.000000
0.000000
0.000000
0.000000
0.000000
0.000000
0.000000
0.000000
0.000000
0.000000
0.000000
0.000000
0.000000
0.000000
0.000000
0.000000
0.000000
0.000000
0.000000
0.000000
