0.000022
0.000047
0.000066
0.000093
0.000112
0.000139
0.000163
0.000182
0.000217
0.000231
0.000259
0.000298
0.000308
0.000335
0.000387
0.000411
0.000411
0.000440
0.000510
0.000592
0.000662
0.000717
0.000763
0.000806
0.000850
0.000895
0.000942
0.000992
0.001043
0.001098
0.001155
0.001215
0.001277
0.001343
0.001411
0.001483
0.001558
0.001637
0.001719
0.001805
0.001895
0.001989
0.002088
0.002191
0.002298
0.002410
0.002528
0.002650
0.002778
0.002912
0.003051
0.003196
0.003348
0.003506
0.003671
0.003843
0.004022
0.004209
0.004404
0.004606
0.004817
0.005037
0.005266
0.005504
0.005752
0.006010
0.006278
0.006557
0.006847
0.007148
0.007461
0.007787
0.008125
0.008476
0.008840
0.009219
0.009612
0.010019
0.010442
0.010881
0.011336
0.011808
0.012297
0.012803
0.013329
0.013873
0.014436
0.015019
0.015623
0.016249
0.016896
0.017565
0.018258
0.018974
0.019714
0.020480
0.021271
0.022088
0.022933
0.023805
0.024705
0.025635
0.026595
0.027585
0.028607
0.029661
0.030748
0.031869
0.033024
0.034215
0.035442
0.036706
0.038008
0.039348
0.040728
0.042149
0.043610
0.045114
0.046661
0.048251
0.049887
0.051568
0.053295
0.055070
0.056893
0.058766
0.060688
0.062662
0.064688
0.066766
0.068898
0.071085
0.073327
0.075626
0.077982
0.080396
0.082870
0.085403
0.087997
0.090653
0.093371
0.096153
0.098999
0.101909
0.104886
0.107929
0.111040
0.114219
0.117467
0.120784
0.124171
0.127630
0.131160
0.134763
0.138438
0.142187
0.146010
0.149908
0.153881
0.157929
0.162054
0.166255
0.170533
0.174888
0.179321
0.183831
0.188420
0.193088
0.197833
0.202658
0.207561
0.212543
0.217604
0.222744
0.227963
0.233260
0.238636
0.244090
0.249622
0.255232
0.260919
0.266684
0.272524
0.278441
0.284433
0.290500
0.296641
0.302855
0.309142
0.315501
0.321930
0.328430
0.334998
0.341634
0.348337
0.355105
0.361937
0.368832
0.375789
0.382806
0.389881
0.397014
0.404202
0.411443
0.418737
0.426081
0.433474
0.440913
0.448396
0.455922
0.463488
0.471093
0.478734
0.486409
0.494115
0.501850
0.509612
0.517399
0.525207
0.533035
0.540879
0.548738
0.556607
0.564486
0.572370
0.580257
0.588144
0.596028
0.603906
0.611775
0.619633
0.627476
0.635301
0.643104
0.650884
0.658636
0.666358
0.674046
0.681698
0.689309
0.696877
0.704398
0.711870
0.719288
0.726650
0.733952
0.741191
0.748363
0.755467
0.762497
0.769451
0.776327
0.783119
0.789825
0.796443
0.802969
0.809399
0.815731
0.821962
0.828088
0.834106
0.840015
0.845810
0.851488
0.857047
0.862484
0.867796
0.872981
0.878036
0.882957
0.887744
0.892393
0.896902
0.901268
0.905490
0.909564
0.913489
0.917263
0.920884
0.924350
0.927658
0.930808
0.933797
0.936624
0.939288
0.941786
0.944118
0.946283
0.948279
0.950105
0.951760
0.953243
0.954553
0.955691
0.956655
0.957444
0.958058
0.958497
0.958760
0.958848
0.958760
0.958497
0.958058
0.957444
0.956656
0.955692
0.954555
0.953244
0.951761
0.950107
0.948281
0.946285
0.944121
0.941789
0.939290
0.936627
0.933799
0.930810
0.927660
0.924352
0.920887
0.917266
0.913492
0.909567
0.905493
0.901271
0.896906
0.892397
0.887748
0.882962
0.878040
0.872985
0.867800
0.862488
0.857051
0.851492
0.845814
0.840019
0.834111
0.828093
0.821967
0.815736
0.809404
0.802974
0.796449
0.789831
0.783124
0.776332
0.769457
0.762503
0.755472
0.748369
0.741197
0.733958
0.726656
0.719294
0.711876
0.704405
0.696884
0.689316
0.681705
0.674054
0.666366
0.658643
0.650891
0.643111
0.635307
0.627483
0.619640
0.611782
0.603912
0.596034
0.588150
0.580264
0.572377
0.564493
0.556615
0.548746
0.540887
0.533043
0.525216
0.517407
0.509621
0.501858
0.494123
0.486417
0.478742
0.471101
0.463497
0.455930
0.448404
0.440921
0.433482
0.426090
0.418746
0.411452
0.404210
0.397022
0.389890
0.382815
0.375798
0.368841
0.361946
0.355113
0.348345
0.341643
0.335007
0.328439
0.321939
0.315510
0.309151
0.302864
0.296650
0.290509
0.284442
0.278450
0.272534
0.266693
0.260929
0.255242
0.249632
0.244100
0.238645
0.233269
0.227972
0.222753
0.217613
0.212552
0.207570
0.202667
0.197842
0.193096
0.188429
0.183840
0.179329
0.174896
0.170541
0.166263
0.162062
0.157937
0.153889
0.149916
0.146018
0.142195
0.138446
0.134770
0.131167
0.127637
0.124178
0.120791
0.117473
0.114226
0.111047
0.107936
0.104892
0.101916
0.099005
0.096159
0.093377
0.090658
0.088003
0.085408
0.082875
0.080402
0.077987
0.075631
0.073332
0.071090
0.068903
0.066771
0.064692
0.062667
0.060693
0.058770
0.056898
0.055074
0.053299
0.051572
0.049891
0.048255
0.046664
0.045118
0.043614
0.042152
0.040732
0.039352
0.038011
0.036709
0.035445
0.034218
0.033027
0.031872
0.030751
0.029664
0.028610
0.027588
0.026598
0.025638
0.024708
0.023807
0.022935
0.022090
0.021273
0.020482
0.019716
0.018976
0.018260
0.017567
0.016898
0.016251
0.015625
0.015021
0.014438
0.013874
0.013330
0.012805
0.012298
0.011809
0.011337
0.010882
0.010443
0.010020
0.009613
0.009220
0.008841
0.008477
0.008126
0.007788
0.007462
0.007149
0.006847
0.006558
0.006279
0.006010
0.005753
0.005505
0.005267
0.005038
0.004818
0.004607
0.004404
0.004210
0.004023
0.003844
0.003672
0.003507
0.003348
0.003197
0.003051
0.002912
0.002779
0.002651
0.002528
0.002411
0.002299
0.002191
0.002088
0.001990
0.001896
0.001806
0.001719
0.001637
0.001558
0.001483
0.001411
0.001343
0.001277
0.001215
0.001155
0.001098
0.001044
0.000992
0.000942
0.000895
0.000850
0.000807
0.000766
0.000727
0.000690
0.000655
0.000621
0.000589
0.000559
0.000530
0.000502
0.000476
0.000451
0.000427
0.000405
0.000383
0.000363
0.000343
0.000325
0.000307
0.000291
0.000275
0.000260
0.000246
0.000233
0.000220
0.000208
0.000196
0.000185
0.000175
0.000165
0.000156
0.000147
0.000139
0.000131
0.000124
0.000117
0.000110
0.000104
0.000098
0.000092
0.000087
0.000082
0.000077
0.000072
0.000068
0.000064
0.000060
0.000057
0.000053
0.000050
0.000047
0.000044
0.000042
0.000039
0.000037
0.000035
0.000033
0.000031
0.000029
0.000027
0.000025
0.000024
0.000022
0.000021
0.000020
0.000018
0.000017
0.000016
0.000015
0.000014
0.000013
0.000012
0.000012
0.000011
0.000010
0.000010
0.000009
0.000008
0.000008
0.000007
0.000007
0.000006
0.000006
0.000006
0.000005
0.000005
0.000005
0.000004
0.000004
0.000004
0.000003
0.000003
0.000003
0.000003
0.000003
0.000002
0.000002
0.000002
0.000002
0.000002
0.000002
0.000002
0.000001
0.000001
0.000001
0.000001
0.000001
0.000001
0.000001
0.000001
0.000001
0.000001
0.000001
0.000001
0.000001
0.000001
0.000001
0.000000
0.000000
0.000000
0.000000
0.000000
0.000000
0.000000
0.000000
0.000000
0.000000
0.000000
0.000000
0.000000
0.000000
0.000000
0.000000
0.000000
0.000000
0.000000
0.000000
0.000000
0.000000
0.000000
0.000000
0.000000
0.000000
0.000000
0.000000
0.000000
0.000000
0.000000
0.000000
0.000000
0.000000
0.000000
0.000000
0.000000
0.000000
0.000000
0.000000
0.000000
0.000000
0.000000
0.000000
0.000000
0.000000
0.000000
0.000000
0.000000
0.000000
0.000000
0.000000
0.000000
0.000000
0.000000
0.000000
0.000000
0.000000
0.000000
0.000000
0.000000
0.000000
0.000000
0.000000
0.000000
0.000000
0.000000
0.000000
0.000000
0.000000
0.000000
0.000000
0.000000
0.000000
0.000000
0.000000
0.000000
0.000000
0.000000
0.000000
0.000000
0.000000
0.000000
0.000000
0.000000
0.000000
0.000000
0.000000
0.000000
0.000000
0.000000
0.000000
0.000000
0.000000
0.000000
0.000000
0.000000
0.000000
0.000000
0.000000
0.000000
0.000000
0.000000
0.000000
0.000000
0.000000
0.000000
0.000000
0.000000
0.000000
0.000000
0.000000
0.000000
0.000000
0.000000
0.000000
0.000000
0.000000
0.000000
0.000000
0.000000
0.000000
0.000000
0.000000
0.000000
0.000000
0.000000
0.000000
0.000000
0.000000
0.000000
0.000000
0.000000
0.000000
0.000000
0.000000
0.000000
0.000000
0.000000
0.000000
0.000000
0.000000
0.000000
0.000000
0.000000
0.000000
0.000000
0.000000
0.000000
0.000000
0.000000
0.000000
0.000000
0.000000
0.000000
0.000000
0.000000
0.000000
0.000000
0.000000
0.000000
0.000000
0.000000
0.000000
0.000000
0.000000
0.000000
0.000000
0.000000
0.000000
0.000000
0.000000
0.000000
0.000000
0.000000
0.000000
0.000000
0.000000
0.000000
0.000000
0.000000
0.000000
0.000000
0.000000
0.000000
0.000000
0.000000
0.000000
0.000000
0.000000
0.000000
0.000000
0.000000
0.000000
0.000000
0.000000
0.000000
0.000000
0.000000
0.000000
0.000000
0.000000
0.000000
0.000000
0.000000
0.000000
0.000000
0.000000
0.000000
0.000000
0.000000
0.000000
0.000000
0.000000
0.000000
0.000000
0.000000
0.000000
0.000000
0.000000
0.000000
0.000000
0.000000
0.000000
0.000000
0.000000
0.000000
0.000000
0.000000
0.000000
0.000000
0.000000
0.000000
0.000000
0.000000
0.000000
0.000000
0.000000
0.000000
0.000000
0.000000
0.000000
0.000000
0.000000
0.000000
0.000000
0.000000
0.000000
0.000000
0.000000
0.000000
0.000000
0.000000
0.000000
0.000000
0.000000
0.000000
0.000000
0.000000
0.000000
0.000000
0.000000
0.000000
0.000000
0.000000
0.000000
0.000000
0.000000
0.000000
0.000000
0.000000
0.000000
0.000000
0.000000
0.000000
0.000000
0.000000
0.000000
0.000000
0.000000
0.000000
0.000000
0.000000
0.000000
0.000000
0.000000
0.000000
0.000000
0.000000
0.000000
0.000000
0.000000
0.000000
0.000000
0.000000
0.000000
0.000000
0.000000
0.000000
0.000000
0.000000
0.000000
0.000000
0.000000
0.000000
0.000000
0.000000
