0.000023
0.000047
0.000069
0.000094
0.000118
0.000139
0.000170
0.000186
0.000220
0.000244
0.000261
0.000304
0.000326
0.000339
0.000387
0.000430
0.000436
0.000448
0.000501
0.000582
0.000661
0.000725
0.000777
0.000822
0.000867
0.000913
0.000961
0.001012
0.001064
0.001120
0.001178
0.001238
0.001302
0.001369
0.001438
0.001511
0.001588
0.001668
0.001752
0.001839
0.001931
0.002026
0.002126
0.002231
0.002340
0.002454
0.002573
0.002697
0.002827
0.002963
0.003104
0.003251
0.003405
0.003566
0.003733
0.003907
0.004089
0.004279
0.004476
0.004681
0.004895
0.005118
0.005350
0.005591
0.005842
0.006103
0.006375
0.006657
0.006951
0.007256
0.007573
0.007902
0.008244
0.008600
0.008969
0.009351
0.009749
0.010161
0.010589
0.011032
0.011492
0.011969
0.012463
0.012976
0.013506
0.014056
0.014625
0.015214
0.015824
0.016456
0.017109
0.017785
0.018484
0.019207
0.019954
0.020727
0.021525
0.022349
0.023201
0.024081
0.024989
0.025927
0.026894
0.027893
0.028923
0.029985
0.031081
0.032210
0.033374
0.034574
0.035809
0.037082
0.038393
0.039743
0.041132
0.042562
0.044033
0.045547
0.047103
0.048703
0.050349
0.052040
0.053777
0.055562
0.057396
0.059278
0.061211
0.063195
0.065231
0.067320
0.069462
0.071659
0.073912
0.076221
0.078588
0.081012
0.083496
0.086039
0.088644
0.091310
0.094038
0.096830
0.099686
0.102606
0.105593
0.108646
0.111766
0.114954
0.118211
0.121537
0.124934
0.128401
0.131940
0.135550
0.139234
0.142990
0.146821
0.150726
0.154706
0.158761
0.162892
0.167099
0.171382
0.175743
0.180181
0.184696
0.189289
0.193960
0.198709
0.203537
0.208443
0.213427
0.218490
0.223631
0.228850
0.234147
0.239523
0.244976
0.250507
0.256114
0.261799
0.267560
0.273397
0.279310
0.285297
0.291358
0.297493
0.303700
0.309980
0.316330
0.322750
0.329240
0.335798
0.342424
0.349115
0.355870
0.362690
0.369571
0.376513
0.383515
0.390575
0.397691
0.404862
0.412086
0.419361
0.426685
0.434058
0.441476
0.448938
0.456441
0.463985
0.471566
0.479182
0.486832
0.494513
0.502222
0.509957
0.517716
0.525496
0.533295
0.541110
0.548938
0.556777
0.564624
0.572477
0.580331
0.588185
0.596036
0.603881
0.611716
0.619539
0.627347
0.635136
0.642904
0.650648
0.658363
0.666049
0.673700
0.681314
0.688888
0.696418
0.703902
0.711335
0.718715
0.726039
0.733302
0.740503
0.747638
0.754703
0.761695
0.768612
0.775449
0.782203
0.788872
0.795452
0.801941
0.808335
0.814630
0.820825
0.826915
0.832898
0.838772
0.844532
0.850177
0.855702
0.861106
0.866387
0.871540
0.876563
0.881455
0.886212
0.890832
0.895312
0.899651
0.903846
0.907895
0.911795
0.915546
0.919143
0.922586
0.925874
0.929003
0.931973
0.934782
0.937428
0.939910
0.942227
0.944378
0.946360
0.948175
0.949819
0.951292
0.952594
0.953724
0.954681
0.955465
0.956075
0.956512
0.956773
0.956860
0.956773
0.956512
0.956076
0.955466
0.954683
0.953726
0.952596
0.951294
0.949820
0.948177
0.946363
0.944380
0.942230
0.939913
0.937431
0.934784
0.931975
0.929006
0.925876
0.922589
0.919146
0.915548
0.911798
0.907898
0.903850
0.899655
0.895316
0.890836
0.886216
0.881459
0.876567
0.871544
0.866391
0.861111
0.855706
0.850181
0.844536
0.838776
0.832903
0.826920
0.820830
0.814636
0.808340
0.801947
0.795458
0.788878
0.782209
0.775454
0.768617
0.761701
0.754709
0.747643
0.740509
0.733309
0.726045
0.718721
0.711341
0.703908
0.696425
0.688895
0.681322
0.673707
0.666056
0.658370
0.650654
0.642911
0.635143
0.627354
0.619546
0.611723
0.603887
0.596043
0.588192
0.580338
0.572484
0.564632
0.556785
0.548946
0.541118
0.533303
0.525504
0.517724
0.509965
0.502230
0.494521
0.486840
0.479190
0.471574
0.463993
0.456449
0.448946
0.441484
0.434066
0.426694
0.419369
0.412094
0.404870
0.397700
0.390584
0.383524
0.376522
0.369580
0.362699
0.355879
0.349123
0.342432
0.335807
0.329249
0.322759
0.316339
0.309988
0.303709
0.297502
0.291367
0.285306
0.279319
0.273406
0.267570
0.261809
0.256124
0.250516
0.244985
0.239532
0.234157
0.228859
0.223640
0.218499
0.213436
0.208452
0.203546
0.198718
0.193969
0.189298
0.184705
0.180189
0.175751
0.171391
0.167107
0.162900
0.158769
0.154714
0.150734
0.146829
0.142998
0.139241
0.135558
0.131947
0.128408
0.124940
0.121544
0.118218
0.114961
0.111772
0.108652
0.105599
0.102613
0.099692
0.096836
0.094044
0.091315
0.088649
0.086045
0.083501
0.081018
0.078593
0.076226
0.073917
0.071664
0.069467
0.067324
0.065236
0.063200
0.061215
0.059283
0.057400
0.055566
0.053781
0.052044
0.050353
0.048707
0.047107
0.045550
0.044037
0.042566
0.041136
0.039746
0.038397
0.037086
0.035813
0.034577
0.033377
0.032213
0.031084
0.029988
0.028926
0.027896
0.026897
0.025929
0.024992
0.024083
0.023204
0.022352
0.021527
0.020729
0.019956
0.019209
0.018486
0.017787
0.017111
0.016458
0.015826
0.015216
0.014627
0.014057
0.013508
0.012977
0.012465
0.011971
0.011494
0.011034
0.010590
0.010162
0.009750
0.009353
0.008970
0.008601
0.008245
0.007903
0.007574
0.007257
0.006952
0.006658
0.006376
0.006104
0.005843
0.005592
0.005351
0.005119
0.004896
0.004682
0.004476
0.004279
0.004090
0.003908
0.003734
0.003566
0.003406
0.003252
0.003104
0.002963
0.002828
0.002698
0.002573
0.002454
0.002340
0.002231
0.002126
0.002027
0.001931
0.001839
0.001752
0.001668
0.001588
0.001512
0.001439
0.001369
0.001302
0.001239
0.001178
0.001120
0.001065
0.001012
0.000961
0.000913
0.000868
0.000824
0.000782
0.000743
0.000705
0.000669
0.000634
0.000602
0.000571
0.000541
0.000513
0.000486
0.000461
0.000437
0.000414
0.000392
0.000371
0.000351
0.000332
0.000314
0.000298
0.000281
0.000266
0.000252
0.000238
0.000225
0.000213
0.000201
0.000190
0.000179
0.000169
0.000160
0.000151
0.000142
0.000134
0.000127
0.000120
0.000113
0.000106
0.000100
0.000094
0.000089
0.000084
0.000079
0.000074
0.000070
0.000066
0.000062
0.000058
0.000055
0.000052
0.000049
0.000046
0.000043
0.000040
0.000038
0.000036
0.000033
0.000031
0.000030
0.000028
0.000026
0.000024
0.000023
0.000021
0.000020
0.000019
0.000018
0.000017
0.000016
0.000015
0.000014
0.000013
0.000012
0.000011
0.000010
0.000010
0.000009
0.000009
0.000008
0.000008
0.000007
0.000007
0.000006
0.000006
0.000005
0.000005
0.000005
0.000004
0.000004
0.000004
0.000004
0.000003
0.000003
0.000003
0.000003
0.000002
0.000002
0.000002
0.000002
0.000002
0.000002
0.000002
0.000002
0.000001
0.000001
0.000001
0.000001
0.000001
0.000001
0.000001
0.000001
0.000001
0.000001
0.000001
0.000001
0.000001
0.000001
0.000001
0.000000
0.000000
0.000000
0.000000
0.000000
0.000000
0.000000
0.000000
0.000000
0.000000
0.000000
0.000000
0.000000
0.000000
0.000000
0.000000
0.000000
0.000000
0.000000
0.000000
0.000000
0.000000
0.000000
0.000000
0.000000
0.000000
0.000000
0.000000
0.000000
0.000000
0.000000
0.000000
0.000000
0.000000
0.000000
0.000000
0.000000
0.000000
0.000000
0.000000
0.000000
0.000000
0.000000
0.000000
0.000000
0.000000
0.000000
0.000000
0.000000
0.000000
0.000000
0.000000
0.000000
0.000000
0.000000
0.000000
0.000000
0.000000
0.000000
0.000000
0.000000
0.000000
0.000000
0.000000
0.000000
0.000000
0.000000
0.000000
0.000000
0.000000
0.000000
0.000000
0.000000
0.000000
0.000000
0.000000
0.000000
0.000000
0.000000
0.000000
0.000000
0.000000
0.000000
0.000000
0.000000
0.000000
0.000000
0.000000
0.000000
0.000000
0.000000
0.000000
0.000000
0.000000
0.000000
0.000000
0.000000
0.000000
0.000000
0.000000
0.000000
0.000000
0.000000
0.000000
0.000000
0.000000
0.000000
0.000000
0.000000
0.000000
0.000000
0.000000
0.000000
0.000000
0.000000
0.000000
0.000000
0.000000
0.000000
0.000000
0.000000
0.000000
0.000000
0.000000
0.000000
0.000000
0.000000
0.000000
0.000000
0.000000
0.000000
0.000000
0.000000
0.000000
0.000000
0.000000
0.000000
0.000000
0.000000
0.000000
0.000000
0.000000
0.000000
0.000000
0.000000
0.000000
0.000000
0.000000
0.000000
0.000000
0.000000
0.000000
0.000000
0.000000
0.000000
0.000000
0.000000
0.000000
0.000000
0.000000
0.000000
0.000000
0.000000
0.000000
0.000000
0.000000
0.000000
0.000000
0.000000
0.000000
0.000000
0.000000
0.000000
0.000000
0.000000
0.000000
0.000000
0.000000
0.000000
0.000000
0.000000
0.000000
0.000000
0.000000
0.000000
0.000000
0.000000
0.000000
0.000000
0.000000
0.000000
0.000000
0.000000
0.000000
0.000000
0.000000
0.000000
0.000000
0.000000
0.000000
0.000000
0.000000
0.000000
0.000000
0.000000
0.000000
0.000000
0.000000
0.000000
0.000000
0.000000
0.000000
0.000000
0.000000
0.000000
0.000000
0.000000
0.000000
0.000000
0.000000
0.000000
0.000000
0.000000
0.000000
0.000000
0.000000
0.000000
0.000000
0.000000
0.000000
0.000000
0.000000
0.000000
0.000000
0.000000
0.000000
0.000000
0.000000
0.000000
0.000000
0.000000
0.000000
0.000000
0.000000
0.000000
0.000000
0.000000
0.000000
0.000000
0.000000
0.000000
0.000000
0.000000
0.000000
0.000000
0.000000
0.000000
0.000000
0.000000
0.000000
0.000000
0.000000
0.000000
0.000000
0.000000
0.000000
0.000000
0.000000
0.000000
0.000000
0.000000
0.000000
0.000000
0.000000
0.000000
0.000000
0.000000
0.000000
0.000000
0.000000
0.000000
0.000000
0.000000
0.000000
0.000000
0.000000
0.000000
0.000000
0.000000
0.000000
0.000000
0.000000
0.000000
0.000000
0.000000
0.000000
0.000000
0.000000
0.000000
0.000000
0.000000
0.000000
0.000000
0.000000
0.000000
0.000000
