0.000024
0.000047
0.000073
0.000094
0.000123
0.000142
0.000174
0.000194
0.000220
0.000255
0.000269
0.000304
0.000341
0.000352
0.000385
0.000440
0.000462
0.000466
0.000499
0.000572
0.000657
0.000730
0.000788
0.000838
0.000885
0.000932
0.000981
0.001032
0.001086
0.001142
0.001201
0.001263
0.001328
0.001396
0.001467
0.001541
0.001619
0.001700
0.001785
0.001874
0.001967
0.002064
0.002166
0.002272
0.002383
0.002498
0.002619
0.002746
0.002877
0.003015
0.003158
0.003308
0.003464
0.003627
0.003797
0.003974
0.004158
0.004350
0.004550
0.004758
0.004975
0.005201
0.005436
0.005681
0.005935
0.006199
0.006475
0.006761
0.007058
0.007367
0.007688
0.008021
0.008367
0.008727
0.009100
0.009488
0.009890
0.010307
0.010739
0.011188
0.011653
0.012135
0.012635
0.013152
0.013689
0.014244
0.014819
0.015415
0.016031
0.016669
0.017328
0.018011
0.018716
0.019446
0.020200
0.020980
0.021785
0.022617
0.023477
0.024364
0.025280
0.026226
0.027202
0.028208
0.029247
0.030317
0.031421
0.032560
0.033732
0.034941
0.036186
0.037468
0.038788
0.040147
0.041546
0.042986
0.044467
0.045990
0.047556
0.049167
0.050822
0.052523
0.054271
0.056066
0.057910
0.059803
0.061746
0.063741
0.065787
0.067887
0.070040
0.072248
0.074511
0.076831
0.079208
0.081643
0.084137
0.086691
0.089306
0.091982
0.094721
0.097523
0.100389
0.103320
0.106316
0.109379
0.112509
0.115706
0.118973
0.122308
0.125714
0.129190
0.132737
0.136356
0.140048
0.143812
0.147650
0.151563
0.155549
0.159611
0.163749
0.167962
0.172251
0.176617
0.181060
0.185580
0.190178
0.194853
0.199605
0.204436
0.209344
0.214330
0.219395
0.224537
0.229757
0.235054
0.240429
0.245881
0.251410
0.257016
0.262698
0.268456
0.274289
0.280197
0.286179
0.292234
0.298363
0.304563
0.310835
0.317176
0.323588
0.330068
0.336616
0.343230
0.349909
0.356652
0.363458
0.370325
0.377253
0.384239
0.391283
0.398382
0.405535
0.412740
0.419997
0.427301
0.434653
0.442050
0.449490
0.456971
0.464491
0.472047
0.479639
0.487263
0.494918
0.502600
0.510307
0.518038
0.525789
0.533559
0.541344
0.549141
0.556949
0.564764
0.572584
0.580406
0.588226
0.596043
0.603853
0.611654
0.619441
0.627213
0.634966
0.642698
0.650404
0.658083
0.665731
0.673344
0.680920
0.688456
0.695948
0.703393
0.710787
0.718128
0.725413
0.732638
0.739799
0.746895
0.753921
0.760874
0.767752
0.774550
0.781267
0.787897
0.794439
0.800890
0.807246
0.813504
0.819662
0.825716
0.831663
0.837501
0.843226
0.848836
0.854327
0.859698
0.864945
0.870066
0.875058
0.879918
0.884645
0.889236
0.893688
0.897998
0.902166
0.906189
0.910064
0.913790
0.917364
0.920784
0.924050
0.927158
0.930109
0.932899
0.935528
0.937993
0.940295
0.942431
0.944400
0.946202
0.947835
0.949299
0.950592
0.951715
0.952665
0.953444
0.954050
0.954483
0.954743
0.954829
0.954742
0.954483
0.954050
0.953444
0.952666
0.951716
0.950594
0.949301
0.947837
0.946204
0.944402
0.942433
0.940298
0.937996
0.935530
0.932902
0.930111
0.927161
0.924052
0.920787
0.917366
0.913792
0.910067
0.906192
0.902170
0.898002
0.893691
0.889240
0.884649
0.879923
0.875062
0.870070
0.864950
0.859702
0.854331
0.848840
0.843230
0.837506
0.831668
0.825721
0.819667
0.813510
0.807251
0.800895
0.794445
0.787903
0.781272
0.774556
0.767758
0.760880
0.753927
0.746900
0.739805
0.732644
0.725419
0.718134
0.710793
0.703399
0.695954
0.688463
0.680928
0.673352
0.665738
0.658090
0.650411
0.642704
0.634973
0.627220
0.619448
0.611660
0.603860
0.596050
0.588234
0.580413
0.572591
0.564772
0.556957
0.549149
0.541352
0.533567
0.525797
0.518046
0.510315
0.502608
0.494926
0.487271
0.479647
0.472055
0.464499
0.456978
0.449498
0.442058
0.434661
0.427310
0.420005
0.412749
0.405544
0.398390
0.391291
0.384248
0.377262
0.370334
0.363467
0.356661
0.349918
0.343238
0.336624
0.330077
0.323597
0.317185
0.310843
0.304572
0.298371
0.292243
0.286188
0.280206
0.274298
0.268465
0.262708
0.257026
0.251420
0.245891
0.240438
0.235063
0.229766
0.224546
0.219404
0.214339
0.209353
0.204444
0.199614
0.194861
0.190186
0.185589
0.181069
0.176626
0.172260
0.167970
0.163757
0.159619
0.155557
0.151571
0.147658
0.143820
0.140055
0.136363
0.132744
0.129197
0.125720
0.122315
0.118979
0.115713
0.112515
0.109385
0.106322
0.103326
0.100395
0.097529
0.094727
0.091988
0.089312
0.086697
0.084143
0.081648
0.079213
0.076836
0.074516
0.072253
0.070045
0.067891
0.065792
0.063745
0.061751
0.059808
0.057914
0.056070
0.054275
0.052527
0.050826
0.049170
0.047560
0.045994
0.044470
0.042989
0.041550
0.040151
0.038792
0.037471
0.036189
0.034944
0.033735
0.032563
0.031424
0.030320
0.029249
0.028211
0.027204
0.026228
0.025283
0.024367
0.023479
0.022620
0.021788
0.020982
0.020203
0.019448
0.018718
0.018013
0.017330
0.016670
0.016033
0.015416
0.014821
0.014246
0.013690
0.013154
0.012636
0.012136
0.011654
0.011189
0.010741
0.010308
0.009891
0.009489
0.009101
0.008728
0.008369
0.008022
0.007689
0.007368
0.007059
0.006761
0.006475
0.006200
0.005936
0.005681
0.005437
0.005202
0.004976
0.004759
0.004551
0.004351
0.004159
0.003974
0.003797
0.003628
0.003465
0.003309
0.003159
0.003015
0.002878
0.002746
0.002620
0.002499
0.002383
0.002272
0.002166
0.002064
0.001967
0.001874
0.001785
0.001700
0.001619
0.001541
0.001467
0.001396
0.001328
0.001263
0.001201
0.001142
0.001086
0.001032
0.000981
0.000932
0.000886
0.000841
0.000799
0.000758
0.000720
0.000683
0.000648
0.000615
0.000583
0.000553
0.000524
0.000497
0.000471
0.000446
0.000423
0.000401
0.000379
0.000359
0.000340
0.000322
0.000304
0.000288
0.000272
0.000258
0.000244
0.000230
0.000218
0.000206
0.000194
0.000184
0.000173
0.000164
0.000155
0.000146
0.000138
0.000130
0.000123
0.000116
0.000109
0.000103
0.000097
0.000091
0.000086
0.000081
0.000076
0.000072
0.000068
0.000064
0.000060
0.000056
0.000053
0.000050
0.000047
0.000044
0.000041
0.000039
0.000037
0.000034
0.000032
0.000030
0.000028
0.000027
0.000025
0.000024
0.000022
0.000021
0.000019
0.000018
0.000017
0.000016
0.000015
0.000014
0.000013
0.000012
0.000012
0.000011
0.000010
0.000009
0.000009
0.000008
0.000008
0.000007
0.000007
0.000006
0.000006
0.000006
0.000005
0.000005
0.000004
0.000004
0.000004
0.000004
0.000003
0.000003
0.000003
0.000003
0.000003
0.000002
0.000002
0.000002
0.000002
0.000002
0.000002
0.000002
0.000001
0.000001
0.000001
0.000001
0.000001
0.000001
0.000001
0.000001
0.000001
0.000001
0.000001
0.000001
0.000001
0.000001
0.000001
0.000000
0.000000
0.000000
0.000000
0.000000
0.000000
0.000000
0.000000
0.000000
0.000000
0.000000
0.000000
0.000000
0.000000
0.000000
0.000000
0.000000
0.000000
0.000000
0.000000
0.000000
0.000000
0.000000
0.000000
0.000000
0.000000
0.000000
0.000000
0.000000
0.000000
0.000000
0.000000
0.000000
0.000000
0.000000
0.000000
0.000000
0.000000
0.000000
0.000000
0.000000
0.000000
0.000000
0.000000
0.000000
0.000000
0.000000
0.000000
0.000000
0.000000
0.000000
0.000000
0.000000
0.000000
0.000000
0.000000
0.000000
0.000000
0.000000
0.000000
0.000000
0.000000
0.000000
0.000000
0.000000
0.000000
0.000000
0.000000
0.000000
0.000000
0.000000
0.000000
0.000000
0.000000
0.000000
0.000000
0.000000
0.000000
0.000000
0.000000
0.000000
0.000000
0.000000
0.000000
0.000000
0.000000
0.000000
0.000000
0.000000
0.000000
0.000000
0.000000
0.000000
0.000000
0.000000
0.000000
0.000000
0.000000
0.000000
0.000000
0.000000
0.000000
0.000000
0.000000
0.000000
0.000000
0.000000
0.000000
0.000000
0.000000
0.000000
0.000000
0.000000
0.000000
0.000000
0.000000
0.000000
0.000000
0.000000
0.000000
0.000000
0.000000
0.000000
0.000000
0.000000
0.000000
0.000000
0.000000
0.000000
0.000000
0.000000
0.000000
0.000000
0.000000
0.000000
0.000000
0.000000
0.000000
0.000000
0.000000
0.000000
0.000000
0.000000
0.000000
0.000000
0.000000
0.000000
0.000000
0.000000
0.000000
0.000000
0.000000
0.000000
0.000000
0.000000
0.000000
0.000000
0.000000
0.000000
0.000000
0.000000
0.000000
0.000000
0.000000
0.000000
0.000000
0.000000
0.000000
0.000000
0.000000
0.000000
0.000000
0.000000
0.000000
0.000000
0.000000
0.000000
0.000000
0.000000
0.000000
0.000000
0.000000
0.000000
0.000000
0.000000
0.000000
0.000000
0.000000
0.000000
0.000000
0.000000
0.000000
0.000000
0.000000
0.000000
0.000000
0.000000
0.000000
0.000000
0.000000
0.000000
0.000000
0.000000
0.000000
0.000000
0.000000
0.000000
0.000000
0.000000
0.000000
0.000000
0.000000
0.000000
0.000000
0.000000
0.000000
0.000000
0.000000
0.000000
0.000000
0.000000
0.000000
0.000000
0.000000
0.000000
0.000000
0.000000
0.000000
0.000000
0.000000
0.000000
0.000000
0.000000
0.000000
0.000000
0.000000
0.000000
0.000000
0.000000
0.000000
0.000000
0.000000
0.000000
0.000000
0.000000
0.000000
0.000000
0.000000
0.000000
0.000000
0.000000
0.000000
0.000000
0.000000
0.000000
0.000000
0.000000
0.000000
0.000000
0.000000
0.000000
0.000000
0.000000
0.000000
0.000000
0.000000
0.000000
0.000000
0.000000
0.000000
0.000000
0.000000
0.000000
0.000000
0.000000
0.000000
0.000000
0.000000
0.000000
0.000000
0.000000
0.000000
0.000000
0.000000
0.000000
0.000000
0.000000
0.000000
0.000000
0.000000
0.000000
0.000000
0.000000
0.000000
0.000000
0.000000
0.000000
0.000000
0.000000
0.000000
0.000000
0.000000
0.000000
0.000000
0.000000
0.000000
