0.000025
0.000048
0.000075
0.000096
0.000126
0.000148
0.000175
0.000204
0.000222
0.000261
0.000282
0.000305
0.000350
0.000371
0.000389
0.000442
0.000484
0.000491
0.000508
0.000565
0.000649
0.000731
0.000798
0.000853
0.000902
0.000951
0.001001
0.001053
0.001108
0.001165
0.001226
0.001288
0.001354
0.001423
0.001495
0.001571
0.001650
0.001733
0.001819
0.001910
0.002004
0.002103
0.002206
0.002314
0.002427
0.002544
0.002667
0.002795
0.002929
0.003069
0.003215
0.003367
0.003525
0.003690
0.003862
0.004042
0.004229
0.004424
0.004627
0.004838
0.005058
0.005287
0.005525
0.005773
0.006030
0.006298
0.006577
0.006867
0.007168
0.007481
0.007806
0.008143
0.008494
0.008858
0.009236
0.009628
0.010034
0.010456
0.010894
0.011348
0.011818
0.012305
0.012811
0.013334
0.013876
0.014437
0.015018
0.015620
0.016243
0.016887
0.017553
0.018242
0.018955
0.019692
0.020453
0.021240
0.022053
0.022892
0.023759
0.024655
0.025579
0.026532
0.027516
0.028532
0.029578
0.030658
0.031771
0.032918
0.034100
0.035317
0.036572
0.037863
0.039193
0.040562
0.041970
0.043420
0.044911
0.046444
0.048020
0.049641
0.051307
0.053018
0.054777
0.056583
0.058437
0.060341
0.062295
0.064300
0.066357
0.068467
0.070631
0.072850
0.075124
0.077455
0.079842
0.082288
0.084793
0.087358
0.089984
0.092671
0.095420
0.098232
0.101109
0.104050
0.107056
0.110129
0.113268
0.116476
0.119752
0.123096
0.126511
0.129996
0.133552
0.137180
0.140880
0.144652
0.148498
0.152418
0.156412
0.160481
0.164625
0.168844
0.173139
0.177511
0.181959
0.186484
0.191085
0.195764
0.200520
0.205354
0.210265
0.215253
0.220319
0.225462
0.230683
0.235980
0.241355
0.246806
0.252333
0.257937
0.263616
0.269370
0.275199
0.281103
0.287079
0.293129
0.299250
0.305443
0.311707
0.318040
0.324443
0.330913
0.337450
0.344052
0.350719
0.357449
0.364242
0.371095
0.378007
0.384978
0.392005
0.399086
0.406221
0.413408
0.420644
0.427929
0.435259
0.442634
0.450052
0.457510
0.465006
0.472538
0.480104
0.487702
0.495330
0.502984
0.510664
0.518366
0.526087
0.533827
0.541581
0.549347
0.557123
0.564905
0.572692
0.580480
0.588266
0.596048
0.603824
0.611588
0.619340
0.627075
0.634791
0.642486
0.650154
0.657795
0.665404
0.672979
0.680517
0.688013
0.695466
0.702871
0.710226
0.717527
0.724772
0.731957
0.739079
0.746135
0.753121
0.760035
0.766873
0.773631
0.780308
0.786900
0.793403
0.799815
0.806133
0.812353
0.818473
0.824490
0.830400
0.836202
0.841891
0.847465
0.852922
0.858258
0.863472
0.868560
0.873519
0.878349
0.883045
0.887605
0.892028
0.896310
0.900450
0.904446
0.908295
0.911996
0.915546
0.918943
0.922186
0.925274
0.928205
0.930976
0.933586
0.936035
0.938321
0.940442
0.942398
0.944187
0.945809
0.947263
0.948548
0.949662
0.950606
0.951379
0.951981
0.952411
0.952669
0.952755
0.952669
0.952411
0.951981
0.951380
0.950607
0.949663
0.948549
0.947265
0.945811
0.944189
0.942400
0.940445
0.938324
0.936038
0.933589
0.930978
0.928207
0.925277
0.922189
0.918946
0.915548
0.911998
0.908298
0.904449
0.900454
0.896314
0.892031
0.887609
0.883048
0.878353
0.873524
0.868564
0.863477
0.858263
0.852926
0.847469
0.841895
0.836206
0.830405
0.824495
0.818478
0.812358
0.806138
0.799820
0.793409
0.786905
0.780314
0.773637
0.766878
0.760040
0.753127
0.746140
0.739085
0.731963
0.724778
0.717533
0.710232
0.702877
0.695472
0.688020
0.680524
0.672987
0.665411
0.657802
0.650161
0.642492
0.634798
0.627082
0.619346
0.611595
0.603830
0.596056
0.588274
0.580487
0.572699
0.564913
0.557130
0.549355
0.541589
0.533835
0.526095
0.518374
0.510672
0.502992
0.495338
0.487710
0.480112
0.472546
0.465013
0.457517
0.450060
0.442643
0.435268
0.427937
0.420653
0.413416
0.406230
0.399095
0.392013
0.384986
0.378016
0.371104
0.364251
0.357458
0.350728
0.344061
0.337458
0.330921
0.324452
0.318049
0.311716
0.305452
0.299259
0.293138
0.287088
0.281112
0.275209
0.269380
0.263625
0.257946
0.252343
0.246815
0.241364
0.235990
0.230692
0.225471
0.220328
0.215262
0.210274
0.205363
0.200529
0.195773
0.191094
0.186492
0.181967
0.177519
0.173148
0.168852
0.164633
0.160489
0.156420
0.152426
0.148506
0.144660
0.140887
0.137187
0.133559
0.130003
0.126518
0.123103
0.119758
0.116482
0.113275
0.110135
0.107062
0.104056
0.101115
0.098238
0.095426
0.092676
0.089989
0.087364
0.084799
0.082294
0.079848
0.077460
0.075129
0.072855
0.070636
0.068472
0.066362
0.064304
0.062299
0.060345
0.058441
0.056587
0.054781
0.053022
0.051311
0.049645
0.048024
0.046448
0.044914
0.043423
0.041974
0.040565
0.039196
0.037867
0.036575
0.035321
0.034103
0.032921
0.031774
0.030661
0.029581
0.028534
0.027519
0.026535
0.025581
0.024657
0.023762
0.022895
0.022055
0.021242
0.020455
0.019694
0.018957
0.018244
0.017555
0.016889
0.016244
0.015622
0.015020
0.014439
0.013877
0.013335
0.012812
0.012307
0.011819
0.011349
0.010895
0.010458
0.010036
0.009629
0.009237
0.008859
0.008495
0.008144
0.007807
0.007482
0.007169
0.006868
0.006578
0.006299
0.006031
0.005773
0.005525
0.005287
0.005058
0.004838
0.004627
0.004424
0.004229
0.004042
0.003863
0.003691
0.003526
0.003367
0.003215
0.003069
0.002930
0.002796
0.002668
0.002545
0.002427
0.002314
0.002207
0.002103
0.002004
0.001910
0.001819
0.001733
0.001650
0.001571
0.001496
0.001424
0.001355
0.001289
0.001226
0.001166
0.001108
0.001054
0.001001
0.000952
0.000904
0.000859
0.000816
0.000774
0.000735
0.000698
0.000662
0.000628
0.000596
0.000565
0.000536
0.000508
0.000482
0.000456
0.000432
0.000410
0.000388
0.000367
0.000348
0.000329
0.000312
0.000295
0.000279
0.000264
0.000249
0.000236
0.000223
0.000211
0.000199
0.000188
0.000178
0.000168
0.000158
0.000150
0.000141
0.000133
0.000126
0.000119
0.000112
0.000105
0.000099
0.000094
0.000088
0.000083
0.000078
0.000074
0.000069
0.000065
0.000062
0.000058
0.000054
0.000051
0.000048
0.000045
0.000043
0.000040
0.000038
0.000035
0.000033
0.000031
0.000029
0.000027
0.000026
0.000024
0.000023
0.000021
0.000020
0.000019
0.000018
0.000016
0.000015
0.000014
0.000014
0.000013
0.000012
0.000011
0.000010
0.000010
0.000009
0.000009
0.000008
0.000007
0.000007
0.000007
0.000006
0.000006
0.000005
0.000005
0.000005
0.000004
0.000004
0.000004
0.000004
0.000003
0.000003
0.000003
0.000003
0.000002
0.000002
0.000002
0.000002
0.000002
0.000002
0.000002
0.000002
0.000001
0.000001
0.000001
0.000001
0.000001
0.000001
0.000001
0.000001
0.000001
0.000001
0.000001
0.000001
0.000001
0.000001
0.000001
0.000000
0.000000
0.000000
0.000000
0.000000
0.000000
0.000000
0.000000
0.000000
0.000000
0.000000
0.000000
0.000000
0.000000
0.000000
0.000000
0.000000
0.000000
0.000000
0.000000
0.000000
0.000000
0.000000
0.000000
0.000000
0.000000
0.000000
0.000000
0.000000
0.000000
0.000000
0.000000
0.000000
0.000000
0.000000
0.000000
0.000000
0.000000
0.000000
0.000000
0.000000
0.000000
0.000000
0.000000
0.000000
0.000000
0.000000
0.000000
0.000000
0.000000
0.000000
0.000000
0.000000
0.000000
0.000000
0.000000
0.000000
0.000000
0.000000
0.000000
0.000000
0.000000
0.000000
0.000000
0.000000
0.000000
0.000000
0.000000
0.000000
0.000000
0.000000
0.000000
0.000000
0.000000
0.000000
0.000000
0.000000
0.000000
0.000000
0.000000
0.000000
0.000000
0.000000
0.000000
0.000000
0.000000
0.000000
0.000000
0.000000
0.000000
0.000000
0.000000
0.000000
0.000000
0.000000
0.000000
0.000000
0.000000
0.000000
0.000000
0.000000
0.000000
0.000000
0.000000
0.000000
0.000000
0.000000
0.000000
0.000000
0.000000
0.000000
0.000000
0.000000
0.000000
0.000000
0.000000
0.000000
0.000000
0.000000
0.000000
0.000000
0.000000
0.000000
0.000000
0.000000
0.000000
0.000000
0.000000
0.000000
0.000000
0.000000
0.000000
0.000000
0.000000
0.000000
0.000000
0.000000
0.000000
0.000000
0.000000
0.000000
0.000000
0.000000
0.000000
0.000000
0.000000
0.000000
0.000000
0.000000
0.000000
0.000000
0.000000
0.000000
0.000000
0.000000
0.000000
0.000000
0.000000
0.000000
0.000000
0.000000
0.000000
0.000000
0.000000
0.000000
0.000000
0.000000
0.000000
0.000000
0.000000
0.000000
0.000000
0.000000
0.000000
0.000000
0.000000
0.000000
0.000000
0.000000
0.000000
0.000000
0.000000
0.000000
0.000000
0.000000
0.000000
0.000000
0.000000
0.000000
0.000000
0.000000
0.000000
0.000000
0.000000
0.000000
0.000000
0.000000
0.000000
0.000000
0.000000
0.000000
0.000000
0.000000
0.000000
0.000000
0.000000
0.000000
0.000000
0.000000
0.000000
0.000000
0.000000
0.000000
0.000000
0.000000
0.000000
0.000000
0.000000
0.000000
0.000000
0.000000
0.000000
0.000000
0.000000
0.000000
0.000000
0.000000
0.000000
0.000000
0.000000
0.000000
0.000000
0.000000
0.000000
0.000000
0.000000
0.000000
0.000000
0.000000
0.000000
0.000000
0.000000
0.000000
0.000000
0.000000
0.000000
0.000000
0.000000
0.000000
0.000000
0.000000
0.000000
0.000000
0.000000
0.000000
0.000000
0.000000
0.000000
0.000000
0.000000
0.000000
0.000000
0.000000
0.000000
0.000000
0.000000
0.000000
0.000000
0.000000
0.000000
0.000000
0.000000
0.000000
0.000000
0.000000
0.000000
0.000000
0.000000
0.000000
0.000000
0.000000
0.000000
0.000000
0.000000
0.000000
0.000000
0.000000
0.000000
0.000000
0.000000
0.000000
0.000000
0.000000
0.000000
0.000000
0.000000
0.000000
0.000000
0.000000
0.000000
0.000000
0.000000
0.000000
0.000000
0.000000
