0.000026
0.000050
0.000076
0.000101
0.000127
0.000155
0.000176
0.000211
0.000230
0.000262
0.000296
0.000311
0.000353
0.000389
0.000401
0.000441
0.000497
0.000519
0.000526
0.000565
0.000641
0.000729
0.000805
0.000866
0.000920
0.000971
0.001022
0.001075
0.001131
0.001189
0.001250
0.001315
0.001382
0.001452
0.001525
0.001602
0.001682
0.001767
0.001854
0.001946
0.002043
0.002143
0.002248
0.002357
0.002472
0.002592
0.002716
0.002847
0.002983
0.003124
0.003272
0.003427
0.003587
0.003755
0.003930
0.004112
0.004302
0.004499
0.004705
0.004919
0.005142
0.005374
0.005616
0.005867
0.006128
0.006400
0.006682
0.006976
0.007281
0.007598
0.007927
0.008269
0.008624
0.008992
0.009374
0.009771
0.010183
0.010610
0.011052
0.011511
0.011987
0.012480
0.012991
0.013520
0.014068
0.014635
0.015223
0.015831
0.016460
0.017110
0.017784
0.018480
0.019199
0.019943
0.020712
0.021506
0.022327
0.023174
0.024049
0.024952
0.025885
0.026847
0.027839
0.028863
0.029918
0.031007
0.032129
0.033285
0.034476
0.035703
0.036967
0.038268
0.039608
0.040986
0.042405
0.043864
0.045365
0.046909
0.048496
0.050127
0.051803
0.053525
0.055294
0.057111
0.058976
0.060891
0.062856
0.064872
0.066940
0.069061
0.071236
0.073466
0.075751
0.078093
0.080492
0.082949
0.085465
0.088040
0.090677
0.093374
0.096134
0.098957
0.101844
0.104796
0.107812
0.110895
0.114045
0.117262
0.120548
0.123902
0.127326
0.130820
0.134385
0.138022
0.141730
0.145511
0.149365
0.153292
0.157293
0.161369
0.165520
0.169745
0.174047
0.178424
0.182877
0.187407
0.192013
0.196695
0.201455
0.206292
0.211205
0.216195
0.221263
0.226407
0.231628
0.236926
0.242300
0.247749
0.253275
0.258876
0.264553
0.270303
0.276128
0.282027
0.287998
0.294041
0.300156
0.306342
0.312597
0.318922
0.325314
0.331774
0.338300
0.344890
0.351545
0.358262
0.365041
0.371879
0.378776
0.385730
0.392740
0.399804
0.406921
0.414088
0.421304
0.428568
0.435877
0.443230
0.450624
0.458058
0.465530
0.473037
0.480577
0.488148
0.495748
0.503375
0.511026
0.518698
0.526390
0.534098
0.541821
0.549555
0.557298
0.565048
0.572800
0.580554
0.588305
0.596052
0.603791
0.611519
0.619234
0.626932
0.634611
0.642267
0.649897
0.657499
0.665069
0.672605
0.680102
0.687559
0.694972
0.702336
0.709651
0.716912
0.724116
0.731261
0.738342
0.745357
0.752303
0.759176
0.765973
0.772692
0.779329
0.785880
0.792344
0.798716
0.804995
0.811177
0.817258
0.823237
0.829110
0.834874
0.840527
0.846065
0.851487
0.856788
0.861967
0.867022
0.871949
0.876746
0.881410
0.885940
0.890333
0.894586
0.898698
0.902666
0.906489
0.910164
0.913690
0.917064
0.920284
0.923351
0.926260
0.929012
0.931605
0.934036
0.936306
0.938412
0.940354
0.942131
0.943741
0.945185
0.946460
0.947566
0.948504
0.949271
0.949869
0.950296
0.950553
0.950638
0.950552
0.950296
0.949869
0.949272
0.948505
0.947568
0.946461
0.945186
0.943743
0.942133
0.940357
0.938415
0.936309
0.934039
0.931608
0.929015
0.926263
0.923353
0.920287
0.917066
0.913692
0.910167
0.906492
0.902669
0.898701
0.894590
0.890336
0.885944
0.881414
0.876750
0.871953
0.867026
0.861972
0.856793
0.851491
0.846070
0.840532
0.834879
0.829115
0.823242
0.817264
0.811182
0.805001
0.798722
0.792350
0.785886
0.779334
0.772698
0.765979
0.759181
0.752308
0.745363
0.738348
0.731267
0.724123
0.716918
0.709657
0.702343
0.694978
0.687566
0.680109
0.672612
0.665076
0.657506
0.649904
0.642274
0.634617
0.626939
0.619241
0.611526
0.603798
0.596059
0.588313
0.580561
0.572807
0.565055
0.557306
0.549563
0.541829
0.534106
0.526398
0.518706
0.511034
0.503383
0.495756
0.488156
0.480585
0.473044
0.465537
0.458066
0.450632
0.443238
0.435885
0.428576
0.421313
0.414096
0.406929
0.399812
0.392749
0.385739
0.378785
0.371888
0.365049
0.358271
0.351554
0.344899
0.338308
0.331783
0.325323
0.318931
0.312606
0.306350
0.300165
0.294050
0.288007
0.282036
0.276137
0.270313
0.264562
0.258886
0.253285
0.247759
0.242309
0.236935
0.231637
0.226416
0.221272
0.216204
0.211214
0.206300
0.201464
0.196704
0.192021
0.187415
0.182885
0.178432
0.174055
0.169754
0.165528
0.161377
0.157301
0.153300
0.149372
0.145518
0.141737
0.138029
0.134392
0.130827
0.127333
0.123909
0.120555
0.117269
0.114052
0.110902
0.107819
0.104802
0.101850
0.098963
0.096140
0.093380
0.090682
0.088046
0.085470
0.082954
0.080497
0.078098
0.075756
0.073471
0.071241
0.069066
0.066945
0.064876
0.062860
0.060895
0.058980
0.057115
0.055298
0.053529
0.051807
0.050131
0.048500
0.046913
0.045369
0.043868
0.042408
0.040990
0.039611
0.038271
0.036970
0.035706
0.034479
0.033288
0.032132
0.031010
0.029921
0.028866
0.027842
0.026849
0.025887
0.024955
0.024051
0.023176
0.022329
0.021508
0.020714
0.019945
0.019201
0.018482
0.017785
0.017112
0.016461
0.015832
0.015224
0.014637
0.014070
0.013522
0.012992
0.012482
0.011988
0.011513
0.011054
0.010611
0.010184
0.009772
0.009376
0.008993
0.008625
0.008270
0.007928
0.007599
0.007282
0.006977
0.006683
0.006401
0.006129
0.005868
0.005617
0.005375
0.005143
0.004920
0.004706
0.004500
0.004302
0.004113
0.003930
0.003756
0.003588
0.003427
0.003273
0.003125
0.002983
0.002847
0.002717
0.002592
0.002472
0.002358
0.002248
0.002143
0.002043
0.001947
0.001855
0.001767
0.001683
0.001602
0.001525
0.001452
0.001382
0.001315
0.001251
0.001190
0.001131
0.001075
0.001022
0.000972
0.000923
0.000877
0.000833
0.000791
0.000751
0.000713
0.000677
0.000642
0.000609
0.000578
0.000548
0.000519
0.000492
0.000467
0.000442
0.000419
0.000397
0.000376
0.000356
0.000337
0.000319
0.000302
0.000286
0.000270
0.000255
0.000242
0.000228
0.000216
0.000204
0.000193
0.000182
0.000172
0.000162
0.000153
0.000145
0.000137
0.000129
0.000122
0.000115
0.000108
0.000102
0.000096
0.000091
0.000085
0.000080
0.000076
0.000071
0.000067
0.000063
0.000059
0.000056
0.000053
0.000050
0.000047
0.000044
0.000041
0.000039
0.000036
0.000034
0.000032
0.000030
0.000028
0.000027
0.000025
0.000023
0.000022
0.000021
0.000019
0.000018
0.000017
0.000016
0.000015
0.000014
0.000013
0.000012
0.000011
0.000011
0.000010
0.000009
0.000009
0.000008
0.000008
0.000007
0.000007
0.000006
0.000006
0.000005
0.000005
0.000005
0.000004
0.000004
0.000004
0.000004
0.000003
0.000003
0.000003
0.000003
0.000003
0.000002
0.000002
0.000002
0.000002
0.000002
0.000002
0.000002
0.000001
0.000001
0.000001
0.000001
0.000001
0.000001
0.000001
0.000001
0.000001
0.000001
0.000001
0.000001
0.000001
0.000001
0.000001
0.000000
0.000000
0.000000
0.000000
0.000000
0.000000
0.000000
0.000000
0.000000
0.000000
0.000000
0.000000
0.000000
0.000000
0.000000
0.000000
0.000000
0.000000
0.000000
0.000000
0.000000
0.000000
0.000000
0.000000
0.000000
0.000000
0.000000
0.000000
0.000000
0.000000
0.000000
0.000000
0.000000
0.000000
0.000000
0.000000
0.000000
0.000000
0.000000
0.000000
0.000000
0.000000
0.000000
0.000000
0.000000
0.000000
0.000000
0.000000
0.000000
0.000000
0.000000
0.000000
0.000000
0.000000
0.000000
0.000000
0.000000
0.000000
0.000000
0.000000
0.000000
0.000000
0.000000
0.000000
0.000000
0.000000
0.000000
0.000000
0.000000
0.000000
0.000000
0.000000
0.000000
0.000000
0.000000
0.000000
0.000000
0.000000
0.000000
0.000000
0.000000
0.000000
0.000000
0.000000
0.000000
0.000000
0.000000
0.000000
0.000000
0.000000
0.000000
0.000000
0.000000
0.000000
0.000000
0.000000
0.000000
0.000000
0.000000
0.000000
0.000000
0.000000
0.000000
0.000000
0.000000
0.000000
0.000000
0.000000
0.000000
0.000000
0.000000
0.000000
0.000000
0.000000
0.000000
0.000000
0.000000
0.000000
0.000000
0.000000
0.000000
0.000000
0.000000
0.000000
0.000000
0.000000
0.000000
0.000000
0.000000
0.000000
0.000000
0.000000
0.000000
0.000000
0.000000
0.000000
0.000000
0.000000
0.000000
0.000000
0.000000
0.000000
0.000000
0.000000
0.000000
0.000000
0.000000
0.000000
0.000000
0.000000
0.000000
0.000000
0.000000
0.000000
0.000000
0.000000
0.000000
0.000000
0.000000
0.000000
0.000000
0.000000
0.000000
0.000000
0.000000
0.000000
0.000000
0.000000
0.000000
0.000000
0.000000
0.000000
0.000000
0.000000
0.000000
0.000000
0.000000
0.000000
0.000000
0.000000
0.000000
0.000000
0.000000
0.000000
0.000000
0.000000
0.000000
0.000000
0.000000
0.000000
0.000000
0.000000
0.000000
0.000000
0.000000
0.000000
0.000000
0.000000
0.000000
0.000000
0.000000
0.000000
0.000000
0.000000
0.000000
0.000000
0.000000
0.000000
0.000000
0.000000
0.000000
0.000000
0.000000
0.000000
0.000000
0.000000
0.000000
0.000000
0.000000
0.000000
0.000000
0.000000
0.000000
0.000000
0.000000
0.000000
0.000000
0.000000
0.000000
0.000000
0.000000
0.000000
0.000000
0.000000
0.000000
0.000000
0.000000
0.000000
0.000000
0.000000
0.000000
0.000000
0.000000
0.000000
0.000000
0.000000
0.000000
0.000000
0.000000
0.000000
0.000000
0.000000
0.000000
0.000000
0.000000
0.000000
0.000000
0.000000
0.000000
0.000000
0.000000
0.000000
0.000000
0.000000
0.000000
0.000000
0.000000
0.000000
0.000000
0.000000
0.000000
0.000000
0.000000
0.000000
0.000000
0.000000
0.000000
0.000000
0.000000
0.000000
0.000000
0.000000
0.000000
0.000000
0.000000
0.000000
0.000000
0.000000
0.000000
0.000000
0.000000
0.000000
0.000000
0.000000
0.000000
0.000000
0.000000
0.000000
0.000000
0.000000
0.000000
0.000000
0.000000
0.000000
0.000000
