0.000026
0.000052
0.000077
0.000105
0.000128
0.000160
0.000181
0.000214
0.000241
0.000264
0.000305
0.000324
0.000354
0.000401
0.000420
0.000444
0.000501
0.000543
0.000553
0.000574
0.000636
0.000723
0.000808
0.000878
0.000937
0.000990
0.001043
0.001098
0.001154
0.001214
0.001276
0.001341
0.001410
0.001481
0.001556
0.001634
0.001716
0.001801
0.001891
0.001984
0.002082
0.002184
0.002291
0.002402
0.002519
0.002640
0.002767
0.002899
0.003037
0.003181
0.003332
0.003488
0.003651
0.003822
0.003999
0.004184
0.004376
0.004577
0.004786
0.005003
0.005229
0.005464
0.005709
0.005964
0.006229
0.006504
0.006790
0.007088
0.007397
0.007718
0.008051
0.008397
0.008757
0.009130
0.009517
0.009918
0.010335
0.010767
0.011215
0.011679
0.012161
0.012659
0.013176
0.013711
0.014265
0.014838
0.015432
0.016047
0.016682
0.017340
0.018020
0.018723
0.019450
0.020201
0.020977
0.021779
0.022607
0.023463
0.024346
0.025257
0.026198
0.027169
0.028170
0.029202
0.030267
0.031364
0.032495
0.033661
0.034861
0.036098
0.037371
0.038682
0.040032
0.041421
0.042849
0.044319
0.045831
0.047385
0.048982
0.050624
0.052311
0.054044
0.055824
0.057651
0.059528
0.061453
0.063430
0.065457
0.067536
0.069669
0.071855
0.074096
0.076392
0.078745
0.081155
0.083624
0.086151
0.088738
0.091385
0.094094
0.096865
0.099698
0.102596
0.105558
0.108585
0.111679
0.114839
0.118066
0.121361
0.124725
0.128159
0.131662
0.135236
0.138882
0.142598
0.146388
0.150249
0.154184
0.158193
0.162276
0.166433
0.170666
0.174973
0.179356
0.183814
0.188348
0.192959
0.197646
0.202409
0.207248
0.212164
0.217157
0.222226
0.227371
0.232593
0.237890
0.243263
0.248712
0.254236
0.259835
0.265508
0.271255
0.277076
0.282969
0.288935
0.294972
0.301079
0.307257
0.313504
0.319820
0.326203
0.332652
0.339166
0.345745
0.352387
0.359090
0.365855
0.372678
0.379559
0.386497
0.393489
0.400535
0.407633
0.414780
0.421976
0.429219
0.436506
0.443835
0.451206
0.458616
0.466063
0.473544
0.481058
0.488602
0.496174
0.503772
0.511393
0.519035
0.526696
0.534373
0.542064
0.549765
0.557475
0.565191
0.572909
0.580627
0.588343
0.596054
0.603756
0.611447
0.619124
0.626784
0.634424
0.642041
0.649633
0.657195
0.664725
0.672221
0.679678
0.687094
0.694466
0.701789
0.709063
0.716283
0.723445
0.730549
0.737589
0.744562
0.751466
0.758298
0.765054
0.771732
0.778328
0.784839
0.791262
0.797595
0.803834
0.809976
0.816018
0.821958
0.827793
0.833519
0.839135
0.844636
0.850021
0.855288
0.860432
0.865452
0.870345
0.875109
0.879742
0.884241
0.888603
0.892826
0.896909
0.900850
0.904646
0.908295
0.911796
0.915146
0.918344
0.921388
0.924277
0.927009
0.929583
0.931997
0.934250
0.936341
0.938269
0.940033
0.941631
0.943064
0.944330
0.945429
0.946359
0.947121
0.947715
0.948139
0.948393
0.948478
0.948393
0.948138
0.947714
0.947122
0.946360
0.945430
0.944332
0.943066
0.941633
0.940035
0.938272
0.936344
0.934253
0.932000
0.929586
0.927012
0.924280
0.921391
0.918347
0.915149
0.911799
0.908298
0.904649
0.900853
0.896913
0.892830
0.888606
0.884244
0.879746
0.875113
0.870349
0.865456
0.860436
0.855292
0.850026
0.844641
0.839140
0.833524
0.827798
0.821963
0.816023
0.809981
0.803839
0.797600
0.791268
0.784845
0.778333
0.771738
0.765060
0.758304
0.751472
0.744568
0.737594
0.730555
0.723452
0.716289
0.709069
0.701796
0.694472
0.687101
0.679685
0.672228
0.664732
0.657202
0.649640
0.642049
0.634431
0.626791
0.619131
0.611454
0.603763
0.596061
0.588350
0.580635
0.572916
0.565198
0.557483
0.549773
0.542072
0.534381
0.526704
0.519043
0.511401
0.503779
0.496182
0.488609
0.481065
0.473551
0.466070
0.458624
0.451214
0.443843
0.436514
0.429227
0.421984
0.414789
0.407641
0.400543
0.393497
0.386505
0.379568
0.372686
0.365863
0.359099
0.352395
0.345754
0.339175
0.332661
0.326211
0.319829
0.313513
0.307266
0.301088
0.294980
0.288943
0.282978
0.277085
0.271264
0.265517
0.259844
0.254246
0.248721
0.243273
0.237899
0.232602
0.227380
0.222235
0.217166
0.212173
0.207257
0.202417
0.197654
0.192967
0.188357
0.183822
0.179364
0.174981
0.170674
0.166441
0.162284
0.158201
0.154192
0.150257
0.146395
0.142606
0.138889
0.135244
0.131669
0.128166
0.124732
0.121368
0.118073
0.114845
0.111685
0.108592
0.105564
0.102602
0.099704
0.096870
0.094099
0.091390
0.088743
0.086156
0.083629
0.081161
0.078750
0.076397
0.074101
0.071860
0.069673
0.067541
0.065461
0.063434
0.061458
0.059532
0.057656
0.055828
0.054048
0.052315
0.050628
0.048986
0.047388
0.045834
0.044323
0.042853
0.041424
0.040035
0.038686
0.037375
0.036101
0.034864
0.033664
0.032498
0.031367
0.030269
0.029205
0.028172
0.027171
0.026201
0.025260
0.024348
0.023465
0.022610
0.021781
0.020979
0.020203
0.019452
0.018725
0.018022
0.017342
0.016684
0.016048
0.015434
0.014840
0.014266
0.013712
0.013177
0.012661
0.012162
0.011681
0.011216
0.010768
0.010336
0.009920
0.009518
0.009131
0.008758
0.008398
0.008052
0.007719
0.007398
0.007089
0.006791
0.006505
0.006230
0.005965
0.005710
0.005465
0.005230
0.005004
0.004786
0.004578
0.004377
0.004184
0.004000
0.003822
0.003652
0.003489
0.003332
0.003182
0.003038
0.002900
0.002767
0.002640
0.002519
0.002403
0.002291
0.002184
0.002082
0.001985
0.001891
0.001802
0.001716
0.001634
0.001556
0.001481
0.001410
0.001342
0.001276
0.001214
0.001155
0.001098
0.001044
0.000992
0.000943
0.000896
0.000851
0.000808
0.000767
0.000729
0.000692
0.000656
0.000623
0.000591
0.000560
0.000531
0.000504
0.000477
0.000452
0.000429
0.000406
0.000385
0.000364
0.000345
0.000326
0.000309
0.000292
0.000277
0.000262
0.000247
0.000234
0.000221
0.000209
0.000198
0.000187
0.000176
0.000166
0.000157
0.000148
0.000140
0.000132
0.000125
0.000118
0.000111
0.000105
0.000099
0.000093
0.000088
0.000083
0.000078
0.000073
0.000069
0.000065
0.000061
0.000057
0.000054
0.000051
0.000048
0.000045
0.000042
0.000040
0.000037
0.000035
0.000033
0.000031
0.000029
0.000027
0.000026
0.000024
0.000023
0.000021
0.000020
0.000019
0.000017
0.000016
0.000015
0.000014
0.000013
0.000013
0.000012
0.000011
0.000010
0.000010
0.000009
0.000008
0.000008
0.000007
0.000007
0.000006
0.000006
0.000006
0.000005
0.000005
0.000005
0.000004
0.000004
0.000004
0.000004
0.000003
0.000003
0.000003
0.000003
0.000002
0.000002
0.000002
0.000002
0.000002
0.000002
0.000002
0.000002
0.000001
0.000001
0.000001
0.000001
0.000001
0.000001
0.000001
0.000001
0.000001
0.000001
0.000001
0.000001
0.000001
0.000001
0.000001
0.000000
0.000000
0.000000
0.000000
0.000000
0.000000
0.000000
0.000000
0.000000
0.000000
0.000000
0.000000
0.000000
0.000000
0.000000
0.000000
0.000000
0.000000
0.000000
0.000000
0.000000
0.000000
0.000000
0.000000
0.000000
0.000000
0.000000
0.000000
0.000000
0.000000
0.000000
0.000000
0.000000
0.000000
0.000000
0.000000
0.000000
0.000000
0.000000
0.000000
0.000000
0.000000
0.000000
0.000000
0.000000
0.000000
0.000000
0.000000
0.000000
0.000000
0.000000
0.000000
0.000000
0.000000
0.000000
0.000000
0.000000
0.000000
0.000000
0.000000
0.000000
0.000000
0.000000
0.000000
0.000000
0.000000
0.000000
0.000000
0.000000
0.000000
0.000000
0.000000
0.000000
0.000000
0.000000
0.000000
0.000000
0.000000
0.000000
0.000000
0.000000
0.000000
0.000000
0.000000
0.000000
0.000000
0.000000
0.000000
0.000000
0.000000
0.000000
0.000000
0.000000
0.000000
0.000000
0.000000
0.000000
0.000000
0.000000
0.000000
0.000000
0.000000
0.000000
0.000000
0.000000
0.000000
0.000000
0.000000
0.000000
0.000000
0.000000
0.000000
0.000000
0.000000
0.000000
0.000000
0.000000
0.000000
0.000000
0.000000
0.000000
0.000000
0.000000
0.000000
0.000000
0.000000
0.000000
0.000000
0.000000
0.000000
0.000000
0.000000
0.000000
0.000000
0.000000
0.000000
0.000000
0.000000
0.000000
0.000000
0.000000
0.000000
0.000000
0.000000
0.000000
0.000000
0.000000
0.000000
0.000000
0.000000
0.000000
0.000000
0.000000
0.000000
0.000000
0.000000
0.000000
0.000000
0.000000
0.000000
0.000000
0.000000
0.000000
0.000000
0.000000
0.000000
0.000000
0.000000
0.000000
0.000000
0.000000
0.000000
0.000000
0.000000
0.000000
0.000000
0.000000
0.000000
0.000000
0.000000
0.000000
0.000000
0.000000
0.000000
0.000000
0.000000
0.000000
0.000000
0.000000
0.000000
0.000000
0.000000
0.000000
0.000000
0.000000
0.000000
0.000000
0.000000
0.000000
0.000000
0.000000
0.000000
0.000000
0.000000
0.000000
0.000000
0.000000
0.000000
0.000000
0.000000
0.000000
0.000000
0.000000
0.000000
0.000000
0.000000
0.000000
0.000000
0.000000
0.000000
0.000000
0.000000
0.000000
0.000000
0.000000
0.000000
0.000000
0.000000
0.000000
0.000000
0.000000
0.000000
0.000000
0.000000
0.000000
0.000000
0.000000
0.000000
0.000000
0.000000
0.000000
0.000000
0.000000
0.000000
0.000000
0.000000
0.000000
0.000000
0.000000
0.000000
0.000000
0.000000
0.000000
0.000000
0.000000
0.000000
0.000000
0.000000
0.000000
0.000000
0.000000
0.000000
0.000000
0.000000
0.000000
0.000000
0.000000
0.000000
0.000000
0.000000
0.000000
0.000000
0.000000
0.000000
0.000000
0.000000
0.000000
0.000000
0.000000
0.000000
0.000000
0.000000
0.000000
0.000000
0.000000
0.000000
0.000000
0.000000
0.000000
0.000000
0.000000
0.000000
0.000000
0.000000
0.000000
0.000000
0.000000
0.000000
0.000000
0.000000
0.000000
0.000000
0.000000
0.000000
