0.000026
0.000054
0.000078
0.000108
0.000132
0.000163
0.000189
0.000215
0.000251
0.000270
0.000308
0.000340
0.000359
0.000406
0.000440
0.000456
0.000502
0.000559
0.000582
0.000593
0.000637
0.000717
0.000807
0.000887
0.000952
0.001010
0.001065
0.001121
0.001179
0.001239
0.001303
0.001369
0.001438
0.001511
0.001587
0.001667
0.001750
0.001837
0.001928
0.002023
0.002123
0.002226
0.002335
0.002448
0.002566
0.002690
0.002819
0.002953
0.003093
0.003240
0.003392
0.003551
0.003717
0.003890
0.004070
0.004258
0.004453
0.004657
0.004868
0.005089
0.005318
0.005557
0.005805
0.006063
0.006332
0.006611
0.006901
0.007202
0.007516
0.007841
0.008179
0.008529
0.008893
0.009271
0.009663
0.010070
0.010491
0.010928
0.011382
0.011852
0.012338
0.012843
0.013365
0.013906
0.014467
0.015047
0.015647
0.016268
0.016910
0.017575
0.018262
0.018972
0.019706
0.020465
0.021249
0.022059
0.022895
0.023758
0.024650
0.025570
0.026519
0.027498
0.028508
0.029549
0.030623
0.031730
0.032870
0.034045
0.035256
0.036502
0.037785
0.039106
0.040466
0.041865
0.043304
0.044784
0.046306
0.047871
0.049480
0.051132
0.052830
0.054574
0.056365
0.058204
0.060092
0.062029
0.064016
0.066055
0.068146
0.070290
0.072487
0.074740
0.077048
0.079412
0.081834
0.084313
0.086852
0.089450
0.092109
0.094828
0.097611
0.100455
0.103364
0.106337
0.109375
0.112479
0.115649
0.118887
0.122192
0.125566
0.129009
0.132522
0.136105
0.139759
0.143485
0.147282
0.151152
0.155095
0.159112
0.163202
0.167366
0.171604
0.175918
0.180306
0.184770
0.189309
0.193924
0.198615
0.203382
0.208224
0.213143
0.218137
0.223208
0.228354
0.233576
0.238873
0.244246
0.249693
0.255215
0.260812
0.266482
0.272225
0.278041
0.283929
0.289889
0.295920
0.302020
0.308190
0.314429
0.320735
0.327108
0.333546
0.340049
0.346615
0.353244
0.359934
0.366683
0.373491
0.380356
0.387277
0.394251
0.401279
0.408357
0.415485
0.422660
0.429880
0.437145
0.444451
0.451798
0.459183
0.466604
0.474059
0.481546
0.489062
0.496605
0.504174
0.511765
0.519377
0.527007
0.534652
0.542309
0.549978
0.557653
0.565335
0.573017
0.580700
0.588380
0.596053
0.603718
0.611372
0.619010
0.626631
0.634232
0.641810
0.649361
0.656883
0.664373
0.671827
0.679243
0.686618
0.693948
0.701230
0.708461
0.715639
0.722760
0.729821
0.736818
0.743750
0.750612
0.757402
0.764116
0.770752
0.777306
0.783776
0.790158
0.796449
0.802648
0.808749
0.814752
0.820653
0.826448
0.832136
0.837714
0.843178
0.848526
0.853756
0.858865
0.863850
0.868710
0.873440
0.878041
0.882507
0.886838
0.891032
0.895086
0.898998
0.902767
0.906389
0.909864
0.913190
0.916365
0.919386
0.922254
0.924966
0.927521
0.929917
0.932154
0.934229
0.936143
0.937893
0.939480
0.940902
0.942159
0.943249
0.944173
0.944929
0.945518
0.945939
0.946191
0.946275
0.946191
0.945938
0.945518
0.944929
0.944173
0.943250
0.942160
0.940904
0.939482
0.937896
0.936145
0.934232
0.932157
0.929920
0.927524
0.924969
0.922257
0.919390
0.916368
0.913193
0.909867
0.906392
0.902769
0.899001
0.895089
0.891035
0.886842
0.882510
0.878044
0.873444
0.868714
0.863855
0.858869
0.853761
0.848531
0.843183
0.837719
0.832141
0.826454
0.820658
0.814757
0.808755
0.802653
0.796455
0.790163
0.783781
0.777312
0.770757
0.764122
0.757407
0.750618
0.743756
0.736824
0.729827
0.722766
0.715645
0.708468
0.701236
0.693954
0.686624
0.679250
0.671834
0.664380
0.656890
0.649368
0.641817
0.634239
0.626638
0.619017
0.611378
0.603726
0.596061
0.588387
0.580707
0.573024
0.565341
0.557661
0.549985
0.542317
0.534659
0.527015
0.519385
0.511773
0.504182
0.496613
0.489070
0.481553
0.474067
0.466612
0.459191
0.451806
0.444459
0.437153
0.429888
0.422668
0.415493
0.408365
0.401287
0.394260
0.387285
0.380365
0.373500
0.366692
0.359942
0.353253
0.346624
0.340058
0.333555
0.327116
0.320744
0.314438
0.308199
0.302029
0.295928
0.289898
0.283938
0.278050
0.272234
0.266491
0.260821
0.255225
0.249703
0.244255
0.238883
0.233585
0.228363
0.223217
0.218146
0.213152
0.208233
0.203390
0.198624
0.193933
0.189318
0.184779
0.180315
0.175926
0.171613
0.167374
0.163210
0.159119
0.155103
0.151160
0.147290
0.143492
0.139767
0.136112
0.132529
0.129016
0.125573
0.122199
0.118893
0.115656
0.112485
0.109381
0.106343
0.103370
0.100461
0.097616
0.094834
0.092114
0.089455
0.086857
0.084318
0.081839
0.079417
0.077053
0.074745
0.072492
0.070294
0.068150
0.066059
0.064021
0.062033
0.060096
0.058208
0.056369
0.054578
0.052834
0.051136
0.049483
0.047875
0.046310
0.044788
0.043308
0.041868
0.040469
0.039110
0.037789
0.036505
0.035259
0.034048
0.032873
0.031733
0.030626
0.029552
0.028511
0.027501
0.026521
0.025572
0.024652
0.023761
0.022897
0.022061
0.021251
0.020467
0.019708
0.018974
0.018264
0.017577
0.016912
0.016270
0.015648
0.015048
0.014468
0.013908
0.013367
0.012844
0.012340
0.011853
0.011383
0.010930
0.010492
0.010071
0.009664
0.009272
0.008894
0.008530
0.008180
0.007842
0.007517
0.007203
0.006902
0.006612
0.006333
0.006064
0.005806
0.005558
0.005319
0.005090
0.004869
0.004657
0.004454
0.004258
0.004071
0.003891
0.003718
0.003552
0.003393
0.003240
0.003094
0.002954
0.002819
0.002690
0.002567
0.002449
0.002335
0.002227
0.002123
0.002024
0.001928
0.001837
0.001750
0.001667
0.001588
0.001511
0.001439
0.001369
0.001303
0.001239
0.001179
0.001121
0.001066
0.001013
0.000963
0.000915
0.000869
0.000826
0.000784
0.000745
0.000707
0.000671
0.000637
0.000604
0.000573
0.000543
0.000515
0.000488
0.000463
0.000439
0.000416
0.000394
0.000373
0.000353
0.000334
0.000316
0.000299
0.000283
0.000268
0.000253
0.000240
0.000227
0.000214
0.000202
0.000191
0.000181
0.000171
0.000161
0.000152
0.000144
0.000136
0.000128
0.000121
0.000114
0.000107
0.000101
0.000095
0.000090
0.000085
0.000080
0.000075
0.000071
0.000067
0.000063
0.000059
0.000056
0.000052
0.000049
0.000046
0.000043
0.000041
0.000038
0.000036
0.000034
0.000032
0.000030
0.000028
0.000026
0.000025
0.000023
0.000022
0.000020
0.000019
0.000018
0.000017
0.000016
0.000015
0.000014
0.000013
0.000012
0.000011
0.000011
0.000010
0.000009
0.000009
0.000008
0.000008
0.000007
0.000007
0.000006
0.000006
0.000005
0.000005
0.000005
0.000004
0.000004
0.000004
0.000004
0.000003
0.000003
0.000003
0.000003
0.000003
0.000002
0.000002
0.000002
0.000002
0.000002
0.000002
0.000002
0.000001
0.000001
0.000001
0.000001
0.000001
0.000001
0.000001
0.000001
0.000001
0.000001
0.000001
0.000001
0.000001
0.000001
0.000001
0.000000
0.000000
0.000000
0.000000
0.000000
0.000000
0.000000
0.000000
0.000000
0.000000
0.000000
0.000000
0.000000
0.000000
0.000000
0.000000
0.000000
0.000000
0.000000
0.000000
0.000000
0.000000
0.000000
0.000000
0.000000
0.000000
0.000000
0.000000
0.000000
0.000000
0.000000
0.000000
0.000000
0.000000
0.000000
0.000000
0.000000
0.000000
0.000000
0.000000
0.000000
0.000000
0.000000
0.000000
0.000000
0.000000
0.000000
0.000000
0.000000
0.000000
0.000000
0.000000
0.000000
0.000000
0.000000
0.000000
0.000000
0.000000
0.000000
0.000000
0.000000
0.000000
0.000000
0.000000
0.000000
0.000000
0.000000
0.000000
0.000000
0.000000
0.000000
0.000000
0.000000
0.000000
0.000000
0.000000
0.000000
0.000000
0.000000
0.000000
0.000000
0.000000
0.000000
0.000000
0.000000
0.000000
0.000000
0.000000
0.000000
0.000000
0.000000
0.000000
0.000000
0.000000
0.000000
0.000000
0.000000
0.000000
0.000000
0.000000
0.000000
0.000000
0.000000
0.000000
0.000000
0.000000
0.000000
0.000000
0.000000
0.000000
0.000000
0.000000
0.000000
0.000000
0.000000
0.000000
0.000000
0.000000
0.000000
0.000000
0.000000
0.000000
0.000000
0.000000
0.000000
0.000000
0.000000
0.000000
0.000000
0.000000
0.000000
0.000000
0.000000
0.000000
0.000000
0.000000
0.000000
0.000000
0.000000
0.000000
0.000000
0.000000
0.000000
0.000000
0.000000
0.000000
0.000000
0.000000
0.000000
0.000000
0.000000
0.000000
0.000000
0.000000
0.000000
0.000000
0.000000
0.000000
0.000000
0.000000
0.000000
0.000000
0.000000
0.000000
0.000000
0.000000
0.000000
0.000000
0.000000
0.000000
0.000000
0.000000
0.000000
0.000000
0.000000
0.000000
0.000000
0.000000
0.000000
0.000000
0.000000
0.000000
0.000000
0.000000
0.000000
0.000000
0.000000
0.000000
0.000000
0.000000
0.000000
0.000000
0.000000
0.000000
0.000000
0.000000
0.000000
0.000000
0.000000
0.000000
0.000000
0.000000
0.000000
0.000000
0.000000
0.000000
0.000000
0.000000
0.000000
0.000000
0.000000
0.000000
0.000000
0.000000
0.000000
0.000000
0.000000
0.000000
0.000000
0.000000
0.000000
0.000000
0.000000
0.000000
0.000000
0.000000
0.000000
0.000000
0.000000
0.000000
0.000000
0.000000
0.000000
0.000000
0.000000
0.000000
0.000000
0.000000
0.000000
0.000000
0.000000
0.000000
0.000000
0.000000
0.000000
0.000000
0.000000
0.000000
0.000000
0.000000
0.000000
0.000000
0.000000
0.000000
0.000000
0.000000
0.000000
0.000000
0.000000
0.000000
0.000000
0.000000
0.000000
0.000000
0.000000
0.000000
0.000000
0.000000
0.000000
0.000000
0.000000
0.000000
0.000000
0.000000
0.000000
0.000000
0.000000
0.000000
0.000000
0.000000
0.000000
0.000000
0.000000
0.000000
0.000000
0.000000
0.000000
0.000000
0.000000
0.000000
0.000000
0.000000
0.000000
0.000000
0.000000
0.000000
0.000000
0.000000
0.000000
0.000000
0.000000
0.000000
0.000000
0.000000
