0.000027
0.000055
0.000081
0.000110
0.000137
0.000164
0.000197
0.000219
0.000257
0.000281
0.000310
0.000352
0.000372
0.000408
0.000456
0.000475
0.000506
0.000566
0.000609
0.000621
0.000647
0.000714
0.000804
0.000892
0.000966
0.001029
0.001087
0.001144
0.001203
0.001265
0.001330
0.001397
0.001468
0.001542
0.001620
0.001701
0.001785
0.001874
0.001966
0.002063
0.002164
0.002270
0.002380
0.002495
0.002616
0.002741
0.002872
0.003009
0.003151
0.003300
0.003455
0.003616
0.003785
0.003960
0.004143
0.004334
0.004532
0.004738
0.004953
0.005177
0.005410
0.005652
0.005904
0.006165
0.006438
0.006721
0.007015
0.007320
0.007638
0.007967
0.008309
0.008665
0.009033
0.009416
0.009813
0.010224
0.010651
0.011094
0.011553
0.012028
0.012521
0.013031
0.013560
0.014107
0.014673
0.015260
0.015867
0.016494
0.017144
0.017815
0.018510
0.019227
0.019969
0.020735
0.021527
0.022345
0.023189
0.024061
0.024961
0.025889
0.026847
0.027835
0.028854
0.029905
0.030988
0.032104
0.033254
0.034439
0.035659
0.036915
0.038209
0.039540
0.040910
0.042319
0.043769
0.045260
0.046793
0.048369
0.049988
0.051652
0.053361
0.055116
0.056919
0.058769
0.060668
0.062616
0.064616
0.066666
0.068768
0.070924
0.073133
0.075397
0.077717
0.080093
0.082526
0.085018
0.087568
0.090177
0.092848
0.095579
0.098372
0.101228
0.104148
0.107132
0.110181
0.113295
0.116476
0.119724
0.123040
0.126424
0.129877
0.133399
0.136992
0.140655
0.144389
0.148196
0.152074
0.156025
0.160048
0.164146
0.168317
0.172562
0.176882
0.181276
0.185745
0.190289
0.194908
0.199603
0.204374
0.209219
0.214140
0.219137
0.224209
0.229356
0.234578
0.239876
0.245247
0.250693
0.256213
0.261807
0.267474
0.273213
0.279025
0.284908
0.290861
0.296885
0.302979
0.309140
0.315370
0.321666
0.328029
0.334456
0.340947
0.347501
0.354116
0.360792
0.367527
0.374319
0.381167
0.388070
0.395027
0.402035
0.409094
0.416201
0.423354
0.430553
0.437795
0.445078
0.452400
0.459759
0.467154
0.474582
0.482041
0.489529
0.497043
0.504582
0.512143
0.519724
0.527321
0.534933
0.542558
0.550192
0.557833
0.565479
0.573126
0.580772
0.588414
0.596051
0.603677
0.611292
0.618891
0.626473
0.634034
0.641571
0.649082
0.656563
0.664012
0.671424
0.678798
0.686131
0.693418
0.700658
0.707847
0.714981
0.722059
0.729077
0.736032
0.742920
0.749739
0.756486
0.763157
0.769751
0.776262
0.782690
0.789031
0.795281
0.801437
0.807498
0.813461
0.819321
0.825077
0.830726
0.836264
0.841691
0.847002
0.852195
0.857267
0.862217
0.867042
0.871739
0.876306
0.880740
0.885040
0.889202
0.893227
0.897110
0.900850
0.904446
0.907896
0.911196
0.914348
0.917346
0.920192
0.922884
0.925419
0.927797
0.930017
0.932077
0.933976
0.935713
0.937288
0.938699
0.939946
0.941028
0.941944
0.942695
0.943279
0.943696
0.943947
0.944031
0.943947
0.943696
0.943279
0.942695
0.941945
0.941029
0.939947
0.938701
0.937290
0.935715
0.933978
0.932080
0.930020
0.927801
0.925423
0.922887
0.920196
0.917350
0.914350
0.911199
0.907898
0.904449
0.900853
0.897113
0.893230
0.889206
0.885043
0.880743
0.876309
0.871743
0.867046
0.862221
0.857272
0.852199
0.847006
0.841696
0.836270
0.830731
0.825082
0.819327
0.813466
0.807504
0.801443
0.795286
0.789036
0.782696
0.776268
0.769757
0.763163
0.756492
0.749745
0.742926
0.736038
0.729083
0.722065
0.714988
0.707853
0.700664
0.693425
0.686137
0.678805
0.671431
0.664018
0.656570
0.649089
0.641579
0.634041
0.626480
0.618898
0.611299
0.603685
0.596058
0.588422
0.580779
0.573133
0.565486
0.557840
0.550199
0.542565
0.534941
0.527329
0.519731
0.512151
0.504590
0.497051
0.489537
0.482049
0.474590
0.467162
0.459767
0.452408
0.445085
0.437803
0.430561
0.423362
0.416209
0.409102
0.402043
0.395035
0.388079
0.381175
0.374327
0.367535
0.360801
0.354125
0.347510
0.340956
0.334465
0.328038
0.321675
0.315379
0.309149
0.302987
0.296894
0.290870
0.284917
0.279034
0.273222
0.267483
0.261816
0.256223
0.250703
0.245257
0.239885
0.234588
0.229365
0.224218
0.219146
0.214149
0.209228
0.204382
0.199612
0.194917
0.190298
0.185753
0.181284
0.176890
0.172570
0.168325
0.164154
0.160056
0.156032
0.152081
0.148203
0.144397
0.140662
0.136999
0.133406
0.129884
0.126431
0.123047
0.119731
0.116483
0.113302
0.110187
0.107138
0.104154
0.101234
0.098378
0.095585
0.092853
0.090183
0.087573
0.085023
0.082532
0.080098
0.077722
0.075402
0.073138
0.070929
0.068773
0.066670
0.064620
0.062621
0.060672
0.058773
0.056923
0.055120
0.053365
0.051656
0.049992
0.048372
0.046797
0.045264
0.043773
0.042323
0.040913
0.039543
0.038212
0.036918
0.035662
0.034442
0.033257
0.032107
0.030991
0.029907
0.028857
0.027838
0.026850
0.025892
0.024963
0.024063
0.023192
0.022347
0.021529
0.020738
0.019971
0.019229
0.018512
0.017817
0.017146
0.016496
0.015868
0.015261
0.014675
0.014108
0.013561
0.013033
0.012522
0.012029
0.011554
0.011095
0.010653
0.010226
0.009814
0.009417
0.009034
0.008666
0.008310
0.007968
0.007638
0.007321
0.007016
0.006722
0.006439
0.006166
0.005904
0.005653
0.005410
0.005178
0.004954
0.004739
0.004533
0.004334
0.004144
0.003961
0.003785
0.003617
0.003455
0.003300
0.003152
0.003009
0.002872
0.002741
0.002616
0.002496
0.002381
0.002270
0.002165
0.002064
0.001967
0.001874
0.001786
0.001701
0.001620
0.001542
0.001468
0.001398
0.001330
0.001265
0.001204
0.001145
0.001089
0.001035
0.000984
0.000935
0.000888
0.000844
0.000802
0.000761
0.000723
0.000686
0.000651
0.000618
0.000586
0.000556
0.000527
0.000500
0.000474
0.000449
0.000425
0.000403
0.000382
0.000362
0.000342
0.000324
0.000307
0.000290
0.000275
0.000260
0.000246
0.000232
0.000220
0.000208
0.000196
0.000185
0.000175
0.000165
0.000156
0.000147
0.000139
0.000131
0.000124
0.000117
0.000110
0.000104
0.000098
0.000092
0.000087
0.000082
0.000077
0.000073
0.000068
0.000064
0.000061
0.000057
0.000054
0.000051
0.000048
0.000045
0.000042
0.000040
0.000037
0.000035
0.000033
0.000031
0.000029
0.000027
0.000025
0.000024
0.000022
0.000021
0.000020
0.000019
0.000017
0.000016
0.000015
0.000014
0.000013
0.000013
0.000012
0.000011
0.000010
0.000010
0.000009
0.000008
0.000008
0.000007
0.000007
0.000006
0.000006
0.000006
0.000005
0.000005
0.000005
0.000004
0.000004
0.000004
0.000003
0.000003
0.000003
0.000003
0.000003
0.000002
0.000002
0.000002
0.000002
0.000002
0.000002
0.000002
0.000001
0.000001
0.000001
0.000001
0.000001
0.000001
0.000001
0.000001
0.000001
0.000001
0.000001
0.000001
0.000001
0.000001
0.000001
0.000000
0.000000
0.000000
0.000000
0.000000
0.000000
0.000000
0.000000
0.000000
0.000000
0.000000
0.000000
0.000000
0.000000
0.000000
0.000000
0.000000
0.000000
0.000000
0.000000
0.000000
0.000000
0.000000
0.000000
0.000000
0.000000
0.000000
0.000000
0.000000
0.000000
0.000000
0.000000
0.000000
0.000000
0.000000
0.000000
0.000000
0.000000
0.000000
0.000000
0.000000
0.000000
0.000000
0.000000
0.000000
0.000000
0.000000
0.000000
0.000000
0.000000
0.000000
0.000000
0.000000
0.000000
0.000000
0.000000
0.000000
0.000000
0.000000
0.000000
0.000000
0.000000
0.000000
0.000000
0.000000
0.000000
0.000000
0.000000
0.000000
0.000000
0.000000
0.000000
0.000000
0.000000
0.000000
0.000000
0.000000
0.000000
0.000000
0.000000
0.000000
0.000000
0.000000
0.000000
0.000000
0.000000
0.000000
0.000000
0.000000
0.000000
0.000000
0.000000
0.000000
0.000000
0.000000
0.000000
0.000000
0.000000
0.000000
0.000000
0.000000
0.000000
0.000000
0.000000
0.000000
0.000000
0.000000
0.000000
0.000000
0.000000
0.000000
0.000000
0.000000
0.000000
0.000000
0.000000
0.000000
0.000000
0.000000
0.000000
0.000000
0.000000
0.000000
0.000000
0.000000
0.000000
0.000000
0.000000
0.000000
0.000000
0.000000
0.000000
0.000000
0.000000
0.000000
0.000000
0.000000
0.000000
0.000000
0.000000
0.000000
0.000000
0.000000
0.000000
0.000000
0.000000
0.000000
0.000000
0.000000
0.000000
0.000000
0.000000
0.000000
0.000000
0.000000
0.000000
0.000000
0.000000
0.000000
0.000000
0.000000
0.000000
0.000000
0.000000
0.000000
0.000000
0.000000
0.000000
0.000000
0.000000
0.000000
0.000000
0.000000
0.000000
0.000000
0.000000
0.000000
0.000000
0.000000
0.000000
0.000000
0.000000
0.000000
0.000000
0.000000
0.000000
0.000000
0.000000
0.000000
0.000000
0.000000
0.000000
0.000000
0.000000
0.000000
0.000000
0.000000
0.000000
0.000000
0.000000
0.000000
0.000000
0.000000
0.000000
0.000000
0.000000
0.000000
0.000000
0.000000
0.000000
0.000000
0.000000
0.000000
0.000000
0.000000
0.000000
0.000000
0.000000
0.000000
0.000000
0.000000
0.000000
0.000000
0.000000
0.000000
0.000000
0.000000
0.000000
0.000000
0.000000
0.000000
0.000000
0.000000
0.000000
0.000000
0.000000
0.000000
0.000000
0.000000
0.000000
0.000000
0.000000
0.000000
0.000000
0.000000
0.000000
0.000000
0.000000
0.000000
0.000000
0.000000
0.000000
0.000000
0.000000
0.000000
0.000000
0.000000
0.000000
0.000000
0.000000
0.000000
0.000000
0.000000
0.000000
0.000000
0.000000
0.000000
0.000000
0.000000
0.000000
0.000000
0.000000
0.000000
0.000000
0.000000
0.000000
0.000000
0.000000
0.000000
0.000000
0.000000
0.000000
0.000000
0.000000
0.000000
0.000000
0.000000
0.000000
0.000000
0.000000
0.000000
0.000000
0.000000
0.000000
0.000000
0.000000
0.000000
0.000000
0.000000
0.000000
0.000000
0.000000
0.000000
0.000000
