0.000028
0.000055
0.000085
0.000111
0.000143
0.000167
0.000202
0.000226
0.000259
0.000293
0.000315
0.000359
0.000388
0.000413
0.000464
0.000497
0.000517
0.000569
0.000627
0.000652
0.000667
0.000716
0.000800
0.000894
0.000977
0.001046
0.001108
0.001168
0.001229
0.001292
0.001358
0.001427
0.001499
0.001574
0.001653
0.001735
0.001821
0.001912
0.002006
0.002104
0.002207
0.002314
0.002427
0.002544
0.002666
0.002794
0.002927
0.003066
0.003210
0.003362
0.003519
0.003683
0.003854
0.004032
0.004218
0.004411
0.004613
0.004822
0.005040
0.005267
0.005504
0.005749
0.006005
0.006270
0.006546
0.006833
0.007131
0.007441
0.007763
0.008097
0.008443
0.008803
0.009177
0.009564
0.009966
0.010383
0.010815
0.011263
0.011728
0.012209
0.012707
0.013224
0.013758
0.014312
0.014885
0.015478
0.016092
0.016726
0.017383
0.018062
0.018763
0.019488
0.020238
0.021012
0.021812
0.022638
0.023490
0.024371
0.025279
0.026216
0.027183
0.028180
0.029208
0.030268
0.031361
0.032486
0.033646
0.034841
0.036071
0.037338
0.038642
0.039983
0.041364
0.042784
0.044245
0.045746
0.047290
0.048877
0.050508
0.052183
0.053903
0.055670
0.057484
0.059346
0.061257
0.063217
0.065228
0.067290
0.069404
0.071572
0.073793
0.076069
0.078401
0.080789
0.083234
0.085737
0.088299
0.090920
0.093602
0.096345
0.099150
0.102017
0.104948
0.107943
0.111003
0.114129
0.117320
0.120579
0.123905
0.127299
0.130762
0.134294
0.137896
0.141568
0.145312
0.149127
0.153013
0.156972
0.161004
0.165108
0.169286
0.173538
0.177864
0.182264
0.186738
0.191288
0.195912
0.200611
0.205384
0.210233
0.215157
0.220155
0.225229
0.230377
0.235600
0.240896
0.246267
0.251712
0.257230
0.262821
0.268484
0.274219
0.280026
0.285904
0.291851
0.297868
0.303954
0.310107
0.316328
0.322615
0.328967
0.335382
0.341861
0.348402
0.355004
0.361665
0.368384
0.375160
0.381992
0.388877
0.395815
0.402805
0.409843
0.416929
0.424060
0.431236
0.438455
0.445713
0.453011
0.460344
0.467713
0.475113
0.482544
0.490003
0.497488
0.504996
0.512526
0.520074
0.527639
0.535218
0.542808
0.550408
0.558014
0.565623
0.573234
0.580843
0.588448
0.596046
0.603634
0.611209
0.618768
0.626310
0.633830
0.641327
0.648796
0.656235
0.663642
0.671011
0.678343
0.685632
0.692876
0.700073
0.707218
0.714309
0.721343
0.728317
0.735228
0.742073
0.748848
0.755552
0.762180
0.768730
0.775198
0.781583
0.787881
0.794089
0.800204
0.806223
0.812144
0.817963
0.823679
0.829288
0.834787
0.840175
0.845448
0.850603
0.855639
0.860553
0.865342
0.870005
0.874538
0.878939
0.883206
0.887338
0.891332
0.895186
0.898898
0.902467
0.905890
0.909165
0.912292
0.915268
0.918092
0.920763
0.923279
0.925638
0.927841
0.929885
0.931769
0.933492
0.935054
0.936454
0.937692
0.938765
0.939675
0.940419
0.940998
0.941413
0.941661
0.941744
0.941661
0.941413
0.940999
0.940419
0.939675
0.938766
0.937693
0.936456
0.935056
0.933495
0.931771
0.929887
0.927844
0.925641
0.923282
0.920766
0.918096
0.915271
0.912295
0.909168
0.905892
0.902470
0.898901
0.895189
0.891335
0.887341
0.883210
0.878942
0.874541
0.870008
0.865346
0.860557
0.855644
0.850608
0.845453
0.840180
0.834792
0.829293
0.823684
0.817969
0.812149
0.806228
0.800209
0.794094
0.787886
0.781589
0.775204
0.768735
0.762186
0.755558
0.748855
0.742079
0.735235
0.728324
0.721349
0.714316
0.707225
0.700079
0.692883
0.685639
0.678349
0.671018
0.663648
0.656242
0.648803
0.641334
0.633837
0.626317
0.618776
0.611216
0.603641
0.596053
0.588455
0.580850
0.573241
0.565631
0.558021
0.550415
0.542816
0.535226
0.527647
0.520082
0.512533
0.505004
0.497495
0.490010
0.482552
0.475121
0.467720
0.460352
0.453018
0.445721
0.438462
0.431244
0.424068
0.416937
0.409851
0.402812
0.395823
0.388885
0.382000
0.375169
0.368393
0.361674
0.355013
0.348411
0.341870
0.335391
0.328975
0.322623
0.316337
0.310116
0.303963
0.297877
0.291860
0.285913
0.280035
0.274228
0.268493
0.262830
0.257239
0.251721
0.246277
0.240906
0.235609
0.230386
0.225238
0.220164
0.215165
0.210242
0.205393
0.200619
0.195920
0.191296
0.186747
0.182272
0.177872
0.173546
0.169295
0.165116
0.161011
0.156980
0.153021
0.149134
0.145319
0.141576
0.137903
0.134301
0.130769
0.127306
0.123911
0.120585
0.117327
0.114135
0.111010
0.107949
0.104954
0.102023
0.099156
0.096351
0.093608
0.090926
0.088304
0.085742
0.083239
0.080794
0.078406
0.076074
0.073798
0.071577
0.069409
0.067295
0.065232
0.063221
0.061261
0.059350
0.057488
0.055674
0.053907
0.052187
0.050512
0.048881
0.047294
0.045750
0.044248
0.042788
0.041367
0.039987
0.038645
0.037341
0.036074
0.034844
0.033649
0.032489
0.031364
0.030271
0.029211
0.028183
0.027185
0.026219
0.025281
0.024373
0.023493
0.022640
0.021814
0.021014
0.020240
0.019490
0.018765
0.018063
0.017385
0.016728
0.016093
0.015480
0.014887
0.014314
0.013760
0.013225
0.012709
0.012210
0.011729
0.011265
0.010816
0.010384
0.009967
0.009565
0.009178
0.008804
0.008444
0.008098
0.007763
0.007442
0.007132
0.006834
0.006547
0.006271
0.006005
0.005750
0.005504
0.005268
0.005041
0.004823
0.004613
0.004412
0.004219
0.004033
0.003855
0.003684
0.003520
0.003362
0.003211
0.003066
0.002927
0.002794
0.002666
0.002544
0.002427
0.002315
0.002207
0.002105
0.002006
0.001912
0.001822
0.001736
0.001653
0.001574
0.001499
0.001427
0.001358
0.001292
0.001229
0.001169
0.001112
0.001057
0.001005
0.000955
0.000908
0.000863
0.000819
0.000778
0.000739
0.000701
0.000666
0.000632
0.000599
0.000569
0.000539
0.000511
0.000485
0.000460
0.000436
0.000413
0.000391
0.000370
0.000351
0.000332
0.000314
0.000297
0.000281
0.000266
0.000252
0.000238
0.000225
0.000213
0.000201
0.000190
0.000180
0.000170
0.000160
0.000151
0.000143
0.000135
0.000127
0.000120
0.000113
0.000107
0.000101
0.000095
0.000089
0.000084
0.000079
0.000075
0.000070
0.000066
0.000062
0.000059
0.000055
0.000052
0.000049
0.000046
0.000043
0.000041
0.000038
0.000036
0.000034
0.000032
0.000030
0.000028
0.000026
0.000025
0.000023
0.000022
0.000020
0.000019
0.000018
0.000017
0.000016
0.000015
0.000014
0.000013
0.000012
0.000011
0.000011
0.000010
0.000009
0.000009
0.000008
0.000008
0.000007
0.000007
0.000006
0.000006
0.000005
0.000005
0.000005
0.000004
0.000004
0.000004
0.000004
0.000003
0.000003
0.000003
0.000003
0.000003
0.000002
0.000002
0.000002
0.000002
0.000002
0.000002
0.000002
0.000001
0.000001
0.000001
0.000001
0.000001
0.000001
0.000001
0.000001
0.000001
0.000001
0.000001
0.000001
0.000001
0.000001
0.000001
0.000000
0.000000
0.000000
0.000000
0.000000
0.000000
0.000000
0.000000
0.000000
0.000000
0.000000
0.000000
0.000000
0.000000
0.000000
0.000000
0.000000
0.000000
0.000000
0.000000
0.000000
0.000000
0.000000
0.000000
0.000000
0.000000
0.000000
0.000000
0.000000
0.000000
0.000000
0.000000
0.000000
0.000000
0.000000
0.000000
0.000000
0.000000
0.000000
0.000000
0.000000
0.000000
0.000000
0.000000
0.000000
0.000000
0.000000
0.000000
0.000000
0.000000
0.000000
0.000000
0.000000
0.000000
0.000000
0.000000
0.000000
0.000000
0.000000
0.000000
0.000000
0.000000
0.000000
0.000000
0.000000
0.000000
0.000000
0.000000
0.000000
0.000000
0.000000
0.000000
0.000000
0.000000
0.000000
0.000000
0.000000
0.000000
0.000000
0.000000
0.000000
0.000000
0.000000
0.000000
0.000000
0.000000
0.000000
0.000000
0.000000
0.000000
0.000000
0.000000
0.000000
0.000000
0.000000
0.000000
0.000000
0.000000
0.000000
0.000000
0.000000
0.000000
0.000000
0.000000
0.000000
0.000000
0.000000
0.000000
0.000000
0.000000
0.000000
0.000000
0.000000
0.000000
0.000000
0.000000
0.000000
0.000000
0.000000
0.000000
0.000000
0.000000
0.000000
0.000000
0.000000
0.000000
0.000000
0.000000
0.000000
0.000000
0.000000
0.000000
0.000000
0.000000
0.000000
0.000000
0.000000
0.000000
0.000000
0.000000
0.000000
0.000000
0.000000
0.000000
0.000000
0.000000
0.000000
0.000000
0.000000
0.000000
0.000000
0.000000
0.000000
0.000000
0.000000
0.000000
0.000000
0.000000
0.000000
0.000000
0.000000
0.000000
0.000000
0.000000
0.000000
0.000000
0.000000
0.000000
0.000000
0.000000
0.000000
0.000000
0.000000
0.000000
0.000000
0.000000
0.000000
0.000000
0.000000
0.000000
0.000000
0.000000
0.000000
0.000000
0.000000
0.000000
0.000000
0.000000
0.000000
0.000000
0.000000
0.000000
0.000000
0.000000
0.000000
0.000000
0.000000
0.000000
0.000000
0.000000
0.000000
0.000000
0.000000
0.000000
0.000000
0.000000
0.000000
0.000000
0.000000
0.000000
0.000000
0.000000
0.000000
0.000000
0.000000
0.000000
0.000000
0.000000
0.000000
0.000000
0.000000
0.000000
0.000000
0.000000
0.000000
0.000000
0.000000
0.000000
0.000000
0.000000
0.000000
0.000000
0.000000
0.000000
0.000000
0.000000
0.000000
0.000000
0.000000
0.000000
0.000000
0.000000
0.000000
0.000000
0.000000
0.000000
0.000000
0.000000
0.000000
0.000000
0.000000
0.000000
0.000000
0.000000
0.000000
0.000000
0.000000
0.000000
0.000000
0.000000
0.000000
0.000000
0.000000
0.000000
0.000000
0.000000
0.000000
0.000000
0.000000
0.000000
0.000000
0.000000
0.000000
0.000000
0.000000
0.000000
0.000000
0.000000
0.000000
0.000000
0.000000
0.000000
0.000000
0.000000
0.000000
0.000000
0.000000
0.000000
0.000000
0.000000
0.000000
0.000000
0.000000
0.000000
0.000000
0.000000
0.000000
0.000000
0.000000
0.000000
0.000000
0.000000
0.000000
