0.000029
0.000056
0.000087
0.000113
0.000146
0.000172
0.000205
0.000236
0.000262
0.000303
0.000326
0.000362
0.000404
0.000425
0.000468
0.000516
0.000536
0.000573
0.000638
0.000680
0.000696
0.000727
0.000799
0.000893
0.000984
0.001062
0.001130
0.001192
0.001255
0.001319
0.001386
0.001457
0.001530
0.001607
0.001687
0.001771
0.001859
0.001950
0.002046
0.002146
0.002251
0.002360
0.002474
0.002594
0.002718
0.002848
0.002983
0.003124
0.003271
0.003425
0.003585
0.003752
0.003925
0.004106
0.004295
0.004491
0.004696
0.004908
0.005130
0.005360
0.005600
0.005849
0.006108
0.006377
0.006657
0.006948
0.007251
0.007565
0.007891
0.008229
0.008581
0.008945
0.009324
0.009716
0.010123
0.010545
0.010983
0.011437
0.011907
0.012394
0.012899
0.013421
0.013962
0.014522
0.015102
0.015702
0.016322
0.016964
0.017627
0.018314
0.019023
0.019756
0.020513
0.021295
0.022103
0.022937
0.023798
0.024687
0.025604
0.026550
0.027526
0.028533
0.029570
0.030640
0.031742
0.032878
0.034047
0.035252
0.036493
0.037770
0.039084
0.040436
0.041828
0.043259
0.044730
0.046243
0.047798
0.049397
0.051038
0.052725
0.054457
0.056236
0.058061
0.059935
0.061858
0.063830
0.065853
0.067927
0.070054
0.072233
0.074467
0.076755
0.079098
0.081498
0.083955
0.086471
0.089044
0.091678
0.094371
0.097126
0.099943
0.102822
0.105764
0.108771
0.111842
0.114978
0.118181
0.121450
0.124787
0.128191
0.131664
0.135206
0.138818
0.142500
0.146252
0.150076
0.153971
0.157938
0.161977
0.166089
0.170274
0.174533
0.178865
0.183271
0.187751
0.192305
0.196933
0.201636
0.206414
0.211266
0.216192
0.221192
0.226267
0.231416
0.236639
0.241936
0.247306
0.252749
0.258264
0.263852
0.269512
0.275243
0.281045
0.286917
0.292858
0.298868
0.304946
0.311091
0.317303
0.323579
0.329920
0.336324
0.342791
0.349319
0.355906
0.362552
0.369256
0.376016
0.382830
0.389698
0.396617
0.403586
0.410604
0.417668
0.424778
0.431930
0.439125
0.446359
0.453631
0.460938
0.468279
0.475652
0.483054
0.490483
0.497938
0.505415
0.512913
0.520429
0.527960
0.535506
0.543061
0.550626
0.558195
0.565768
0.573342
0.580913
0.588479
0.596038
0.603587
0.611121
0.618641
0.626141
0.633620
0.641075
0.648502
0.655899
0.663262
0.670589
0.677877
0.685122
0.692323
0.699475
0.706576
0.713623
0.720613
0.727542
0.734408
0.741209
0.747940
0.754598
0.761183
0.767688
0.774113
0.780454
0.786709
0.792874
0.798946
0.804923
0.810802
0.816579
0.822254
0.827823
0.833282
0.838630
0.843864
0.848982
0.853980
0.858858
0.863611
0.868238
0.872737
0.877104
0.881339
0.885440
0.889403
0.893227
0.896910
0.900451
0.903847
0.907097
0.910199
0.913152
0.915953
0.918603
0.921099
0.923440
0.925624
0.927652
0.929521
0.931231
0.932781
0.934169
0.935396
0.936461
0.937364
0.938102
0.938677
0.939087
0.939334
0.939416
0.939334
0.939088
0.938677
0.938102
0.937364
0.936462
0.935398
0.934171
0.932783
0.931234
0.929524
0.927655
0.925628
0.923443
0.921102
0.918606
0.915957
0.913155
0.910202
0.907100
0.903850
0.900454
0.896913
0.893229
0.889406
0.885442
0.881342
0.877108
0.872740
0.868242
0.863615
0.858861
0.853985
0.848986
0.843869
0.838636
0.833287
0.827828
0.822259
0.816585
0.810807
0.804928
0.798951
0.792879
0.786714
0.780460
0.774119
0.767694
0.761188
0.754605
0.747946
0.741215
0.734415
0.727548
0.720619
0.713629
0.706583
0.699482
0.692329
0.685129
0.677883
0.670595
0.663269
0.655906
0.648509
0.641082
0.633628
0.626149
0.618648
0.611129
0.603594
0.596046
0.588487
0.580920
0.573349
0.565776
0.558202
0.550633
0.543069
0.535513
0.527968
0.520437
0.512921
0.505423
0.497945
0.490491
0.483061
0.475659
0.468287
0.460945
0.453638
0.446367
0.439133
0.431938
0.424785
0.417676
0.410612
0.403594
0.396625
0.389705
0.382838
0.376024
0.369264
0.362561
0.355915
0.349327
0.342800
0.336333
0.329929
0.323588
0.317311
0.311100
0.304955
0.298877
0.292867
0.286926
0.281054
0.275252
0.269521
0.263862
0.258274
0.252758
0.247315
0.241945
0.236648
0.231425
0.226276
0.221201
0.216200
0.211274
0.206422
0.201645
0.196942
0.192314
0.187759
0.183279
0.178873
0.174541
0.170282
0.166097
0.161985
0.157945
0.153978
0.150083
0.146260
0.142507
0.138825
0.135213
0.131671
0.128198
0.124793
0.121457
0.118187
0.114985
0.111848
0.108777
0.105770
0.102828
0.099949
0.097132
0.094377
0.091683
0.089050
0.086476
0.083961
0.081503
0.079103
0.076760
0.074471
0.072238
0.070058
0.067932
0.065857
0.063834
0.061862
0.059939
0.058066
0.056240
0.054461
0.052729
0.051042
0.049400
0.047802
0.046247
0.044734
0.043262
0.041831
0.040440
0.039087
0.037773
0.036496
0.035255
0.034050
0.032880
0.031745
0.030643
0.029573
0.028535
0.027529
0.026553
0.025607
0.024690
0.023801
0.022940
0.022105
0.021297
0.020515
0.019758
0.019025
0.018315
0.017629
0.016966
0.016324
0.015703
0.015103
0.014524
0.013964
0.013423
0.012900
0.012395
0.011908
0.011438
0.010984
0.010547
0.010124
0.009717
0.009325
0.008946
0.008582
0.008230
0.007892
0.007566
0.007252
0.006949
0.006658
0.006378
0.006109
0.005850
0.005600
0.005361
0.005130
0.004909
0.004696
0.004492
0.004295
0.004107
0.003926
0.003752
0.003585
0.003425
0.003272
0.003125
0.002983
0.002848
0.002718
0.002594
0.002475
0.002361
0.002251
0.002147
0.002047
0.001951
0.001859
0.001771
0.001687
0.001607
0.001530
0.001457
0.001387
0.001320
0.001256
0.001195
0.001136
0.001080
0.001027
0.000976
0.000928
0.000882
0.000838
0.000796
0.000756
0.000717
0.000681
0.000646
0.000613
0.000582
0.000552
0.000523
0.000496
0.000470
0.000446
0.000423
0.000400
0.000379
0.000359
0.000340
0.000322
0.000305
0.000288
0.000273
0.000258
0.000244
0.000231
0.000218
0.000206
0.000195
0.000184
0.000174
0.000164
0.000155
0.000146
0.000138
0.000130
0.000123
0.000116
0.000110
0.000103
0.000097
0.000092
0.000087
0.000082
0.000077
0.000072
0.000068
0.000064
0.000060
0.000057
0.000053
0.000050
0.000047
0.000044
0.000042
0.000039
0.000037
0.000035
0.000033
0.000031
0.000029
0.000027
0.000025
0.000024
0.000022
0.000021
0.000020
0.000018
0.000017
0.000016
0.000015
0.000014
0.000013
0.000012
0.000012
0.000011
0.000010
0.000010
0.000009
0.000008
0.000008
0.000007
0.000007
0.000006
0.000006
0.000006
0.000005
0.000005
0.000005
0.000004
0.000004
0.000004
0.000003
0.000003
0.000003
0.000003
0.000003
0.000002
0.000002
0.000002
0.000002
0.000002
0.000002
0.000002
0.000001
0.000001
0.000001
0.000001
0.000001
0.000001
0.000001
0.000001
0.000001
0.000001
0.000001
0.000001
0.000001
0.000001
0.000001
0.000000
0.000000
0.000000
0.000000
0.000000
0.000000
0.000000
0.000000
0.000000
0.000000
0.000000
0.000000
0.000000
0.000000
0.000000
0.000000
0.000000
0.000000
0.000000
0.000000
0.000000
0.000000
0.000000
0.000000
0.000000
0.000000
0.000000
0.000000
0.000000
0.000000
0.000000
0.000000
0.000000
0.000000
0.000000
0.000000
0.000000
0.000000
0.000000
0.000000
0.000000
0.000000
0.000000
0.000000
0.000000
0.000000
0.000000
0.000000
0.000000
0.000000
0.000000
0.000000
0.000000
0.000000
0.000000
0.000000
0.000000
0.000000
0.000000
0.000000
0.000000
0.000000
0.000000
0.000000
0.000000
0.000000
0.000000
0.000000
0.000000
0.000000
0.000000
0.000000
0.000000
0.000000
0.000000
0.000000
0.000000
0.000000
0.000000
0.000000
0.000000
0.000000
0.000000
0.000000
0.000000
0.000000
0.000000
0.000000
0.000000
0.000000
0.000000
0.000000
0.000000
0.000000
0.000000
0.000000
0.000000
0.000000
0.000000
0.000000
0.000000
0.000000
0.000000
0.000000
0.000000
0.000000
0.000000
0.000000
0.000000
0.000000
0.000000
0.000000
0.000000
0.000000
0.000000
0.000000
0.000000
0.000000
0.000000
0.000000
0.000000
0.000000
0.000000
0.000000
0.000000
0.000000
0.000000
0.000000
0.000000
0.000000
0.000000
0.000000
0.000000
0.000000
0.000000
0.000000
0.000000
0.000000
0.000000
0.000000
0.000000
0.000000
0.000000
0.000000
0.000000
0.000000
0.000000
0.000000
0.000000
0.000000
0.000000
0.000000
0.000000
0.000000
0.000000
0.000000
0.000000
0.000000
0.000000
0.000000
0.000000
0.000000
0.000000
0.000000
0.000000
0.000000
0.000000
0.000000
0.000000
0.000000
0.000000
0.000000
0.000000
0.000000
0.000000
0.000000
0.000000
0.000000
0.000000
0.000000
0.000000
0.000000
0.000000
0.000000
0.000000
0.000000
0.000000
0.000000
0.000000
0.000000
0.000000
0.000000
0.000000
0.000000
0.000000
0.000000
0.000000
0.000000
0.000000
0.000000
0.000000
0.000000
0.000000
0.000000
0.000000
0.000000
0.000000
0.000000
0.000000
0.000000
0.000000
0.000000
0.000000
0.000000
0.000000
0.000000
0.000000
0.000000
0.000000
0.000000
0.000000
0.000000
0.000000
0.000000
0.000000
0.000000
0.000000
0.000000
0.000000
0.000000
0.000000
0.000000
0.000000
0.000000
0.000000
0.000000
0.000000
0.000000
0.000000
0.000000
0.000000
0.000000
0.000000
0.000000
0.000000
0.000000
0.000000
0.000000
0.000000
0.000000
0.000000
0.000000
0.000000
0.000000
0.000000
0.000000
0.000000
0.000000
0.000000
0.000000
0.000000
0.000000
0.000000
0.000000
0.000000
0.000000
0.000000
0.000000
0.000000
0.000000
0.000000
0.000000
0.000000
0.000000
0.000000
0.000000
0.000000
0.000000
0.000000
0.000000
0.000000
0.000000
0.000000
0.000000
0.000000
0.000000
0.000000
0.000000
0.000000
0.000000
0.000000
0.000000
0.000000
0.000000
0.000000
0.000000
0.000000
0.000000
0.000000
0.000000
0.000000
0.000000
0.000000
