0.000001
0.000018
0.000102
0.000151
0.000168
0.000179
0.000190
0.000201
0.000213
0.000226
0.000239
0.000253
0.000268
0.000284
0.000301
0.000318
0.000337
0.000357
0.000377
0.000399
0.000422
0.000446
0.000471
0.000498
0.000526
0.000556
0.000587
0.000620
0.000654
0.000691
0.000729
0.000769
0.000811
0.000856
0.000902
0.000951
0.001002
0.001056
0.001113
0.001172
0.001235
0.001300
0.001369
0.001441
0.001516
0.001595
0.001678
0.001764
0.001855
0.001950
0.002050
0.002154
0.002263
0.002378
0.002497
0.002622
0.002753
0.002889
0.003032
0.003181
0.003337
0.003499
0.003669
0.003847
0.004032
0.004225
0.004427
0.004637
0.004857
0.005085
0.005324
0.005572
0.005831
0.006101
0.006382
0.006674
0.006979
0.007296
0.007626
0.007969
0.008326
0.008697
0.009083
0.009484
0.009901
0.010334
0.010784
0.011252
0.011737
0.012241
0.012764
0.013306
0.013869
0.014453
0.015058
0.015685
0.016336
0.017010
0.017708
0.018431
0.019180
0.019955
0.020758
0.021588
0.022448
0.023336
0.024256
0.025206
0.026188
0.027203
0.028252
0.029336
0.030455
0.031610
0.032803
0.034033
0.035303
0.036613
0.037964
0.039357
0.040793
0.042273
0.043798
0.045369
0.046986
0.048652
0.050367
0.052132
0.053948
0.055815
0.057737
0.059712
0.061742
0.063829
0.065973
0.068176
0.070438
0.072761
0.075145
0.077592
0.080102
0.082677
0.085318
0.088026
0.090802
0.093646
0.096560
0.099545
0.102602
0.105732
0.108935
0.112213
0.115566
0.118996
0.122503
0.126089
0.129753
0.133498
0.137323
0.141229
0.145218
0.149289
0.153444
0.157683
0.162006
0.166416
0.170910
0.175492
0.180160
0.184915
0.189758
0.194689
0.199709
0.204816
0.210013
0.215298
0.220673
0.226136
0.231688
0.237329
0.243060
0.248878
0.254785
0.260781
0.266864
0.273034
0.279292
0.285635
0.292065
0.298580
0.305178
0.311861
0.318626
0.325473
0.332401
0.339409
0.346495
0.353658
0.360898
0.368212
0.375599
0.383058
0.390588
0.398185
0.405850
0.413579
0.421372
0.429226
0.437138
0.445108
0.453133
0.461210
0.469337
0.477512
0.485733
0.493997
0.502301
0.510642
0.519019
0.527427
0.535865
0.544329
0.552816
0.561324
0.569849
0.578388
0.586937
0.595495
0.604056
0.612618
0.621177
0.629730
0.638273
0.646804
0.655317
0.663810
0.672279
0.680720
0.689129
0.697503
0.705838
0.714129
0.722374
0.730569
0.738708
0.746790
0.754809
0.762761
0.770644
0.778453
0.786183
0.793833
0.801396
0.808870
0.816251
0.823535
0.830718
0.837796
0.844766
0.851624
0.858366
0.864989
0.871489
0.877862
0.884106
0.890216
0.896190
0.902023
0.907713
0.913257
0.918652
0.923893
0.928979
0.933907
0.938674
0.943276
0.947712
0.951978
0.956073
0.959994
0.963738
0.967304
0.970690
0.973892
0.976911
0.979743
0.982387
0.984842
0.987105
0.989177
0.991055
0.992738
0.994225
0.995516
0.996610
0.997506
0.998203
0.998701
0.999001
0.999101
0.999001
0.998702
0.998203
0.997506
0.996611
0.995517
0.994226
0.992739
0.991056
0.989178
0.987107
0.984843
0.982389
0.979745
0.976913
0.973895
0.970692
0.967307
0.963741
0.959996
0.956076
0.951981
0.947714
0.943279
0.938677
0.933910
0.928983
0.923897
0.918655
0.913261
0.907717
0.902027
0.896193
0.890220
0.884110
0.877866
0.871493
0.864993
0.858370
0.851628
0.844770
0.837800
0.830722
0.823539
0.816256
0.808875
0.801401
0.793837
0.786188
0.778458
0.770649
0.762767
0.754814
0.746795
0.738714
0.730575
0.722380
0.714136
0.705844
0.697510
0.689136
0.680727
0.672286
0.663817
0.655324
0.646811
0.638281
0.629738
0.621185
0.612626
0.604064
0.595503
0.586946
0.578396
0.569858
0.561333
0.552825
0.544338
0.535874
0.527436
0.519028
0.510652
0.502310
0.494006
0.485743
0.477522
0.469347
0.461219
0.453142
0.445118
0.437148
0.429235
0.421382
0.413589
0.405860
0.398195
0.390598
0.383068
0.375609
0.368222
0.360908
0.353668
0.346505
0.339419
0.332411
0.325484
0.318636
0.311871
0.305188
0.298589
0.292075
0.285645
0.279302
0.273044
0.266874
0.260790
0.254795
0.248888
0.243069
0.237339
0.231698
0.226145
0.220682
0.215308
0.210022
0.204826
0.199718
0.194698
0.189767
0.184924
0.180169
0.175500
0.170919
0.166424
0.162015
0.157691
0.153452
0.149297
0.145225
0.141237
0.137330
0.133505
0.129761
0.126096
0.122511
0.119003
0.115573
0.112220
0.108942
0.105738
0.102609
0.099552
0.096567
0.093652
0.090808
0.088032
0.085324
0.082683
0.080108
0.077597
0.075150
0.072766
0.070443
0.068181
0.065978
0.063834
0.061747
0.059717
0.057741
0.055820
0.053952
0.052136
0.050371
0.048656
0.046991
0.045373
0.043802
0.042277
0.040797
0.039361
0.037968
0.036617
0.035307
0.034037
0.032806
0.031613
0.030458
0.029339
0.028255
0.027206
0.026191
0.025209
0.024258
0.023339
0.022450
0.021591
0.020760
0.019958
0.019182
0.018433
0.017710
0.017012
0.016338
0.015687
0.015060
0.014454
0.013871
0.013308
0.012765
0.012242
0.011739
0.011253
0.010786
0.010336
0.009902
0.009485
0.009084
0.008698
0.008327
0.007970
0.007627
0.007297
0.006980
0.006675
0.006383
0.006102
0.005832
0.005573
0.005324
0.005086
0.004857
0.004638
0.004428
0.004226
0.004033
0.003847
0.003670
0.003500
0.003337
0.003181
0.003032
0.002890
0.002753
0.002622
0.002497
0.002378
0.002264
0.002155
0.002050
0.001951
0.001856
0.001765
0.001678
0.001595
0.001516
0.001441
0.001369
0.001300
0.001235
0.001173
0.001113
0.001056
0.001003
0.000951
0.000902
0.000856
0.000811
0.000769
0.000729
0.000691
0.000655
0.000620
0.000587
0.000556
0.000526
0.000498
0.000471
0.000446
0.000422
0.000399
0.000377
0.000357
0.000337
0.000319
0.000301
0.000284
0.000268
0.000253
0.000239
0.000226
0.000213
0.000201
0.000190
0.000179
0.000169
0.000159
0.000150
0.000141
0.000133
0.000125
0.000118
0.000111
0.000105
0.000098
0.000093
0.000087
0.000082
0.000077
0.000073
0.000068
0.000064
0.000060
0.000057
0.000053
0.000050
0.000047
0.000044
0.000041
0.000039
0.000036
0.000034
0.000032
0.000030
0.000028
0.000026
0.000025
0.000023
0.000022
0.000020
0.000019
0.000018
0.000017
0.000016
0.000015
0.000014
0.000013
0.000012
0.000011
0.000010
0.000010
0.000009
0.000008
0.000008
0.000007
0.000007
0.000006
0.000006
0.000006
0.000005
0.000005
0.000005
0.000004
0.000004
0.000004
0.000003
0.000003
0.000003
0.000003
0.000003
0.000002
0.000002
0.000002
0.000002
0.000002
0.000002
0.000002
0.000001
0.000001
0.000001
0.000001
0.000001
0.000001
0.000001
0.000001
0.000001
0.000001
0.000001
0.000001
0.000001
0.000001
0.000001
0.000000
0.000000
0.000000
0.000000
0.000000
0.000000
0.000000
0.000000
0.000000
0.000000
0.000000
0.000000
0.000000
0.000000
0.000000
0.000000
0.000000
0.000000
0.000000
0.000000
0.000000
0.000000
0.000000
0.000000
0.000000
0.000000
0.000000
0.000000
0.000000
0.000000
0.000000
0.000000
0.000000
0.000000
0.000000
0.000000
0.000000
0.000000
0.000000
0.000000
0.000000
0.000000
0.000000
0.000000
0.000000
0.000000
0.000000
0.000000
0.000000
0.000000
0.000000
0.000000
0.000000
0.000000
0.000000
0.000000
0.000000
0.000000
0.000000
0.000000
0.000000
0.000000
0.000000
0.000000
0.000000
0.000000
0.000000
0.000000
0.000000
0.000000
0.000000
0.000000
0.000000
0.000000
0.000000
0.000000
0.000000
0.000000
0.000000
0.000000
0.000000
0.000000
0.000000
0.000000
0.000000
0.000000
0.000000
0.000000
0.000000
0.000000
0.000000
0.000000
0.000000
0.000000
0.000000
0.000000
0.000000
0.000000
0.000000
0.000000
0.000000
0.000000
0.000000
0.000000
0.000000
0.000000
0.000000
0.000000
0.000000
0.000000
0.000000
0.000000
0.000000
0.000000
0.000000
0.000000
0.000000
0.000000
0.000000
0.000000
0.000000
0.000000
0.000000
0.000000
0.000000
0.000000
0.000000
0.000000
0.000000
0.000000
0.000000
0.000000
0.000000
0.000000
0.000000
0.000000
0.000000
0.000000
0.000000
0.000000
0.000000
0.000000
0.000000
0.000000
0.000000
0.000000
0.000000
0.000000
0.000000
0.000000
0.000000
0.000000
0.000000
0.000000
0.000000
0.000000
0.000000
0.000000
0.000000
0.000000
0.000000
0.000000
0.000000
0.000000
0.000000
0.000000
0.000000
0.000000
0.000000
0.000000
0.000000
0.000000
0.000000
0.000000
0.000000
0.000000
0.000000
0.000000
0.000000
0.000000
0.000000
0.000000
0.000000
0.000000
0.000000
0.000000
0.000000
0.000000
0.000000
0.000000
0.000000
0.000000
0.000000
0.000000
0.000000
0.000000
0.000000
0.000000
0.000000
0.000000
0.000000
0.000000
0.000000
0.000000
0.000000
0.000000
0.000000
0.000000
0.000000
0.000000
0.000000
0.000000
0.000000
0.000000
0.000000
0.000000
0.000000
0.000000
0.000000
0.000000
0.000000
0.000000
0.000000
0.000000
0.000000
0.000000
0.000000
0.000000
0.000000
0.000000
0.000000
0.000000
0.000000
0.000000
0.000000
0.000000
0.000000
0.000000
0.000000
0.000000
0.000000
0.000000
0.000000
0.000000
0.000000
0.000000
0.000000
0.000000
0.000000
0.000000
0.000000
0.000000
0.000000
0.000000
0.000000
0.000000
0.000000
0.000000
0.000000
0.000000
0.000000
0.000000
0.000000
0.000000
0.000000
0.000000
0.000000
0.000000
0.000000
0.000000
0.000000
0.000000
0.000000
0.000000
0.000000
0.000000
0.000000
0.000000
0.000000
0.000000
0.000000
0.000000
0.000000
0.000000
0.000000
0.000000
0.000000
0.000000
0.000000
0.000000
0.000000
0.000000
0.000000
0.000000
0.000000
0.000000
0.000000
0.000000
0.000000
0.000000
0.000000
0.000000
0.000000
0.000000
0.000000
0.000000
0.000000
0.000000
0.000000
0.000000
0.000000
0.000000
0.000000
0.000000
0.000000
0.000000
0.000000
0.000000
