0.000030
0.000058
0.000089
0.000118
0.000148
0.000180
0.000207
0.000244
0.000268
0.000308
0.000340
0.000367
0.000414
0.000442
0.000473
0.000528
0.000560
0.000584
0.000643
0.000702
0.000728
0.000748
0.000803
0.000891
0.000988
0.001075
0.001150
0.001217
0.001281
0.001347
0.001416
0.001487
0.001562
0.001640
0.001722
0.001807
0.001897
0.001990
0.002088
0.002190
0.002296
0.002407
0.002523
0.002645
0.002771
0.002903
0.003040
0.003184
0.003334
0.003490
0.003652
0.003822
0.003998
0.004182
0.004374
0.004573
0.004780
0.004996
0.005221
0.005455
0.005698
0.005951
0.006214
0.006487
0.006771
0.007066
0.007373
0.007691
0.008022
0.008365
0.008721
0.009091
0.009474
0.009872
0.010284
0.010712
0.011155
0.011614
0.012090
0.012583
0.013094
0.013623
0.014170
0.014737
0.015323
0.015930
0.016558
0.017207
0.017878
0.018571
0.019288
0.020029
0.020794
0.021585
0.022401
0.023244
0.024113
0.025011
0.025937
0.026892
0.027877
0.028893
0.029940
0.031020
0.032132
0.033277
0.034457
0.035672
0.036923
0.038211
0.039536
0.040899
0.042301
0.043743
0.045226
0.046751
0.048317
0.049927
0.051580
0.053279
0.055023
0.056813
0.058651
0.060537
0.062471
0.064456
0.066491
0.068577
0.070716
0.072908
0.075154
0.077454
0.079810
0.082222
0.084692
0.087219
0.089805
0.092451
0.095156
0.097923
0.100751
0.103642
0.106596
0.109614
0.112697
0.115845
0.119058
0.122338
0.125686
0.129100
0.132584
0.136136
0.139757
0.143448
0.147210
0.151042
0.154946
0.158921
0.162969
0.167088
0.171281
0.175546
0.179884
0.184296
0.188782
0.193341
0.197974
0.202681
0.207462
0.212317
0.217245
0.222248
0.227324
0.232474
0.237697
0.242993
0.248362
0.253804
0.259317
0.264902
0.270558
0.276285
0.282082
0.287948
0.293883
0.299885
0.305955
0.312092
0.318294
0.324560
0.330890
0.337282
0.343736
0.350250
0.356823
0.363454
0.370142
0.376885
0.383682
0.390531
0.397430
0.404380
0.411376
0.418419
0.425506
0.432635
0.439805
0.447014
0.454260
0.461540
0.468853
0.476198
0.483571
0.490970
0.498394
0.505839
0.513305
0.520787
0.528285
0.535796
0.543317
0.550845
0.558378
0.565913
0.573449
0.580982
0.588509
0.596028
0.603536
0.611030
0.618509
0.625967
0.633404
0.640816
0.648200
0.655554
0.662874
0.670157
0.677400
0.684601
0.691757
0.698864
0.705920
0.712922
0.719867
0.726751
0.733572
0.740327
0.747013
0.753626
0.760166
0.766627
0.773007
0.779304
0.785514
0.791635
0.797664
0.803598
0.809434
0.815170
0.820803
0.826330
0.831749
0.837057
0.842252
0.847330
0.852291
0.857131
0.861848
0.866439
0.870903
0.875237
0.879438
0.883507
0.887438
0.891232
0.894886
0.898398
0.901768
0.904992
0.908069
0.910998
0.913777
0.916405
0.918880
0.921202
0.923369
0.925380
0.927234
0.928930
0.930466
0.931844
0.933061
0.934117
0.935012
0.935744
0.936314
0.936721
0.936966
0.937047
0.936966
0.936722
0.936314
0.935744
0.935012
0.934118
0.933062
0.931845
0.930468
0.928932
0.927237
0.925383
0.923372
0.921205
0.918884
0.916408
0.913780
0.911001
0.908072
0.904995
0.901771
0.898401
0.894889
0.891235
0.887441
0.883509
0.879442
0.875240
0.870906
0.866443
0.861852
0.857135
0.852295
0.847335
0.842257
0.837062
0.831754
0.826335
0.820808
0.815175
0.809439
0.803603
0.797669
0.791640
0.785520
0.779309
0.773013
0.766632
0.760172
0.753633
0.747019
0.740334
0.733578
0.726757
0.719873
0.712929
0.705927
0.698871
0.691764
0.684608
0.677406
0.670163
0.662880
0.655561
0.648207
0.640823
0.633412
0.625975
0.618516
0.611038
0.603544
0.596036
0.588516
0.580989
0.573456
0.565921
0.558385
0.550852
0.543324
0.535803
0.528293
0.520795
0.513313
0.505847
0.498401
0.490977
0.483578
0.476205
0.468861
0.461547
0.454267
0.447021
0.439813
0.432643
0.425513
0.418426
0.411384
0.404387
0.397438
0.390538
0.383689
0.376893
0.370150
0.363463
0.356832
0.350259
0.343745
0.337291
0.330898
0.324568
0.318302
0.312100
0.305964
0.299894
0.293892
0.287957
0.282091
0.276294
0.270567
0.264911
0.259326
0.253813
0.248372
0.243003
0.237706
0.232483
0.227333
0.222257
0.217254
0.212325
0.207470
0.202689
0.197982
0.193349
0.188790
0.184305
0.179893
0.175554
0.171289
0.167096
0.162977
0.158929
0.154954
0.151050
0.147218
0.143456
0.139764
0.136143
0.132591
0.129107
0.125692
0.122345
0.119065
0.115851
0.112703
0.109621
0.106603
0.103648
0.100757
0.097929
0.095162
0.092456
0.089810
0.087224
0.084697
0.082227
0.079815
0.077459
0.075158
0.072913
0.070721
0.068582
0.066495
0.064460
0.062476
0.060541
0.058655
0.056817
0.055027
0.053283
0.051584
0.049931
0.048321
0.046754
0.045230
0.043747
0.042305
0.040902
0.039539
0.038214
0.036926
0.035675
0.034460
0.033280
0.032134
0.031022
0.029943
0.028896
0.027880
0.026895
0.025939
0.025013
0.024116
0.023246
0.022403
0.021587
0.020796
0.020031
0.019290
0.018573
0.017880
0.017208
0.016559
0.015932
0.015325
0.014739
0.014172
0.013624
0.013096
0.012585
0.012092
0.011616
0.011156
0.010713
0.010285
0.009873
0.009475
0.009092
0.008722
0.008366
0.008023
0.007692
0.007374
0.007067
0.006772
0.006488
0.006215
0.005952
0.005699
0.005456
0.005222
0.004997
0.004781
0.004574
0.004374
0.004183
0.003999
0.003822
0.003653
0.003490
0.003334
0.003184
0.003041
0.002903
0.002771
0.002645
0.002524
0.002408
0.002297
0.002190
0.002088
0.001991
0.001897
0.001808
0.001722
0.001641
0.001562
0.001488
0.001416
0.001348
0.001283
0.001220
0.001161
0.001104
0.001050
0.000998
0.000949
0.000901
0.000856
0.000814
0.000773
0.000734
0.000697
0.000661
0.000628
0.000595
0.000565
0.000536
0.000508
0.000482
0.000457
0.000433
0.000410
0.000388
0.000368
0.000348
0.000330
0.000312
0.000296
0.000280
0.000265
0.000250
0.000237
0.000224
0.000212
0.000200
0.000189
0.000178
0.000169
0.000159
0.000150
0.000142
0.000134
0.000126
0.000119
0.000112
0.000106
0.000100
0.000094
0.000089
0.000084
0.000079
0.000074
0.000070
0.000066
0.000062
0.000058
0.000055
0.000052
0.000049
0.000046
0.000043
0.000040
0.000038
0.000036
0.000034
0.000032
0.000030
0.000028
0.000026
0.000025
0.000023
0.000022
0.000020
0.000019
0.000018
0.000017
0.000016
0.000015
0.000014
0.000013
0.000012
0.000011
0.000011
0.000010
0.000009
0.000009
0.000008
0.000008
0.000007
0.000007
0.000006
0.000006
0.000005
0.000005
0.000005
0.000004
0.000004
0.000004
0.000004
0.000003
0.000003
0.000003
0.000003
0.000003
0.000002
0.000002
0.000002
0.000002
0.000002
0.000002
0.000002
0.000001
0.000001
0.000001
0.000001
0.000001
0.000001
0.000001
0.000001
0.000001
0.000001
0.000001
0.000001
0.000001
0.000001
0.000001
0.000000
0.000000
0.000000
0.000000
0.000000
0.000000
0.000000
0.000000
0.000000
0.000000
0.000000
0.000000
0.000000
0.000000
0.000000
0.000000
0.000000
0.000000
0.000000
0.000000
0.000000
0.000000
0.000000
0.000000
0.000000
0.000000
0.000000
0.000000
0.000000
0.000000
0.000000
0.000000
0.000000
0.000000
0.000000
0.000000
0.000000
0.000000
0.000000
0.000000
0.000000
0.000000
0.000000
0.000000
0.000000
0.000000
0.000000
0.000000
0.000000
0.000000
0.000000
0.000000
0.000000
0.000000
0.000000
0.000000
0.000000
0.000000
0.000000
0.000000
0.000000
0.000000
0.000000
0.000000
0.000000
0.000000
0.000000
0.000000
0.000000
0.000000
0.000000
0.000000
0.000000
0.000000
0.000000
0.000000
0.000000
0.000000
0.000000
0.000000
0.000000
0.000000
0.000000
0.000000
0.000000
0.000000
0.000000
0.000000
0.000000
0.000000
0.000000
0.000000
0.000000
0.000000
0.000000
0.000000
0.000000
0.000000
0.000000
0.000000
0.000000
0.000000
0.000000
0.000000
0.000000
0.000000
0.000000
0.000000
0.000000
0.000000
0.000000
0.000000
0.000000
0.000000
0.000000
0.000000
0.000000
0.000000
0.000000
0.000000
0.000000
0.000000
0.000000
0.000000
0.000000
0.000000
0.000000
0.000000
0.000000
0.000000
0.000000
0.000000
0.000000
0.000000
0.000000
0.000000
0.000000
0.000000
0.000000
0.000000
0.000000
0.000000
0.000000
0.000000
0.000000
0.000000
0.000000
0.000000
0.000000
0.000000
0.000000
0.000000
0.000000
0.000000
0.000000
0.000000
0.000000
0.000000
0.000000
0.000000
0.000000
0.000000
0.000000
0.000000
0.000000
0.000000
0.000000
0.000000
0.000000
0.000000
0.000000
0.000000
0.000000
0.000000
0.000000
0.000000
0.000000
0.000000
0.000000
0.000000
0.000000
0.000000
0.000000
0.000000
0.000000
0.000000
0.000000
0.000000
0.000000
0.000000
0.000000
0.000000
0.000000
0.000000
0.000000
0.000000
0.000000
0.000000
0.000000
0.000000
0.000000
0.000000
0.000000
0.000000
0.000000
0.000000
0.000000
0.000000
0.000000
0.000000
0.000000
0.000000
0.000000
0.000000
0.000000
0.000000
0.000000
0.000000
0.000000
0.000000
0.000000
0.000000
0.000000
0.000000
0.000000
0.000000
0.000000
0.000000
0.000000
0.000000
0.000000
0.000000
0.000000
0.000000
0.000000
0.000000
0.000000
0.000000
0.000000
0.000000
0.000000
0.000000
0.000000
0.000000
0.000000
0.000000
0.000000
0.000000
0.000000
0.000000
0.000000
0.000000
0.000000
0.000000
0.000000
0.000000
0.000000
0.000000
0.000000
0.000000
0.000000
0.000000
0.000000
0.000000
0.000000
0.000000
0.000000
0.000000
0.000000
0.000000
0.000000
0.000000
0.000000
0.000000
0.000000
0.000000
0.000000
0.000000
0.000000
0.000000
0.000000
0.000000
0.000000
0.000000
0.000000
0.000000
0.000000
0.000000
0.000000
0.000000
0.000000
0.000000
0.000000
0.000000
0.000000
0.000000
0.000000
0.000000
0.000000
0.000000
0.000000
0.000000
