0.000030
0.000061
0.000090
0.000122
0.000150
0.000186
0.000212
0.000249
0.000279
0.000311
0.000352
0.000376
0.000420
0.000460
0.000484
0.000534
0.000581
0.000604
0.000648
0.000716
0.000759
0.000778
0.000815
0.000892
0.000990
0.001085
0.001168
0.001240
0.001308
0.001376
0.001446
0.001519
0.001595
0.001675
0.001758
0.001845
0.001936
0.002031
0.002130
0.002234
0.002342
0.002456
0.002574
0.002697
0.002825
0.002960
0.003100
0.003245
0.003398
0.003556
0.003721
0.003894
0.004073
0.004260
0.004454
0.004657
0.004868
0.005087
0.005315
0.005552
0.005799
0.006056
0.006323
0.006600
0.006888
0.007187
0.007498
0.007821
0.008156
0.008504
0.008865
0.009240
0.009628
0.010031
0.010449
0.010882
0.011331
0.011796
0.012278
0.012777
0.013294
0.013830
0.014384
0.014957
0.015550
0.016164
0.016799
0.017455
0.018134
0.018835
0.019560
0.020308
0.021082
0.021881
0.022705
0.023557
0.024435
0.025342
0.026277
0.027241
0.028236
0.029261
0.030318
0.031407
0.032530
0.033685
0.034876
0.036101
0.037363
0.038661
0.039997
0.041371
0.042785
0.044238
0.045733
0.047268
0.048847
0.050468
0.052134
0.053844
0.055600
0.057402
0.059252
0.061150
0.063097
0.065094
0.067142
0.069241
0.071392
0.073596
0.075854
0.078167
0.080536
0.082961
0.085442
0.087982
0.090581
0.093238
0.095956
0.098735
0.101576
0.104479
0.107444
0.110474
0.113568
0.116727
0.119952
0.123243
0.126601
0.130027
0.133520
0.137083
0.140714
0.144415
0.148186
0.152027
0.155940
0.159923
0.163979
0.168106
0.172305
0.176577
0.180922
0.185340
0.189831
0.194395
0.199033
0.203744
0.208528
0.213386
0.218317
0.223322
0.228400
0.233550
0.238773
0.244069
0.249437
0.254877
0.260388
0.265970
0.271622
0.277344
0.283136
0.288996
0.294924
0.300919
0.306981
0.313108
0.319301
0.325556
0.331875
0.338255
0.344696
0.351196
0.357755
0.364370
0.371042
0.377767
0.384546
0.391376
0.398257
0.405185
0.412160
0.419180
0.426244
0.433349
0.440495
0.447678
0.454897
0.462150
0.469435
0.476751
0.484094
0.491463
0.498855
0.506268
0.513701
0.521150
0.528614
0.536089
0.543573
0.551065
0.558561
0.566058
0.573555
0.581049
0.588537
0.596015
0.603482
0.610935
0.618372
0.625788
0.633182
0.640551
0.647891
0.655201
0.662476
0.669715
0.676913
0.684069
0.691179
0.698241
0.705251
0.712208
0.719106
0.725944
0.732719
0.739428
0.746068
0.752636
0.759129
0.765545
0.771880
0.778132
0.784297
0.790374
0.796359
0.802249
0.808041
0.813734
0.819325
0.824810
0.830188
0.835455
0.840610
0.845650
0.850572
0.855374
0.860054
0.864609
0.869037
0.873336
0.877504
0.881540
0.885440
0.889203
0.892827
0.896310
0.899652
0.902849
0.905901
0.908806
0.911562
0.914168
0.916623
0.918926
0.921074
0.923069
0.924907
0.926589
0.928112
0.929478
0.930685
0.931732
0.932619
0.933345
0.933910
0.934314
0.934557
0.934638
0.934557
0.934315
0.933911
0.933346
0.932619
0.931733
0.930686
0.929480
0.928115
0.926591
0.924910
0.923072
0.921077
0.918929
0.916627
0.914172
0.911566
0.908810
0.905905
0.902853
0.899655
0.896314
0.892830
0.889206
0.885442
0.881542
0.877507
0.873339
0.869040
0.864612
0.860057
0.855378
0.850576
0.845655
0.840616
0.835461
0.830194
0.824816
0.819330
0.813740
0.808047
0.802254
0.796364
0.790379
0.784303
0.778137
0.771885
0.765551
0.759135
0.752643
0.746075
0.739435
0.732725
0.725951
0.719113
0.712214
0.705258
0.698248
0.691186
0.684075
0.676919
0.669721
0.662483
0.655208
0.647898
0.640558
0.633190
0.625796
0.618379
0.610943
0.603490
0.596023
0.588544
0.581057
0.573563
0.566066
0.558568
0.551072
0.543580
0.536096
0.528621
0.521158
0.513709
0.506276
0.498862
0.491470
0.484101
0.476758
0.469443
0.462158
0.454904
0.447685
0.440502
0.433357
0.426252
0.419188
0.412168
0.405193
0.398264
0.391384
0.384554
0.377776
0.371050
0.364379
0.357763
0.351205
0.344705
0.338264
0.331883
0.325565
0.319309
0.313117
0.306990
0.300928
0.294933
0.289005
0.283145
0.277353
0.271631
0.265979
0.260397
0.254886
0.249446
0.244078
0.238783
0.233559
0.228409
0.223331
0.218326
0.213395
0.208537
0.203752
0.199041
0.194404
0.189839
0.185348
0.180930
0.176586
0.172313
0.168114
0.163986
0.159931
0.155947
0.152035
0.148193
0.144422
0.140721
0.137090
0.133527
0.130034
0.126608
0.123250
0.119959
0.116734
0.113575
0.110480
0.107451
0.104485
0.101582
0.098741
0.095962
0.093244
0.090586
0.087987
0.085448
0.082966
0.080541
0.078172
0.075859
0.073601
0.071396
0.069245
0.067146
0.065099
0.063102
0.061155
0.059256
0.057406
0.055604
0.053848
0.052137
0.050472
0.048850
0.047272
0.045736
0.044242
0.042788
0.041375
0.040000
0.038664
0.037366
0.036104
0.034879
0.033688
0.032532
0.031410
0.030321
0.029264
0.028239
0.027244
0.026279
0.025344
0.024438
0.023559
0.022708
0.021883
0.021084
0.020311
0.019562
0.018837
0.018135
0.017457
0.016800
0.016166
0.015552
0.014959
0.014385
0.013831
0.013296
0.012779
0.012280
0.011798
0.011332
0.010883
0.010450
0.010032
0.009629
0.009241
0.008866
0.008505
0.008157
0.007822
0.007499
0.007188
0.006889
0.006601
0.006323
0.006057
0.005800
0.005553
0.005316
0.005088
0.004868
0.004657
0.004455
0.004260
0.004074
0.003894
0.003722
0.003557
0.003398
0.003246
0.003100
0.002960
0.002826
0.002697
0.002574
0.002456
0.002343
0.002234
0.002131
0.002031
0.001936
0.001845
0.001758
0.001675
0.001595
0.001519
0.001446
0.001377
0.001310
0.001247
0.001186
0.001128
0.001073
0.001020
0.000970
0.000922
0.000876
0.000832
0.000790
0.000751
0.000713
0.000677
0.000642
0.000609
0.000578
0.000548
0.000520
0.000493
0.000468
0.000443
0.000420
0.000398
0.000377
0.000357
0.000338
0.000320
0.000303
0.000287
0.000271
0.000257
0.000243
0.000229
0.000217
0.000205
0.000194
0.000183
0.000173
0.000163
0.000154
0.000146
0.000138
0.000130
0.000122
0.000116
0.000109
0.000103
0.000097
0.000091
0.000086
0.000081
0.000076
0.000072
0.000068
0.000064
0.000060
0.000057
0.000053
0.000050
0.000047
0.000044
0.000042
0.000039
0.000037
0.000035
0.000032
0.000030
0.000029
0.000027
0.000025
0.000024
0.000022
0.000021
0.000020
0.000018
0.000017
0.000016
0.000015
0.000014
0.000013
0.000012
0.000012
0.000011
0.000010
0.000010
0.000009
0.000008
0.000008
0.000007
0.000007
0.000006
0.000006
0.000006
0.000005
0.000005
0.000005
0.000004
0.000004
0.000004
0.000003
0.000003
0.000003
0.000003
0.000003
0.000002
0.000002
0.000002
0.000002
0.000002
0.000002
0.000002
0.000001
0.000001
0.000001
0.000001
0.000001
0.000001
0.000001
0.000001
0.000001
0.000001
0.000001
0.000001
0.000001
0.000001
0.000001
0.000000
0.000000
0.000000
0.000000
0.000000
0.000000
0.000000
0.000000
0.000000
0.000000
0.000000
0.000000
0.000000
0.000000
0.000000
0.000000
0.000000
0.000000
0.000000
0.000000
0.000000
0.000000
0.000000
0.000000
0.000000
0.000000
0.000000
0.000000
0.000000
0.000000
0.000000
0.000000
0.000000
0.000000
0.000000
0.000000
0.000000
0.000000
0.000000
0.000000
0.000000
0.000000
0.000000
0.000000
0.000000
0.000000
0.000000
0.000000
0.000000
0.000000
0.000000
0.000000
0.000000
0.000000
0.000000
0.000000
0.000000
0.000000
0.000000
0.000000
0.000000
0.000000
0.000000
0.000000
0.000000
0.000000
0.000000
0.000000
0.000000
0.000000
0.000000
0.000000
0.000000
0.000000
0.000000
0.000000
0.000000
0.000000
0.000000
0.000000
0.000000
0.000000
0.000000
0.000000
0.000000
0.000000
0.000000
0.000000
0.000000
0.000000
0.000000
0.000000
0.000000
0.000000
0.000000
0.000000
0.000000
0.000000
0.000000
0.000000
0.000000
0.000000
0.000000
0.000000
0.000000
0.000000
0.000000
0.000000
0.000000
0.000000
0.000000
0.000000
0.000000
0.000000
0.000000
0.000000
0.000000
0.000000
0.000000
0.000000
0.000000
0.000000
0.000000
0.000000
0.000000
0.000000
0.000000
0.000000
0.000000
0.000000
0.000000
0.000000
0.000000
0.000000
0.000000
0.000000
0.000000
0.000000
0.000000
0.000000
0.000000
0.000000
0.000000
0.000000
0.000000
0.000000
0.000000
0.000000
0.000000
0.000000
0.000000
0.000000
0.000000
0.000000
0.000000
0.000000
0.000000
0.000000
0.000000
0.000000
0.000000
0.000000
0.000000
0.000000
0.000000
0.000000
0.000000
0.000000
0.000000
0.000000
0.000000
0.000000
0.000000
0.000000
0.000000
0.000000
0.000000
0.000000
0.000000
0.000000
0.000000
0.000000
0.000000
0.000000
0.000000
0.000000
0.000000
0.000000
0.000000
0.000000
0.000000
0.000000
0.000000
0.000000
0.000000
0.000000
0.000000
0.000000
0.000000
0.000000
0.000000
0.000000
0.000000
0.000000
0.000000
0.000000
0.000000
0.000000
0.000000
0.000000
0.000000
0.000000
0.000000
0.000000
0.000000
0.000000
0.000000
0.000000
0.000000
0.000000
0.000000
0.000000
0.000000
0.000000
0.000000
0.000000
0.000000
0.000000
0.000000
0.000000
0.000000
0.000000
0.000000
0.000000
0.000000
0.000000
0.000000
0.000000
0.000000
0.000000
0.000000
0.000000
0.000000
0.000000
0.000000
0.000000
0.000000
0.000000
0.000000
0.000000
0.000000
0.000000
0.000000
0.000000
0.000000
0.000000
0.000000
0.000000
0.000000
0.000000
0.000000
0.000000
0.000000
0.000000
0.000000
0.000000
0.000000
0.000000
0.000000
0.000000
0.000000
0.000000
0.000000
0.000000
0.000000
0.000000
0.000000
0.000000
0.000000
0.000000
0.000000
0.000000
0.000000
0.000000
0.000000
0.000000
0.000000
0.000000
0.000000
0.000000
0.000000
0.000000
0.000000
0.000000
0.000000
0.000000
0.000000
0.000000
0.000000
0.000000
0.000000
0.000000
