0.000030
0.000063
0.000092
0.000126
0.000154
0.000189
0.000219
0.000252
0.000290
0.000316
0.000360
0.000391
0.000424
0.000474
0.000501
0.000540
0.000597
0.000629
0.000659
0.000723
0.000784
0.000812
0.000838
0.000898
0.000991
0.001092
0.001183
0.001263
0.001335
0.001405
0.001477
0.001551
0.001629
0.001710
0.001795
0.001884
0.001976
0.002073
0.002174
0.002280
0.002390
0.002505
0.002625
0.002751
0.002881
0.003018
0.003160
0.003309
0.003463
0.003624
0.003792
0.003967
0.004150
0.004339
0.004537
0.004743
0.004957
0.005179
0.005411
0.005652
0.005903
0.006163
0.006434
0.006715
0.007008
0.007311
0.007626
0.007954
0.008294
0.008646
0.009012
0.009392
0.009786
0.010194
0.010617
0.011056
0.011511
0.011982
0.012470
0.012976
0.013499
0.014041
0.014602
0.015182
0.015782
0.016403
0.017045
0.017709
0.018395
0.019104
0.019837
0.020594
0.021376
0.022183
0.023016
0.023876
0.024764
0.025680
0.026624
0.027598
0.028602
0.029638
0.030704
0.031804
0.032936
0.034102
0.035303
0.036539
0.037812
0.039121
0.040468
0.041854
0.043279
0.044744
0.046249
0.047797
0.049387
0.051020
0.052698
0.054420
0.056189
0.058003
0.059866
0.061776
0.063736
0.065745
0.067805
0.069917
0.072081
0.074298
0.076569
0.078894
0.081276
0.083713
0.086208
0.088760
0.091371
0.094041
0.096772
0.099563
0.102416
0.105331
0.108309
0.111350
0.114456
0.117627
0.120863
0.124165
0.127534
0.130970
0.134474
0.138047
0.141688
0.145399
0.149179
0.153030
0.156951
0.160943
0.165006
0.169141
0.173348
0.177627
0.181978
0.186402
0.190899
0.195468
0.200110
0.204825
0.209613
0.214474
0.219408
0.224414
0.229493
0.234645
0.239868
0.245163
0.250530
0.255968
0.261476
0.267055
0.272703
0.278421
0.284207
0.290061
0.295982
0.301970
0.308023
0.314141
0.320323
0.326568
0.332875
0.339243
0.345670
0.352157
0.358700
0.365300
0.371955
0.378663
0.385424
0.392235
0.399095
0.406002
0.412955
0.419953
0.426993
0.434074
0.441194
0.448351
0.455543
0.462769
0.470025
0.477311
0.484623
0.491961
0.499321
0.506702
0.514101
0.521516
0.528945
0.536384
0.543832
0.551286
0.558744
0.566203
0.573661
0.581115
0.588562
0.596000
0.603425
0.610836
0.618230
0.625603
0.632954
0.640278
0.647574
0.654839
0.662069
0.669262
0.676415
0.683525
0.690589
0.697605
0.704569
0.711478
0.718330
0.725122
0.731850
0.738512
0.745105
0.751627
0.758073
0.764443
0.770732
0.776938
0.783058
0.789089
0.795030
0.800875
0.806624
0.812274
0.817821
0.823264
0.828600
0.833826
0.838940
0.843940
0.848822
0.853586
0.858228
0.862746
0.867138
0.871403
0.875537
0.879539
0.883407
0.887139
0.890733
0.894187
0.897500
0.900671
0.903697
0.906578
0.909310
0.911894
0.914328
0.916611
0.918741
0.920718
0.922541
0.924208
0.925719
0.927073
0.928269
0.929307
0.930187
0.930906
0.931467
0.931867
0.932107
0.932188
0.932108
0.931868
0.931467
0.930907
0.930187
0.929308
0.928270
0.927074
0.925721
0.924210
0.922544
0.920721
0.918744
0.916614
0.914332
0.911898
0.909314
0.906581
0.903701
0.900674
0.897504
0.894190
0.890736
0.887141
0.883409
0.879541
0.875540
0.871406
0.867142
0.862750
0.858232
0.853590
0.848827
0.843945
0.838945
0.833831
0.828605
0.823269
0.817826
0.812279
0.806629
0.800881
0.795035
0.789095
0.783063
0.776944
0.770737
0.764449
0.758080
0.751633
0.745112
0.738519
0.731856
0.725128
0.718337
0.711485
0.704575
0.697612
0.690596
0.683531
0.676422
0.669269
0.662076
0.654846
0.647581
0.640286
0.632961
0.625611
0.618238
0.610844
0.603433
0.596007
0.588569
0.581123
0.573668
0.566211
0.558751
0.551293
0.543839
0.536391
0.528952
0.521523
0.514109
0.506710
0.499329
0.491968
0.484631
0.477318
0.470032
0.462776
0.455550
0.448358
0.441201
0.434081
0.427001
0.419961
0.412963
0.406010
0.399102
0.392242
0.385431
0.378671
0.371963
0.365309
0.358709
0.352166
0.345679
0.339252
0.332884
0.326577
0.320332
0.314150
0.308032
0.301979
0.295991
0.290070
0.284216
0.278430
0.272712
0.267064
0.261485
0.255977
0.250539
0.245172
0.239877
0.234654
0.229502
0.224423
0.219417
0.214483
0.209622
0.204834
0.200119
0.195476
0.190907
0.186410
0.181987
0.177635
0.173356
0.169149
0.165014
0.160951
0.156958
0.153037
0.149187
0.145406
0.141696
0.138054
0.134481
0.130977
0.127541
0.124172
0.120869
0.117633
0.114462
0.111356
0.108315
0.105337
0.102422
0.099569
0.096777
0.094047
0.091376
0.088765
0.086213
0.083718
0.081281
0.078899
0.076574
0.074303
0.072085
0.069921
0.067810
0.065750
0.063740
0.061780
0.059870
0.058008
0.056193
0.054424
0.052702
0.051024
0.049391
0.047801
0.046253
0.044747
0.043282
0.041857
0.040471
0.039124
0.037815
0.036542
0.035306
0.034105
0.032939
0.031806
0.030707
0.029640
0.028605
0.027601
0.026627
0.025682
0.024766
0.023879
0.023019
0.022185
0.021378
0.020596
0.019839
0.019106
0.018397
0.017711
0.017047
0.016405
0.015784
0.015183
0.014603
0.014042
0.013501
0.012977
0.012472
0.011984
0.011512
0.011058
0.010619
0.010195
0.009787
0.009393
0.009013
0.008647
0.008295
0.007955
0.007627
0.007312
0.007008
0.006716
0.006435
0.006164
0.005903
0.005653
0.005412
0.005180
0.004957
0.004743
0.004538
0.004340
0.004150
0.003968
0.003793
0.003625
0.003464
0.003309
0.003161
0.003018
0.002882
0.002751
0.002626
0.002505
0.002390
0.002280
0.002174
0.002073
0.001977
0.001884
0.001795
0.001710
0.001629
0.001552
0.001478
0.001407
0.001339
0.001274
0.001212
0.001153
0.001097
0.001043
0.000992
0.000943
0.000896
0.000851
0.000809
0.000768
0.000729
0.000692
0.000657
0.000624
0.000592
0.000561
0.000533
0.000505
0.000479
0.000454
0.000430
0.000408
0.000386
0.000366
0.000346
0.000328
0.000311
0.000294
0.000278
0.000263
0.000249
0.000235
0.000223
0.000210
0.000199
0.000188
0.000178
0.000168
0.000158
0.000150
0.000141
0.000133
0.000126
0.000119
0.000112
0.000106
0.000100
0.000094
0.000088
0.000083
0.000079
0.000074
0.000070
0.000066
0.000062
0.000058
0.000055
0.000051
0.000048
0.000046
0.000043
0.000040
0.000038
0.000036
0.000033
0.000031
0.000029
0.000028
0.000026
0.000024
0.000023
0.000021
0.000020
0.000019
0.000018
0.000017
0.000016
0.000015
0.000014
0.000013
0.000012
0.000011
0.000011
0.000010
0.000009
0.000009
0.000008
0.000008
0.000007
0.000007
0.000006
0.000006
0.000005
0.000005
0.000005
0.000004
0.000004
0.000004
0.000004
0.000003
0.000003
0.000003
0.000003
0.000003
0.000002
0.000002
0.000002
0.000002
0.000002
0.000002
0.000002
0.000001
0.000001
0.000001
0.000001
0.000001
0.000001
0.000001
0.000001
0.000001
0.000001
0.000001
0.000001
0.000001
0.000001
0.000001
0.000000
0.000000
0.000000
0.000000
0.000000
0.000000
0.000000
0.000000
0.000000
0.000000
0.000000
0.000000
0.000000
0.000000
0.000000
0.000000
0.000000
0.000000
0.000000
0.000000
0.000000
0.000000
0.000000
0.000000
0.000000
0.000000
0.000000
0.000000
0.000000
0.000000
0.000000
0.000000
0.000000
0.000000
0.000000
0.000000
0.000000
0.000000
0.000000
0.000000
0.000000
0.000000
0.000000
0.000000
0.000000
0.000000
0.000000
0.000000
0.000000
0.000000
0.000000
0.000000
0.000000
0.000000
0.000000
0.000000
0.000000
0.000000
0.000000
0.000000
0.000000
0.000000
0.000000
0.000000
0.000000
0.000000
0.000000
0.000000
0.000000
0.000000
0.000000
0.000000
0.000000
0.000000
0.000000
0.000000
0.000000
0.000000
0.000000
0.000000
0.000000
0.000000
0.000000
0.000000
0.000000
0.000000
0.000000
0.000000
0.000000
0.000000
0.000000
0.000000
0.000000
0.000000
0.000000
0.000000
0.000000
0.000000
0.000000
0.000000
0.000000
0.000000
0.000000
0.000000
0.000000
0.000000
0.000000
0.000000
0.000000
0.000000
0.000000
0.000000
0.000000
0.000000
0.000000
0.000000
0.000000
0.000000
0.000000
0.000000
0.000000
0.000000
0.000000
0.000000
0.000000
0.000000
0.000000
0.000000
0.000000
0.000000
0.000000
0.000000
0.000000
0.000000
0.000000
0.000000
0.000000
0.000000
0.000000
0.000000
0.000000
0.000000
0.000000
0.000000
0.000000
0.000000
0.000000
0.000000
0.000000
0.000000
0.000000
0.000000
0.000000
0.000000
0.000000
0.000000
0.000000
0.000000
0.000000
0.000000
0.000000
0.000000
0.000000
0.000000
0.000000
0.000000
0.000000
0.000000
0.000000
0.000000
0.000000
0.000000
0.000000
0.000000
0.000000
0.000000
0.000000
0.000000
0.000000
0.000000
0.000000
0.000000
0.000000
0.000000
0.000000
0.000000
0.000000
0.000000
0.000000
0.000000
0.000000
0.000000
0.000000
0.000000
0.000000
0.000000
0.000000
0.000000
0.000000
0.000000
0.000000
0.000000
0.000000
0.000000
0.000000
0.000000
0.000000
0.000000
0.000000
0.000000
0.000000
0.000000
0.000000
0.000000
0.000000
0.000000
0.000000
0.000000
0.000000
0.000000
0.000000
0.000000
0.000000
0.000000
0.000000
0.000000
0.000000
0.000000
0.000000
0.000000
0.000000
0.000000
0.000000
0.000000
0.000000
0.000000
0.000000
0.000000
0.000000
0.000000
0.000000
0.000000
0.000000
0.000000
0.000000
0.000000
0.000000
0.000000
0.000000
0.000000
0.000000
0.000000
0.000000
0.000000
0.000000
0.000000
0.000000
0.000000
0.000000
0.000000
0.000000
0.000000
0.000000
0.000000
0.000000
0.000000
0.000000
0.000000
0.000000
0.000000
0.000000
0.000000
0.000000
0.000000
0.000000
0.000000
0.000000
0.000000
0.000000
0.000000
0.000000
0.000000
0.000000
0.000000
0.000000
0.000000
0.000000
0.000000
0.000000
0.000000
0.000000
0.000000
0.000000
0.000000
0.000000
0.000000
0.000000
0.000000
0.000000
0.000000
0.000000
