0.000031
0.000064
0.000095
0.000128
0.000160
0.000192
0.000228
0.000256
0.000298
0.000326
0.000365
0.000406
0.000433
0.000482
0.000521
0.000550
0.000606
0.000653
0.000679
0.000730
0.000801
0.000846
0.000869
0.000912
0.000994
0.001096
0.001196
0.001283
0.001361
0.001435
0.001509
0.001585
0.001664
0.001746
0.001833
0.001923
0.002017
0.002116
0.002219
0.002326
0.002439
0.002556
0.002678
0.002806
0.002939
0.003078
0.003222
0.003373
0.003530
0.003694
0.003865
0.004043
0.004228
0.004421
0.004622
0.004831
0.005048
0.005274
0.005510
0.005754
0.006009
0.006273
0.006548
0.006833
0.007130
0.007438
0.007758
0.008090
0.008434
0.008792
0.009163
0.009548
0.009947
0.010361
0.010790
0.011234
0.011695
0.012172
0.012667
0.013178
0.013708
0.014257
0.014824
0.015412
0.016019
0.016647
0.017297
0.017969
0.018663
0.019380
0.020121
0.020886
0.021676
0.022492
0.023334
0.024203
0.025100
0.026025
0.026979
0.027963
0.028977
0.030022
0.031099
0.032208
0.033351
0.034528
0.035739
0.036986
0.038270
0.039590
0.040949
0.042346
0.043782
0.045259
0.046777
0.048336
0.049938
0.051584
0.053274
0.055008
0.056789
0.058616
0.060491
0.062414
0.064387
0.066409
0.068482
0.070606
0.072783
0.075013
0.077297
0.079635
0.082030
0.084480
0.086987
0.089552
0.092176
0.094859
0.097602
0.100406
0.103271
0.106198
0.109188
0.112242
0.115360
0.118542
0.121790
0.125104
0.128484
0.131931
0.135446
0.139028
0.142680
0.146400
0.150190
0.154050
0.157980
0.161980
0.166052
0.170195
0.174409
0.178695
0.183052
0.187482
0.191984
0.196559
0.201206
0.205925
0.210716
0.215580
0.220517
0.225525
0.230605
0.235757
0.240980
0.246275
0.251640
0.257076
0.262582
0.268157
0.273802
0.279514
0.285295
0.291143
0.297057
0.303037
0.309081
0.315190
0.321362
0.327596
0.333891
0.340246
0.346660
0.353132
0.359660
0.366244
0.372882
0.379572
0.386314
0.393105
0.399945
0.406831
0.413762
0.420736
0.427752
0.434808
0.441903
0.449033
0.456198
0.463395
0.470622
0.477877
0.485159
0.492465
0.499793
0.507141
0.514505
0.521886
0.529278
0.536681
0.544092
0.551509
0.558928
0.566348
0.573766
0.581179
0.588585
0.595981
0.603364
0.610733
0.618083
0.625413
0.632719
0.639999
0.647250
0.654469
0.661653
0.668800
0.675907
0.682970
0.689987
0.696956
0.703873
0.710734
0.717539
0.724283
0.730964
0.737579
0.744124
0.750599
0.756998
0.763321
0.769563
0.775723
0.781797
0.787782
0.793677
0.799478
0.805182
0.810787
0.816291
0.821691
0.826984
0.832168
0.837241
0.842200
0.847043
0.851768
0.856372
0.860852
0.865208
0.869437
0.873536
0.877505
0.881340
0.885040
0.888603
0.892028
0.895313
0.898456
0.901457
0.904312
0.907021
0.909582
0.911995
0.914258
0.916370
0.918329
0.920136
0.921789
0.923286
0.924628
0.925814
0.926843
0.927714
0.928428
0.928983
0.929380
0.929618
0.929698
0.929619
0.929380
0.928984
0.928428
0.927715
0.926843
0.925815
0.924630
0.923288
0.921791
0.920139
0.918333
0.916373
0.914261
0.911999
0.909586
0.907024
0.904315
0.901460
0.898460
0.895317
0.892032
0.888607
0.885043
0.881342
0.877507
0.873539
0.869440
0.865212
0.860856
0.856375
0.851772
0.847048
0.842205
0.837246
0.832174
0.826989
0.821696
0.816296
0.810792
0.805187
0.799483
0.793682
0.787788
0.781802
0.775728
0.769569
0.763327
0.757005
0.750605
0.744131
0.737585
0.730971
0.724290
0.717546
0.710741
0.703879
0.696962
0.689994
0.682976
0.675913
0.668807
0.661660
0.654475
0.647256
0.640006
0.632726
0.625420
0.618091
0.610740
0.603372
0.595988
0.588592
0.581187
0.573773
0.566355
0.558935
0.551516
0.544099
0.536688
0.529285
0.521892
0.514513
0.507148
0.499800
0.492472
0.485167
0.477885
0.470629
0.463402
0.456205
0.449040
0.441910
0.434816
0.427760
0.420744
0.413769
0.406838
0.399952
0.393113
0.386321
0.379580
0.372890
0.366252
0.359669
0.353141
0.346669
0.340255
0.333900
0.327605
0.321371
0.315199
0.309090
0.303046
0.297066
0.291152
0.285304
0.279523
0.273811
0.268166
0.262591
0.257085
0.251649
0.246284
0.240989
0.235766
0.230614
0.225534
0.220525
0.215589
0.210725
0.205933
0.201214
0.196567
0.191993
0.187491
0.183061
0.178703
0.174417
0.170202
0.166060
0.161988
0.157987
0.154057
0.150198
0.146408
0.142687
0.139035
0.135452
0.131938
0.128490
0.125110
0.121796
0.118549
0.115366
0.112248
0.109195
0.106205
0.103277
0.100412
0.097608
0.094865
0.092182
0.089558
0.086993
0.084485
0.082035
0.079640
0.077302
0.075018
0.072788
0.070611
0.068486
0.066413
0.064391
0.062419
0.060495
0.058620
0.056793
0.055012
0.053277
0.051588
0.049942
0.048340
0.046780
0.045262
0.043786
0.042349
0.040952
0.039594
0.038273
0.036990
0.035742
0.034531
0.033354
0.032211
0.031101
0.030024
0.028979
0.027965
0.026981
0.026027
0.025102
0.024206
0.023336
0.022494
0.021678
0.020888
0.020123
0.019382
0.018665
0.017970
0.017299
0.016649
0.016021
0.015413
0.014826
0.014258
0.013710
0.013180
0.012668
0.012174
0.011696
0.011236
0.010791
0.010362
0.009948
0.009549
0.009164
0.008793
0.008435
0.008091
0.007759
0.007439
0.007131
0.006834
0.006549
0.006274
0.006009
0.005755
0.005510
0.005275
0.005049
0.004831
0.004622
0.004422
0.004229
0.004043
0.003866
0.003695
0.003531
0.003374
0.003223
0.003078
0.002939
0.002806
0.002678
0.002556
0.002439
0.002327
0.002219
0.002116
0.002018
0.001923
0.001833
0.001747
0.001664
0.001585
0.001509
0.001437
0.001368
0.001302
0.001239
0.001179
0.001121
0.001066
0.001014
0.000964
0.000916
0.000871
0.000827
0.000786
0.000746
0.000709
0.000673
0.000638
0.000606
0.000575
0.000545
0.000517
0.000490
0.000465
0.000441
0.000418
0.000396
0.000375
0.000355
0.000336
0.000318
0.000301
0.000285
0.000270
0.000255
0.000241
0.000228
0.000216
0.000204
0.000193
0.000182
0.000172
0.000163
0.000154
0.000145
0.000137
0.000129
0.000122
0.000115
0.000108
0.000102
0.000096
0.000091
0.000086
0.000081
0.000076
0.000072
0.000067
0.000064
0.000060
0.000056
0.000053
0.000050
0.000047
0.000044
0.000041
0.000039
0.000037
0.000034
0.000032
0.000030
0.000029
0.000027
0.000025
0.000024
0.000022
0.000021
0.000019
0.000018
0.000017
0.000016
0.000015
0.000014
0.000013
0.000012
0.000012
0.000011
0.000010
0.000010
0.000009
0.000008
0.000008
0.000007
0.000007
0.000006
0.000006
0.000006
0.000005
0.000005
0.000005
0.000004
0.000004
0.000004
0.000003
0.000003
0.000003
0.000003
0.000003
0.000002
0.000002
0.000002
0.000002
0.000002
0.000002
0.000002
0.000001
0.000001
0.000001
0.000001
0.000001
0.000001
0.000001
0.000001
0.000001
0.000001
0.000001
0.000001
0.000001
0.000001
0.000001
0.000000
0.000000
0.000000
0.000000
0.000000
0.000000
0.000000
0.000000
0.000000
0.000000
0.000000
0.000000
0.000000
0.000000
0.000000
0.000000
0.000000
0.000000
0.000000
0.000000
0.000000
0.000000
0.000000
0.000000
0.000000
0.000000
0.000000
0.000000
0.000000
0.000000
0.000000
0.000000
0.000000
0.000000
0.000000
0.000000
0.000000
0.000000
0.000000
0.000000
0.000000
0.000000
0.000000
0.000000
0.000000
0.000000
0.000000
0.000000
0.000000
0.000000
0.000000
0.000000
0.000000
0.000000
0.000000
0.000000
0.000000
0.000000
0.000000
0.000000
0.000000
0.000000
0.000000
0.000000
0.000000
0.000000
0.000000
0.000000
0.000000
0.000000
0.000000
0.000000
0.000000
0.000000
0.000000
0.000000
0.000000
0.000000
0.000000
0.000000
0.000000
0.000000
0.000000
0.000000
0.000000
0.000000
0.000000
0.000000
0.000000
0.000000
0.000000
0.000000
0.000000
0.000000
0.000000
0.000000
0.000000
0.000000
0.000000
0.000000
0.000000
0.000000
0.000000
0.000000
0.000000
0.000000
0.000000
0.000000
0.000000
0.000000
0.000000
0.000000
0.000000
0.000000
0.000000
0.000000
0.000000
0.000000
0.000000
0.000000
0.000000
0.000000
0.000000
0.000000
0.000000
0.000000
0.000000
0.000000
0.000000
0.000000
0.000000
0.000000
0.000000
0.000000
0.000000
0.000000
0.000000
0.000000
0.000000
0.000000
0.000000
0.000000
0.000000
0.000000
0.000000
0.000000
0.000000
0.000000
0.000000
0.000000
0.000000
0.000000
0.000000
0.000000
0.000000
0.000000
0.000000
0.000000
0.000000
0.000000
0.000000
0.000000
0.000000
0.000000
0.000000
0.000000
0.000000
0.000000
0.000000
0.000000
0.000000
0.000000
0.000000
0.000000
0.000000
0.000000
0.000000
0.000000
0.000000
0.000000
0.000000
0.000000
0.000000
0.000000
0.000000
0.000000
0.000000
0.000000
0.000000
0.000000
0.000000
0.000000
0.000000
0.000000
0.000000
0.000000
0.000000
0.000000
0.000000
0.000000
0.000000
0.000000
0.000000
0.000000
0.000000
0.000000
0.000000
0.000000
0.000000
0.000000
0.000000
0.000000
0.000000
0.000000
0.000000
0.000000
0.000000
0.000000
0.000000
0.000000
0.000000
0.000000
0.000000
0.000000
0.000000
0.000000
0.000000
0.000000
0.000000
0.000000
0.000000
0.000000
0.000000
0.000000
0.000000
0.000000
0.000000
0.000000
0.000000
0.000000
0.000000
0.000000
0.000000
0.000000
0.000000
0.000000
0.000000
0.000000
0.000000
0.000000
0.000000
0.000000
0.000000
0.000000
0.000000
0.000000
0.000000
0.000000
0.000000
0.000000
0.000000
0.000000
0.000000
0.000000
0.000000
0.000000
0.000000
0.000000
0.000000
0.000000
0.000000
0.000000
0.000000
0.000000
0.000000
0.000000
0.000000
0.000000
0.000000
0.000000
0.000000
0.000000
0.000000
0.000000
0.000000
0.000000
0.000000
0.000000
0.000000
0.000000
0.000000
0.000000
0.000000
0.000000
0.000000
0.000000
0.000000
0.000000
0.000000
0.000000
0.000000
