0.000033
0.000065
0.000098
0.000130
0.000166
0.000195
0.000235
0.000264
0.000303
0.000339
0.000370
0.000418
0.000447
0.000488
0.000539
0.000567
0.000613
0.000672
0.000705
0.000742
0.000811
0.000874
0.000905
0.000936
0.001002
0.001100
0.001205
0.001302
0.001386
0.001464
0.001541
0.001619
0.001699
0.001784
0.001872
0.001964
0.002060
0.002160
0.002265
0.002374
0.002489
0.002608
0.002732
0.002862
0.002997
0.003139
0.003286
0.003439
0.003599
0.003766
0.003940
0.004120
0.004309
0.004505
0.004709
0.004921
0.005142
0.005371
0.005610
0.005859
0.006117
0.006385
0.006664
0.006954
0.007255
0.007568
0.007892
0.008229
0.008578
0.008941
0.009317
0.009707
0.010112
0.010531
0.010966
0.011417
0.011883
0.012367
0.012867
0.013386
0.013922
0.014478
0.015052
0.015647
0.016261
0.016897
0.017554
0.018234
0.018936
0.019661
0.020410
0.021184
0.021983
0.022807
0.023659
0.024537
0.025443
0.026377
0.027341
0.028334
0.029358
0.030414
0.031501
0.032621
0.033774
0.034962
0.036184
0.037443
0.038737
0.040069
0.041439
0.042848
0.044296
0.045785
0.047314
0.048886
0.050500
0.052158
0.053860
0.055608
0.057401
0.059241
0.061129
0.063065
0.065050
0.067085
0.069171
0.071309
0.073499
0.075742
0.078039
0.080390
0.082798
0.085261
0.087781
0.090360
0.092996
0.095692
0.098448
0.101264
0.104142
0.107082
0.110084
0.113150
0.116280
0.119474
0.122733
0.126059
0.129450
0.132908
0.136434
0.140027
0.143689
0.147419
0.151218
0.155088
0.159026
0.163036
0.167115
0.171266
0.175487
0.179780
0.184145
0.188581
0.193088
0.197668
0.202319
0.207043
0.211838
0.216705
0.221643
0.226653
0.231735
0.236887
0.242110
0.247404
0.252768
0.258202
0.263705
0.269277
0.274917
0.280625
0.286400
0.292241
0.298148
0.304120
0.310156
0.316255
0.322416
0.328639
0.334922
0.341264
0.347664
0.354121
0.360634
0.367201
0.373822
0.380494
0.387216
0.393988
0.400806
0.407670
0.414579
0.421530
0.428521
0.435552
0.442620
0.449723
0.456860
0.464028
0.471226
0.478451
0.485701
0.492975
0.500270
0.507583
0.514913
0.522258
0.529614
0.536981
0.544354
0.551732
0.559112
0.566492
0.573869
0.581241
0.588606
0.595959
0.603299
0.610624
0.617931
0.625216
0.632477
0.639712
0.646917
0.654090
0.661228
0.668328
0.675387
0.682403
0.689373
0.696294
0.703163
0.709976
0.716733
0.723429
0.730061
0.736628
0.743126
0.749552
0.755904
0.762179
0.768374
0.774487
0.780513
0.786452
0.792301
0.798056
0.803715
0.809275
0.814734
0.820091
0.825341
0.830482
0.835514
0.840432
0.845234
0.849919
0.854484
0.858927
0.863246
0.867439
0.871503
0.875437
0.879239
0.882907
0.886439
0.889835
0.893090
0.896206
0.899180
0.902010
0.904695
0.907234
0.909625
0.911867
0.913960
0.915902
0.917693
0.919330
0.920815
0.922144
0.923319
0.924339
0.925202
0.925909
0.926460
0.926853
0.927089
0.927168
0.927089
0.926853
0.926460
0.925910
0.925203
0.924339
0.923320
0.922146
0.920816
0.919333
0.917695
0.915905
0.913963
0.911871
0.909629
0.907237
0.904698
0.902013
0.899183
0.896210
0.893094
0.889838
0.886443
0.882910
0.879242
0.875440
0.871506
0.867442
0.863249
0.858931
0.854488
0.849923
0.845239
0.840437
0.835519
0.830488
0.825346
0.820096
0.814740
0.809280
0.803720
0.798061
0.792306
0.786458
0.780519
0.774492
0.768380
0.762185
0.755910
0.749559
0.743132
0.736635
0.730068
0.723436
0.716740
0.709984
0.703169
0.696300
0.689379
0.682410
0.675394
0.668334
0.661234
0.654096
0.646924
0.639719
0.632485
0.625224
0.617939
0.610632
0.603307
0.595967
0.588613
0.581249
0.573877
0.566499
0.559119
0.551739
0.544361
0.536987
0.529621
0.522265
0.514920
0.507591
0.500277
0.492982
0.485708
0.478458
0.471233
0.464036
0.456867
0.449731
0.442627
0.435559
0.428529
0.421537
0.414586
0.407678
0.400814
0.393995
0.387224
0.380502
0.373830
0.367209
0.360642
0.354130
0.347673
0.341272
0.334931
0.328647
0.322425
0.316264
0.310165
0.304129
0.298157
0.292250
0.286409
0.280634
0.274926
0.269286
0.263714
0.258211
0.252777
0.247413
0.242120
0.236896
0.231744
0.226662
0.221652
0.216713
0.211846
0.207051
0.202328
0.197676
0.193097
0.188589
0.184153
0.179788
0.175495
0.171274
0.167123
0.163043
0.159034
0.155095
0.151226
0.147426
0.143696
0.140034
0.136441
0.132915
0.129457
0.126065
0.122740
0.119481
0.116286
0.113156
0.110091
0.107088
0.104148
0.101270
0.098454
0.095698
0.093002
0.090365
0.087787
0.085266
0.082803
0.080395
0.078044
0.075747
0.073503
0.071313
0.069176
0.067090
0.065054
0.063069
0.061133
0.059245
0.057405
0.055612
0.053864
0.052162
0.050504
0.048890
0.047318
0.045788
0.044299
0.042851
0.041442
0.040072
0.038741
0.037446
0.036188
0.034965
0.033777
0.032624
0.031504
0.030416
0.029361
0.028337
0.027344
0.026380
0.025445
0.024539
0.023661
0.022810
0.021985
0.021186
0.020412
0.019663
0.018938
0.018236
0.017556
0.016899
0.016263
0.015648
0.015054
0.014479
0.013924
0.013387
0.012869
0.012368
0.011885
0.011418
0.010967
0.010533
0.010113
0.009709
0.009318
0.008942
0.008579
0.008230
0.007893
0.007569
0.007256
0.006955
0.006665
0.006386
0.006118
0.005860
0.005611
0.005372
0.005142
0.004922
0.004709
0.004505
0.004309
0.004121
0.003940
0.003766
0.003600
0.003440
0.003286
0.003139
0.002998
0.002863
0.002733
0.002608
0.002489
0.002375
0.002265
0.002160
0.002060
0.001964
0.001872
0.001784
0.001700
0.001619
0.001542
0.001469
0.001398
0.001331
0.001267
0.001205
0.001146
0.001090
0.001037
0.000986
0.000937
0.000891
0.000846
0.000804
0.000764
0.000725
0.000689
0.000654
0.000620
0.000589
0.000558
0.000530
0.000502
0.000476
0.000452
0.000428
0.000406
0.000384
0.000364
0.000345
0.000326
0.000309
0.000292
0.000277
0.000262
0.000248
0.000234
0.000221
0.000209
0.000198
0.000187
0.000177
0.000167
0.000158
0.000149
0.000141
0.000133
0.000125
0.000118
0.000111
0.000105
0.000099
0.000093
0.000088
0.000083
0.000078
0.000074
0.000069
0.000065
0.000062
0.000058
0.000055
0.000051
0.000048
0.000045
0.000043
0.000040
0.000038
0.000035
0.000033
0.000031
0.000029
0.000028
0.000026
0.000024
0.000023
0.000021
0.000020
0.000019
0.000018
0.000017
0.000016
0.000015
0.000014
0.000013
0.000012
0.000011
0.000010
0.000010
0.000009
0.000009
0.000008
0.000008
0.000007
0.000007
0.000006
0.000006
0.000005
0.000005
0.000005
0.000004
0.000004
0.000004
0.000004
0.000003
0.000003
0.000003
0.000003
0.000003
0.000002
0.000002
0.000002
0.000002
0.000002
0.000002
0.000002
0.000001
0.000001
0.000001
0.000001
0.000001
0.000001
0.000001
0.000001
0.000001
0.000001
0.000001
0.000001
0.000001
0.000001
0.000001
0.000000
0.000000
0.000000
0.000000
0.000000
0.000000
0.000000
0.000000
0.000000
0.000000
0.000000
0.000000
0.000000
0.000000
0.000000
0.000000
0.000000
0.000000
0.000000
0.000000
0.000000
0.000000
0.000000
0.000000
0.000000
0.000000
0.000000
0.000000
0.000000
0.000000
0.000000
0.000000
0.000000
0.000000
0.000000
0.000000
0.000000
0.000000
0.000000
0.000000
0.000000
0.000000
0.000000
0.000000
0.000000
0.000000
0.000000
0.000000
0.000000
0.000000
0.000000
0.000000
0.000000
0.000000
0.000000
0.000000
0.000000
0.000000
0.000000
0.000000
0.000000
0.000000
0.000000
0.000000
0.000000
0.000000
0.000000
0.000000
0.000000
0.000000
0.000000
0.000000
0.000000
0.000000
0.000000
0.000000
0.000000
0.000000
0.000000
0.000000
0.000000
0.000000
0.000000
0.000000
0.000000
0.000000
0.000000
0.000000
0.000000
0.000000
0.000000
0.000000
0.000000
0.000000
0.000000
0.000000
0.000000
0.000000
0.000000
0.000000
0.000000
0.000000
0.000000
0.000000
0.000000
0.000000
0.000000
0.000000
0.000000
0.000000
0.000000
0.000000
0.000000
0.000000
0.000000
0.000000
0.000000
0.000000
0.000000
0.000000
0.000000
0.000000
0.000000
0.000000
0.000000
0.000000
0.000000
0.000000
0.000000
0.000000
0.000000
0.000000
0.000000
0.000000
0.000000
0.000000
0.000000
0.000000
0.000000
0.000000
0.000000
0.000000
0.000000
0.000000
0.000000
0.000000
0.000000
0.000000
0.000000
0.000000
0.000000
0.000000
0.000000
0.000000
0.000000
0.000000
0.000000
0.000000
0.000000
0.000000
0.000000
0.000000
0.000000
0.000000
0.000000
0.000000
0.000000
0.000000
0.000000
0.000000
0.000000
0.000000
0.000000
0.000000
0.000000
0.000000
0.000000
0.000000
0.000000
0.000000
0.000000
0.000000
0.000000
0.000000
0.000000
0.000000
0.000000
0.000000
0.000000
0.000000
0.000000
0.000000
0.000000
0.000000
0.000000
0.000000
0.000000
0.000000
0.000000
0.000000
0.000000
0.000000
0.000000
0.000000
0.000000
0.000000
0.000000
0.000000
0.000000
0.000000
0.000000
0.000000
0.000000
0.000000
0.000000
0.000000
0.000000
0.000000
0.000000
0.000000
0.000000
0.000000
0.000000
0.000000
0.000000
0.000000
0.000000
0.000000
0.000000
0.000000
0.000000
0.000000
0.000000
0.000000
0.000000
0.000000
0.000000
0.000000
0.000000
0.000000
0.000000
0.000000
0.000000
0.000000
0.000000
0.000000
0.000000
0.000000
0.000000
0.000000
0.000000
0.000000
0.000000
0.000000
0.000000
0.000000
0.000000
0.000000
0.000000
0.000000
0.000000
0.000000
0.000000
0.000000
0.000000
0.000000
0.000000
0.000000
0.000000
0.000000
0.000000
0.000000
0.000000
0.000000
0.000000
0.000000
0.000000
0.000000
0.000000
0.000000
0.000000
0.000000
0.000000
0.000000
0.000000
0.000000
0.000000
0.000000
0.000000
0.000000
0.000000
0.000000
0.000000
0.000000
0.000000
0.000000
0.000000
0.000000
0.000000
0.000000
