0.000034
0.000066
0.000101
0.000133
0.000170
0.000201
0.000239
0.000274
0.000307
0.000350
0.000380
0.000425
0.000464
0.000496
0.000551
0.000588
0.000623
0.000685
0.000732
0.000761
0.000820
0.000894
0.000941
0.000969
0.001018
0.001106
0.001213
0.001317
0.001410
0.001494
0.001573
0.001653
0.001736
0.001822
0.001912
0.002005
0.002103
0.002205
0.002312
0.002423
0.002540
0.002661
0.002788
0.002920
0.003058
0.003201
0.003351
0.003507
0.003670
0.003839
0.004016
0.004200
0.004391
0.004590
0.004797
0.005013
0.005237
0.005471
0.005714
0.005966
0.006228
0.006501
0.006784
0.007078
0.007383
0.007700
0.008029
0.008371
0.008726
0.009093
0.009475
0.009871
0.010281
0.010706
0.011146
0.011603
0.012076
0.012566
0.013073
0.013598
0.014141
0.014703
0.015285
0.015887
0.016509
0.017152
0.017817
0.018505
0.019215
0.019948
0.020706
0.021488
0.022296
0.023130
0.023990
0.024877
0.025793
0.026737
0.027711
0.028714
0.029748
0.030814
0.031911
0.033042
0.034206
0.035405
0.036638
0.037908
0.039214
0.040557
0.041939
0.043360
0.044820
0.046320
0.047862
0.049446
0.051073
0.052744
0.054458
0.056219
0.058025
0.059878
0.061779
0.063728
0.065726
0.067774
0.069874
0.072024
0.074227
0.076484
0.078794
0.081159
0.083580
0.086056
0.088590
0.091181
0.093831
0.096540
0.099309
0.102138
0.105029
0.107981
0.110996
0.114074
0.117216
0.120422
0.123693
0.127030
0.130433
0.133902
0.137439
0.141043
0.144715
0.148455
0.152264
0.156143
0.160091
0.164109
0.168196
0.172355
0.176584
0.180884
0.185255
0.189697
0.194210
0.198795
0.203451
0.208178
0.212977
0.217847
0.222788
0.227800
0.232882
0.238035
0.243258
0.248551
0.253914
0.259345
0.264846
0.270414
0.276050
0.281752
0.287521
0.293356
0.299255
0.305219
0.311246
0.317335
0.323486
0.329697
0.335967
0.342296
0.348682
0.355124
0.361621
0.368172
0.374774
0.381428
0.388131
0.394882
0.401679
0.408521
0.415406
0.422333
0.429300
0.436305
0.443347
0.450422
0.457530
0.464669
0.471837
0.479030
0.486249
0.493490
0.500751
0.508030
0.515325
0.522634
0.529953
0.537282
0.544616
0.551955
0.559296
0.566635
0.573972
0.581302
0.588624
0.595934
0.603231
0.610511
0.617773
0.625013
0.632229
0.639418
0.646576
0.653702
0.660793
0.667845
0.674857
0.681825
0.688746
0.695619
0.702439
0.709204
0.715912
0.722559
0.729142
0.735660
0.742109
0.748487
0.754791
0.761017
0.767164
0.773228
0.779208
0.785100
0.790901
0.796610
0.802223
0.807738
0.813153
0.818464
0.823670
0.828769
0.833758
0.838634
0.843396
0.848041
0.852567
0.856971
0.861252
0.865408
0.869437
0.873337
0.877105
0.880740
0.884241
0.887606
0.890832
0.893920
0.896867
0.899671
0.902332
0.904848
0.907217
0.909439
0.911513
0.913437
0.915211
0.916834
0.918304
0.919622
0.920786
0.921796
0.922651
0.923352
0.923897
0.924287
0.924521
0.924599
0.924521
0.924287
0.923897
0.923352
0.922652
0.921796
0.920787
0.919623
0.918306
0.916836
0.915214
0.913440
0.911516
0.909443
0.907221
0.904851
0.902336
0.899675
0.896870
0.893924
0.890836
0.887610
0.884245
0.880743
0.877108
0.873339
0.869440
0.865412
0.861255
0.856975
0.852570
0.848045
0.843401
0.838639
0.833763
0.828775
0.823676
0.818470
0.813158
0.807743
0.802228
0.796615
0.790907
0.785106
0.779214
0.773234
0.767170
0.761023
0.754797
0.748493
0.742116
0.735667
0.729150
0.722566
0.715918
0.709211
0.702446
0.695625
0.688753
0.681832
0.674864
0.667852
0.660799
0.653709
0.646583
0.639425
0.632237
0.625021
0.617781
0.610520
0.603238
0.595942
0.588631
0.581309
0.573979
0.566642
0.559303
0.551962
0.544623
0.537289
0.529960
0.522640
0.515332
0.508037
0.500758
0.493497
0.486256
0.479038
0.471844
0.464676
0.457538
0.450429
0.443354
0.436312
0.429307
0.422341
0.415414
0.408529
0.401687
0.394890
0.388139
0.381436
0.374782
0.368180
0.361630
0.355133
0.348691
0.342305
0.335976
0.329705
0.323495
0.317344
0.311255
0.305228
0.299264
0.293365
0.287530
0.281761
0.276059
0.270423
0.264855
0.259354
0.253923
0.248560
0.243267
0.238044
0.232891
0.227808
0.222797
0.217856
0.212985
0.208187
0.203459
0.198803
0.194219
0.189705
0.185263
0.180892
0.176592
0.172363
0.168204
0.164116
0.160098
0.156150
0.152272
0.148462
0.144722
0.141050
0.137446
0.133909
0.130440
0.127037
0.123700
0.120429
0.117222
0.114080
0.111002
0.107987
0.105035
0.102144
0.099314
0.096546
0.093837
0.091187
0.088595
0.086061
0.083585
0.081164
0.078799
0.076489
0.074232
0.072029
0.069878
0.067779
0.065730
0.063732
0.061783
0.059882
0.058029
0.056223
0.054462
0.052747
0.051077
0.049450
0.047866
0.046324
0.044823
0.043363
0.041942
0.040561
0.039217
0.037911
0.036642
0.035408
0.034209
0.033045
0.031914
0.030817
0.029751
0.028717
0.027713
0.026740
0.025795
0.024880
0.023992
0.023132
0.022298
0.021490
0.020708
0.019950
0.019217
0.018506
0.017819
0.017154
0.016511
0.015888
0.015287
0.014705
0.014143
0.013599
0.013074
0.012567
0.012077
0.011604
0.011148
0.010707
0.010282
0.009872
0.009476
0.009095
0.008727
0.008372
0.008030
0.007701
0.007384
0.007079
0.006785
0.006501
0.006229
0.005967
0.005714
0.005472
0.005238
0.005014
0.004798
0.004591
0.004392
0.004200
0.004016
0.003840
0.003670
0.003508
0.003352
0.003202
0.003058
0.002920
0.002788
0.002662
0.002540
0.002424
0.002312
0.002206
0.002103
0.002006
0.001912
0.001822
0.001736
0.001654
0.001576
0.001501
0.001429
0.001360
0.001295
0.001232
0.001172
0.001115
0.001060
0.001008
0.000959
0.000911
0.000866
0.000823
0.000782
0.000742
0.000705
0.000669
0.000635
0.000603
0.000572
0.000543
0.000515
0.000488
0.000463
0.000439
0.000416
0.000394
0.000373
0.000353
0.000335
0.000317
0.000300
0.000284
0.000269
0.000254
0.000240
0.000227
0.000215
0.000203
0.000192
0.000181
0.000171
0.000162
0.000153
0.000144
0.000136
0.000129
0.000121
0.000115
0.000108
0.000102
0.000096
0.000091
0.000085
0.000080
0.000076
0.000071
0.000067
0.000063
0.000060
0.000056
0.000053
0.000050
0.000047
0.000044
0.000041
0.000039
0.000037
0.000034
0.000032
0.000030
0.000028
0.000027
0.000025
0.000024
0.000022
0.000021
0.000019
0.000018
0.000017
0.000016
0.000015
0.000014
0.000013
0.000012
0.000012
0.000011
0.000010
0.000009
0.000009
0.000008
0.000008
0.000007
0.000007
0.000006
0.000006
0.000006
0.000005
0.000005
0.000005
0.000004
0.000004
0.000004
0.000003
0.000003
0.000003
0.000003
0.000003
0.000002
0.000002
0.000002
0.000002
0.000002
0.000002
0.000002
0.000001
0.000001
0.000001
0.000001
0.000001
0.000001
0.000001
0.000001
0.000001
0.000001
0.000001
0.000001
0.000001
0.000001
0.000001
0.000000
0.000000
0.000000
0.000000
0.000000
0.000000
0.000000
0.000000
0.000000
0.000000
0.000000
0.000000
0.000000
0.000000
0.000000
0.000000
0.000000
0.000000
0.000000
0.000000
0.000000
0.000000
0.000000
0.000000
0.000000
0.000000
0.000000
0.000000
0.000000
0.000000
0.000000
0.000000
0.000000
0.000000
0.000000
0.000000
0.000000
0.000000
0.000000
0.000000
0.000000
0.000000
0.000000
0.000000
0.000000
0.000000
0.000000
0.000000
0.000000
0.000000
0.000000
0.000000
0.000000
0.000000
0.000000
0.000000
0.000000
0.000000
0.000000
0.000000
0.000000
0.000000
0.000000
0.000000
0.000000
0.000000
0.000000
0.000000
0.000000
0.000000
0.000000
0.000000
0.000000
0.000000
0.000000
0.000000
0.000000
0.000000
0.000000
0.000000
0.000000
0.000000
0.000000
0.000000
0.000000
0.000000
0.000000
0.000000
0.000000
0.000000
0.000000
0.000000
0.000000
0.000000
0.000000
0.000000
0.000000
0.000000
0.000000
0.000000
0.000000
0.000000
0.000000
0.000000
0.000000
0.000000
0.000000
0.000000
0.000000
0.000000
0.000000
0.000000
0.000000
0.000000
0.000000
0.000000
0.000000
0.000000
0.000000
0.000000
0.000000
0.000000
0.000000
0.000000
0.000000
0.000000
0.000000
0.000000
0.000000
0.000000
0.000000
0.000000
0.000000
0.000000
0.000000
0.000000
0.000000
0.000000
0.000000
0.000000
0.000000
0.000000
0.000000
0.000000
0.000000
0.000000
0.000000
0.000000
0.000000
0.000000
0.000000
0.000000
0.000000
0.000000
0.000000
0.000000
0.000000
0.000000
0.000000
0.000000
0.000000
0.000000
0.000000
0.000000
0.000000
0.000000
0.000000
0.000000
0.000000
0.000000
0.000000
0.000000
0.000000
0.000000
0.000000
0.000000
0.000000
0.000000
0.000000
0.000000
0.000000
0.000000
0.000000
0.000000
0.000000
0.000000
0.000000
0.000000
0.000000
0.000000
0.000000
0.000000
0.000000
0.000000
0.000000
0.000000
0.000000
0.000000
0.000000
0.000000
0.000000
0.000000
0.000000
0.000000
0.000000
0.000000
0.000000
0.000000
0.000000
0.000000
0.000000
0.000000
0.000000
0.000000
0.000000
0.000000
0.000000
0.000000
0.000000
0.000000
0.000000
0.000000
0.000000
0.000000
0.000000
0.000000
0.000000
0.000000
0.000000
0.000000
0.000000
0.000000
0.000000
0.000000
0.000000
0.000000
0.000000
0.000000
0.000000
0.000000
0.000000
0.000000
0.000000
0.000000
0.000000
0.000000
0.000000
0.000000
0.000000
0.000000
0.000000
0.000000
0.000000
0.000000
0.000000
0.000000
0.000000
0.000000
0.000000
0.000000
0.000000
0.000000
0.000000
0.000000
0.000000
0.000000
0.000000
0.000000
0.000000
0.000000
0.000000
0.000000
0.000000
0.000000
0.000000
0.000000
0.000000
0.000000
0.000000
0.000000
0.000000
0.000000
0.000000
0.000000
0.000000
0.000000
0.000000
0.000000
0.000000
0.000000
0.000000
0.000000
0.000000
0.000000
0.000000
0.000000
0.000000
0.000000
0.000000
0.000000
