0.000034
0.000068
0.000103
0.000137
0.000173
0.000209
0.000242
0.000283
0.000314
0.000358
0.000393
0.000431
0.000479
0.000510
0.000558
0.000609
0.000640
0.000693
0.000754
0.000788
0.000832
0.000907
0.000973
0.001007
0.001044
0.001116
0.001219
0.001330
0.001431
0.001522
0.001606
0.001689
0.001773
0.001861
0.001952
0.002048
0.002148
0.002252
0.002360
0.002474
0.002592
0.002716
0.002845
0.002979
0.003119
0.003266
0.003418
0.003577
0.003742
0.003914
0.004094
0.004281
0.004475
0.004678
0.004888
0.005108
0.005336
0.005573
0.005819
0.006075
0.006342
0.006618
0.006906
0.007204
0.007514
0.007836
0.008170
0.008517
0.008876
0.009249
0.009636
0.010037
0.010453
0.010884
0.011331
0.011793
0.012272
0.012769
0.013282
0.013814
0.014364
0.014934
0.015523
0.016132
0.016762
0.017413
0.018086
0.018781
0.019499
0.020242
0.021008
0.021799
0.022616
0.023458
0.024328
0.025225
0.026150
0.027104
0.028088
0.029101
0.030146
0.031222
0.032330
0.033472
0.034647
0.035857
0.037101
0.038382
0.039700
0.041055
0.042449
0.043881
0.045354
0.046867
0.048421
0.050017
0.051657
0.053340
0.055068
0.056841
0.058660
0.060526
0.062440
0.064403
0.066414
0.068476
0.070589
0.072753
0.074970
0.077239
0.079563
0.081942
0.084376
0.086866
0.089413
0.092018
0.094681
0.097403
0.100185
0.103027
0.105931
0.108896
0.111923
0.115014
0.118168
0.121387
0.124670
0.128018
0.131433
0.134913
0.138461
0.142075
0.145758
0.149508
0.153327
0.157215
0.161172
0.165199
0.169295
0.173462
0.177698
0.182005
0.186383
0.190831
0.195350
0.199940
0.204600
0.209332
0.214134
0.219007
0.223950
0.228964
0.234047
0.239201
0.244424
0.249716
0.255077
0.260506
0.266003
0.271568
0.277199
0.282896
0.288659
0.294487
0.300379
0.306334
0.312352
0.318431
0.324570
0.330770
0.337027
0.343343
0.349714
0.356141
0.362622
0.369155
0.375740
0.382375
0.389058
0.395788
0.402564
0.409383
0.416245
0.423147
0.430089
0.437067
0.444082
0.451129
0.458208
0.465317
0.472454
0.479616
0.486802
0.494010
0.501237
0.508481
0.515740
0.523012
0.530294
0.537584
0.544880
0.552179
0.559480
0.566778
0.574072
0.581360
0.588639
0.595905
0.603158
0.610394
0.617611
0.624804
0.631974
0.639116
0.646227
0.653305
0.660348
0.667352
0.674316
0.681235
0.688108
0.694930
0.701701
0.708417
0.715075
0.721673
0.728207
0.734675
0.741075
0.747403
0.753658
0.759835
0.765933
0.771949
0.777881
0.783724
0.789478
0.795140
0.800707
0.806176
0.811545
0.816811
0.821973
0.827029
0.831975
0.836809
0.841529
0.846133
0.850619
0.854984
0.859227
0.863346
0.867339
0.871203
0.874937
0.878540
0.882009
0.885343
0.888540
0.891599
0.894518
0.897297
0.899933
0.902426
0.904773
0.906974
0.909028
0.910934
0.912692
0.914299
0.915756
0.917061
0.918214
0.919214
0.920061
0.920755
0.921296
0.921682
0.921914
0.921991
0.921914
0.921682
0.921296
0.920756
0.920062
0.919215
0.918215
0.917062
0.915757
0.914301
0.912694
0.910937
0.909032
0.906978
0.904776
0.902429
0.899937
0.897301
0.894522
0.891603
0.888544
0.885347
0.882012
0.878543
0.874941
0.871206
0.867341
0.863349
0.859230
0.854988
0.850623
0.846137
0.841534
0.836813
0.831980
0.827034
0.821979
0.816817
0.811550
0.806181
0.800712
0.795146
0.789484
0.783730
0.777886
0.771955
0.765939
0.759841
0.753664
0.747410
0.741081
0.734682
0.728214
0.721680
0.715082
0.708424
0.701708
0.694937
0.688114
0.681242
0.674323
0.667359
0.660355
0.653313
0.646234
0.639123
0.631982
0.624812
0.617618
0.610402
0.603166
0.595913
0.588646
0.581367
0.574080
0.566785
0.559486
0.552186
0.544887
0.537591
0.530301
0.523018
0.515747
0.508488
0.501244
0.494017
0.486809
0.479623
0.472461
0.465325
0.458216
0.451136
0.444088
0.437074
0.430096
0.423154
0.416252
0.409390
0.402571
0.395796
0.389066
0.382382
0.375748
0.369163
0.362630
0.356149
0.349723
0.343351
0.337036
0.330778
0.324579
0.318440
0.312360
0.306343
0.300388
0.294496
0.288668
0.282905
0.277208
0.271577
0.266012
0.260515
0.255085
0.249725
0.244433
0.239210
0.234056
0.228972
0.223959
0.219016
0.214142
0.209340
0.204609
0.199948
0.195358
0.190839
0.186391
0.182013
0.177706
0.173469
0.169303
0.165207
0.161180
0.157223
0.153335
0.149515
0.145765
0.142082
0.138468
0.134920
0.131439
0.128025
0.124676
0.121393
0.118175
0.115020
0.111930
0.108902
0.105937
0.103033
0.100190
0.097408
0.094686
0.092023
0.089418
0.086871
0.084381
0.081947
0.079568
0.077244
0.074974
0.072758
0.070593
0.068481
0.066419
0.064407
0.062445
0.060531
0.058664
0.056845
0.055072
0.053344
0.051661
0.050021
0.048425
0.046870
0.045357
0.043885
0.042452
0.041059
0.039703
0.038386
0.037105
0.035860
0.034650
0.033475
0.032333
0.031225
0.030148
0.029104
0.028090
0.027107
0.026153
0.025227
0.024330
0.023461
0.022618
0.021801
0.021010
0.020244
0.019501
0.018783
0.018088
0.017415
0.016763
0.016134
0.015524
0.014935
0.014366
0.013816
0.013284
0.012770
0.012274
0.011795
0.011332
0.010885
0.010454
0.010039
0.009637
0.009250
0.008877
0.008518
0.008171
0.007837
0.007515
0.007205
0.006907
0.006619
0.006342
0.006076
0.005820
0.005573
0.005336
0.005108
0.004889
0.004678
0.004476
0.004281
0.004094
0.003915
0.003743
0.003577
0.003418
0.003266
0.003120
0.002980
0.002845
0.002716
0.002593
0.002474
0.002361
0.002252
0.002148
0.002048
0.001953
0.001861
0.001774
0.001690
0.001610
0.001534
0.001460
0.001390
0.001324
0.001260
0.001199
0.001140
0.001085
0.001031
0.000981
0.000932
0.000886
0.000842
0.000800
0.000760
0.000722
0.000685
0.000650
0.000617
0.000586
0.000556
0.000527
0.000500
0.000474
0.000449
0.000426
0.000404
0.000383
0.000362
0.000343
0.000325
0.000308
0.000291
0.000276
0.000261
0.000247
0.000233
0.000221
0.000209
0.000197
0.000186
0.000176
0.000166
0.000157
0.000148
0.000140
0.000132
0.000125
0.000118
0.000111
0.000105
0.000099
0.000093
0.000088
0.000083
0.000078
0.000073
0.000069
0.000065
0.000061
0.000058
0.000054
0.000051
0.000048
0.000045
0.000043
0.000040
0.000038
0.000035
0.000033
0.000031
0.000029
0.000028
0.000026
0.000024
0.000023
0.000021
0.000020
0.000019
0.000018
0.000017
0.000015
0.000015
0.000014
0.000013
0.000012
0.000011
0.000010
0.000010
0.000009
0.000009
0.000008
0.000008
0.000007
0.000007
0.000006
0.000006
0.000005
0.000005
0.000005
0.000004
0.000004
0.000004
0.000004
0.000003
0.000003
0.000003
0.000003
0.000003
0.000002
0.000002
0.000002
0.000002
0.000002
0.000002
0.000002
0.000001
0.000001
0.000001
0.000001
0.000001
0.000001
0.000001
0.000001
0.000001
0.000001
0.000001
0.000001
0.000001
0.000001
0.000001
0.000000
0.000000
0.000000
0.000000
0.000000
0.000000
0.000000
0.000000
0.000000
0.000000
0.000000
0.000000
0.000000
0.000000
0.000000
0.000000
0.000000
0.000000
0.000000
0.000000
0.000000
0.000000
0.000000
0.000000
0.000000
0.000000
0.000000
0.000000
0.000000
0.000000
0.000000
0.000000
0.000000
0.000000
0.000000
0.000000
0.000000
0.000000
0.000000
0.000000
0.000000
0.000000
0.000000
0.000000
0.000000
0.000000
0.000000
0.000000
0.000000
0.000000
0.000000
0.000000
0.000000
0.000000
0.000000
0.000000
0.000000
0.000000
0.000000
0.000000
0.000000
0.000000
0.000000
0.000000
0.000000
0.000000
0.000000
0.000000
0.000000
0.000000
0.000000
0.000000
0.000000
0.000000
0.000000
0.000000
0.000000
0.000000
0.000000
0.000000
0.000000
0.000000
0.000000
0.000000
0.000000
0.000000
0.000000
0.000000
0.000000
0.000000
0.000000
0.000000
0.000000
0.000000
0.000000
0.000000
0.000000
0.000000
0.000000
0.000000
0.000000
0.000000
0.000000
0.000000
0.000000
0.000000
0.000000
0.000000
0.000000
0.000000
0.000000
0.000000
0.000000
0.000000
0.000000
0.000000
0.000000
0.000000
0.000000
0.000000
0.000000
0.000000
0.000000
0.000000
0.000000
0.000000
0.000000
0.000000
0.000000
0.000000
0.000000
0.000000
0.000000
0.000000
0.000000
0.000000
0.000000
0.000000
0.000000
0.000000
0.000000
0.000000
0.000000
0.000000
0.000000
0.000000
0.000000
0.000000
0.000000
0.000000
0.000000
0.000000
0.000000
0.000000
0.000000
0.000000
0.000000
0.000000
0.000000
0.000000
0.000000
0.000000
0.000000
0.000000
0.000000
0.000000
0.000000
0.000000
0.000000
0.000000
0.000000
0.000000
0.000000
0.000000
0.000000
0.000000
0.000000
0.000000
0.000000
0.000000
0.000000
0.000000
0.000000
0.000000
0.000000
0.000000
0.000000
0.000000
0.000000
0.000000
0.000000
0.000000
0.000000
0.000000
0.000000
0.000000
0.000000
0.000000
0.000000
0.000000
0.000000
0.000000
0.000000
0.000000
0.000000
0.000000
0.000000
0.000000
0.000000
0.000000
0.000000
0.000000
0.000000
0.000000
0.000000
0.000000
0.000000
0.000000
0.000000
0.000000
0.000000
0.000000
0.000000
0.000000
0.000000
0.000000
0.000000
0.000000
0.000000
0.000000
0.000000
0.000000
0.000000
0.000000
0.000000
0.000000
0.000000
0.000000
0.000000
0.000000
0.000000
0.000000
0.000000
0.000000
0.000000
0.000000
0.000000
0.000000
0.000000
0.000000
0.000000
0.000000
0.000000
0.000000
0.000000
0.000000
0.000000
0.000000
0.000000
0.000000
0.000000
0.000000
0.000000
0.000000
0.000000
0.000000
0.000000
0.000000
0.000000
0.000000
0.000000
0.000000
0.000000
0.000000
0.000000
0.000000
0.000000
0.000000
0.000000
0.000000
0.000000
0.000000
0.000000
0.000000
0.000000
0.000000
0.000000
0.000000
0.000000
0.000000
0.000000
0.000000
0.000000
0.000000
0.000000
0.000000
0.000000
0.000000
0.000000
