0.000035
0.000070
0.000105
0.000142
0.000175
0.000215
0.000247
0.000290
0.000324
0.000364
0.000407
0.000439
0.000490
0.000528
0.000567
0.000625
0.000663
0.000704
0.000770
0.000818
0.000853
0.000918
0.000996
0.001046
0.001078
0.001134
0.001228
0.001340
0.001450
0.001548
0.001638
0.001725
0.001811
0.001901
0.001994
0.002091
0.002193
0.002299
0.002410
0.002525
0.002646
0.002772
0.002903
0.003040
0.003183
0.003331
0.003486
0.003648
0.003816
0.003991
0.004174
0.004364
0.004562
0.004767
0.004981
0.005204
0.005436
0.005677
0.005927
0.006187
0.006458
0.006739
0.007030
0.007334
0.007648
0.007975
0.008314
0.008665
0.009030
0.009409
0.009801
0.010208
0.010629
0.011066
0.011519
0.011988
0.012473
0.012976
0.013497
0.014035
0.014593
0.015169
0.015765
0.016382
0.017020
0.017679
0.018360
0.019063
0.019790
0.020541
0.021316
0.022116
0.022942
0.023794
0.024673
0.025580
0.026515
0.027479
0.028472
0.029496
0.030551
0.031638
0.032757
0.033910
0.035096
0.036317
0.037573
0.038866
0.040196
0.041563
0.042968
0.044413
0.045898
0.047423
0.048990
0.050599
0.052252
0.053948
0.055689
0.057475
0.059307
0.061187
0.063114
0.065090
0.067115
0.069191
0.071317
0.073495
0.075725
0.078009
0.080346
0.082738
0.085186
0.087690
0.090250
0.092869
0.095545
0.098281
0.101076
0.103931
0.106848
0.109826
0.112867
0.115970
0.119137
0.122367
0.125662
0.129023
0.132449
0.135941
0.139499
0.143125
0.146818
0.150579
0.154408
0.158305
0.162271
0.166307
0.170411
0.174586
0.178830
0.183144
0.187528
0.191983
0.196507
0.201102
0.205767
0.210503
0.215309
0.220184
0.225130
0.230145
0.235230
0.240383
0.245606
0.250897
0.256257
0.261684
0.267178
0.272738
0.278365
0.284057
0.289813
0.295634
0.301518
0.307465
0.313473
0.319541
0.325670
0.331857
0.338102
0.344404
0.350760
0.357171
0.363636
0.370152
0.376718
0.383334
0.389996
0.396705
0.403459
0.410255
0.417093
0.423971
0.430887
0.437838
0.444825
0.451844
0.458894
0.465972
0.473078
0.480208
0.487361
0.494535
0.501727
0.508936
0.516159
0.523393
0.530637
0.537888
0.545145
0.552404
0.559663
0.566919
0.574171
0.581416
0.588651
0.595873
0.603081
0.610272
0.617442
0.624590
0.631712
0.638806
0.645870
0.652900
0.659894
0.666850
0.673764
0.680633
0.687457
0.694229
0.700950
0.707616
0.714224
0.720771
0.727255
0.733673
0.740023
0.746301
0.752506
0.758634
0.764682
0.770649
0.776532
0.782327
0.788033
0.793646
0.799166
0.804588
0.809912
0.815132
0.820250
0.825261
0.830163
0.834954
0.839632
0.844195
0.848641
0.852967
0.857171
0.861253
0.865209
0.869037
0.872737
0.876306
0.879743
0.883045
0.886213
0.889243
0.892135
0.894887
0.897498
0.899967
0.902292
0.904472
0.906507
0.908394
0.910135
0.911727
0.913169
0.914462
0.915604
0.916594
0.917433
0.918120
0.918656
0.919038
0.919268
0.919344
0.919267
0.919038
0.918656
0.918121
0.917434
0.916596
0.915605
0.914463
0.913171
0.911729
0.910137
0.908397
0.906510
0.904476
0.902295
0.899970
0.897502
0.894891
0.892139
0.889247
0.886217
0.883049
0.879746
0.876309
0.872740
0.869040
0.865211
0.861256
0.857175
0.852970
0.848645
0.844200
0.839637
0.834959
0.830168
0.825266
0.820255
0.815138
0.809917
0.804594
0.799172
0.793652
0.788038
0.782333
0.776537
0.770655
0.764688
0.758640
0.752512
0.746307
0.740029
0.733680
0.727262
0.720778
0.714231
0.707623
0.700957
0.694236
0.687463
0.680640
0.673771
0.666856
0.659901
0.652907
0.645877
0.638814
0.631720
0.624597
0.617450
0.610280
0.603089
0.595881
0.588658
0.581423
0.574179
0.566927
0.559670
0.552410
0.545152
0.537895
0.530644
0.523399
0.516165
0.508942
0.501734
0.494542
0.487368
0.480215
0.473085
0.465980
0.458901
0.451851
0.444832
0.437845
0.430894
0.423978
0.417100
0.410263
0.403466
0.396713
0.390004
0.383341
0.376726
0.370160
0.363644
0.357180
0.350769
0.344412
0.338111
0.331866
0.325679
0.319550
0.313482
0.307473
0.301527
0.295643
0.289822
0.284066
0.278374
0.272747
0.267186
0.261692
0.256265
0.250906
0.245615
0.240393
0.235239
0.230154
0.225139
0.220193
0.215317
0.210511
0.205776
0.201111
0.196516
0.191991
0.187536
0.183152
0.178838
0.174594
0.170419
0.166314
0.162279
0.158312
0.154415
0.150586
0.146825
0.143132
0.139506
0.135948
0.132456
0.129029
0.125669
0.122374
0.119143
0.115976
0.112873
0.109832
0.106854
0.103937
0.101082
0.098286
0.095551
0.092874
0.090256
0.087695
0.085191
0.082743
0.080351
0.078013
0.075730
0.073499
0.071321
0.069195
0.067120
0.065094
0.063119
0.061191
0.059312
0.057479
0.055693
0.053952
0.052256
0.050603
0.048994
0.047427
0.045901
0.044416
0.042972
0.041566
0.040199
0.038869
0.037577
0.036320
0.035099
0.033913
0.032760
0.031641
0.030554
0.029499
0.028475
0.027481
0.026517
0.025582
0.024675
0.023796
0.022944
0.022118
0.021318
0.020543
0.019792
0.019065
0.018362
0.017681
0.017022
0.016384
0.015767
0.015171
0.014594
0.014037
0.013498
0.012978
0.012475
0.011989
0.011520
0.011068
0.010631
0.010209
0.009802
0.009410
0.009031
0.008666
0.008315
0.007976
0.007649
0.007334
0.007031
0.006740
0.006459
0.006188
0.005928
0.005677
0.005437
0.005205
0.004982
0.004768
0.004562
0.004364
0.004174
0.003992
0.003817
0.003648
0.003487
0.003332
0.003183
0.003040
0.002903
0.002772
0.002646
0.002526
0.002410
0.002299
0.002193
0.002092
0.001995
0.001901
0.001812
0.001727
0.001645
0.001567
0.001493
0.001421
0.001353
0.001288
0.001226
0.001166
0.001109
0.001055
0.001003
0.000954
0.000907
0.000862
0.000819
0.000778
0.000739
0.000702
0.000666
0.000632
0.000600
0.000569
0.000540
0.000512
0.000486
0.000461
0.000437
0.000414
0.000392
0.000372
0.000352
0.000333
0.000316
0.000299
0.000283
0.000268
0.000253
0.000239
0.000226
0.000214
0.000202
0.000191
0.000181
0.000171
0.000161
0.000152
0.000144
0.000136
0.000128
0.000121
0.000114
0.000108
0.000102
0.000096
0.000090
0.000085
0.000080
0.000076
0.000071
0.000067
0.000063
0.000059
0.000056
0.000053
0.000050
0.000047
0.000044
0.000041
0.000039
0.000036
0.000034
0.000032
0.000030
0.000028
0.000027
0.000025
0.000023
0.000022
0.000021
0.000019
0.000018
0.000017
0.000016
0.000015
0.000014
0.000013
0.000012
0.000012
0.000011
0.000010
0.000009
0.000009
0.000008
0.000008
0.000007
0.000007
0.000006
0.000006
0.000006
0.000005
0.000005
0.000005
0.000004
0.000004
0.000004
0.000003
0.000003
0.000003
0.000003
0.000003
0.000002
0.000002
0.000002
0.000002
0.000002
0.000002
0.000002
0.000001
0.000001
0.000001
0.000001
0.000001
0.000001
0.000001
0.000001
0.000001
0.000001
0.000001
0.000001
0.000001
0.000001
0.000001
0.000000
0.000000
0.000000
0.000000
0.000000
0.000000
0.000000
0.000000
0.000000
0.000000
0.000000
0.000000
0.000000
0.000000
0.000000
0.000000
0.000000
0.000000
0.000000
0.000000
0.000000
0.000000
0.000000
0.000000
0.000000
0.000000
0.000000
0.000000
0.000000
0.000000
0.000000
0.000000
0.000000
0.000000
0.000000
0.000000
0.000000
0.000000
0.000000
0.000000
0.000000
0.000000
0.000000
0.000000
0.000000
0.000000
0.000000
0.000000
0.000000
0.000000
0.000000
0.000000
0.000000
0.000000
0.000000
0.000000
0.000000
0.000000
0.000000
0.000000
0.000000
0.000000
0.000000
0.000000
0.000000
0.000000
0.000000
0.000000
0.000000
0.000000
0.000000
0.000000
0.000000
0.000000
0.000000
0.000000
0.000000
0.000000
0.000000
0.000000
0.000000
0.000000
0.000000
0.000000
0.000000
0.000000
0.000000
0.000000
0.000000
0.000000
0.000000
0.000000
0.000000
0.000000
0.000000
0.000000
0.000000
0.000000
0.000000
0.000000
0.000000
0.000000
0.000000
0.000000
0.000000
0.000000
0.000000
0.000000
0.000000
0.000000
0.000000
0.000000
0.000000
0.000000
0.000000
0.000000
0.000000
0.000000
0.000000
0.000000
0.000000
0.000000
0.000000
0.000000
0.000000
0.000000
0.000000
0.000000
0.000000
0.000000
0.000000
0.000000
0.000000
0.000000
0.000000
0.000000
0.000000
0.000000
0.000000
0.000000
0.000000
0.000000
0.000000
0.000000
0.000000
0.000000
0.000000
0.000000
0.000000
0.000000
0.000000
0.000000
0.000000
0.000000
0.000000
0.000000
0.000000
0.000000
0.000000
0.000000
0.000000
0.000000
0.000000
0.000000
0.000000
0.000000
0.000000
0.000000
0.000000
0.000000
0.000000
0.000000
0.000000
0.000000
0.000000
0.000000
0.000000
0.000000
0.000000
0.000000
0.000000
0.000000
0.000000
0.000000
0.000000
0.000000
0.000000
0.000000
0.000000
0.000000
0.000000
0.000000
0.000000
0.000000
0.000000
0.000000
0.000000
0.000000
0.000000
0.000000
0.000000
0.000000
0.000000
0.000000
0.000000
0.000000
0.000000
0.000000
0.000000
0.000000
0.000000
0.000000
0.000000
0.000000
0.000000
0.000000
0.000000
0.000000
0.000000
0.000000
0.000000
0.000000
0.000000
0.000000
0.000000
0.000000
0.000000
0.000000
0.000000
0.000000
0.000000
0.000000
0.000000
0.000000
0.000000
0.000000
0.000000
0.000000
0.000000
0.000000
0.000000
0.000000
0.000000
0.000000
0.000000
0.000000
0.000000
0.000000
0.000000
0.000000
0.000000
0.000000
0.000000
0.000000
0.000000
0.000000
0.000000
0.000000
0.000000
0.000000
0.000000
0.000000
0.000000
0.000000
0.000000
0.000000
0.000000
0.000000
0.000000
0.000000
0.000000
0.000000
0.000000
0.000000
0.000000
0.000000
0.000000
0.000000
0.000000
0.000000
0.000000
0.000000
0.000000
0.000000
0.000000
0.000000
0.000000
0.000000
0.000000
0.000000
0.000000
0.000000
0.000000
0.000000
0.000000
0.000000
0.000000
0.000000
0.000000
