0.000036
0.000073
0.000107
0.000146
0.000180
0.000220
0.000255
0.000295
0.000335
0.000370
0.000418
0.000452
0.000498
0.000547
0.000580
0.000636
0.000686
0.000721
0.000782
0.000844
0.000881
0.000932
0.001013
0.001080
0.001119
0.001162
0.001241
0.001350
0.001465
0.001573
0.001670
0.001760
0.001850
0.001942
0.002037
0.002136
0.002240
0.002348
0.002461
0.002578
0.002701
0.002829
0.002963
0.003102
0.003247
0.003399
0.003556
0.003721
0.003892
0.004070
0.004256
0.004449
0.004650
0.004859
0.005077
0.005303
0.005538
0.005783
0.006038
0.006302
0.006577
0.006862
0.007158
0.007466
0.007785
0.008117
0.008461
0.008817
0.009188
0.009571
0.009969
0.010382
0.010809
0.011252
0.011711
0.012186
0.012679
0.013188
0.013715
0.014261
0.014826
0.015409
0.016013
0.016638
0.017283
0.017950
0.018639
0.019351
0.020087
0.020846
0.021630
0.022439
0.023275
0.024136
0.025025
0.025941
0.026886
0.027860
0.028864
0.029899
0.030965
0.032062
0.033192
0.034356
0.035554
0.036786
0.038055
0.039359
0.040700
0.042080
0.043497
0.044955
0.046452
0.047990
0.049570
0.051192
0.052857
0.054567
0.056321
0.058121
0.059966
0.061859
0.063800
0.065790
0.067829
0.069918
0.072058
0.074250
0.076494
0.078791
0.081143
0.083549
0.086010
0.088528
0.091102
0.093734
0.096424
0.099173
0.101982
0.104851
0.107781
0.110772
0.113825
0.116942
0.120121
0.123364
0.126671
0.130044
0.133481
0.136985
0.140555
0.144191
0.147895
0.151666
0.155505
0.159412
0.163388
0.167432
0.171545
0.175727
0.179979
0.184300
0.188691
0.193152
0.197682
0.202282
0.206952
0.211692
0.216501
0.221379
0.226327
0.231344
0.236429
0.241584
0.246806
0.252096
0.257453
0.262878
0.268368
0.273925
0.279547
0.285233
0.290983
0.296797
0.302673
0.308611
0.314609
0.320667
0.326784
0.332959
0.339191
0.345478
0.351820
0.358215
0.364662
0.371161
0.377708
0.384304
0.390946
0.397633
0.404365
0.411138
0.417951
0.424804
0.431693
0.438618
0.445577
0.452567
0.459587
0.466634
0.473708
0.480806
0.487925
0.495064
0.502221
0.509394
0.516580
0.523776
0.530982
0.538193
0.545410
0.552628
0.559845
0.567060
0.574268
0.581469
0.588660
0.595838
0.603000
0.610144
0.617268
0.624369
0.631443
0.638489
0.645504
0.652485
0.659430
0.666336
0.673200
0.680020
0.686793
0.693515
0.700185
0.706800
0.713357
0.719853
0.726287
0.732654
0.738953
0.745181
0.751334
0.757412
0.763410
0.769327
0.775161
0.780907
0.786564
0.792129
0.797601
0.802976
0.808253
0.813428
0.818499
0.823465
0.828323
0.833071
0.837707
0.842228
0.846633
0.850919
0.855085
0.859128
0.863046
0.866839
0.870504
0.874039
0.877443
0.880714
0.883852
0.886852
0.889716
0.892442
0.895028
0.897473
0.899775
0.901934
0.903948
0.905818
0.907541
0.909117
0.910545
0.911825
0.912956
0.913936
0.914767
0.915448
0.915977
0.916356
0.916584
0.916659
0.916583
0.916356
0.915978
0.915448
0.914768
0.913938
0.912957
0.911826
0.910547
0.909119
0.907543
0.905820
0.903951
0.901937
0.899778
0.897476
0.895031
0.892446
0.889720
0.886856
0.883855
0.880718
0.877447
0.874043
0.870507
0.866842
0.863049
0.859130
0.855088
0.850922
0.846637
0.842233
0.837711
0.833076
0.828328
0.823470
0.818505
0.813433
0.808258
0.802982
0.797607
0.792135
0.786570
0.780913
0.775166
0.769334
0.763417
0.757418
0.751341
0.745187
0.738959
0.732661
0.726294
0.719861
0.713365
0.706807
0.700192
0.693522
0.686799
0.680027
0.673208
0.666343
0.659437
0.652493
0.645512
0.638497
0.631451
0.624376
0.617276
0.610152
0.603008
0.595845
0.588667
0.581477
0.574275
0.567067
0.559852
0.552635
0.545417
0.538200
0.530988
0.523783
0.516586
0.509400
0.502228
0.495072
0.487932
0.480813
0.473715
0.466641
0.459593
0.452574
0.445583
0.438625
0.431700
0.424811
0.417958
0.411145
0.404372
0.397641
0.390954
0.384312
0.377716
0.371169
0.364670
0.358223
0.351828
0.345486
0.339199
0.332968
0.326793
0.320676
0.314618
0.308619
0.302682
0.296806
0.290992
0.285242
0.279556
0.273934
0.268377
0.262886
0.257462
0.252105
0.246815
0.241592
0.236438
0.231353
0.226336
0.221388
0.216509
0.211700
0.206961
0.202291
0.197690
0.193160
0.188699
0.184308
0.179987
0.175735
0.171553
0.167440
0.163395
0.159419
0.155512
0.151673
0.147902
0.144198
0.140562
0.136992
0.133488
0.130050
0.126678
0.123371
0.120127
0.116948
0.113832
0.110778
0.107787
0.104857
0.101988
0.099179
0.096430
0.093740
0.091107
0.088533
0.086015
0.083554
0.081147
0.078796
0.076499
0.074254
0.072062
0.069922
0.067833
0.065794
0.063805
0.061864
0.059971
0.058125
0.056325
0.054571
0.052861
0.051196
0.049574
0.047994
0.046455
0.044958
0.043501
0.042083
0.040704
0.039362
0.038058
0.036789
0.035557
0.034359
0.033195
0.032065
0.030967
0.029902
0.028867
0.027863
0.026889
0.025944
0.025027
0.024138
0.023277
0.022442
0.021632
0.020848
0.020089
0.019353
0.018641
0.017952
0.017285
0.016639
0.016015
0.015411
0.014827
0.014263
0.013717
0.013189
0.012680
0.012188
0.011713
0.011254
0.010811
0.010383
0.009971
0.009573
0.009189
0.008819
0.008462
0.008118
0.007786
0.007467
0.007159
0.006863
0.006577
0.006303
0.006038
0.005784
0.005539
0.005304
0.005077
0.004860
0.004650
0.004449
0.004256
0.004071
0.003892
0.003721
0.003557
0.003399
0.003248
0.003102
0.002963
0.002830
0.002701
0.002579
0.002461
0.002348
0.002240
0.002137
0.002037
0.001943
0.001852
0.001765
0.001682
0.001602
0.001526
0.001453
0.001384
0.001317
0.001254
0.001193
0.001135
0.001080
0.001027
0.000976
0.000928
0.000882
0.000838
0.000796
0.000756
0.000718
0.000682
0.000648
0.000615
0.000583
0.000553
0.000525
0.000498
0.000472
0.000448
0.000424
0.000402
0.000381
0.000361
0.000342
0.000324
0.000306
0.000290
0.000275
0.000260
0.000246
0.000232
0.000220
0.000208
0.000196
0.000186
0.000175
0.000166
0.000156
0.000148
0.000140
0.000132
0.000124
0.000117
0.000111
0.000104
0.000098
0.000093
0.000087
0.000082
0.000078
0.000073
0.000069
0.000065
0.000061
0.000058
0.000054
0.000051
0.000048
0.000045
0.000042
0.000040
0.000037
0.000035
0.000033
0.000031
0.000029
0.000027
0.000026
0.000024
0.000023
0.000021
0.000020
0.000019
0.000018
0.000016
0.000015
0.000014
0.000014
0.000013
0.000012
0.000011
0.000010
0.000010
0.000009
0.000009
0.000008
0.000007
0.000007
0.000007
0.000006
0.000006
0.000005
0.000005
0.000005
0.000004
0.000004
0.000004
0.000004
0.000003
0.000003
0.000003
0.000003
0.000003
0.000002
0.000002
0.000002
0.000002
0.000002
0.000002
0.000002
0.000001
0.000001
0.000001
0.000001
0.000001
0.000001
0.000001
0.000001
0.000001
0.000001
0.000001
0.000001
0.000001
0.000001
0.000001
0.000000
0.000000
0.000000
0.000000
0.000000
0.000000
0.000000
0.000000
0.000000
0.000000
0.000000
0.000000
0.000000
0.000000
0.000000
0.000000
0.000000
0.000000
0.000000
0.000000
0.000000
0.000000
0.000000
0.000000
0.000000
0.000000
0.000000
0.000000
0.000000
0.000000
0.000000
0.000000
0.000000
0.000000
0.000000
0.000000
0.000000
0.000000
0.000000
0.000000
0.000000
0.000000
0.000000
0.000000
0.000000
0.000000
0.000000
0.000000
0.000000
0.000000
0.000000
0.000000
0.000000
0.000000
0.000000
0.000000
0.000000
0.000000
0.000000
0.000000
0.000000
0.000000
0.000000
0.000000
0.000000
0.000000
0.000000
0.000000
0.000000
0.000000
0.000000
0.000000
0.000000
0.000000
0.000000
0.000000
0.000000
0.000000
0.000000
0.000000
0.000000
0.000000
0.000000
0.000000
0.000000
0.000000
0.000000
0.000000
0.000000
0.000000
0.000000
0.000000
0.000000
0.000000
0.000000
0.000000
0.000000
0.000000
0.000000
0.000000
0.000000
0.000000
0.000000
0.000000
0.000000
0.000000
0.000000
0.000000
0.000000
0.000000
0.000000
0.000000
0.000000
0.000000
0.000000
0.000000
0.000000
0.000000
0.000000
0.000000
0.000000
0.000000
0.000000
0.000000
0.000000
0.000000
0.000000
0.000000
0.000000
0.000000
0.000000
0.000000
0.000000
0.000000
0.000000
0.000000
0.000000
0.000000
0.000000
0.000000
0.000000
0.000000
0.000000
0.000000
0.000000
0.000000
0.000000
0.000000
0.000000
0.000000
0.000000
0.000000
0.000000
0.000000
0.000000
0.000000
0.000000
0.000000
0.000000
0.000000
0.000000
0.000000
0.000000
0.000000
0.000000
0.000000
0.000000
0.000000
0.000000
0.000000
0.000000
0.000000
0.000000
0.000000
0.000000
0.000000
0.000000
0.000000
0.000000
0.000000
0.000000
0.000000
0.000000
0.000000
0.000000
0.000000
0.000000
0.000000
0.000000
0.000000
0.000000
0.000000
0.000000
0.000000
0.000000
0.000000
0.000000
0.000000
0.000000
0.000000
0.000000
0.000000
0.000000
0.000000
0.000000
0.000000
0.000000
0.000000
0.000000
0.000000
0.000000
0.000000
0.000000
0.000000
0.000000
0.000000
0.000000
0.000000
0.000000
0.000000
0.000000
0.000000
0.000000
0.000000
0.000000
0.000000
0.000000
0.000000
0.000000
0.000000
0.000000
0.000000
0.000000
0.000000
0.000000
0.000000
0.000000
0.000000
0.000000
0.000000
0.000000
0.000000
0.000000
0.000000
0.000000
0.000000
0.000000
0.000000
0.000000
0.000000
0.000000
0.000000
0.000000
0.000000
0.000000
0.000000
0.000000
0.000000
0.000000
0.000000
0.000000
0.000000
0.000000
0.000000
0.000000
0.000000
0.000000
0.000000
0.000000
0.000000
0.000000
0.000000
0.000000
0.000000
0.000000
0.000000
0.000000
0.000000
0.000000
0.000000
0.000000
0.000000
0.000000
0.000000
0.000000
0.000000
0.000000
0.000000
0.000000
0.000000
0.000000
0.000000
0.000000
0.000000
0.000000
0.000000
0.000000
0.000000
