0.000037
0.000074
0.000110
0.000149
0.000186
0.000224
0.000264
0.000300
0.000345
0.000380
0.000426
0.000468
0.000506
0.000561
0.000599
0.000645
0.000706
0.000744
0.000793
0.000864
0.000913
0.000953
0.001026
0.001108
0.001160
0.001198
0.001261
0.001361
0.001479
0.001595
0.001700
0.001796
0.001890
0.001984
0.002081
0.002182
0.002288
0.002398
0.002512
0.002632
0.002757
0.002888
0.003024
0.003166
0.003313
0.003467
0.003628
0.003795
0.003969
0.004151
0.004339
0.004536
0.004740
0.004953
0.005174
0.005404
0.005643
0.005892
0.006150
0.006419
0.006698
0.006988
0.007289
0.007601
0.007925
0.008262
0.008611
0.008973
0.009348
0.009738
0.010141
0.010560
0.010993
0.011442
0.011908
0.012389
0.012888
0.013404
0.013939
0.014491
0.015063
0.015655
0.016266
0.016899
0.017552
0.018227
0.018925
0.019645
0.020390
0.021158
0.021951
0.022769
0.023614
0.024485
0.025384
0.026310
0.027265
0.028250
0.029264
0.030309
0.031386
0.032495
0.033636
0.034811
0.036020
0.037265
0.038545
0.039861
0.041215
0.042606
0.044037
0.045506
0.047016
0.048567
0.050160
0.051796
0.053474
0.055197
0.056964
0.058778
0.060637
0.062544
0.064499
0.066502
0.068555
0.070658
0.072812
0.075018
0.077276
0.079587
0.081953
0.084373
0.086848
0.089380
0.091968
0.094614
0.097318
0.100081
0.102903
0.105786
0.108729
0.111734
0.114800
0.117929
0.121121
0.124377
0.127697
0.131081
0.134531
0.138046
0.141627
0.145274
0.148989
0.152770
0.156619
0.160536
0.164521
0.168574
0.172696
0.176886
0.181146
0.185474
0.189872
0.194339
0.198875
0.203480
0.208154
0.212898
0.217710
0.222592
0.227541
0.232560
0.237646
0.242801
0.248023
0.253311
0.258667
0.264089
0.269576
0.275128
0.280745
0.286426
0.292169
0.297975
0.303843
0.309772
0.315760
0.321807
0.327913
0.334075
0.340293
0.346566
0.352893
0.359272
0.365702
0.372182
0.378711
0.385286
0.391908
0.398573
0.405281
0.412030
0.418819
0.425646
0.432509
0.439406
0.446336
0.453297
0.460286
0.467303
0.474344
0.481408
0.488494
0.495598
0.502719
0.509855
0.517003
0.524162
0.531328
0.538500
0.545676
0.552852
0.560027
0.567199
0.574364
0.581520
0.588666
0.595798
0.602914
0.610012
0.617088
0.624141
0.631167
0.638164
0.645130
0.652062
0.658957
0.665813
0.672626
0.679395
0.686117
0.692788
0.699407
0.705970
0.712475
0.718920
0.725302
0.731618
0.737865
0.744042
0.750144
0.756171
0.762118
0.767985
0.773768
0.779464
0.785072
0.790589
0.796012
0.801340
0.806568
0.811697
0.816722
0.821643
0.826457
0.831161
0.835753
0.840232
0.844595
0.848841
0.852967
0.856972
0.860853
0.864609
0.868239
0.871739
0.875110
0.878350
0.881456
0.884428
0.887263
0.889962
0.892522
0.894942
0.897222
0.899360
0.901354
0.903204
0.904910
0.906470
0.907884
0.909151
0.910270
0.911241
0.912064
0.912737
0.913261
0.913636
0.913861
0.913936
0.913861
0.913636
0.913262
0.912738
0.912065
0.911243
0.910272
0.909152
0.907886
0.906472
0.904912
0.903207
0.901357
0.899363
0.897225
0.894946
0.892526
0.889966
0.887267
0.884432
0.881460
0.878354
0.875114
0.871743
0.868242
0.864612
0.860856
0.856974
0.852970
0.848844
0.844599
0.840237
0.835757
0.831165
0.826461
0.821648
0.816728
0.811702
0.806574
0.801345
0.796018
0.790595
0.785078
0.779470
0.773774
0.767992
0.762125
0.756177
0.750150
0.744048
0.737872
0.731625
0.725309
0.718927
0.712483
0.705977
0.699413
0.692795
0.686124
0.679402
0.672633
0.665820
0.658964
0.652069
0.645138
0.638172
0.631174
0.624148
0.617096
0.610020
0.602922
0.595806
0.588673
0.581528
0.574371
0.567206
0.560034
0.552859
0.545682
0.538507
0.531335
0.524168
0.517010
0.509862
0.502726
0.495605
0.488501
0.481416
0.474351
0.467309
0.460293
0.453304
0.446343
0.439413
0.432516
0.425653
0.418826
0.412038
0.405289
0.398581
0.391915
0.385294
0.378718
0.372190
0.365710
0.359280
0.352901
0.346574
0.340302
0.334084
0.327922
0.321816
0.315769
0.309781
0.303852
0.297984
0.292178
0.286435
0.280754
0.275137
0.269585
0.264097
0.258676
0.253320
0.248031
0.242810
0.237655
0.232569
0.227550
0.222600
0.217719
0.212906
0.208163
0.203488
0.198883
0.194347
0.189880
0.185482
0.181154
0.176894
0.172704
0.168582
0.164529
0.160544
0.156627
0.152778
0.148996
0.145282
0.141634
0.138053
0.134537
0.131088
0.127703
0.124383
0.121128
0.117935
0.114806
0.111740
0.108735
0.105792
0.102909
0.100087
0.097324
0.094620
0.091974
0.089385
0.086853
0.084378
0.081958
0.079592
0.077281
0.075022
0.072816
0.070662
0.068559
0.066506
0.064503
0.062548
0.060641
0.058782
0.056968
0.055201
0.053478
0.051799
0.050164
0.048571
0.047020
0.045510
0.044040
0.042610
0.041218
0.039864
0.038548
0.037268
0.036023
0.034814
0.033639
0.032497
0.031389
0.030312
0.029267
0.028252
0.027268
0.026313
0.025386
0.024487
0.023616
0.022772
0.021953
0.021160
0.020392
0.019647
0.018927
0.018229
0.017554
0.016900
0.016268
0.015656
0.015065
0.014493
0.013940
0.013406
0.012890
0.012391
0.011909
0.011444
0.010995
0.010561
0.010143
0.009739
0.009349
0.008974
0.008612
0.008263
0.007926
0.007602
0.007289
0.006989
0.006699
0.006420
0.006151
0.005893
0.005644
0.005405
0.005175
0.004954
0.004741
0.004536
0.004340
0.004151
0.003970
0.003796
0.003628
0.003468
0.003314
0.003166
0.003024
0.002888
0.002758
0.002633
0.002513
0.002398
0.002288
0.002182
0.002081
0.001985
0.001892
0.001804
0.001719
0.001638
0.001560
0.001486
0.001415
0.001347
0.001282
0.001220
0.001161
0.001105
0.001051
0.000999
0.000950
0.000903
0.000858
0.000815
0.000775
0.000736
0.000699
0.000663
0.000630
0.000598
0.000567
0.000538
0.000510
0.000484
0.000459
0.000435
0.000412
0.000391
0.000370
0.000351
0.000332
0.000314
0.000298
0.000282
0.000267
0.000252
0.000239
0.000226
0.000213
0.000202
0.000191
0.000180
0.000170
0.000161
0.000152
0.000143
0.000135
0.000128
0.000121
0.000114
0.000107
0.000101
0.000095
0.000090
0.000085
0.000080
0.000075
0.000071
0.000067
0.000063
0.000059
0.000056
0.000052
0.000049
0.000046
0.000044
0.000041
0.000039
0.000036
0.000034
0.000032
0.000030
0.000028
0.000027
0.000025
0.000023
0.000022
0.000021
0.000019
0.000018
0.000017
0.000016
0.000015
0.000014
0.000013
0.000012
0.000012
0.000011
0.000010
0.000009
0.000009
0.000008
0.000008
0.000007
0.000007
0.000006
0.000006
0.000006
0.000005
0.000005
0.000005
0.000004
0.000004
0.000004
0.000003
0.000003
0.000003
0.000003
0.000003
0.000002
0.000002
0.000002
0.000002
0.000002
0.000002
0.000002
0.000001
0.000001
0.000001
0.000001
0.000001
0.000001
0.000001
0.000001
0.000001
0.000001
0.000001
0.000001
0.000001
0.000001
0.000001
0.000000
0.000000
0.000000
0.000000
0.000000
0.000000
0.000000
0.000000
0.000000
0.000000
0.000000
0.000000
0.000000
0.000000
0.000000
0.000000
0.000000
0.000000
0.000000
0.000000
0.000000
0.000000
0.000000
0.000000
0.000000
0.000000
0.000000
0.000000
0.000000
0.000000
0.000000
0.000000
0.000000
0.000000
0.000000
0.000000
0.000000
0.000000
0.000000
0.000000
0.000000
0.000000
0.000000
0.000000
0.000000
0.000000
0.000000
0.000000
0.000000
0.000000
0.000000
0.000000
0.000000
0.000000
0.000000
0.000000
0.000000
0.000000
0.000000
0.000000
0.000000
0.000000
0.000000
0.000000
0.000000
0.000000
0.000000
0.000000
0.000000
0.000000
0.000000
0.000000
0.000000
0.000000
0.000000
0.000000
0.000000
0.000000
0.000000
0.000000
0.000000
0.000000
0.000000
0.000000
0.000000
0.000000
0.000000
0.000000
0.000000
0.000000
0.000000
0.000000
0.000000
0.000000
0.000000
0.000000
0.000000
0.000000
0.000000
0.000000
0.000000
0.000000
0.000000
0.000000
0.000000
0.000000
0.000000
0.000000
0.000000
0.000000
0.000000
0.000000
0.000000
0.000000
0.000000
0.000000
0.000000
0.000000
0.000000
0.000000
0.000000
0.000000
0.000000
0.000000
0.000000
0.000000
0.000000
0.000000
0.000000
0.000000
0.000000
0.000000
0.000000
0.000000
0.000000
0.000000
0.000000
0.000000
0.000000
0.000000
0.000000
0.000000
0.000000
0.000000
0.000000
0.000000
0.000000
0.000000
0.000000
0.000000
0.000000
0.000000
0.000000
0.000000
0.000000
0.000000
0.000000
0.000000
0.000000
0.000000
0.000000
0.000000
0.000000
0.000000
0.000000
0.000000
0.000000
0.000000
0.000000
0.000000
0.000000
0.000000
0.000000
0.000000
0.000000
0.000000
0.000000
0.000000
0.000000
0.000000
0.000000
0.000000
0.000000
0.000000
0.000000
0.000000
0.000000
0.000000
0.000000
0.000000
0.000000
0.000000
0.000000
0.000000
0.000000
0.000000
0.000000
0.000000
0.000000
0.000000
0.000000
0.000000
0.000000
0.000000
0.000000
0.000000
0.000000
0.000000
0.000000
0.000000
0.000000
0.000000
0.000000
0.000000
0.000000
0.000000
0.000000
0.000000
0.000000
0.000000
0.000000
0.000000
0.000000
0.000000
0.000000
0.000000
0.000000
0.000000
0.000000
0.000000
0.000000
0.000000
0.000000
0.000000
0.000000
0.000000
0.000000
0.000000
0.000000
0.000000
0.000000
0.000000
0.000000
0.000000
0.000000
0.000000
0.000000
0.000000
0.000000
0.000000
0.000000
0.000000
0.000000
0.000000
0.000000
0.000000
0.000000
0.000000
0.000000
0.000000
0.000000
0.000000
0.000000
0.000000
0.000000
0.000000
0.000000
0.000000
0.000000
0.000000
0.000000
0.000000
0.000000
0.000000
0.000000
0.000000
0.000000
0.000000
0.000000
0.000000
0.000000
0.000000
0.000000
0.000000
0.000000
0.000000
0.000000
0.000000
0.000000
0.000000
0.000000
0.000000
0.000000
0.000000
0.000000
0.000000
0.000000
0.000000
