0.000011
0.000001
0.000067
0.000138
0.000167
0.000180
0.000191
0.000202
0.000214
0.000227
0.000240
0.000255
0.000270
0.000286
0.000302
0.000320
0.000339
0.000358
0.000379
0.000401
0.000424
0.000448
0.000473
0.000500
0.000529
0.000558
0.000590
0.000623
0.000657
0.000694
0.000732
0.000772
0.000815
0.000859
0.000906
0.000955
0.001007
0.001061
0.001117
0.001177
0.001240
0.001305
0.001374
0.001446
0.001522
0.001601
0.001684
0.001771
0.001862
0.001958
0.002058
0.002162
0.002272
0.002386
0.002506
0.002631
0.002762
0.002899
0.003042
0.003192
0.003348
0.003511
0.003682
0.003859
0.004045
0.004239
0.004441
0.004652
0.004872
0.005101
0.005340
0.005589
0.005849
0.006119
0.006401
0.006694
0.006999
0.007317
0.007647
0.007991
0.008349
0.008721
0.009108
0.009510
0.009928
0.010362
0.010813
0.011281
0.011767
0.012272
0.012796
0.013339
0.013903
0.014488
0.015094
0.015722
0.016374
0.017049
0.017748
0.018473
0.019223
0.019999
0.020803
0.021635
0.022496
0.023386
0.024306
0.025258
0.026242
0.027258
0.028308
0.029393
0.030514
0.031670
0.032865
0.034097
0.035368
0.036680
0.038032
0.039427
0.040865
0.042346
0.043873
0.045445
0.047064
0.048732
0.050448
0.052215
0.054032
0.055902
0.057825
0.059802
0.061834
0.063922
0.066068
0.068273
0.070536
0.072861
0.075247
0.077695
0.080207
0.082784
0.085427
0.088136
0.090913
0.093759
0.096675
0.099662
0.102720
0.105851
0.109056
0.112336
0.115691
0.119122
0.122631
0.126217
0.129883
0.133629
0.137455
0.141363
0.145352
0.149425
0.153581
0.157821
0.162145
0.166555
0.171051
0.175633
0.180302
0.185058
0.189902
0.194833
0.199853
0.204961
0.210158
0.215443
0.220818
0.226281
0.231833
0.237474
0.243204
0.249022
0.254929
0.260924
0.267006
0.273176
0.279432
0.285775
0.292203
0.298717
0.305315
0.311996
0.318760
0.325605
0.332531
0.339537
0.346621
0.353782
0.361019
0.368331
0.375716
0.383173
0.390699
0.398294
0.405956
0.413682
0.421472
0.429322
0.437231
0.445197
0.453218
0.461292
0.469415
0.477587
0.485803
0.494063
0.502362
0.510699
0.519071
0.527475
0.535908
0.544367
0.552850
0.561352
0.569872
0.578406
0.586950
0.595502
0.604057
0.612614
0.621167
0.629715
0.638252
0.646777
0.655284
0.663771
0.672234
0.680669
0.689072
0.697439
0.705768
0.714054
0.722292
0.730480
0.738613
0.746688
0.754701
0.762647
0.770524
0.778326
0.786051
0.793693
0.801251
0.808718
0.816093
0.823371
0.830547
0.837620
0.844584
0.851435
0.858172
0.864789
0.871283
0.877651
0.883889
0.889994
0.895962
0.901790
0.907475
0.913014
0.918403
0.923640
0.928721
0.933645
0.938407
0.943005
0.947436
0.951699
0.955790
0.959707
0.963448
0.967010
0.970393
0.973592
0.976608
0.979437
0.982079
0.984531
0.986792
0.988862
0.990738
0.992419
0.993906
0.995195
0.996288
0.997183
0.997879
0.998377
0.998676
0.998776
0.998676
0.998377
0.997880
0.997183
0.996288
0.995196
0.993906
0.992420
0.990739
0.988863
0.986794
0.984532
0.982080
0.979439
0.976610
0.973594
0.970395
0.967013
0.963450
0.959709
0.955793
0.951702
0.947439
0.943008
0.938410
0.933648
0.928725
0.923643
0.918407
0.913018
0.907479
0.901794
0.895966
0.889998
0.883893
0.877655
0.871287
0.864793
0.858176
0.851440
0.844588
0.837624
0.830552
0.823375
0.816098
0.808723
0.801255
0.793698
0.786056
0.778331
0.770529
0.762653
0.754706
0.746694
0.738619
0.730486
0.722298
0.714060
0.705774
0.697446
0.689078
0.680675
0.672241
0.663778
0.655291
0.646784
0.638260
0.629722
0.621175
0.612621
0.604065
0.595510
0.586958
0.578414
0.569881
0.561361
0.552858
0.544376
0.535917
0.527484
0.519080
0.510709
0.502371
0.494072
0.485813
0.477596
0.469425
0.461301
0.453228
0.445207
0.437241
0.429332
0.421481
0.413692
0.405966
0.398304
0.390709
0.383183
0.375726
0.368341
0.361030
0.353792
0.346631
0.339547
0.332541
0.325615
0.318770
0.312006
0.305325
0.298727
0.292213
0.285785
0.279442
0.273186
0.267016
0.260933
0.254939
0.249032
0.243213
0.237484
0.231842
0.226290
0.220827
0.215452
0.210167
0.204970
0.199862
0.194842
0.189910
0.185067
0.180311
0.175642
0.171060
0.166564
0.162154
0.157829
0.153589
0.149433
0.145360
0.141370
0.137463
0.133636
0.129891
0.126225
0.122638
0.119129
0.115698
0.112343
0.109063
0.105858
0.102727
0.099668
0.096682
0.093766
0.090920
0.088142
0.085433
0.082790
0.080213
0.077701
0.075252
0.072866
0.070542
0.068278
0.066073
0.063927
0.061839
0.059806
0.057829
0.055906
0.054037
0.052219
0.050453
0.048736
0.047069
0.045449
0.043876
0.042350
0.040868
0.039431
0.038036
0.036683
0.035372
0.034100
0.032868
0.031674
0.030517
0.029396
0.028311
0.027261
0.026244
0.025260
0.024309
0.023388
0.022498
0.021637
0.020806
0.020002
0.019225
0.018475
0.017750
0.017051
0.016376
0.015724
0.015096
0.014489
0.013905
0.013341
0.012797
0.012273
0.011768
0.011282
0.010814
0.010363
0.009929
0.009511
0.009109
0.008722
0.008350
0.007992
0.007648
0.007318
0.007000
0.006695
0.006401
0.006120
0.005849
0.005590
0.005341
0.005102
0.004872
0.004653
0.004442
0.004239
0.004046
0.003860
0.003682
0.003512
0.003349
0.003192
0.003043
0.002900
0.002763
0.002632
0.002506
0.002387
0.002272
0.002163
0.002058
0.001958
0.001863
0.001771
0.001684
0.001601
0.001522
0.001446
0.001374
0.001305
0.001240
0.001177
0.001118
0.001061
0.001007
0.000955
0.000906
0.000859
0.000815
0.000772
0.000732
0.000694
0.000657
0.000623
0.000590
0.000558
0.000529
0.000500
0.000474
0.000448
0.000424
0.000401
0.000379
0.000358
0.000339
0.000320
0.000302
0.000286
0.000270
0.000255
0.000241
0.000227
0.000214
0.000202
0.000191
0.000180
0.000170
0.000160
0.000151
0.000142
0.000134
0.000126
0.000119
0.000112
0.000105
0.000099
0.000093
0.000088
0.000082
0.000078
0.000073
0.000069
0.000064
0.000061
0.000057
0.000053
0.000050
0.000047
0.000044
0.000042
0.000039
0.000037
0.000034
0.000032
0.000030
0.000028
0.000027
0.000025
0.000023
0.000022
0.000020
0.000019
0.000018
0.000017
0.000016
0.000015
0.000014
0.000013
0.000012
0.000011
0.000010
0.000010
0.000009
0.000009
0.000008
0.000007
0.000007
0.000007
0.000006
0.000006
0.000005
0.000005
0.000005
0.000004
0.000004
0.000004
0.000003
0.000003
0.000003
0.000003
0.000003
0.000002
0.000002
0.000002
0.000002
0.000002
0.000002
0.000002
0.000001
0.000001
0.000001
0.000001
0.000001
0.000001
0.000001
0.000001
0.000001
0.000001
0.000001
0.000001
0.000001
0.000001
0.000001
0.000000
0.000000
0.000000
0.000000
0.000000
0.000000
0.000000
0.000000
0.000000
0.000000
0.000000
0.000000
0.000000
0.000000
0.000000
0.000000
0.000000
0.000000
0.000000
0.000000
0.000000
0.000000
0.000000
0.000000
0.000000
0.000000
0.000000
0.000000
0.000000
0.000000
0.000000
0.000000
0.000000
0.000000
0.000000
0.000000
0.000000
0.000000
0.000000
0.000000
0.000000
0.000000
0.000000
0.000000
0.000000
0.000000
0.000000
0.000000
0.000000
0.000000
0.000000
0.000000
0.000000
0.000000
0.000000
0.000000
0.000000
0.000000
0.000000
0.000000
0.000000
0.000000
0.000000
0.000000
0.000000
0.000000
0.000000
0.000000
0.000000
0.000000
0.000000
0.000000
0.000000
0.000000
0.000000
0.000000
0.000000
0.000000
0.000000
0.000000
0.000000
0.000000
0.000000
0.000000
0.000000
0.000000
0.000000
0.000000
0.000000
0.000000
0.000000
0.000000
0.000000
0.000000
0.000000
0.000000
0.000000
0.000000
0.000000
0.000000
0.000000
0.000000
0.000000
0.000000
0.000000
0.000000
0.000000
0.000000
0.000000
0.000000
0.000000
0.000000
0.000000
0.000000
0.000000
0.000000
0.000000
0.000000
0.000000
0.000000
0.000000
0.000000
0.000000
0.000000
0.000000
0.000000
0.000000
0.000000
0.000000
0.000000
0.000000
0.000000
0.000000
0.000000
0.000000
0.000000
0.000000
0.000000
0.000000
0.000000
0.000000
0.000000
0.000000
0.000000
0.000000
0.000000
0.000000
0.000000
0.000000
0.000000
0.000000
0.000000
0.000000
0.000000
0.000000
0.000000
0.000000
0.000000
0.000000
0.000000
0.000000
0.000000
0.000000
0.000000
0.000000
0.000000
0.000000
0.000000
0.000000
0.000000
0.000000
0.000000
0.000000
0.000000
0.000000
0.000000
0.000000
0.000000
0.000000
0.000000
0.000000
0.000000
0.000000
0.000000
0.000000
0.000000
0.000000
0.000000
0.000000
0.000000
0.000000
0.000000
0.000000
0.000000
0.000000
0.000000
0.000000
0.000000
0.000000
0.000000
0.000000
0.000000
0.000000
0.000000
0.000000
0.000000
0.000000
0.000000
0.000000
0.000000
0.000000
0.000000
0.000000
0.000000
0.000000
0.000000
0.000000
0.000000
0.000000
0.000000
0.000000
0.000000
0.000000
0.000000
0.000000
0.000000
0.000000
0.000000
0.000000
0.000000
0.000000
0.000000
0.000000
0.000000
0.000000
0.000000
0.000000
0.000000
0.000000
0.000000
0.000000
0.000000
0.000000
0.000000
0.000000
0.000000
0.000000
0.000000
0.000000
0.000000
0.000000
0.000000
0.000000
0.000000
0.000000
0.000000
0.000000
0.000000
0.000000
0.000000
0.000000
0.000000
0.000000
0.000000
0.000000
0.000000
0.000000
0.000000
0.000000
0.000000
0.000000
0.000000
0.000000
0.000000
0.000000
0.000000
0.000000
0.000000
0.000000
0.000000
0.000000
0.000000
0.000000
0.000000
0.000000
0.000000
0.000000
0.000000
0.000000
0.000000
0.000000
0.000000
0.000000
0.000000
0.000000
0.000000
0.000000
0.000000
0.000000
0.000000
0.000000
0.000000
0.000000
0.000000
0.000000
0.000000
0.000000
0.000000
0.000000
0.000000
0.000000
0.000000
0.000000
0.000000
0.000000
0.000000
0.000000
0.000000
