0.000038
0.000075
0.000114
0.000151
0.000192
0.000228
0.000272
0.000307
0.000353
0.000392
0.000433
0.000483
0.000519
0.000571
0.000620
0.000658
0.000720
0.000770
0.000810
0.000878
0.000942
0.000982
0.001041
0.001128
0.001198
0.001241
0.001291
0.001377
0.001492
0.001614
0.001727
0.001831
0.001929
0.002026
0.002126
0.002229
0.002336
0.002449
0.002566
0.002688
0.002815
0.002948
0.003086
0.003231
0.003381
0.003538
0.003701
0.003871
0.004049
0.004233
0.004425
0.004625
0.004833
0.005049
0.005274
0.005508
0.005751
0.006003
0.006266
0.006539
0.006822
0.007116
0.007422
0.007739
0.008068
0.008410
0.008764
0.009131
0.009513
0.009908
0.010317
0.010741
0.011181
0.011636
0.012108
0.012596
0.013102
0.013625
0.014167
0.014727
0.015306
0.015905
0.016524
0.017165
0.017826
0.018510
0.019216
0.019945
0.020698
0.021476
0.022278
0.023106
0.023960
0.024841
0.025749
0.026686
0.027652
0.028646
0.029672
0.030728
0.031815
0.032935
0.034088
0.035275
0.036496
0.037752
0.039044
0.040373
0.041739
0.043143
0.044586
0.046068
0.047591
0.049155
0.050761
0.052410
0.054102
0.055838
0.057619
0.059446
0.061320
0.063240
0.065209
0.067226
0.069293
0.071411
0.073579
0.075799
0.078071
0.080397
0.082777
0.085211
0.087701
0.090246
0.092849
0.095509
0.098227
0.101003
0.103840
0.106736
0.109692
0.112710
0.115790
0.118932
0.122137
0.125406
0.128738
0.132135
0.135596
0.139123
0.142716
0.146374
0.150100
0.153892
0.157751
0.161677
0.165672
0.169734
0.173864
0.178063
0.182330
0.186665
0.191070
0.195543
0.200084
0.204695
0.209374
0.214121
0.218937
0.223821
0.228773
0.233793
0.238880
0.244035
0.249256
0.254544
0.259897
0.265316
0.270800
0.276348
0.281959
0.287634
0.293371
0.299169
0.305029
0.310948
0.316926
0.322962
0.329056
0.335205
0.341410
0.347668
0.353979
0.360341
0.366754
0.373216
0.379725
0.386280
0.392880
0.399523
0.406208
0.412933
0.419697
0.426498
0.433333
0.440203
0.447103
0.454034
0.460993
0.467977
0.474986
0.482017
0.489068
0.496136
0.503221
0.510320
0.517430
0.524549
0.531676
0.538807
0.545941
0.553076
0.560208
0.567336
0.574457
0.581568
0.588668
0.595754
0.602824
0.609874
0.616902
0.623907
0.630884
0.637832
0.644748
0.651629
0.658474
0.665278
0.672041
0.678758
0.685428
0.692048
0.698614
0.705125
0.711578
0.717971
0.724300
0.730564
0.736760
0.742884
0.748935
0.754910
0.760806
0.766622
0.772353
0.778000
0.783558
0.789025
0.794399
0.799678
0.804859
0.809941
0.814919
0.819794
0.824562
0.829222
0.833771
0.838207
0.842528
0.846733
0.850819
0.854785
0.858628
0.862347
0.865941
0.869407
0.872744
0.875952
0.879027
0.881969
0.884776
0.887447
0.889981
0.892377
0.894633
0.896749
0.898723
0.900555
0.902243
0.903787
0.905187
0.906440
0.907548
0.908509
0.909323
0.909989
0.910508
0.910879
0.911101
0.911176
0.911102
0.910879
0.910509
0.909990
0.909324
0.908510
0.907550
0.906442
0.905188
0.903789
0.902245
0.900557
0.898726
0.896752
0.894637
0.892381
0.889985
0.887451
0.884780
0.881973
0.879031
0.875956
0.872749
0.869411
0.865945
0.862351
0.858631
0.854788
0.850822
0.846737
0.842532
0.838211
0.833775
0.829227
0.824567
0.819799
0.814924
0.809946
0.804865
0.799684
0.794405
0.789031
0.783563
0.778006
0.772360
0.766628
0.760813
0.754916
0.748941
0.742890
0.736766
0.730571
0.724308
0.717978
0.711586
0.705132
0.698621
0.692055
0.685435
0.678765
0.672048
0.665286
0.658481
0.651637
0.644755
0.637839
0.630891
0.623914
0.616910
0.609882
0.602832
0.595762
0.588676
0.581576
0.574464
0.567343
0.560215
0.553083
0.545948
0.538814
0.531682
0.524556
0.517436
0.510326
0.503228
0.496143
0.489075
0.482024
0.474993
0.467984
0.460999
0.454041
0.447110
0.440209
0.433340
0.426504
0.419704
0.412940
0.406215
0.399531
0.392887
0.386288
0.379732
0.373223
0.366762
0.360349
0.353987
0.347676
0.341418
0.335214
0.329065
0.322971
0.316935
0.310957
0.305038
0.299178
0.293380
0.287643
0.281968
0.276356
0.270808
0.265324
0.259906
0.254552
0.249265
0.244043
0.238889
0.233802
0.228782
0.223830
0.218946
0.214130
0.209382
0.204703
0.200092
0.195551
0.191078
0.186673
0.182338
0.178071
0.173872
0.169741
0.165679
0.161685
0.157758
0.153899
0.150107
0.146382
0.142723
0.139130
0.135603
0.132141
0.128745
0.125412
0.122144
0.118939
0.115796
0.112717
0.109699
0.106742
0.103845
0.101009
0.098232
0.095514
0.092854
0.090252
0.087706
0.085216
0.082781
0.080402
0.078076
0.075803
0.073583
0.071415
0.069298
0.067231
0.065213
0.063245
0.061324
0.059450
0.057623
0.055842
0.054106
0.052414
0.050765
0.049159
0.047595
0.046072
0.044589
0.043146
0.041742
0.040376
0.039047
0.037755
0.036499
0.035278
0.034091
0.032938
0.031818
0.030730
0.029674
0.028649
0.027654
0.026689
0.025752
0.024843
0.023962
0.023108
0.022280
0.021478
0.020700
0.019947
0.019218
0.018512
0.017828
0.017166
0.016526
0.015907
0.015308
0.014728
0.014168
0.013627
0.013103
0.012598
0.012110
0.011638
0.011182
0.010743
0.010318
0.009909
0.009514
0.009133
0.008765
0.008411
0.008069
0.007740
0.007423
0.007117
0.006823
0.006540
0.006267
0.006004
0.005751
0.005508
0.005274
0.005050
0.004833
0.004625
0.004426
0.004234
0.004049
0.003872
0.003702
0.003538
0.003382
0.003231
0.003087
0.002948
0.002816
0.002688
0.002566
0.002449
0.002337
0.002229
0.002127
0.002028
0.001934
0.001843
0.001757
0.001674
0.001595
0.001519
0.001447
0.001378
0.001311
0.001248
0.001188
0.001130
0.001075
0.001022
0.000972
0.000924
0.000878
0.000835
0.000793
0.000753
0.000716
0.000680
0.000645
0.000612
0.000581
0.000551
0.000523
0.000496
0.000470
0.000446
0.000423
0.000401
0.000380
0.000360
0.000341
0.000323
0.000305
0.000289
0.000274
0.000259
0.000245
0.000232
0.000219
0.000207
0.000196
0.000185
0.000175
0.000165
0.000156
0.000147
0.000139
0.000131
0.000124
0.000117
0.000110
0.000104
0.000098
0.000093
0.000087
0.000082
0.000077
0.000073
0.000069
0.000065
0.000061
0.000057
0.000054
0.000051
0.000048
0.000045
0.000042
0.000040
0.000037
0.000035
0.000033
0.000031
0.000029
0.000027
0.000026
0.000024
0.000023
0.000021
0.000020
0.000019
0.000018
0.000016
0.000015
0.000014
0.000014
0.000013
0.000012
0.000011
0.000010
0.000010
0.000009
0.000009
0.000008
0.000007
0.000007
0.000007
0.000006
0.000006
0.000005
0.000005
0.000005
0.000004
0.000004
0.000004
0.000004
0.000003
0.000003
0.000003
0.000003
0.000003
0.000002
0.000002
0.000002
0.000002
0.000002
0.000002
0.000002
0.000001
0.000001
0.000001
0.000001
0.000001
0.000001
0.000001
0.000001
0.000001
0.000001
0.000001
0.000001
0.000001
0.000001
0.000001
0.000000
0.000000
0.000000
0.000000
0.000000
0.000000
0.000000
0.000000
0.000000
0.000000
0.000000
0.000000
0.000000
0.000000
0.000000
0.000000
0.000000
0.000000
0.000000
0.000000
0.000000
0.000000
0.000000
0.000000
0.000000
0.000000
0.000000
0.000000
0.000000
0.000000
0.000000
0.000000
0.000000
0.000000
0.000000
0.000000
0.000000
0.000000
0.000000
0.000000
0.000000
0.000000
0.000000
0.000000
0.000000
0.000000
0.000000
0.000000
0.000000
0.000000
0.000000
0.000000
0.000000
0.000000
0.000000
0.000000
0.000000
0.000000
0.000000
0.000000
0.000000
0.000000
0.000000
0.000000
0.000000
0.000000
0.000000
0.000000
0.000000
0.000000
0.000000
0.000000
0.000000
0.000000
0.000000
0.000000
0.000000
0.000000
0.000000
0.000000
0.000000
0.000000
0.000000
0.000000
0.000000
0.000000
0.000000
0.000000
0.000000
0.000000
0.000000
0.000000
0.000000
0.000000
0.000000
0.000000
0.000000
0.000000
0.000000
0.000000
0.000000
0.000000
0.000000
0.000000
0.000000
0.000000
0.000000
0.000000
0.000000
0.000000
0.000000
0.000000
0.000000
0.000000
0.000000
0.000000
0.000000
0.000000
0.000000
0.000000
0.000000
0.000000
0.000000
0.000000
0.000000
0.000000
0.000000
0.000000
0.000000
0.000000
0.000000
0.000000
0.000000
0.000000
0.000000
0.000000
0.000000
0.000000
0.000000
0.000000
0.000000
0.000000
0.000000
0.000000
0.000000
0.000000
0.000000
0.000000
0.000000
0.000000
0.000000
0.000000
0.000000
0.000000
0.000000
0.000000
0.000000
0.000000
0.000000
0.000000
0.000000
0.000000
0.000000
0.000000
0.000000
0.000000
0.000000
0.000000
0.000000
0.000000
0.000000
0.000000
0.000000
0.000000
0.000000
0.000000
0.000000
0.000000
0.000000
0.000000
0.000000
0.000000
0.000000
0.000000
0.000000
0.000000
0.000000
0.000000
0.000000
0.000000
0.000000
0.000000
0.000000
0.000000
0.000000
0.000000
0.000000
0.000000
0.000000
0.000000
0.000000
0.000000
0.000000
0.000000
0.000000
0.000000
0.000000
0.000000
0.000000
0.000000
0.000000
0.000000
0.000000
0.000000
0.000000
0.000000
0.000000
0.000000
0.000000
0.000000
0.000000
0.000000
0.000000
0.000000
0.000000
0.000000
0.000000
0.000000
0.000000
0.000000
0.000000
0.000000
0.000000
0.000000
0.000000
0.000000
0.000000
0.000000
0.000000
0.000000
0.000000
0.000000
0.000000
0.000000
0.000000
0.000000
0.000000
0.000000
0.000000
0.000000
0.000000
0.000000
0.000000
0.000000
0.000000
0.000000
0.000000
0.000000
0.000000
0.000000
0.000000
0.000000
0.000000
0.000000
0.000000
0.000000
0.000000
0.000000
0.000000
0.000000
0.000000
0.000000
0.000000
0.000000
0.000000
0.000000
0.000000
0.000000
0.000000
0.000000
0.000000
0.000000
0.000000
0.000000
0.000000
0.000000
0.000000
0.000000
0.000000
0.000000
0.000000
0.000000
0.000000
0.000000
0.000000
0.000000
0.000000
