0.000039
0.000077
0.000118
0.000155
0.000197
0.000234
0.000277
0.000317
0.000358
0.000405
0.000442
0.000494
0.000536
0.000580
0.000638
0.000677
0.000731
0.000794
0.000834
0.000892
0.000966
0.001016
0.001064
0.001144
0.001229
0.001286
0.001330
0.001400
0.001507
0.001631
0.001753
0.001865
0.001968
0.002069
0.002172
0.002277
0.002387
0.002501
0.002620
0.002744
0.002874
0.003009
0.003150
0.003297
0.003451
0.003610
0.003776
0.003949
0.004130
0.004317
0.004513
0.004716
0.004927
0.005147
0.005376
0.005613
0.005860
0.006117
0.006384
0.006661
0.006949
0.007248
0.007558
0.007880
0.008214
0.008561
0.008921
0.009294
0.009680
0.010081
0.010497
0.010927
0.011373
0.011835
0.012313
0.012808
0.013320
0.013851
0.014399
0.014967
0.015554
0.016161
0.016788
0.017436
0.018106
0.018798
0.019513
0.020251
0.021013
0.021800
0.022611
0.023449
0.024313
0.025204
0.026122
0.027069
0.028045
0.029051
0.030087
0.031154
0.032253
0.033384
0.034549
0.035747
0.036980
0.038248
0.039552
0.040893
0.042272
0.043689
0.045144
0.046640
0.048176
0.049754
0.051373
0.053035
0.054741
0.056491
0.058286
0.060127
0.062014
0.063949
0.065932
0.067963
0.070044
0.072176
0.074359
0.076593
0.078880
0.081220
0.083614
0.086063
0.088567
0.091127
0.093744
0.096418
0.099150
0.101941
0.104791
0.107701
0.110671
0.113703
0.116796
0.119951
0.123169
0.126450
0.129795
0.133204
0.136678
0.140217
0.143821
0.147491
0.151227
0.155030
0.158899
0.162835
0.166839
0.170910
0.175049
0.179256
0.183531
0.187874
0.192285
0.196764
0.201311
0.205927
0.210610
0.215362
0.220181
0.225067
0.230021
0.235043
0.240131
0.245285
0.250506
0.255792
0.261143
0.266559
0.272039
0.277583
0.283189
0.288858
0.294588
0.300379
0.306229
0.312139
0.318107
0.324131
0.330213
0.336349
0.342539
0.348783
0.355078
0.361423
0.367818
0.374261
0.380750
0.387285
0.393863
0.400483
0.407145
0.413845
0.420584
0.427358
0.434166
0.441007
0.447878
0.454778
0.461705
0.468658
0.475633
0.482630
0.489646
0.496679
0.503727
0.510787
0.517859
0.524939
0.532025
0.539115
0.546207
0.553299
0.560388
0.567472
0.574548
0.581614
0.588668
0.595706
0.602728
0.609731
0.616711
0.623666
0.630593
0.637491
0.644357
0.651187
0.657980
0.664733
0.671444
0.678109
0.684727
0.691294
0.697808
0.704266
0.710666
0.717006
0.723283
0.729494
0.735636
0.741708
0.747707
0.753629
0.759474
0.765238
0.770918
0.776513
0.782021
0.787438
0.792762
0.797992
0.803125
0.808159
0.813090
0.817919
0.822641
0.827256
0.831760
0.836153
0.840432
0.844596
0.848641
0.852567
0.856372
0.860054
0.863612
0.867043
0.870346
0.873521
0.876564
0.879476
0.882254
0.884898
0.887406
0.889777
0.892010
0.894104
0.896057
0.897870
0.899540
0.901068
0.902452
0.903693
0.904789
0.905740
0.906545
0.907205
0.907718
0.908085
0.908305
0.908378
0.908305
0.908085
0.907718
0.907205
0.906546
0.905741
0.904791
0.903695
0.902454
0.901070
0.899542
0.897872
0.896060
0.894106
0.892013
0.889781
0.887410
0.884902
0.882259
0.879480
0.876569
0.873525
0.870351
0.867047
0.863615
0.860058
0.856376
0.852571
0.848644
0.844599
0.840436
0.836157
0.831765
0.827260
0.822646
0.817923
0.813095
0.808164
0.803130
0.797998
0.792768
0.787444
0.782026
0.776519
0.770925
0.765244
0.759480
0.753635
0.747713
0.741714
0.735643
0.729500
0.723290
0.717013
0.710673
0.704273
0.697815
0.691301
0.684734
0.678116
0.671451
0.664741
0.657988
0.651195
0.644364
0.637499
0.630601
0.623673
0.616718
0.609739
0.602736
0.595715
0.588675
0.581621
0.574555
0.567478
0.560395
0.553306
0.546214
0.539122
0.532031
0.524945
0.517865
0.510794
0.503733
0.496685
0.489653
0.482637
0.475640
0.468664
0.461712
0.454785
0.447885
0.441013
0.434172
0.427364
0.420591
0.413852
0.407152
0.400491
0.393871
0.387292
0.380758
0.374268
0.367826
0.361431
0.355086
0.348791
0.342548
0.336358
0.330222
0.324140
0.318116
0.312148
0.306238
0.300387
0.294597
0.288867
0.283198
0.277592
0.272048
0.266568
0.261152
0.255801
0.250515
0.245294
0.240140
0.235052
0.230030
0.225076
0.220189
0.215370
0.210618
0.205935
0.201319
0.196772
0.192293
0.187882
0.183539
0.179264
0.175057
0.170918
0.166847
0.162843
0.158906
0.155037
0.151234
0.147498
0.143828
0.140224
0.136685
0.133211
0.129802
0.126457
0.123176
0.119958
0.116802
0.113709
0.110677
0.107707
0.104797
0.101947
0.099156
0.096423
0.093749
0.091132
0.088572
0.086068
0.083619
0.081225
0.078885
0.076598
0.074363
0.072181
0.070049
0.067968
0.065936
0.063953
0.062018
0.060131
0.058290
0.056495
0.054745
0.053039
0.051377
0.049757
0.048180
0.046644
0.045148
0.043692
0.042275
0.040897
0.039555
0.038251
0.036983
0.035750
0.034552
0.033387
0.032256
0.031157
0.030090
0.029053
0.028048
0.027072
0.026125
0.025206
0.024315
0.023451
0.022614
0.021802
0.021015
0.020253
0.019515
0.018800
0.018108
0.017438
0.016790
0.016162
0.015555
0.014968
0.014401
0.013852
0.013322
0.012809
0.012314
0.011836
0.011374
0.010928
0.010498
0.010082
0.009681
0.009295
0.008922
0.008562
0.008215
0.007881
0.007559
0.007249
0.006950
0.006662
0.006385
0.006118
0.005861
0.005614
0.005376
0.005148
0.004928
0.004716
0.004513
0.004318
0.004130
0.003950
0.003777
0.003611
0.003451
0.003298
0.003151
0.003010
0.002875
0.002745
0.002621
0.002501
0.002387
0.002278
0.002173
0.002072
0.001976
0.001884
0.001796
0.001711
0.001631
0.001553
0.001480
0.001409
0.001341
0.001277
0.001215
0.001156
0.001100
0.001046
0.000995
0.000946
0.000899
0.000855
0.000812
0.000772
0.000733
0.000696
0.000661
0.000627
0.000595
0.000565
0.000536
0.000509
0.000482
0.000457
0.000434
0.000411
0.000389
0.000369
0.000349
0.000331
0.000313
0.000297
0.000281
0.000266
0.000251
0.000238
0.000225
0.000213
0.000201
0.000190
0.000180
0.000170
0.000160
0.000151
0.000143
0.000135
0.000127
0.000120
0.000113
0.000107
0.000101
0.000095
0.000090
0.000085
0.000080
0.000075
0.000071
0.000067
0.000063
0.000059
0.000056
0.000052
0.000049
0.000046
0.000044
0.000041
0.000039
0.000036
0.000034
0.000032
0.000030
0.000028
0.000026
0.000025
0.000023
0.000022
0.000021
0.000019
0.000018
0.000017
0.000016
0.000015
0.000014
0.000013
0.000012
0.000011
0.000011
0.000010
0.000009
0.000009
0.000008
0.000008
0.000007
0.000007
0.000006
0.000006
0.000006
0.000005
0.000005
0.000005
0.000004
0.000004
0.000004
0.000003
0.000003
0.000003
0.000003
0.000003
0.000002
0.000002
0.000002
0.000002
0.000002
0.000002
0.000002
0.000001
0.000001
0.000001
0.000001
0.000001
0.000001
0.000001
0.000001
0.000001
0.000001
0.000001
0.000001
0.000001
0.000001
0.000001
0.000000
0.000000
0.000000
0.000000
0.000000
0.000000
0.000000
0.000000
0.000000
0.000000
0.000000
0.000000
0.000000
0.000000
0.000000
0.000000
0.000000
0.000000
0.000000
0.000000
0.000000
0.000000
0.000000
0.000000
0.000000
0.000000
0.000000
0.000000
0.000000
0.000000
0.000000
0.000000
0.000000
0.000000
0.000000
0.000000
0.000000
0.000000
0.000000
0.000000
0.000000
0.000000
0.000000
0.000000
0.000000
0.000000
0.000000
0.000000
0.000000
0.000000
0.000000
0.000000
0.000000
0.000000
0.000000
0.000000
0.000000
0.000000
0.000000
0.000000
0.000000
0.000000
0.000000
0.000000
0.000000
0.000000
0.000000
0.000000
0.000000
0.000000
0.000000
0.000000
0.000000
0.000000
0.000000
0.000000
0.000000
0.000000
0.000000
0.000000
0.000000
0.000000
0.000000
0.000000
0.000000
0.000000
0.000000
0.000000
0.000000
0.000000
0.000000
0.000000
0.000000
0.000000
0.000000
0.000000
0.000000
0.000000
0.000000
0.000000
0.000000
0.000000
0.000000
0.000000
0.000000
0.000000
0.000000
0.000000
0.000000
0.000000
0.000000
0.000000
0.000000
0.000000
0.000000
0.000000
0.000000
0.000000
0.000000
0.000000
0.000000
0.000000
0.000000
0.000000
0.000000
0.000000
0.000000
0.000000
0.000000
0.000000
0.000000
0.000000
0.000000
0.000000
0.000000
0.000000
0.000000
0.000000
0.000000
0.000000
0.000000
0.000000
0.000000
0.000000
0.000000
0.000000
0.000000
0.000000
0.000000
0.000000
0.000000
0.000000
0.000000
0.000000
0.000000
0.000000
0.000000
0.000000
0.000000
0.000000
0.000000
0.000000
0.000000
0.000000
0.000000
0.000000
0.000000
0.000000
0.000000
0.000000
0.000000
0.000000
0.000000
0.000000
0.000000
0.000000
0.000000
0.000000
0.000000
0.000000
0.000000
0.000000
0.000000
0.000000
0.000000
0.000000
0.000000
0.000000
0.000000
0.000000
0.000000
0.000000
0.000000
0.000000
0.000000
0.000000
0.000000
0.000000
0.000000
0.000000
0.000000
0.000000
0.000000
0.000000
0.000000
0.000000
0.000000
0.000000
0.000000
0.000000
0.000000
0.000000
0.000000
0.000000
0.000000
0.000000
0.000000
0.000000
0.000000
0.000000
0.000000
0.000000
0.000000
0.000000
0.000000
0.000000
0.000000
0.000000
0.000000
0.000000
0.000000
0.000000
0.000000
0.000000
0.000000
0.000000
0.000000
0.000000
0.000000
0.000000
0.000000
0.000000
0.000000
0.000000
0.000000
0.000000
0.000000
0.000000
0.000000
0.000000
0.000000
0.000000
0.000000
0.000000
0.000000
0.000000
0.000000
0.000000
0.000000
0.000000
0.000000
0.000000
0.000000
0.000000
0.000000
0.000000
0.000000
0.000000
0.000000
0.000000
0.000000
0.000000
0.000000
0.000000
0.000000
0.000000
0.000000
0.000000
0.000000
0.000000
0.000000
0.000000
0.000000
0.000000
0.000000
0.000000
0.000000
0.000000
0.000000
0.000000
0.000000
0.000000
0.000000
0.000000
0.000000
0.000000
0.000000
