0.000040
0.000079
0.000120
0.000159
0.000201
0.000242
0.000282
0.000328
0.000366
0.000416
0.000455
0.000503
0.000553
0.000593
0.000652
0.000700
0.000745
0.000812
0.000863
0.000909
0.000984
0.001050
0.001094
0.001161
0.001253
0.001327
0.001375
0.001433
0.001526
0.001647
0.001775
0.001896
0.002007
0.002113
0.002218
0.002326
0.002438
0.002554
0.002676
0.002803
0.002935
0.003072
0.003216
0.003366
0.003521
0.003684
0.003853
0.004029
0.004213
0.004403
0.004602
0.004809
0.005024
0.005247
0.005480
0.005721
0.005972
0.006233
0.006505
0.006786
0.007079
0.007382
0.007697
0.008024
0.008364
0.008716
0.009081
0.009459
0.009852
0.010258
0.010680
0.011116
0.011569
0.012037
0.012522
0.013024
0.013543
0.014081
0.014637
0.015212
0.015806
0.016421
0.017056
0.017713
0.018391
0.019092
0.019816
0.020563
0.021334
0.022130
0.022951
0.023798
0.024672
0.025573
0.026502
0.027460
0.028446
0.029463
0.030510
0.031588
0.032698
0.033841
0.035017
0.036228
0.037473
0.038753
0.040070
0.041423
0.042815
0.044244
0.045713
0.047222
0.048771
0.050362
0.051995
0.053671
0.055391
0.057154
0.058963
0.060818
0.062720
0.064669
0.066666
0.068712
0.070808
0.072954
0.075151
0.077400
0.079702
0.082057
0.084465
0.086929
0.089447
0.092022
0.094653
0.097341
0.100088
0.102893
0.105757
0.108681
0.111665
0.114711
0.117817
0.120986
0.124217
0.127511
0.130869
0.134290
0.137776
0.141327
0.144943
0.148624
0.152371
0.156184
0.160064
0.164010
0.168024
0.172104
0.176251
0.180466
0.184749
0.189099
0.193517
0.198002
0.202555
0.207176
0.211864
0.216619
0.221441
0.226331
0.231287
0.236309
0.241398
0.246553
0.251772
0.257057
0.262406
0.267819
0.273295
0.278834
0.284435
0.290097
0.295820
0.301603
0.307444
0.313344
0.319301
0.325315
0.331383
0.337506
0.343682
0.349910
0.356189
0.362517
0.368894
0.375318
0.381787
0.388300
0.394856
0.401454
0.408091
0.414767
0.421479
0.428227
0.435007
0.441818
0.448660
0.455529
0.462424
0.469344
0.476286
0.483248
0.490228
0.497224
0.504235
0.511257
0.518290
0.525329
0.532375
0.539424
0.546473
0.553522
0.560567
0.567605
0.574636
0.581656
0.588663
0.595654
0.602628
0.609582
0.616513
0.623418
0.630295
0.637142
0.643957
0.650736
0.657477
0.664178
0.670836
0.677448
0.684013
0.690527
0.696988
0.703392
0.709739
0.716025
0.722249
0.728406
0.734495
0.740514
0.746460
0.752329
0.758121
0.763833
0.769461
0.775005
0.780461
0.785827
0.791102
0.796282
0.801366
0.806351
0.811235
0.816016
0.820693
0.825262
0.829722
0.834071
0.838307
0.842429
0.846433
0.850320
0.854085
0.857730
0.861250
0.864646
0.867916
0.871057
0.874069
0.876950
0.879700
0.882315
0.884796
0.887142
0.889351
0.891423
0.893356
0.895149
0.896801
0.898313
0.899682
0.900909
0.901993
0.902934
0.903731
0.904383
0.904891
0.905254
0.905471
0.905544
0.905472
0.905254
0.904891
0.904384
0.903732
0.902935
0.901995
0.900911
0.899684
0.898314
0.896803
0.895151
0.893358
0.891425
0.889355
0.887146
0.884800
0.882319
0.879704
0.876955
0.874073
0.871061
0.867920
0.864651
0.861255
0.857733
0.854089
0.850323
0.846437
0.842433
0.838311
0.834075
0.829726
0.825266
0.820697
0.816021
0.811240
0.806356
0.801371
0.796288
0.791108
0.785833
0.780467
0.775011
0.769468
0.763839
0.758127
0.752335
0.746465
0.740520
0.734502
0.728413
0.722255
0.716032
0.709746
0.703399
0.696995
0.690534
0.684020
0.677456
0.670843
0.664186
0.657485
0.650743
0.643964
0.637150
0.630303
0.623425
0.616520
0.609590
0.602636
0.595662
0.588671
0.581663
0.574643
0.567612
0.560573
0.553529
0.546480
0.539430
0.532381
0.525336
0.518296
0.511264
0.504241
0.497231
0.490235
0.483255
0.476293
0.469350
0.462431
0.455536
0.448666
0.441825
0.435013
0.428233
0.421486
0.414774
0.408099
0.401462
0.394864
0.388308
0.381795
0.375325
0.368902
0.362525
0.356197
0.349918
0.343691
0.337515
0.331392
0.325324
0.319310
0.313353
0.307453
0.301611
0.295829
0.290106
0.284443
0.278843
0.273304
0.267827
0.262415
0.257066
0.251781
0.246561
0.241407
0.236318
0.231296
0.226340
0.221450
0.216628
0.211872
0.207184
0.202563
0.198010
0.193525
0.189107
0.184757
0.180474
0.176259
0.172112
0.168031
0.164018
0.160071
0.156192
0.152378
0.148631
0.144950
0.141334
0.137783
0.134297
0.130876
0.127518
0.124224
0.120992
0.117824
0.114717
0.111671
0.108687
0.105763
0.102899
0.100094
0.097347
0.094658
0.092027
0.089452
0.086934
0.084470
0.082061
0.079707
0.077405
0.075156
0.072959
0.070813
0.068717
0.066671
0.064673
0.062724
0.060823
0.058968
0.057158
0.055394
0.053675
0.051999
0.050366
0.048775
0.047226
0.045717
0.044248
0.042818
0.041427
0.040073
0.038756
0.037476
0.036231
0.035020
0.033844
0.032701
0.031591
0.030513
0.029465
0.028449
0.027462
0.026505
0.025576
0.024675
0.023801
0.022953
0.022132
0.021336
0.020565
0.019818
0.019094
0.018393
0.017715
0.017058
0.016423
0.015808
0.015213
0.014638
0.014082
0.013545
0.013025
0.012523
0.012038
0.011570
0.011118
0.010681
0.010259
0.009853
0.009460
0.009082
0.008717
0.008365
0.008025
0.007698
0.007383
0.007079
0.006787
0.006505
0.006234
0.005973
0.005722
0.005480
0.005248
0.005024
0.004809
0.004603
0.004404
0.004213
0.004030
0.003854
0.003684
0.003522
0.003366
0.003216
0.003073
0.002935
0.002803
0.002676
0.002555
0.002438
0.002327
0.002220
0.002117
0.002019
0.001926
0.001836
0.001750
0.001667
0.001588
0.001513
0.001441
0.001372
0.001306
0.001243
0.001183
0.001126
0.001071
0.001019
0.000969
0.000921
0.000875
0.000832
0.000790
0.000751
0.000713
0.000677
0.000643
0.000610
0.000579
0.000550
0.000521
0.000494
0.000469
0.000445
0.000421
0.000399
0.000378
0.000359
0.000340
0.000322
0.000304
0.000288
0.000273
0.000258
0.000244
0.000231
0.000218
0.000207
0.000195
0.000185
0.000174
0.000165
0.000156
0.000147
0.000139
0.000131
0.000124
0.000117
0.000110
0.000104
0.000098
0.000092
0.000087
0.000082
0.000077
0.000073
0.000069
0.000065
0.000061
0.000057
0.000054
0.000051
0.000048
0.000045
0.000042
0.000040
0.000037
0.000035
0.000033
0.000031
0.000029
0.000027
0.000026
0.000024
0.000023
0.000021
0.000020
0.000019
0.000018
0.000016
0.000015
0.000014
0.000014
0.000013
0.000012
0.000011
0.000010
0.000010
0.000009
0.000009
0.000008
0.000007
0.000007
0.000007
0.000006
0.000006
0.000005
0.000005
0.000005
0.000004
0.000004
0.000004
0.000004
0.000003
0.000003
0.000003
0.000003
0.000002
0.000002
0.000002
0.000002
0.000002
0.000002
0.000002
0.000002
0.000001
0.000001
0.000001
0.000001
0.000001
0.000001
0.000001
0.000001
0.000001
0.000001
0.000001
0.000001
0.000001
0.000001
0.000001
0.000000
0.000000
0.000000
0.000000
0.000000
0.000000
0.000000
0.000000
0.000000
0.000000
0.000000
0.000000
0.000000
0.000000
0.000000
0.000000
0.000000
0.000000
0.000000
0.000000
0.000000
0.000000
0.000000
0.000000
0.000000
0.000000
0.000000
0.000000
0.000000
0.000000
0.000000
0.000000
0.000000
0.000000
0.000000
0.000000
0.000000
0.000000
0.000000
0.000000
0.000000
0.000000
0.000000
0.000000
0.000000
0.000000
0.000000
0.000000
0.000000
0.000000
0.000000
0.000000
0.000000
0.000000
0.000000
0.000000
0.000000
0.000000
0.000000
0.000000
0.000000
0.000000
0.000000
0.000000
0.000000
0.000000
0.000000
0.000000
0.000000
0.000000
0.000000
0.000000
0.000000
0.000000
0.000000
0.000000
0.000000
0.000000
0.000000
0.000000
0.000000
0.000000
0.000000
0.000000
0.000000
0.000000
0.000000
0.000000
0.000000
0.000000
0.000000
0.000000
0.000000
0.000000
0.000000
0.000000
0.000000
0.000000
0.000000
0.000000
0.000000
0.000000
0.000000
0.000000
0.000000
0.000000
0.000000
0.000000
0.000000
0.000000
0.000000
0.000000
0.000000
0.000000
0.000000
0.000000
0.000000
0.000000
0.000000
0.000000
0.000000
0.000000
0.000000
0.000000
0.000000
0.000000
0.000000
0.000000
0.000000
0.000000
0.000000
0.000000
0.000000
0.000000
0.000000
0.000000
0.000000
0.000000
0.000000
0.000000
0.000000
0.000000
0.000000
0.000000
0.000000
0.000000
0.000000
0.000000
0.000000
0.000000
0.000000
0.000000
0.000000
0.000000
0.000000
0.000000
0.000000
0.000000
0.000000
0.000000
0.000000
0.000000
0.000000
0.000000
0.000000
0.000000
0.000000
0.000000
0.000000
0.000000
0.000000
0.000000
0.000000
0.000000
0.000000
0.000000
0.000000
0.000000
0.000000
0.000000
0.000000
0.000000
0.000000
0.000000
0.000000
0.000000
0.000000
0.000000
0.000000
0.000000
0.000000
0.000000
0.000000
0.000000
0.000000
0.000000
0.000000
0.000000
0.000000
0.000000
0.000000
0.000000
0.000000
0.000000
0.000000
0.000000
0.000000
0.000000
0.000000
0.000000
0.000000
0.000000
0.000000
0.000000
0.000000
0.000000
0.000000
0.000000
0.000000
0.000000
0.000000
0.000000
0.000000
0.000000
0.000000
0.000000
0.000000
0.000000
0.000000
0.000000
0.000000
0.000000
0.000000
0.000000
0.000000
0.000000
0.000000
0.000000
0.000000
0.000000
0.000000
0.000000
0.000000
0.000000
0.000000
0.000000
0.000000
0.000000
0.000000
0.000000
0.000000
0.000000
0.000000
0.000000
0.000000
0.000000
0.000000
0.000000
0.000000
0.000000
0.000000
0.000000
0.000000
0.000000
0.000000
0.000000
0.000000
0.000000
0.000000
0.000000
0.000000
0.000000
0.000000
0.000000
0.000000
0.000000
0.000000
0.000000
0.000000
0.000000
0.000000
0.000000
0.000000
0.000000
0.000000
0.000000
0.000000
0.000000
0.000000
0.000000
0.000000
0.000000
0.000000
0.000000
0.000000
0.000000
