0.000041
0.000082
0.000122
0.000165
0.000204
0.000250
0.000288
0.000336
0.000376
0.000423
0.000470
0.000512
0.000568
0.000610
0.000663
0.000722
0.000764
0.000826
0.000890
0.000934
0.000999
0.001077
0.001130
0.001185
0.001272
0.001362
0.001423
0.001474
0.001552
0.001665
0.001796
0.001925
0.002044
0.002156
0.002265
0.002376
0.002490
0.002609
0.002733
0.002862
0.002997
0.003137
0.003283
0.003435
0.003594
0.003759
0.003932
0.004111
0.004297
0.004492
0.004694
0.004904
0.005122
0.005350
0.005586
0.005832
0.006087
0.006352
0.006628
0.006914
0.007211
0.007519
0.007839
0.008172
0.008516
0.008873
0.009244
0.009628
0.010026
0.010439
0.010867
0.011310
0.011768
0.012243
0.012735
0.013244
0.013770
0.014315
0.014879
0.015462
0.016064
0.016687
0.017330
0.017995
0.018682
0.019392
0.020124
0.020881
0.021661
0.022467
0.023298
0.024155
0.025039
0.025950
0.026889
0.027857
0.028855
0.029882
0.030941
0.032030
0.033152
0.034307
0.035495
0.036717
0.037974
0.039267
0.040597
0.041963
0.043367
0.044810
0.046292
0.047814
0.049377
0.050982
0.052628
0.054318
0.056052
0.057830
0.059653
0.061522
0.063438
0.065402
0.067413
0.069474
0.071584
0.073745
0.075957
0.078221
0.080537
0.082907
0.085330
0.087808
0.090341
0.092931
0.095577
0.098280
0.101041
0.103860
0.106738
0.109676
0.112675
0.115734
0.118854
0.122036
0.125281
0.128588
0.131958
0.135392
0.138891
0.142453
0.146081
0.149774
0.153532
0.157356
0.161246
0.165202
0.169225
0.173314
0.177470
0.181694
0.185984
0.190341
0.194766
0.199257
0.203816
0.208441
0.213134
0.217893
0.222719
0.227611
0.232569
0.237593
0.242682
0.247836
0.253055
0.258338
0.263685
0.269094
0.274566
0.280100
0.285695
0.291351
0.297067
0.302842
0.308674
0.314564
0.320510
0.326512
0.332568
0.338677
0.344838
0.351051
0.357313
0.363624
0.369982
0.376386
0.382835
0.389327
0.395860
0.402435
0.409048
0.415698
0.422384
0.429103
0.435855
0.442637
0.449449
0.456286
0.463150
0.470036
0.476944
0.483870
0.490814
0.497774
0.504746
0.511730
0.518722
0.525722
0.532726
0.539732
0.546739
0.553743
0.560744
0.567737
0.574722
0.581695
0.588655
0.595598
0.602523
0.609427
0.616308
0.623163
0.629990
0.636785
0.643548
0.650275
0.656964
0.663612
0.670217
0.676776
0.683286
0.689746
0.696153
0.702504
0.708797
0.715029
0.721198
0.727301
0.733337
0.739301
0.745193
0.751009
0.756748
0.762407
0.767983
0.773474
0.778879
0.784194
0.789418
0.794547
0.799582
0.804518
0.809355
0.814088
0.818718
0.823240
0.827655
0.831960
0.836153
0.840232
0.844196
0.848042
0.851768
0.855375
0.858858
0.862218
0.865453
0.868561
0.871541
0.874391
0.877111
0.879699
0.882153
0.884473
0.886659
0.888708
0.890619
0.892393
0.894027
0.895522
0.896876
0.898090
0.899162
0.900093
0.900881
0.901526
0.902028
0.902386
0.902602
0.902674
0.902602
0.902387
0.902028
0.901527
0.900882
0.900094
0.899164
0.898092
0.896878
0.895524
0.894029
0.892395
0.890621
0.888710
0.886662
0.884477
0.882157
0.879703
0.877115
0.874396
0.871545
0.868565
0.865458
0.862223
0.858863
0.855378
0.851772
0.848045
0.844200
0.840236
0.836157
0.831964
0.827660
0.823245
0.818722
0.814093
0.809359
0.804523
0.799587
0.794553
0.789424
0.784200
0.778885
0.773481
0.767989
0.762413
0.756755
0.751016
0.745199
0.739308
0.733343
0.727308
0.721205
0.715036
0.708804
0.702511
0.696161
0.689754
0.683294
0.676783
0.670224
0.663619
0.656972
0.650283
0.643556
0.636793
0.629997
0.623170
0.616316
0.609435
0.602530
0.595606
0.588662
0.581702
0.574729
0.567744
0.560750
0.553750
0.546745
0.539738
0.532732
0.525728
0.518729
0.511736
0.504753
0.497780
0.490821
0.483877
0.476950
0.470042
0.463156
0.456293
0.449455
0.442644
0.435862
0.429110
0.422390
0.415705
0.409055
0.402442
0.395868
0.389334
0.382843
0.376394
0.369990
0.363632
0.357321
0.351059
0.344847
0.338686
0.332576
0.326521
0.320519
0.314573
0.308683
0.302850
0.297076
0.291360
0.285704
0.280109
0.274575
0.269103
0.263693
0.258347
0.253064
0.247845
0.242690
0.237601
0.232578
0.227620
0.222727
0.217902
0.213142
0.208450
0.203824
0.199265
0.194774
0.190349
0.185992
0.181701
0.177478
0.173322
0.169232
0.165209
0.161253
0.157363
0.153539
0.149781
0.146088
0.142460
0.138898
0.135399
0.131965
0.128594
0.125287
0.122043
0.118860
0.115740
0.112681
0.109682
0.106744
0.103866
0.101046
0.098285
0.095582
0.092936
0.090347
0.087813
0.085335
0.082911
0.080542
0.078226
0.075962
0.073750
0.071589
0.069478
0.067418
0.065406
0.063442
0.061526
0.059657
0.057833
0.056055
0.054322
0.052632
0.050985
0.049381
0.047818
0.046296
0.044813
0.043371
0.041966
0.040600
0.039271
0.037978
0.036720
0.035498
0.034310
0.033155
0.032033
0.030943
0.029885
0.028857
0.027860
0.026892
0.025952
0.025041
0.024157
0.023300
0.022469
0.021663
0.020883
0.020126
0.019394
0.018684
0.017997
0.017332
0.016689
0.016066
0.015463
0.014880
0.014317
0.013772
0.013245
0.012736
0.012245
0.011770
0.011311
0.010868
0.010440
0.010028
0.009629
0.009245
0.008874
0.008517
0.008173
0.007840
0.007520
0.007212
0.006915
0.006629
0.006353
0.006088
0.005833
0.005587
0.005351
0.005123
0.004905
0.004694
0.004492
0.004298
0.004111
0.003932
0.003760
0.003595
0.003436
0.003283
0.003137
0.002997
0.002862
0.002733
0.002610
0.002491
0.002377
0.002268
0.002164
0.002064
0.001968
0.001876
0.001789
0.001705
0.001624
0.001548
0.001474
0.001404
0.001337
0.001272
0.001211
0.001152
0.001096
0.001043
0.000992
0.000943
0.000896
0.000852
0.000810
0.000769
0.000731
0.000694
0.000659
0.000625
0.000594
0.000563
0.000534
0.000507
0.000481
0.000456
0.000432
0.000410
0.000388
0.000368
0.000348
0.000330
0.000312
0.000296
0.000280
0.000265
0.000251
0.000237
0.000224
0.000212
0.000201
0.000190
0.000179
0.000169
0.000160
0.000151
0.000143
0.000135
0.000127
0.000120
0.000113
0.000107
0.000101
0.000095
0.000090
0.000084
0.000080
0.000075
0.000071
0.000066
0.000063
0.000059
0.000055
0.000052
0.000049
0.000046
0.000043
0.000041
0.000038
0.000036
0.000034
0.000032
0.000030
0.000028
0.000026
0.000025
0.000023
0.000022
0.000021
0.000019
0.000018
0.000017
0.000016
0.000015
0.000014
0.000013
0.000012
0.000011
0.000011
0.000010
0.000009
0.000009
0.000008
0.000008
0.000007
0.000007
0.000006
0.000006
0.000006
0.000005
0.000005
0.000004
0.000004
0.000004
0.000004
0.000003
0.000003
0.000003
0.000003
0.000003
0.000002
0.000002
0.000002
0.000002
0.000002
0.000002
0.000002
0.000001
0.000001
0.000001
0.000001
0.000001
0.000001
0.000001
0.000001
0.000001
0.000001
0.000001
0.000001
0.000001
0.000001
0.000001
0.000000
0.000000
0.000000
0.000000
0.000000
0.000000
0.000000
0.000000
0.000000
0.000000
0.000000
0.000000
0.000000
0.000000
0.000000
0.000000
0.000000
0.000000
0.000000
0.000000
0.000000
0.000000
0.000000
0.000000
0.000000
0.000000
0.000000
0.000000
0.000000
0.000000
0.000000
0.000000
0.000000
0.000000
0.000000
0.000000
0.000000
0.000000
0.000000
0.000000
0.000000
0.000000
0.000000
0.000000
0.000000
0.000000
0.000000
0.000000
0.000000
0.000000
0.000000
0.000000
0.000000
0.000000
0.000000
0.000000
0.000000
0.000000
0.000000
0.000000
0.000000
0.000000
0.000000
0.000000
0.000000
0.000000
0.000000
0.000000
0.000000
0.000000
0.000000
0.000000
0.000000
0.000000
0.000000
0.000000
0.000000
0.000000
0.000000
0.000000
0.000000
0.000000
0.000000
0.000000
0.000000
0.000000
0.000000
0.000000
0.000000
0.000000
0.000000
0.000000
0.000000
0.000000
0.000000
0.000000
0.000000
0.000000
0.000000
0.000000
0.000000
0.000000
0.000000
0.000000
0.000000
0.000000
0.000000
0.000000
0.000000
0.000000
0.000000
0.000000
0.000000
0.000000
0.000000
0.000000
0.000000
0.000000
0.000000
0.000000
0.000000
0.000000
0.000000
0.000000
0.000000
0.000000
0.000000
0.000000
0.000000
0.000000
0.000000
0.000000
0.000000
0.000000
0.000000
0.000000
0.000000
0.000000
0.000000
0.000000
0.000000
0.000000
0.000000
0.000000
0.000000
0.000000
0.000000
0.000000
0.000000
0.000000
0.000000
0.000000
0.000000
0.000000
0.000000
0.000000
0.000000
0.000000
0.000000
0.000000
0.000000
0.000000
0.000000
0.000000
0.000000
0.000000
0.000000
0.000000
0.000000
0.000000
0.000000
0.000000
0.000000
0.000000
0.000000
0.000000
0.000000
0.000000
0.000000
0.000000
0.000000
0.000000
0.000000
0.000000
0.000000
0.000000
0.000000
0.000000
0.000000
0.000000
0.000000
0.000000
0.000000
0.000000
0.000000
0.000000
0.000000
0.000000
0.000000
0.000000
0.000000
0.000000
0.000000
0.000000
0.000000
0.000000
0.000000
0.000000
0.000000
0.000000
0.000000
0.000000
0.000000
0.000000
0.000000
0.000000
0.000000
0.000000
0.000000
0.000000
0.000000
0.000000
0.000000
0.000000
0.000000
0.000000
0.000000
0.000000
0.000000
0.000000
0.000000
0.000000
0.000000
0.000000
0.000000
0.000000
0.000000
0.000000
0.000000
0.000000
0.000000
0.000000
0.000000
0.000000
0.000000
0.000000
0.000000
0.000000
0.000000
0.000000
0.000000
0.000000
0.000000
0.000000
0.000000
0.000000
0.000000
0.000000
0.000000
0.000000
0.000000
0.000000
0.000000
0.000000
0.000000
0.000000
0.000000
0.000000
0.000000
0.000000
0.000000
0.000000
0.000000
0.000000
0.000000
0.000000
0.000000
0.000000
0.000000
0.000000
0.000000
0.000000
0.000000
0.000000
0.000000
0.000000
0.000000
0.000000
0.000000
0.000000
0.000000
0.000000
0.000000
0.000000
0.000000
0.000000
