0.000041
0.000084
0.000125
0.000169
0.000209
0.000255
0.000297
0.000343
0.000388
0.000431
0.000484
0.000525
0.000580
0.000630
0.000675
0.000739
0.000788
0.000840
0.000912
0.000964
0.001018
0.001099
0.001167
0.001217
0.001292
0.001390
0.001468
0.001522
0.001587
0.001688
0.001817
0.001952
0.002080
0.002199
0.002313
0.002427
0.002544
0.002665
0.002791
0.002923
0.003060
0.003203
0.003352
0.003507
0.003668
0.003837
0.004012
0.004194
0.004384
0.004582
0.004787
0.005001
0.005223
0.005455
0.005695
0.005945
0.006204
0.006474
0.006754
0.007044
0.007346
0.007659
0.007985
0.008322
0.008672
0.009035
0.009411
0.009801
0.010205
0.010624
0.011057
0.011507
0.011972
0.012454
0.012952
0.013468
0.014002
0.014555
0.015126
0.015716
0.016327
0.016958
0.017610
0.018283
0.018979
0.019697
0.020439
0.021204
0.021994
0.022810
0.023650
0.024518
0.025412
0.026334
0.027284
0.028262
0.029271
0.030310
0.031379
0.032481
0.033614
0.034781
0.035981
0.037215
0.038485
0.039791
0.041133
0.042512
0.043929
0.045385
0.046881
0.048417
0.049993
0.051611
0.053272
0.054976
0.056724
0.058516
0.060354
0.062237
0.064168
0.066146
0.068173
0.070248
0.072373
0.074549
0.076776
0.079054
0.081386
0.083770
0.086209
0.088701
0.091250
0.093854
0.096514
0.099232
0.102008
0.104842
0.107734
0.110687
0.113699
0.116772
0.119906
0.123102
0.126360
0.129680
0.133064
0.136511
0.140021
0.143596
0.147235
0.150940
0.154709
0.158544
0.162444
0.166410
0.170443
0.174541
0.178706
0.182938
0.187236
0.191600
0.196031
0.200529
0.205093
0.209724
0.214421
0.219184
0.224013
0.228907
0.233867
0.238892
0.243982
0.249136
0.254354
0.259635
0.264979
0.270385
0.275853
0.281382
0.286971
0.292620
0.298329
0.304095
0.309918
0.315798
0.321733
0.327722
0.333765
0.339860
0.346007
0.352204
0.358449
0.364742
0.371082
0.377466
0.383894
0.390364
0.396875
0.403425
0.410013
0.416637
0.423297
0.429988
0.436711
0.443464
0.450244
0.457050
0.463880
0.470733
0.477606
0.484497
0.491405
0.498326
0.505260
0.512205
0.519157
0.526115
0.533077
0.540041
0.547004
0.553964
0.560919
0.567867
0.574804
0.581731
0.588642
0.595537
0.602413
0.609267
0.616097
0.622901
0.629676
0.636420
0.643131
0.649805
0.656440
0.663035
0.669586
0.676091
0.682547
0.688953
0.695305
0.701601
0.707839
0.714016
0.720131
0.726180
0.732160
0.738071
0.743908
0.749671
0.755355
0.760961
0.766484
0.771922
0.777274
0.782538
0.787710
0.792790
0.797774
0.802661
0.807448
0.812134
0.816716
0.821192
0.825562
0.829822
0.833971
0.838007
0.841929
0.845734
0.849421
0.852989
0.856435
0.859759
0.862959
0.866033
0.868981
0.871800
0.874490
0.877049
0.879476
0.881771
0.883932
0.885958
0.887848
0.889602
0.891219
0.892696
0.894035
0.895235
0.896295
0.897215
0.897995
0.898633
0.899129
0.899483
0.899697
0.899767
0.899697
0.899484
0.899130
0.898633
0.897996
0.897217
0.896297
0.895237
0.894037
0.892698
0.891220
0.889604
0.887850
0.885960
0.883935
0.881774
0.879480
0.877053
0.874494
0.871804
0.868985
0.866038
0.862963
0.859763
0.856440
0.852993
0.849425
0.845738
0.841933
0.838011
0.833975
0.829826
0.825566
0.821197
0.816720
0.812138
0.807453
0.802666
0.797779
0.792795
0.787716
0.782544
0.777281
0.771929
0.766490
0.760967
0.755362
0.749677
0.743915
0.738077
0.732167
0.726186
0.720138
0.714023
0.707846
0.701608
0.695313
0.688960
0.682555
0.676098
0.669594
0.663042
0.656448
0.649812
0.643138
0.636428
0.629684
0.622909
0.616105
0.609274
0.602420
0.595544
0.588650
0.581738
0.574812
0.567873
0.560925
0.553970
0.547010
0.540047
0.533084
0.526121
0.519163
0.512211
0.505267
0.498333
0.491411
0.484504
0.477612
0.470740
0.463887
0.457057
0.450251
0.443470
0.436718
0.429995
0.423303
0.416645
0.410020
0.403432
0.396882
0.390371
0.383901
0.377473
0.371089
0.364750
0.358457
0.352212
0.346015
0.339869
0.333774
0.327731
0.321742
0.315807
0.309927
0.304104
0.298337
0.292629
0.286980
0.281391
0.275862
0.270394
0.264987
0.259643
0.254362
0.249144
0.243990
0.238901
0.233876
0.228916
0.224021
0.219192
0.214429
0.209732
0.205102
0.200537
0.196039
0.191608
0.187244
0.182945
0.178714
0.174549
0.170450
0.166418
0.162451
0.158551
0.154716
0.150947
0.147242
0.143603
0.140028
0.136518
0.133070
0.129687
0.126366
0.123108
0.119913
0.116778
0.113705
0.110693
0.107740
0.104847
0.102013
0.099238
0.096520
0.093859
0.091255
0.088707
0.086214
0.083775
0.081390
0.079059
0.076780
0.074554
0.072378
0.070253
0.068177
0.066150
0.064172
0.062242
0.060358
0.058520
0.056728
0.054980
0.053276
0.051615
0.049997
0.048420
0.046884
0.045389
0.043933
0.042515
0.041136
0.039794
0.038488
0.037219
0.035984
0.034784
0.033617
0.032483
0.031382
0.030312
0.029274
0.028265
0.027286
0.026336
0.025414
0.024520
0.023653
0.022812
0.021997
0.021206
0.020441
0.019699
0.018981
0.018285
0.017611
0.016959
0.016328
0.015718
0.015127
0.014556
0.014004
0.013470
0.012954
0.012455
0.011973
0.011508
0.011059
0.010625
0.010206
0.009802
0.009412
0.009036
0.008673
0.008323
0.007986
0.007660
0.007347
0.007045
0.006755
0.006475
0.006205
0.005945
0.005696
0.005455
0.005224
0.005002
0.004788
0.004582
0.004385
0.004195
0.004012
0.003837
0.003669
0.003507
0.003352
0.003203
0.003060
0.002923
0.002792
0.002666
0.002545
0.002429
0.002318
0.002211
0.002109
0.002012
0.001918
0.001829
0.001743
0.001661
0.001583
0.001508
0.001436
0.001367
0.001302
0.001239
0.001179
0.001122
0.001067
0.001015
0.000965
0.000918
0.000872
0.000829
0.000788
0.000748
0.000711
0.000675
0.000641
0.000608
0.000577
0.000548
0.000520
0.000493
0.000468
0.000443
0.000420
0.000398
0.000377
0.000358
0.000339
0.000321
0.000304
0.000287
0.000272
0.000257
0.000244
0.000230
0.000218
0.000206
0.000195
0.000184
0.000174
0.000164
0.000155
0.000147
0.000138
0.000131
0.000123
0.000116
0.000110
0.000104
0.000098
0.000092
0.000087
0.000082
0.000077
0.000073
0.000068
0.000064
0.000061
0.000057
0.000054
0.000051
0.000048
0.000045
0.000042
0.000040
0.000037
0.000035
0.000033
0.000031
0.000029
0.000027
0.000026
0.000024
0.000023
0.000021
0.000020
0.000019
0.000017
0.000016
0.000015
0.000014
0.000013
0.000013
0.000012
0.000011
0.000010
0.000010
0.000009
0.000009
0.000008
0.000007
0.000007
0.000007
0.000006
0.000006
0.000005
0.000005
0.000005
0.000004
0.000004
0.000004
0.000004
0.000003
0.000003
0.000003
0.000003
0.000002
0.000002
0.000002
0.000002
0.000002
0.000002
0.000002
0.000002
0.000001
0.000001
0.000001
0.000001
0.000001
0.000001
0.000001
0.000001
0.000001
0.000001
0.000001
0.000001
0.000001
0.000001
0.000001
0.000000
0.000000
0.000000
0.000000
0.000000
0.000000
0.000000
0.000000
0.000000
0.000000
0.000000
0.000000
0.000000
0.000000
0.000000
0.000000
0.000000
0.000000
0.000000
0.000000
0.000000
0.000000
0.000000
0.000000
0.000000
0.000000
0.000000
0.000000
0.000000
0.000000
0.000000
0.000000
0.000000
0.000000
0.000000
0.000000
0.000000
0.000000
0.000000
0.000000
0.000000
0.000000
0.000000
0.000000
0.000000
0.000000
0.000000
0.000000
0.000000
0.000000
0.000000
0.000000
0.000000
0.000000
0.000000
0.000000
0.000000
0.000000
0.000000
0.000000
0.000000
0.000000
0.000000
0.000000
0.000000
0.000000
0.000000
0.000000
0.000000
0.000000
0.000000
0.000000
0.000000
0.000000
0.000000
0.000000
0.000000
0.000000
0.000000
0.000000
0.000000
0.000000
0.000000
0.000000
0.000000
0.000000
0.000000
0.000000
0.000000
0.000000
0.000000
0.000000
0.000000
0.000000
0.000000
0.000000
0.000000
0.000000
0.000000
0.000000
0.000000
0.000000
0.000000
0.000000
0.000000
0.000000
0.000000
0.000000
0.000000
0.000000
0.000000
0.000000
0.000000
0.000000
0.000000
0.000000
0.000000
0.000000
0.000000
0.000000
0.000000
0.000000
0.000000
0.000000
0.000000
0.000000
0.000000
0.000000
0.000000
0.000000
0.000000
0.000000
0.000000
0.000000
0.000000
0.000000
0.000000
0.000000
0.000000
0.000000
0.000000
0.000000
0.000000
0.000000
0.000000
0.000000
0.000000
0.000000
0.000000
0.000000
0.000000
0.000000
0.000000
0.000000
0.000000
0.000000
0.000000
0.000000
0.000000
0.000000
0.000000
0.000000
0.000000
0.000000
0.000000
0.000000
0.000000
0.000000
0.000000
0.000000
0.000000
0.000000
0.000000
0.000000
0.000000
0.000000
0.000000
0.000000
0.000000
0.000000
0.000000
0.000000
0.000000
0.000000
0.000000
0.000000
0.000000
0.000000
0.000000
0.000000
0.000000
0.000000
0.000000
0.000000
0.000000
0.000000
0.000000
0.000000
0.000000
0.000000
0.000000
0.000000
0.000000
0.000000
0.000000
0.000000
0.000000
0.000000
0.000000
0.000000
0.000000
0.000000
0.000000
0.000000
0.000000
0.000000
0.000000
0.000000
0.000000
0.000000
0.000000
0.000000
0.000000
0.000000
0.000000
0.000000
0.000000
0.000000
0.000000
0.000000
0.000000
0.000000
0.000000
0.000000
0.000000
0.000000
0.000000
0.000000
0.000000
0.000000
0.000000
0.000000
0.000000
0.000000
0.000000
0.000000
0.000000
0.000000
0.000000
0.000000
0.000000
0.000000
0.000000
0.000000
0.000000
0.000000
0.000000
0.000000
0.000000
0.000000
0.000000
0.000000
0.000000
0.000000
0.000000
0.000000
0.000000
0.000000
0.000000
0.000000
0.000000
0.000000
0.000000
0.000000
0.000000
0.000000
0.000000
0.000000
0.000000
0.000000
0.000000
0.000000
0.000000
0.000000
0.000000
0.000000
0.000000
0.000000
0.000000
0.000000
0.000000
0.000000
0.000000
0.000000
0.000000
