0.000043
0.000086
0.000128
0.000173
0.000216
0.000260
0.000306
0.000349
0.000400
0.000441
0.000495
0.000541
0.000590
0.000649
0.000693
0.000753
0.000813
0.000859
0.000929
0.000994
0.001043
0.001117
0.001199
0.001255
0.001317
0.001413
0.001507
0.001573
0.001631
0.001717
0.001839
0.001977
0.002113
0.002240
0.002361
0.002479
0.002599
0.002722
0.002851
0.002985
0.003125
0.003270
0.003422
0.003580
0.003744
0.003916
0.004094
0.004280
0.004473
0.004674
0.004883
0.005100
0.005327
0.005562
0.005806
0.006060
0.006324
0.006598
0.006882
0.007178
0.007484
0.007803
0.008133
0.008475
0.008831
0.009199
0.009581
0.009977
0.010387
0.010812
0.011252
0.011708
0.012180
0.012669
0.013174
0.013698
0.014239
0.014799
0.015378
0.015976
0.016595
0.017234
0.017894
0.018577
0.019281
0.020008
0.020759
0.021534
0.022334
0.023159
0.024010
0.024887
0.025792
0.026724
0.027685
0.028675
0.029695
0.030745
0.031826
0.032939
0.034084
0.035263
0.036475
0.037722
0.039005
0.040323
0.041678
0.043071
0.044501
0.045971
0.047480
0.049029
0.050620
0.052252
0.053927
0.055645
0.057407
0.059214
0.061066
0.062964
0.064910
0.066903
0.068944
0.071035
0.073175
0.075366
0.077607
0.079901
0.082248
0.084647
0.087101
0.089609
0.092172
0.094791
0.097467
0.100199
0.102990
0.105838
0.108745
0.111712
0.114739
0.117826
0.120974
0.124183
0.127455
0.130789
0.134185
0.137645
0.141168
0.144755
0.148406
0.152122
0.155902
0.159748
0.163659
0.167635
0.171677
0.175785
0.179959
0.184198
0.188504
0.192876
0.197314
0.201818
0.206388
0.211023
0.215725
0.220491
0.225323
0.230220
0.235182
0.240208
0.245298
0.250451
0.255668
0.260947
0.266289
0.271691
0.277155
0.282679
0.288262
0.293905
0.299605
0.305362
0.311176
0.317045
0.322969
0.328946
0.334976
0.341057
0.347188
0.353369
0.359597
0.365872
0.372192
0.378556
0.384963
0.391411
0.397899
0.404425
0.410988
0.417586
0.424218
0.430881
0.437575
0.444297
0.451046
0.457820
0.464617
0.471435
0.478273
0.485128
0.491998
0.498882
0.505777
0.512681
0.519593
0.526510
0.533429
0.540350
0.547268
0.554183
0.561092
0.567994
0.574884
0.581763
0.588625
0.595471
0.602297
0.609101
0.615880
0.622632
0.629355
0.636047
0.642704
0.649325
0.655907
0.662447
0.668943
0.675394
0.681796
0.688146
0.694442
0.700684
0.706867
0.712988
0.719047
0.725041
0.730966
0.736822
0.742604
0.748312
0.753942
0.759494
0.764963
0.770349
0.775648
0.780859
0.785979
0.791008
0.795941
0.800778
0.805516
0.810154
0.814688
0.819117
0.823441
0.827656
0.831761
0.835753
0.839633
0.843397
0.847044
0.850573
0.853981
0.857269
0.860433
0.863473
0.866388
0.869176
0.871836
0.874366
0.876766
0.879035
0.881171
0.883174
0.885043
0.886777
0.888375
0.889836
0.891159
0.892346
0.893394
0.894303
0.895073
0.895704
0.896195
0.896545
0.896756
0.896826
0.896756
0.896546
0.896195
0.895705
0.895074
0.894305
0.893395
0.892347
0.891162
0.889838
0.888376
0.886779
0.885045
0.883177
0.881174
0.879038
0.876770
0.874370
0.871840
0.869180
0.866393
0.863478
0.860437
0.857273
0.853986
0.850577
0.847048
0.843401
0.839638
0.835757
0.831765
0.827660
0.823444
0.819122
0.814692
0.810158
0.805521
0.800783
0.795946
0.791013
0.785985
0.780865
0.775654
0.770355
0.764969
0.759500
0.753949
0.748319
0.742611
0.736828
0.730973
0.725047
0.719054
0.712995
0.706874
0.700691
0.694450
0.688154
0.681803
0.675401
0.668952
0.662455
0.655914
0.649332
0.642711
0.636054
0.629363
0.622640
0.615887
0.609108
0.602304
0.595478
0.588633
0.581770
0.574892
0.568001
0.561099
0.554189
0.547275
0.540356
0.533435
0.526516
0.519599
0.512688
0.505783
0.498888
0.492004
0.485134
0.478279
0.471442
0.464624
0.457826
0.451053
0.444304
0.437582
0.430888
0.424224
0.417593
0.410995
0.404432
0.397906
0.391418
0.384970
0.378564
0.372200
0.365880
0.359605
0.353377
0.347197
0.341065
0.334984
0.328955
0.322978
0.317054
0.311185
0.305371
0.299614
0.293913
0.288271
0.282688
0.277164
0.271700
0.266297
0.260956
0.255677
0.250460
0.245306
0.240216
0.235190
0.230229
0.225332
0.220500
0.215733
0.211032
0.206396
0.201826
0.197322
0.192884
0.188512
0.184206
0.179966
0.175792
0.171685
0.167643
0.163666
0.159755
0.155909
0.152129
0.148413
0.144762
0.141175
0.137652
0.134192
0.130795
0.127461
0.124190
0.120980
0.117832
0.114745
0.111718
0.108751
0.105844
0.102995
0.100205
0.097472
0.094796
0.092177
0.089614
0.087106
0.084652
0.082252
0.079906
0.077612
0.075370
0.073179
0.071039
0.068949
0.066907
0.064914
0.062969
0.061070
0.059218
0.057411
0.055649
0.053930
0.052256
0.050623
0.049033
0.047483
0.045974
0.044505
0.043074
0.041681
0.040326
0.039008
0.037726
0.036478
0.035266
0.034087
0.032942
0.031829
0.030747
0.029697
0.028677
0.027687
0.026727
0.025794
0.024890
0.024012
0.023161
0.022336
0.021536
0.020761
0.020010
0.019283
0.018578
0.017896
0.017236
0.016596
0.015978
0.015379
0.014800
0.014240
0.013699
0.013176
0.012670
0.012181
0.011709
0.011253
0.010813
0.010388
0.009978
0.009582
0.009200
0.008832
0.008476
0.008134
0.007804
0.007485
0.007179
0.006883
0.006599
0.006325
0.006061
0.005807
0.005562
0.005327
0.005101
0.004884
0.004674
0.004473
0.004280
0.004094
0.003916
0.003745
0.003580
0.003422
0.003271
0.003125
0.002985
0.002851
0.002723
0.002600
0.002482
0.002368
0.002260
0.002156
0.002056
0.001961
0.001870
0.001782
0.001699
0.001619
0.001542
0.001469
0.001399
0.001332
0.001268
0.001207
0.001149
0.001093
0.001039
0.000989
0.000940
0.000894
0.000849
0.000807
0.000767
0.000728
0.000692
0.000657
0.000624
0.000592
0.000562
0.000533
0.000506
0.000479
0.000455
0.000431
0.000409
0.000387
0.000367
0.000348
0.000329
0.000312
0.000295
0.000279
0.000264
0.000250
0.000237
0.000224
0.000212
0.000200
0.000189
0.000179
0.000169
0.000160
0.000151
0.000142
0.000134
0.000127
0.000120
0.000113
0.000107
0.000100
0.000095
0.000089
0.000084
0.000079
0.000075
0.000070
0.000066
0.000062
0.000059
0.000055
0.000052
0.000049
0.000046
0.000043
0.000041
0.000038
0.000036
0.000034
0.000032
0.000030
0.000028
0.000026
0.000025
0.000023
0.000022
0.000020
0.000019
0.000018
0.000017
0.000016
0.000015
0.000014
0.000013
0.000012
0.000011
0.000011
0.000010
0.000009
0.000009
0.000008
0.000008
0.000007
0.000007
0.000006
0.000006
0.000006
0.000005
0.000005
0.000004
0.000004
0.000004
0.000004
0.000003
0.000003
0.000003
0.000003
0.000003
0.000002
0.000002
0.000002
0.000002
0.000002
0.000002
0.000002
0.000001
0.000001
0.000001
0.000001
0.000001
0.000001
0.000001
0.000001
0.000001
0.000001
0.000001
0.000001
0.000001
0.000001
0.000001
0.000000
0.000000
0.000000
0.000000
0.000000
0.000000
0.000000
0.000000
0.000000
0.000000
0.000000
0.000000
0.000000
0.000000
0.000000
0.000000
0.000000
0.000000
0.000000
0.000000
0.000000
0.000000
0.000000
0.000000
0.000000
0.000000
0.000000
0.000000
0.000000
0.000000
0.000000
0.000000
0.000000
0.000000
0.000000
0.000000
0.000000
0.000000
0.000000
0.000000
0.000000
0.000000
0.000000
0.000000
0.000000
0.000000
0.000000
0.000000
0.000000
0.000000
0.000000
0.000000
0.000000
0.000000
0.000000
0.000000
0.000000
0.000000
0.000000
0.000000
0.000000
0.000000
0.000000
0.000000
0.000000
0.000000
0.000000
0.000000
0.000000
0.000000
0.000000
0.000000
0.000000
0.000000
0.000000
0.000000
0.000000
0.000000
0.000000
0.000000
0.000000
0.000000
0.000000
0.000000
0.000000
0.000000
0.000000
0.000000
0.000000
0.000000
0.000000
0.000000
0.000000
0.000000
0.000000
0.000000
0.000000
0.000000
0.000000
0.000000
0.000000
0.000000
0.000000
0.000000
0.000000
0.000000
0.000000
0.000000
0.000000
0.000000
0.000000
0.000000
0.000000
0.000000
0.000000
0.000000
0.000000
0.000000
0.000000
0.000000
0.000000
0.000000
0.000000
0.000000
0.000000
0.000000
0.000000
0.000000
0.000000
0.000000
0.000000
0.000000
0.000000
0.000000
0.000000
0.000000
0.000000
0.000000
0.000000
0.000000
0.000000
0.000000
0.000000
0.000000
0.000000
0.000000
0.000000
0.000000
0.000000
0.000000
0.000000
0.000000
0.000000
0.000000
0.000000
0.000000
0.000000
0.000000
0.000000
0.000000
0.000000
0.000000
0.000000
0.000000
0.000000
0.000000
0.000000
0.000000
0.000000
0.000000
0.000000
0.000000
0.000000
0.000000
0.000000
0.000000
0.000000
0.000000
0.000000
0.000000
0.000000
0.000000
0.000000
0.000000
0.000000
0.000000
0.000000
0.000000
0.000000
0.000000
0.000000
0.000000
0.000000
0.000000
0.000000
0.000000
0.000000
0.000000
0.000000
0.000000
0.000000
0.000000
0.000000
0.000000
0.000000
0.000000
0.000000
0.000000
0.000000
0.000000
0.000000
0.000000
0.000000
0.000000
0.000000
0.000000
0.000000
0.000000
0.000000
0.000000
0.000000
0.000000
0.000000
0.000000
0.000000
0.000000
0.000000
0.000000
0.000000
0.000000
0.000000
0.000000
0.000000
0.000000
0.000000
0.000000
0.000000
0.000000
0.000000
0.000000
0.000000
0.000000
0.000000
0.000000
0.000000
0.000000
0.000000
0.000000
0.000000
0.000000
0.000000
0.000000
0.000000
0.000000
0.000000
0.000000
0.000000
0.000000
0.000000
0.000000
0.000000
0.000000
0.000000
0.000000
0.000000
0.000000
0.000000
0.000000
0.000000
0.000000
0.000000
0.000000
0.000000
0.000000
0.000000
0.000000
0.000000
0.000000
0.000000
0.000000
0.000000
0.000000
0.000000
0.000000
0.000000
0.000000
0.000000
0.000000
0.000000
0.000000
0.000000
0.000000
0.000000
0.000000
0.000000
