0.000044
0.000088
0.000132
0.000176
0.000223
0.000265
0.000315
0.000357
0.000409
0.000454
0.000504
0.000558
0.000603
0.000664
0.000714
0.000766
0.000834
0.000884
0.000945
0.001021
0.001075
0.001137
0.001225
0.001295
0.001351
0.001435
0.001539
0.001622
0.001682
0.001756
0.001865
0.002001
0.002144
0.002280
0.002408
0.002531
0.002654
0.002781
0.002912
0.003049
0.003191
0.003339
0.003493
0.003654
0.003822
0.003996
0.004178
0.004367
0.004563
0.004768
0.004981
0.005202
0.005432
0.005671
0.005920
0.006178
0.006446
0.006724
0.007014
0.007314
0.007625
0.007949
0.008284
0.008632
0.008993
0.009367
0.009755
0.010156
0.010573
0.011004
0.011451
0.011913
0.012392
0.012888
0.013401
0.013931
0.014480
0.015047
0.015634
0.016241
0.016868
0.017515
0.018184
0.018875
0.019589
0.020326
0.021086
0.021871
0.022680
0.023515
0.024376
0.025264
0.026179
0.027122
0.028094
0.029095
0.030126
0.031187
0.032280
0.033405
0.034563
0.035754
0.036979
0.038238
0.039533
0.040865
0.042233
0.043639
0.045083
0.046566
0.048089
0.049652
0.051257
0.052903
0.054592
0.056325
0.058101
0.059923
0.061790
0.063703
0.065663
0.067671
0.069728
0.071834
0.073989
0.076195
0.078452
0.080761
0.083123
0.085538
0.088006
0.090530
0.093108
0.095742
0.098433
0.101181
0.103986
0.106849
0.109771
0.112753
0.115794
0.118895
0.122057
0.125280
0.128565
0.131912
0.135322
0.138794
0.142330
0.145929
0.149593
0.153320
0.157112
0.160968
0.164890
0.168876
0.172928
0.177045
0.181227
0.185476
0.189789
0.194168
0.198613
0.203123
0.207698
0.212339
0.217044
0.221815
0.226650
0.231549
0.236513
0.241540
0.246630
0.251783
0.256998
0.262276
0.267614
0.273013
0.278472
0.283991
0.289568
0.295203
0.300896
0.306644
0.312448
0.318307
0.324219
0.330183
0.336199
0.342266
0.348382
0.354546
0.360757
0.367013
0.373314
0.379657
0.386042
0.392468
0.398932
0.405434
0.411971
0.418543
0.425147
0.431781
0.438445
0.445137
0.451854
0.458596
0.465359
0.472142
0.478944
0.485763
0.492596
0.499441
0.506296
0.513160
0.520030
0.526905
0.533781
0.540658
0.547532
0.554401
0.561264
0.568118
0.574961
0.581791
0.588604
0.595400
0.602175
0.608928
0.615655
0.622356
0.629026
0.635664
0.642268
0.648835
0.655362
0.661848
0.668290
0.674685
0.681031
0.687325
0.693566
0.699752
0.705879
0.711945
0.717947
0.723885
0.729755
0.735555
0.741282
0.746935
0.752510
0.758007
0.763422
0.768754
0.773999
0.779157
0.784226
0.789202
0.794085
0.798871
0.803559
0.808147
0.812634
0.817016
0.821293
0.825462
0.829522
0.833471
0.837308
0.841031
0.844637
0.848127
0.851498
0.854748
0.857876
0.860882
0.863764
0.866520
0.869149
0.871651
0.874023
0.876266
0.878377
0.880357
0.882204
0.883918
0.885497
0.886941
0.888249
0.889421
0.890457
0.891356
0.892117
0.892741
0.893225
0.893572
0.893780
0.893849
0.893780
0.893572
0.893226
0.892741
0.892118
0.891357
0.890459
0.889423
0.888252
0.886943
0.885499
0.883919
0.882206
0.880360
0.878380
0.876269
0.874027
0.871655
0.869153
0.866524
0.863768
0.860887
0.857881
0.854752
0.851502
0.848131
0.844642
0.841035
0.837313
0.833476
0.829526
0.825466
0.821296
0.817020
0.812638
0.808152
0.803564
0.798876
0.794089
0.789207
0.784231
0.779163
0.774005
0.768759
0.763428
0.758013
0.752516
0.746941
0.741289
0.735561
0.729762
0.723892
0.717954
0.711951
0.705886
0.699759
0.693574
0.687333
0.681038
0.674692
0.668298
0.661856
0.655370
0.648842
0.642276
0.635672
0.629034
0.622363
0.615663
0.608935
0.602183
0.595407
0.588612
0.581798
0.574968
0.568125
0.561270
0.554407
0.547538
0.540664
0.533787
0.526911
0.520036
0.513166
0.506302
0.499447
0.492601
0.485769
0.478951
0.472149
0.465365
0.458602
0.451861
0.445144
0.438452
0.431788
0.425153
0.418549
0.411978
0.405441
0.398939
0.392475
0.386050
0.379665
0.373321
0.367021
0.360764
0.354554
0.348390
0.342274
0.336208
0.330192
0.324228
0.318316
0.312457
0.306653
0.300904
0.295212
0.289577
0.283999
0.278481
0.273022
0.267622
0.262284
0.257007
0.251791
0.246638
0.241548
0.236521
0.231558
0.226658
0.221823
0.217053
0.212347
0.207706
0.203131
0.198621
0.194176
0.189797
0.185483
0.181235
0.177053
0.172935
0.168884
0.164897
0.160976
0.157119
0.153327
0.149600
0.145936
0.142337
0.138801
0.135329
0.131919
0.128572
0.125287
0.122063
0.118901
0.115800
0.112759
0.109777
0.106855
0.103992
0.101186
0.098439
0.095748
0.093113
0.090535
0.088011
0.085543
0.083128
0.080766
0.078457
0.076200
0.073994
0.071838
0.069732
0.067676
0.065668
0.063707
0.061794
0.059927
0.058105
0.056329
0.054596
0.052907
0.051260
0.049656
0.048092
0.046569
0.045086
0.043642
0.042236
0.040868
0.039537
0.038241
0.036982
0.035757
0.034566
0.033408
0.032283
0.031190
0.030128
0.029097
0.028096
0.027124
0.026181
0.025266
0.024378
0.023517
0.022682
0.021873
0.021088
0.020328
0.019591
0.018877
0.018186
0.017517
0.016869
0.016242
0.015636
0.015049
0.014481
0.013933
0.013402
0.012889
0.012393
0.011915
0.011452
0.011005
0.010574
0.010158
0.009756
0.009368
0.008994
0.008633
0.008285
0.007950
0.007626
0.007315
0.007014
0.006725
0.006447
0.006178
0.005920
0.005672
0.005433
0.005203
0.004981
0.004769
0.004564
0.004367
0.004178
0.003997
0.003822
0.003655
0.003494
0.003339
0.003191
0.003049
0.002913
0.002782
0.002656
0.002536
0.002420
0.002310
0.002204
0.002102
0.002005
0.001912
0.001823
0.001737
0.001656
0.001578
0.001503
0.001431
0.001363
0.001298
0.001235
0.001176
0.001119
0.001064
0.001012
0.000963
0.000915
0.000870
0.000827
0.000786
0.000746
0.000709
0.000673
0.000639
0.000607
0.000576
0.000546
0.000518
0.000492
0.000466
0.000442
0.000419
0.000397
0.000376
0.000357
0.000338
0.000320
0.000303
0.000287
0.000271
0.000257
0.000243
0.000230
0.000217
0.000206
0.000194
0.000184
0.000174
0.000164
0.000155
0.000146
0.000138
0.000130
0.000123
0.000116
0.000110
0.000103
0.000097
0.000092
0.000087
0.000082
0.000077
0.000073
0.000068
0.000064
0.000061
0.000057
0.000054
0.000051
0.000048
0.000045
0.000042
0.000040
0.000037
0.000035
0.000033
0.000031
0.000029
0.000027
0.000026
0.000024
0.000023
0.000021
0.000020
0.000019
0.000017
0.000016
0.000015
0.000014
0.000013
0.000013
0.000012
0.000011
0.000010
0.000010
0.000009
0.000009
0.000008
0.000007
0.000007
0.000007
0.000006
0.000006
0.000005
0.000005
0.000005
0.000004
0.000004
0.000004
0.000004
0.000003
0.000003
0.000003
0.000003
0.000002
0.000002
0.000002
0.000002
0.000002
0.000002
0.000002
0.000002
0.000001
0.000001
0.000001
0.000001
0.000001
0.000001
0.000001
0.000001
0.000001
0.000001
0.000001
0.000001
0.000001
0.000001
0.000001
0.000000
0.000000
0.000000
0.000000
0.000000
0.000000
0.000000
0.000000
0.000000
0.000000
0.000000
0.000000
0.000000
0.000000
0.000000
0.000000
0.000000
0.000000
0.000000
0.000000
0.000000
0.000000
0.000000
0.000000
0.000000
0.000000
0.000000
0.000000
0.000000
0.000000
0.000000
0.000000
0.000000
0.000000
0.000000
0.000000
0.000000
0.000000
0.000000
0.000000
0.000000
0.000000
0.000000
0.000000
0.000000
0.000000
0.000000
0.000000
0.000000
0.000000
0.000000
0.000000
0.000000
0.000000
0.000000
0.000000
0.000000
0.000000
0.000000
0.000000
0.000000
0.000000
0.000000
0.000000
0.000000
0.000000
0.000000
0.000000
0.000000
0.000000
0.000000
0.000000
0.000000
0.000000
0.000000
0.000000
0.000000
0.000000
0.000000
0.000000
0.000000
0.000000
0.000000
0.000000
0.000000
0.000000
0.000000
0.000000
0.000000
0.000000
0.000000
0.000000
0.000000
0.000000
0.000000
0.000000
0.000000
0.000000
0.000000
0.000000
0.000000
0.000000
0.000000
0.000000
0.000000
0.000000
0.000000
0.000000
0.000000
0.000000
0.000000
0.000000
0.000000
0.000000
0.000000
0.000000
0.000000
0.000000
0.000000
0.000000
0.000000
0.000000
0.000000
0.000000
0.000000
0.000000
0.000000
0.000000
0.000000
0.000000
0.000000
0.000000
0.000000
0.000000
0.000000
0.000000
0.000000
0.000000
0.000000
0.000000
0.000000
0.000000
0.000000
0.000000
0.000000
0.000000
0.000000
0.000000
0.000000
0.000000
0.000000
0.000000
0.000000
0.000000
0.000000
0.000000
0.000000
0.000000
0.000000
0.000000
0.000000
0.000000
0.000000
0.000000
0.000000
0.000000
0.000000
0.000000
0.000000
0.000000
0.000000
0.000000
0.000000
0.000000
0.000000
0.000000
0.000000
0.000000
0.000000
0.000000
0.000000
0.000000
0.000000
0.000000
0.000000
0.000000
0.000000
0.000000
0.000000
0.000000
0.000000
0.000000
0.000000
0.000000
0.000000
0.000000
0.000000
0.000000
0.000000
0.000000
0.000000
0.000000
0.000000
0.000000
0.000000
0.000000
0.000000
0.000000
0.000000
0.000000
0.000000
0.000000
0.000000
0.000000
0.000000
0.000000
0.000000
0.000000
0.000000
0.000000
0.000000
0.000000
0.000000
0.000000
0.000000
0.000000
0.000000
0.000000
0.000000
0.000000
0.000000
0.000000
0.000000
0.000000
0.000000
0.000000
0.000000
0.000000
0.000000
0.000000
0.000000
0.000000
0.000000
0.000000
0.000000
0.000000
0.000000
0.000000
0.000000
0.000000
0.000000
0.000000
0.000000
0.000000
0.000000
0.000000
0.000000
0.000000
0.000000
0.000000
0.000000
0.000000
0.000000
0.000000
0.000000
0.000000
0.000000
0.000000
0.000000
0.000000
0.000000
0.000000
0.000000
0.000000
0.000000
0.000000
0.000000
0.000000
0.000000
0.000000
0.000000
0.000000
0.000000
0.000000
0.000000
0.000000
0.000000
0.000000
0.000000
0.000000
0.000000
0.000000
0.000000
0.000000
