0.000045
0.000090
0.000136
0.000180
0.000228
0.000272
0.000322
0.000368
0.000417
0.000469
0.000514
0.000573
0.000619
0.000676
0.000736
0.000784
0.000852
0.000912
0.000965
0.001042
0.001109
0.001164
0.001246
0.001331
0.001392
0.001463
0.001566
0.001665
0.001736
0.001803
0.001898
0.002027
0.002173
0.002318
0.002453
0.002583
0.002711
0.002840
0.002974
0.003114
0.003258
0.003409
0.003567
0.003731
0.003901
0.004079
0.004264
0.004456
0.004656
0.004864
0.005081
0.005306
0.005540
0.005783
0.006035
0.006298
0.006571
0.006854
0.007148
0.007453
0.007769
0.008098
0.008438
0.008792
0.009158
0.009538
0.009932
0.010340
0.010762
0.011200
0.011653
0.012123
0.012608
0.013111
0.013631
0.014169
0.014726
0.015301
0.015896
0.016511
0.017146
0.017802
0.018480
0.019180
0.019903
0.020649
0.021419
0.022213
0.023032
0.023877
0.024749
0.025647
0.026573
0.027527
0.028510
0.029522
0.030565
0.031638
0.032743
0.033880
0.035050
0.036253
0.037490
0.038763
0.040071
0.041416
0.042797
0.044216
0.045674
0.047171
0.048708
0.050285
0.051904
0.053565
0.055268
0.057016
0.058807
0.060643
0.062525
0.064454
0.066429
0.068452
0.070524
0.072645
0.074816
0.077037
0.079310
0.081634
0.084011
0.086442
0.088926
0.091464
0.094058
0.096708
0.099414
0.102176
0.104997
0.107875
0.110812
0.113808
0.116863
0.119979
0.123155
0.126393
0.129691
0.133052
0.136475
0.139960
0.143508
0.147120
0.150795
0.154534
0.158338
0.162205
0.166137
0.170134
0.174195
0.178321
0.182513
0.186769
0.191090
0.195477
0.199928
0.204444
0.209025
0.213671
0.218380
0.223154
0.227992
0.232894
0.237859
0.242887
0.247977
0.253130
0.258344
0.263619
0.268954
0.274350
0.279804
0.285317
0.290888
0.296516
0.302200
0.307940
0.313734
0.319581
0.325481
0.331433
0.337436
0.343487
0.349587
0.355734
0.361928
0.368165
0.374446
0.380769
0.387132
0.393535
0.399975
0.406452
0.412963
0.419508
0.426083
0.432689
0.439323
0.445984
0.452669
0.459377
0.466106
0.472854
0.479620
0.486401
0.493196
0.500002
0.506817
0.513640
0.520469
0.527301
0.534133
0.540965
0.547794
0.554618
0.561433
0.568240
0.575035
0.581815
0.588579
0.595324
0.602049
0.608749
0.615425
0.622072
0.628689
0.635274
0.641823
0.648335
0.654808
0.661238
0.667624
0.673963
0.680253
0.686492
0.692676
0.698805
0.704876
0.710885
0.716831
0.722713
0.728526
0.734269
0.739941
0.745537
0.751058
0.756499
0.761859
0.767137
0.772329
0.777433
0.782449
0.787373
0.792204
0.796939
0.801577
0.806116
0.810553
0.814888
0.819118
0.823241
0.827256
0.831161
0.834954
0.838635
0.842201
0.845651
0.848984
0.852196
0.855289
0.858260
0.861108
0.863832
0.866431
0.868903
0.871248
0.873464
0.875550
0.877507
0.879332
0.881025
0.882586
0.884012
0.885305
0.886463
0.887487
0.888374
0.889127
0.889742
0.890221
0.890564
0.890769
0.890837
0.890769
0.890564
0.890222
0.889743
0.889128
0.888376
0.887488
0.886465
0.885307
0.884014
0.882587
0.881027
0.879334
0.877509
0.875553
0.873467
0.871251
0.868907
0.866435
0.863836
0.861113
0.858265
0.855294
0.852201
0.848988
0.845656
0.842206
0.838640
0.834959
0.831166
0.827260
0.823245
0.819122
0.814892
0.810558
0.806120
0.801582
0.796944
0.792209
0.787378
0.782454
0.777439
0.772335
0.767143
0.761865
0.756505
0.751064
0.745544
0.739948
0.734276
0.728533
0.722719
0.716838
0.710892
0.704883
0.698813
0.692684
0.686500
0.680261
0.673971
0.667632
0.661246
0.654815
0.648343
0.641831
0.635281
0.628697
0.622079
0.615432
0.608756
0.602055
0.595331
0.588586
0.581822
0.575042
0.568247
0.561440
0.554623
0.547800
0.540971
0.534139
0.527306
0.520475
0.513646
0.506823
0.500008
0.493202
0.486407
0.479626
0.472861
0.466112
0.459383
0.452675
0.445990
0.439330
0.432696
0.426090
0.419514
0.412970
0.406459
0.399982
0.393542
0.387139
0.380776
0.374454
0.368173
0.361935
0.355742
0.349595
0.343495
0.337444
0.331442
0.325490
0.319590
0.313743
0.307949
0.302209
0.296525
0.290897
0.285326
0.279813
0.274358
0.268963
0.263627
0.258352
0.253138
0.247986
0.242895
0.237868
0.232903
0.228001
0.223163
0.218389
0.213679
0.209033
0.204452
0.199936
0.195484
0.191098
0.186777
0.182520
0.178329
0.174203
0.170141
0.166145
0.162213
0.158345
0.154542
0.150802
0.147127
0.143515
0.139967
0.136482
0.133059
0.129698
0.126399
0.123162
0.119985
0.116870
0.113814
0.110818
0.107881
0.105002
0.102182
0.099419
0.096713
0.094064
0.091470
0.088931
0.086447
0.084016
0.081639
0.079314
0.077042
0.074820
0.072649
0.070528
0.068457
0.066433
0.064458
0.062529
0.060647
0.058811
0.057019
0.055272
0.053569
0.051908
0.050289
0.048711
0.047174
0.045677
0.044220
0.042800
0.041419
0.040074
0.038766
0.037494
0.036256
0.035053
0.033883
0.032746
0.031641
0.030567
0.029525
0.028512
0.027529
0.026575
0.025649
0.024751
0.023880
0.023034
0.022215
0.021421
0.020651
0.019905
0.019182
0.018482
0.017804
0.017148
0.016512
0.015897
0.015303
0.014727
0.014171
0.013633
0.013112
0.012610
0.012124
0.011655
0.011201
0.010764
0.010341
0.009933
0.009539
0.009159
0.008793
0.008439
0.008099
0.007770
0.007454
0.007148
0.006855
0.006571
0.006299
0.006036
0.005784
0.005540
0.005306
0.005081
0.004865
0.004657
0.004456
0.004264
0.004079
0.003902
0.003731
0.003567
0.003410
0.003259
0.003114
0.002975
0.002842
0.002714
0.002591
0.002473
0.002361
0.002253
0.002149
0.002050
0.001955
0.001864
0.001777
0.001694
0.001614
0.001538
0.001465
0.001395
0.001328
0.001264
0.001203
0.001145
0.001090
0.001037
0.000986
0.000937
0.000891
0.000847
0.000805
0.000765
0.000726
0.000690
0.000655
0.000622
0.000590
0.000560
0.000532
0.000504
0.000478
0.000454
0.000430
0.000408
0.000386
0.000366
0.000347
0.000328
0.000311
0.000294
0.000279
0.000264
0.000250
0.000236
0.000223
0.000211
0.000200
0.000189
0.000178
0.000169
0.000159
0.000150
0.000142
0.000134
0.000127
0.000119
0.000113
0.000106
0.000100
0.000095
0.000089
0.000084
0.000079
0.000075
0.000070
0.000066
0.000062
0.000059
0.000055
0.000052
0.000049
0.000046
0.000043
0.000041
0.000038
0.000036
0.000034
0.000032
0.000030
0.000028
0.000026
0.000025
0.000023
0.000022
0.000020
0.000019
0.000018
0.000017
0.000016
0.000015
0.000014
0.000013
0.000012
0.000011
0.000011
0.000010
0.000009
0.000009
0.000008
0.000008
0.000007
0.000007
0.000006
0.000006
0.000006
0.000005
0.000005
0.000004
0.000004
0.000004
0.000004
0.000003
0.000003
0.000003
0.000003
0.000003
0.000002
0.000002
0.000002
0.000002
0.000002
0.000002
0.000002
0.000001
0.000001
0.000001
0.000001
0.000001
0.000001
0.000001
0.000001
0.000001
0.000001
0.000001
0.000001
0.000001
0.000001
0.000001
0.000000
0.000000
0.000000
0.000000
0.000000
0.000000
0.000000
0.000000
0.000000
0.000000
0.000000
0.000000
0.000000
0.000000
0.000000
0.000000
0.000000
0.000000
0.000000
0.000000
0.000000
0.000000
0.000000
0.000000
0.000000
0.000000
0.000000
0.000000
0.000000
0.000000
0.000000
0.000000
0.000000
0.000000
0.000000
0.000000
0.000000
0.000000
0.000000
0.000000
0.000000
0.000000
0.000000
0.000000
0.000000
0.000000
0.000000
0.000000
0.000000
0.000000
0.000000
0.000000
0.000000
0.000000
0.000000
0.000000
0.000000
0.000000
0.000000
0.000000
0.000000
0.000000
0.000000
0.000000
0.000000
0.000000
0.000000
0.000000
0.000000
0.000000
0.000000
0.000000
0.000000
0.000000
0.000000
0.000000
0.000000
0.000000
0.000000
0.000000
0.000000
0.000000
0.000000
0.000000
0.000000
0.000000
0.000000
0.000000
0.000000
0.000000
0.000000
0.000000
0.000000
0.000000
0.000000
0.000000
0.000000
0.000000
0.000000
0.000000
0.000000
0.000000
0.000000
0.000000
0.000000
0.000000
0.000000
0.000000
0.000000
0.000000
0.000000
0.000000
0.000000
0.000000
0.000000
0.000000
0.000000
0.000000
0.000000
0.000000
0.000000
0.000000
0.000000
0.000000
0.000000
0.000000
0.000000
0.000000
0.000000
0.000000
0.000000
0.000000
0.000000
0.000000
0.000000
0.000000
0.000000
0.000000
0.000000
0.000000
0.000000
0.000000
0.000000
0.000000
0.000000
0.000000
0.000000
0.000000
0.000000
0.000000
0.000000
0.000000
0.000000
0.000000
0.000000
0.000000
0.000000
0.000000
0.000000
0.000000
0.000000
0.000000
0.000000
0.000000
0.000000
0.000000
0.000000
0.000000
0.000000
0.000000
0.000000
0.000000
0.000000
0.000000
0.000000
0.000000
0.000000
0.000000
0.000000
0.000000
0.000000
0.000000
0.000000
0.000000
0.000000
0.000000
0.000000
0.000000
0.000000
0.000000
0.000000
0.000000
0.000000
0.000000
0.000000
0.000000
0.000000
0.000000
0.000000
0.000000
0.000000
0.000000
0.000000
0.000000
0.000000
0.000000
0.000000
0.000000
0.000000
0.000000
0.000000
0.000000
0.000000
0.000000
0.000000
0.000000
0.000000
0.000000
0.000000
0.000000
0.000000
0.000000
0.000000
0.000000
0.000000
0.000000
0.000000
0.000000
0.000000
0.000000
0.000000
0.000000
0.000000
0.000000
0.000000
0.000000
0.000000
0.000000
0.000000
0.000000
0.000000
0.000000
0.000000
0.000000
0.000000
0.000000
0.000000
0.000000
0.000000
0.000000
0.000000
0.000000
0.000000
0.000000
0.000000
0.000000
0.000000
0.000000
0.000000
0.000000
0.000000
0.000000
0.000000
0.000000
0.000000
0.000000
0.000000
0.000000
0.000000
0.000000
0.000000
0.000000
0.000000
0.000000
0.000000
0.000000
0.000000
0.000000
0.000000
0.000000
0.000000
0.000000
0.000000
0.000000
0.000000
0.000000
0.000000
0.000000
0.000000
0.000000
0.000000
0.000000
0.000000
0.000000
