0.000046
0.000092
0.000139
0.000185
0.000233
0.000281
0.000328
0.000379
0.000425
0.000481
0.000528
0.000584
0.000639
0.000689
0.000755
0.000806
0.000867
0.000938
0.000991
0.001060
0.001139
0.001197
0.001268
0.001361
0.001435
0.001498
0.001591
0.001701
0.001789
0.001857
0.001939
0.002057
0.002202
0.002353
0.002498
0.002635
0.002768
0.002901
0.003038
0.003180
0.003328
0.003482
0.003642
0.003809
0.003982
0.004163
0.004351
0.004547
0.004751
0.004962
0.005183
0.005412
0.005650
0.005897
0.006154
0.006421
0.006698
0.006986
0.007284
0.007594
0.007916
0.008250
0.008596
0.008955
0.009327
0.009713
0.010113
0.010527
0.010956
0.011400
0.011860
0.012336
0.012829
0.013339
0.013866
0.014412
0.014976
0.015559
0.016162
0.016786
0.017429
0.018094
0.018781
0.019490
0.020222
0.020978
0.021757
0.022562
0.023391
0.024246
0.025128
0.026037
0.026974
0.027939
0.028933
0.029957
0.031011
0.032096
0.033213
0.034363
0.035545
0.036761
0.038011
0.039297
0.040618
0.041976
0.043371
0.044804
0.046275
0.047786
0.049337
0.050929
0.052562
0.054237
0.055956
0.057717
0.059524
0.061375
0.063272
0.065216
0.067207
0.069245
0.071332
0.073469
0.075655
0.077892
0.080180
0.082520
0.084913
0.087359
0.089859
0.092413
0.095022
0.097687
0.100409
0.103187
0.106022
0.108916
0.111867
0.114878
0.117948
0.121078
0.124269
0.127520
0.130833
0.134207
0.137643
0.141142
0.144703
0.148327
0.152014
0.155765
0.159580
0.163458
0.167401
0.171407
0.175479
0.179614
0.183814
0.188079
0.192408
0.196801
0.201259
0.205782
0.210368
0.215018
0.219733
0.224510
0.229351
0.234255
0.239222
0.244250
0.249341
0.254492
0.259705
0.264977
0.270310
0.275701
0.281151
0.286658
0.292222
0.297843
0.303519
0.309249
0.315033
0.320869
0.326757
0.332696
0.338684
0.344721
0.350805
0.356935
0.363110
0.369328
0.375589
0.381890
0.388231
0.394611
0.401027
0.407478
0.413963
0.420480
0.427028
0.433604
0.440207
0.446836
0.453489
0.460163
0.466858
0.473570
0.480299
0.487043
0.493799
0.500565
0.507340
0.514122
0.520908
0.527696
0.534485
0.541272
0.548055
0.554832
0.561600
0.568358
0.575104
0.581835
0.588549
0.595243
0.601916
0.608564
0.615187
0.621780
0.628344
0.634874
0.641369
0.647826
0.654243
0.660617
0.666947
0.673230
0.679463
0.685644
0.691772
0.697844
0.703858
0.709810
0.715699
0.721523
0.727280
0.732966
0.738581
0.744121
0.749586
0.754971
0.760276
0.765499
0.770636
0.775687
0.780649
0.785521
0.790299
0.794983
0.799570
0.804059
0.808448
0.812734
0.816916
0.820993
0.824962
0.828823
0.832573
0.836212
0.839736
0.843146
0.846440
0.849615
0.852671
0.855607
0.858422
0.861113
0.863681
0.866124
0.868440
0.870630
0.872691
0.874624
0.876427
0.878099
0.879641
0.881050
0.882327
0.883471
0.884482
0.885359
0.886102
0.886710
0.887183
0.887521
0.887724
0.887792
0.887724
0.887522
0.887184
0.886711
0.886103
0.885360
0.884484
0.883473
0.882329
0.881052
0.879643
0.878101
0.876429
0.874626
0.872694
0.870633
0.868443
0.866127
0.863685
0.861117
0.858426
0.855612
0.852676
0.849619
0.846444
0.843151
0.839741
0.836216
0.832578
0.828828
0.824967
0.820997
0.816920
0.812737
0.808452
0.804063
0.799575
0.794988
0.790304
0.785526
0.780655
0.775693
0.770642
0.765504
0.760282
0.754977
0.749592
0.744128
0.738588
0.732973
0.727286
0.721529
0.715705
0.709817
0.703865
0.697852
0.691780
0.685652
0.679471
0.673238
0.666955
0.660625
0.654250
0.647833
0.641376
0.634882
0.628352
0.621788
0.615194
0.608571
0.601922
0.595250
0.588556
0.581842
0.575112
0.568365
0.561607
0.554838
0.548060
0.541278
0.534491
0.527702
0.520914
0.514128
0.507346
0.500571
0.493805
0.487048
0.480305
0.473576
0.466864
0.460169
0.453495
0.446843
0.440214
0.433611
0.427034
0.420487
0.413970
0.407485
0.401034
0.394618
0.388239
0.381898
0.375596
0.369336
0.363117
0.356943
0.350813
0.344729
0.338692
0.332704
0.326766
0.320878
0.315042
0.309258
0.303528
0.297852
0.292231
0.286667
0.281159
0.275710
0.270318
0.264986
0.259713
0.254501
0.249349
0.244258
0.239230
0.234263
0.229360
0.224519
0.219741
0.215027
0.210376
0.205790
0.201267
0.196809
0.192415
0.188086
0.183822
0.179622
0.175486
0.171415
0.167408
0.163465
0.159587
0.155772
0.152021
0.148334
0.144710
0.141148
0.137650
0.134214
0.130839
0.127527
0.124275
0.121085
0.117954
0.114884
0.111873
0.108921
0.106028
0.103192
0.100414
0.097693
0.095028
0.092418
0.089864
0.087364
0.084918
0.082525
0.080185
0.077897
0.075660
0.073473
0.071337
0.069250
0.067211
0.065220
0.063276
0.061379
0.059528
0.057721
0.055959
0.054241
0.052566
0.050932
0.049341
0.047789
0.046279
0.044807
0.043374
0.041979
0.040621
0.039300
0.038014
0.036764
0.035548
0.034365
0.033216
0.032099
0.031014
0.029960
0.028936
0.027942
0.026976
0.026040
0.025131
0.024249
0.023393
0.022564
0.021759
0.020980
0.020224
0.019492
0.018783
0.018096
0.017431
0.016787
0.016164
0.015561
0.014978
0.014413
0.013868
0.013340
0.012830
0.012337
0.011861
0.011401
0.010957
0.010528
0.010114
0.009714
0.009328
0.008956
0.008597
0.008251
0.007917
0.007595
0.007285
0.006987
0.006699
0.006422
0.006155
0.005898
0.005650
0.005412
0.005183
0.004963
0.004751
0.004548
0.004352
0.004164
0.003983
0.003809
0.003642
0.003482
0.003328
0.003181
0.003039
0.002903
0.002773
0.002648
0.002528
0.002413
0.002303
0.002197
0.002096
0.001999
0.001906
0.001817
0.001732
0.001651
0.001573
0.001499
0.001427
0.001359
0.001294
0.001232
0.001172
0.001116
0.001061
0.001010
0.000960
0.000913
0.000868
0.000825
0.000784
0.000745
0.000707
0.000672
0.000638
0.000605
0.000575
0.000545
0.000517
0.000491
0.000465
0.000441
0.000418
0.000396
0.000376
0.000356
0.000337
0.000319
0.000302
0.000286
0.000271
0.000256
0.000243
0.000229
0.000217
0.000205
0.000194
0.000183
0.000173
0.000164
0.000155
0.000146
0.000138
0.000130
0.000123
0.000116
0.000109
0.000103
0.000097
0.000092
0.000087
0.000082
0.000077
0.000072
0.000068
0.000064
0.000060
0.000057
0.000054
0.000050
0.000047
0.000045
0.000042
0.000039
0.000037
0.000035
0.000033
0.000031
0.000029
0.000027
0.000026
0.000024
0.000022
0.000021
0.000020
0.000019
0.000017
0.000016
0.000015
0.000014
0.000013
0.000013
0.000012
0.000011
0.000010
0.000010
0.000009
0.000009
0.000008
0.000007
0.000007
0.000007
0.000006
0.000006
0.000005
0.000005
0.000005
0.000004
0.000004
0.000004
0.000004
0.000003
0.000003
0.000003
0.000003
0.000002
0.000002
0.000002
0.000002
0.000002
0.000002
0.000002
0.000002
0.000001
0.000001
0.000001
0.000001
0.000001
0.000001
0.000001
0.000001
0.000001
0.000001
0.000001
0.000001
0.000001
0.000001
0.000001
0.000000
0.000000
0.000000
0.000000
0.000000
0.000000
0.000000
0.000000
0.000000
0.000000
0.000000
0.000000
0.000000
0.000000
0.000000
0.000000
0.000000
0.000000
0.000000
0.000000
0.000000
0.000000
0.000000
0.000000
0.000000
0.000000
0.000000
0.000000
0.000000
0.000000
0.000000
0.000000
0.000000
0.000000
0.000000
0.000000
0.000000
0.000000
0.000000
0.000000
0.000000
0.000000
0.000000
0.000000
0.000000
0.000000
0.000000
0.000000
0.000000
0.000000
0.000000
0.000000
0.000000
0.000000
0.000000
0.000000
0.000000
0.000000
0.000000
0.000000
0.000000
0.000000
0.000000
0.000000
0.000000
0.000000
0.000000
0.000000
0.000000
0.000000
0.000000
0.000000
0.000000
0.000000
0.000000
0.000000
0.000000
0.000000
0.000000
0.000000
0.000000
0.000000
0.000000
0.000000
0.000000
0.000000
0.000000
0.000000
0.000000
0.000000
0.000000
0.000000
0.000000
0.000000
0.000000
0.000000
0.000000
0.000000
0.000000
0.000000
0.000000
0.000000
0.000000
0.000000
0.000000
0.000000
0.000000
0.000000
0.000000
0.000000
0.000000
0.000000
0.000000
0.000000
0.000000
0.000000
0.000000
0.000000
0.000000
0.000000
0.000000
0.000000
0.000000
0.000000
0.000000
0.000000
0.000000
0.000000
0.000000
0.000000
0.000000
0.000000
0.000000
0.000000
0.000000
0.000000
0.000000
0.000000
0.000000
0.000000
0.000000
0.000000
0.000000
0.000000
0.000000
0.000000
0.000000
0.000000
0.000000
0.000000
0.000000
0.000000
0.000000
0.000000
0.000000
0.000000
0.000000
0.000000
0.000000
0.000000
0.000000
0.000000
0.000000
0.000000
0.000000
0.000000
0.000000
0.000000
0.000000
0.000000
0.000000
0.000000
0.000000
0.000000
0.000000
0.000000
0.000000
0.000000
0.000000
0.000000
0.000000
0.000000
0.000000
0.000000
0.000000
0.000000
0.000000
0.000000
0.000000
0.000000
0.000000
0.000000
0.000000
0.000000
0.000000
0.000000
0.000000
0.000000
0.000000
0.000000
0.000000
0.000000
0.000000
0.000000
0.000000
0.000000
0.000000
0.000000
0.000000
0.000000
0.000000
0.000000
0.000000
0.000000
0.000000
0.000000
0.000000
0.000000
0.000000
0.000000
0.000000
0.000000
0.000000
0.000000
0.000000
0.000000
0.000000
0.000000
0.000000
0.000000
0.000000
0.000000
0.000000
0.000000
0.000000
0.000000
0.000000
0.000000
0.000000
0.000000
0.000000
0.000000
0.000000
0.000000
0.000000
0.000000
0.000000
0.000000
0.000000
0.000000
0.000000
0.000000
0.000000
0.000000
0.000000
0.000000
0.000000
0.000000
0.000000
0.000000
0.000000
0.000000
0.000000
0.000000
0.000000
0.000000
0.000000
0.000000
0.000000
0.000000
0.000000
0.000000
0.000000
0.000000
0.000000
0.000000
0.000000
0.000000
0.000000
0.000000
0.000000
0.000000
0.000000
0.000000
0.000000
0.000000
0.000000
0.000000
0.000000
0.000000
0.000000
0.000000
0.000000
