0.000047
0.000095
0.000142
0.000191
0.000237
0.000289
0.000335
0.000389
0.000436
0.000491
0.000544
0.000595
0.000657
0.000706
0.000770
0.000831
0.000885
0.000959
0.001021
0.001081
0.001165
0.001233
0.001296
0.001387
0.001475
0.001541
0.001621
0.001732
0.001837
0.001915
0.001990
0.002094
0.002233
0.002387
0.002540
0.002685
0.002825
0.002963
0.003103
0.003248
0.003398
0.003555
0.003718
0.003888
0.004065
0.004249
0.004441
0.004640
0.004847
0.005063
0.005287
0.005520
0.005762
0.006013
0.006275
0.006546
0.006828
0.007120
0.007424
0.007739
0.008066
0.008405
0.008757
0.009121
0.009499
0.009891
0.010297
0.010717
0.011153
0.011604
0.012070
0.012554
0.013054
0.013571
0.014106
0.014659
0.015231
0.015823
0.016434
0.017066
0.017718
0.018392
0.019088
0.019806
0.020548
0.021313
0.022102
0.022916
0.023756
0.024622
0.025515
0.026434
0.027382
0.028359
0.029364
0.030400
0.031466
0.032563
0.033692
0.034854
0.036048
0.037277
0.038541
0.039839
0.041174
0.042545
0.043954
0.045401
0.046886
0.048411
0.049976
0.051583
0.053230
0.054920
0.056654
0.058431
0.060252
0.062118
0.064031
0.065990
0.067996
0.070050
0.072153
0.074305
0.076507
0.078760
0.081064
0.083420
0.085828
0.088290
0.090805
0.093375
0.096000
0.098681
0.101418
0.104211
0.107062
0.109971
0.112937
0.115963
0.119048
0.122193
0.125398
0.128663
0.131990
0.135378
0.138827
0.142339
0.145913
0.149549
0.153249
0.157011
0.160837
0.164727
0.168680
0.172697
0.176778
0.180923
0.185132
0.189405
0.193742
0.198142
0.202607
0.207135
0.211727
0.216382
0.221101
0.225882
0.230726
0.235632
0.240599
0.245629
0.250719
0.255870
0.261081
0.266351
0.271680
0.277067
0.282512
0.288013
0.293571
0.299184
0.304851
0.310571
0.316345
0.322170
0.328045
0.333971
0.339944
0.345966
0.352034
0.358146
0.364303
0.370502
0.376742
0.383022
0.389340
0.395696
0.402088
0.408513
0.414972
0.421461
0.427979
0.434525
0.441098
0.447695
0.454314
0.460955
0.467614
0.474290
0.480982
0.487688
0.494405
0.501131
0.507865
0.514604
0.521348
0.528092
0.534836
0.541578
0.548314
0.555044
0.561765
0.568474
0.575170
0.581851
0.588514
0.595156
0.601777
0.608372
0.614942
0.621481
0.627991
0.634466
0.640905
0.647306
0.653667
0.659985
0.666258
0.672484
0.678660
0.684784
0.690854
0.696868
0.702824
0.708719
0.714550
0.720316
0.726016
0.731645
0.737203
0.742686
0.748094
0.753423
0.758672
0.763839
0.768922
0.773919
0.778827
0.783645
0.788371
0.793003
0.797539
0.801977
0.806316
0.810554
0.814688
0.818718
0.822641
0.826457
0.830164
0.833759
0.837242
0.840612
0.843866
0.847004
0.850023
0.852924
0.855704
0.858363
0.860900
0.863313
0.865601
0.867764
0.869799
0.871708
0.873489
0.875140
0.876663
0.878055
0.879316
0.880446
0.881444
0.882310
0.883043
0.883644
0.884111
0.884445
0.884646
0.884712
0.884646
0.884446
0.884112
0.883645
0.883044
0.882311
0.881446
0.880448
0.879318
0.878057
0.876665
0.875143
0.873491
0.871711
0.869802
0.867767
0.865604
0.863316
0.860904
0.858368
0.855709
0.852928
0.850028
0.847008
0.843871
0.840617
0.837248
0.833764
0.830168
0.826462
0.822646
0.818722
0.814692
0.810557
0.806320
0.801982
0.797543
0.793007
0.788376
0.783650
0.778832
0.773924
0.768928
0.763845
0.758678
0.753429
0.748100
0.742693
0.737209
0.731652
0.726022
0.720323
0.714557
0.708726
0.702831
0.696876
0.690862
0.684792
0.678668
0.672492
0.666266
0.659993
0.653675
0.647314
0.640913
0.634473
0.627998
0.621489
0.614949
0.608380
0.601783
0.595163
0.588520
0.581858
0.575177
0.568481
0.561771
0.555050
0.548320
0.541584
0.534842
0.528098
0.521353
0.514610
0.507871
0.501137
0.494410
0.487693
0.480988
0.474296
0.467620
0.460961
0.454320
0.447701
0.441104
0.434532
0.427986
0.421467
0.414978
0.408520
0.402095
0.395703
0.389348
0.383029
0.376749
0.370509
0.364310
0.358154
0.352041
0.345974
0.339953
0.333979
0.328054
0.322179
0.316354
0.310580
0.304860
0.299192
0.293580
0.288022
0.282520
0.277076
0.271688
0.266359
0.261089
0.255878
0.250727
0.245637
0.240608
0.235640
0.230734
0.225890
0.221109
0.216391
0.211735
0.207143
0.202615
0.198150
0.193749
0.189412
0.185139
0.180931
0.176786
0.172705
0.168688
0.164734
0.160845
0.157019
0.153256
0.149556
0.145920
0.142346
0.138834
0.135384
0.131996
0.128670
0.125404
0.122199
0.119054
0.115969
0.112943
0.109976
0.107068
0.104217
0.101423
0.098686
0.096006
0.093381
0.090811
0.088295
0.085833
0.083425
0.081069
0.078764
0.076512
0.074310
0.072157
0.070055
0.068000
0.065994
0.064035
0.062123
0.060256
0.058434
0.056657
0.054924
0.053234
0.051586
0.049980
0.048415
0.046889
0.045404
0.043957
0.042548
0.041177
0.039842
0.038544
0.037280
0.036051
0.034856
0.033695
0.032566
0.031468
0.030402
0.029367
0.028361
0.027385
0.026437
0.025517
0.024624
0.023758
0.022919
0.022104
0.021315
0.020550
0.019808
0.019090
0.018394
0.017720
0.017067
0.016436
0.015825
0.015233
0.014661
0.014107
0.013572
0.013055
0.012555
0.012072
0.011605
0.011154
0.010719
0.010298
0.009892
0.009500
0.009122
0.008758
0.008406
0.008067
0.007740
0.007425
0.007121
0.006829
0.006547
0.006276
0.006014
0.005763
0.005521
0.005288
0.005063
0.004848
0.004641
0.004441
0.004250
0.004066
0.003889
0.003719
0.003556
0.003399
0.003249
0.003104
0.002966
0.002833
0.002705
0.002583
0.002466
0.002354
0.002246
0.002143
0.002044
0.001949
0.001859
0.001772
0.001689
0.001609
0.001533
0.001461
0.001391
0.001325
0.001261
0.001200
0.001142
0.001087
0.001034
0.000983
0.000935
0.000889
0.000845
0.000803
0.000763
0.000725
0.000688
0.000654
0.000621
0.000589
0.000559
0.000530
0.000503
0.000477
0.000453
0.000429
0.000407
0.000386
0.000365
0.000346
0.000328
0.000310
0.000294
0.000278
0.000263
0.000249
0.000236
0.000223
0.000211
0.000199
0.000188
0.000178
0.000168
0.000159
0.000150
0.000142
0.000134
0.000126
0.000119
0.000113
0.000106
0.000100
0.000094
0.000089
0.000084
0.000079
0.000075
0.000070
0.000066
0.000062
0.000059
0.000055
0.000052
0.000049
0.000046
0.000043
0.000041
0.000038
0.000036
0.000034
0.000032
0.000030
0.000028
0.000026
0.000025
0.000023
0.000022
0.000020
0.000019
0.000018
0.000017
0.000016
0.000015
0.000014
0.000013
0.000012
0.000011
0.000011
0.000010
0.000009
0.000009
0.000008
0.000008
0.000007
0.000007
0.000006
0.000006
0.000005
0.000005
0.000005
0.000004
0.000004
0.000004
0.000004
0.000003
0.000003
0.000003
0.000003
0.000003
0.000002
0.000002
0.000002
0.000002
0.000002
0.000002
0.000002
0.000001
0.000001
0.000001
0.000001
0.000001
0.000001
0.000001
0.000001
0.000001
0.000001
0.000001
0.000001
0.000001
0.000001
0.000001
0.000000
0.000000
0.000000
0.000000
0.000000
0.000000
0.000000
0.000000
0.000000
0.000000
0.000000
0.000000
0.000000
0.000000
0.000000
0.000000
0.000000
0.000000
0.000000
0.000000
0.000000
0.000000
0.000000
0.000000
0.000000
0.000000
0.000000
0.000000
0.000000
0.000000
0.000000
0.000000
0.000000
0.000000
0.000000
0.000000
0.000000
0.000000
0.000000
0.000000
0.000000
0.000000
0.000000
0.000000
0.000000
0.000000
0.000000
0.000000
0.000000
0.000000
0.000000
0.000000
0.000000
0.000000
0.000000
0.000000
0.000000
0.000000
0.000000
0.000000
0.000000
0.000000
0.000000
0.000000
0.000000
0.000000
0.000000
0.000000
0.000000
0.000000
0.000000
0.000000
0.000000
0.000000
0.000000
0.000000
0.000000
0.000000
0.000000
0.000000
0.000000
0.000000
0.000000
0.000000
0.000000
0.000000
0.000000
0.000000
0.000000
0.000000
0.000000
0.000000
0.000000
0.000000
0.000000
0.000000
0.000000
0.000000
0.000000
0.000000
0.000000
0.000000
0.000000
0.000000
0.000000
0.000000
0.000000
0.000000
0.000000
0.000000
0.000000
0.000000
0.000000
0.000000
0.000000
0.000000
0.000000
0.000000
0.000000
0.000000
0.000000
0.000000
0.000000
0.000000
0.000000
0.000000
0.000000
0.000000
0.000000
0.000000
0.000000
0.000000
0.000000
0.000000
0.000000
0.000000
0.000000
0.000000
0.000000
0.000000
0.000000
0.000000
0.000000
0.000000
0.000000
0.000000
0.000000
0.000000
0.000000
0.000000
0.000000
0.000000
0.000000
0.000000
0.000000
0.000000
0.000000
0.000000
0.000000
0.000000
0.000000
0.000000
0.000000
0.000000
0.000000
0.000000
0.000000
0.000000
0.000000
0.000000
0.000000
0.000000
0.000000
0.000000
0.000000
0.000000
0.000000
0.000000
0.000000
0.000000
0.000000
0.000000
0.000000
0.000000
0.000000
0.000000
0.000000
0.000000
0.000000
0.000000
0.000000
0.000000
0.000000
0.000000
0.000000
0.000000
0.000000
0.000000
0.000000
0.000000
0.000000
0.000000
0.000000
0.000000
0.000000
0.000000
0.000000
0.000000
0.000000
0.000000
0.000000
0.000000
0.000000
0.000000
0.000000
0.000000
0.000000
0.000000
0.000000
0.000000
0.000000
0.000000
0.000000
0.000000
0.000000
0.000000
0.000000
0.000000
0.000000
0.000000
0.000000
0.000000
0.000000
0.000000
0.000000
0.000000
0.000000
0.000000
0.000000
0.000000
0.000000
0.000000
0.000000
0.000000
0.000000
0.000000
0.000000
0.000000
0.000000
0.000000
0.000000
0.000000
0.000000
0.000000
0.000000
0.000000
0.000000
0.000000
0.000000
0.000000
0.000000
0.000000
0.000000
0.000000
0.000000
0.000000
0.000000
0.000000
0.000000
0.000000
0.000000
0.000000
0.000000
0.000000
0.000000
0.000000
0.000000
0.000000
0.000000
0.000000
0.000000
0.000000
0.000000
0.000000
0.000000
0.000000
0.000000
0.000000
0.000000
0.000000
0.000000
0.000000
0.000000
