0.000016
0.000003
0.000033
0.000114
0.000161
0.000180
0.000192
0.000203
0.000215
0.000228
0.000242
0.000256
0.000271
0.000287
0.000304
0.000322
0.000341
0.000360
0.000381
0.000403
0.000426
0.000450
0.000476
0.000503
0.000531
0.000561
0.000593
0.000626
0.000661
0.000697
0.000736
0.000776
0.000819
0.000863
0.000910
0.000960
0.001011
0.001066
0.001123
0.001183
0.001245
0.001311
0.001380
0.001453
0.001529
0.001608
0.001691
0.001779
0.001870
0.001966
0.002066
0.002171
0.002281
0.002396
0.002516
0.002642
0.002773
0.002911
0.003054
0.003204
0.003361
0.003525
0.003696
0.003874
0.004060
0.004254
0.004457
0.004669
0.004889
0.005119
0.005359
0.005609
0.005869
0.006140
0.006422
0.006716
0.007022
0.007341
0.007672
0.008017
0.008376
0.008749
0.009136
0.009539
0.009958
0.010393
0.010845
0.011314
0.011802
0.012307
0.012832
0.013377
0.013942
0.014528
0.015136
0.015765
0.016418
0.017095
0.017795
0.018521
0.019272
0.020050
0.020856
0.021689
0.022551
0.023443
0.024365
0.025318
0.026303
0.027321
0.028373
0.029460
0.030582
0.031740
0.032936
0.034170
0.035443
0.036757
0.038111
0.039507
0.040947
0.042430
0.043959
0.045533
0.047154
0.048824
0.050542
0.052310
0.054130
0.056001
0.057926
0.059905
0.061939
0.064030
0.066178
0.068384
0.070650
0.072976
0.075364
0.077815
0.080329
0.082908
0.085552
0.088263
0.091043
0.093890
0.096808
0.099797
0.102857
0.105990
0.109196
0.112477
0.115834
0.119267
0.122777
0.126366
0.130033
0.133780
0.137608
0.141517
0.145508
0.149581
0.153739
0.157980
0.162305
0.166716
0.171213
0.175796
0.180466
0.185222
0.190067
0.194999
0.200019
0.205127
0.210324
0.215610
0.220985
0.226448
0.232000
0.237641
0.243370
0.249188
0.255094
0.261088
0.267170
0.273339
0.279594
0.285936
0.292363
0.298875
0.305472
0.312151
0.318913
0.325757
0.332681
0.339684
0.346766
0.353925
0.361160
0.368469
0.375851
0.383305
0.390828
0.398420
0.406078
0.413801
0.421586
0.429433
0.437338
0.445301
0.453317
0.461386
0.469505
0.477672
0.485884
0.494138
0.502433
0.510765
0.519132
0.527530
0.535958
0.544411
0.552888
0.561385
0.569898
0.578426
0.586964
0.595509
0.604059
0.612609
0.621156
0.629697
0.638228
0.646745
0.655246
0.663726
0.672182
0.680609
0.689006
0.697366
0.705688
0.713966
0.722197
0.730378
0.738504
0.746571
0.754577
0.762516
0.770385
0.778180
0.785897
0.793533
0.801083
0.808543
0.815911
0.823181
0.830351
0.837416
0.844373
0.851218
0.857948
0.864558
0.871046
0.877407
0.883639
0.889737
0.895699
0.901521
0.907200
0.912733
0.918117
0.923348
0.928424
0.933342
0.938099
0.942692
0.947119
0.951377
0.955463
0.959376
0.963113
0.966671
0.970050
0.973246
0.976258
0.979084
0.981723
0.984172
0.986431
0.988498
0.990372
0.992052
0.993537
0.994825
0.995916
0.996810
0.997506
0.998003
0.998302
0.998401
0.998302
0.998003
0.997506
0.996810
0.995917
0.994825
0.993537
0.992053
0.990373
0.988500
0.986433
0.984174
0.981725
0.979086
0.976260
0.973248
0.970052
0.966674
0.963115
0.959378
0.955466
0.951379
0.947121
0.942695
0.938102
0.933345
0.928427
0.923351
0.918120
0.912737
0.907204
0.901525
0.895703
0.889741
0.883643
0.877411
0.871050
0.864562
0.857952
0.851223
0.844378
0.837421
0.830356
0.823186
0.815916
0.808548
0.801088
0.793538
0.785902
0.778185
0.770390
0.762521
0.754582
0.746577
0.738510
0.730384
0.722203
0.713972
0.705694
0.697373
0.689012
0.680616
0.672188
0.663733
0.655253
0.646753
0.638235
0.629704
0.621164
0.612617
0.604067
0.595518
0.586972
0.578434
0.569907
0.561393
0.552897
0.544420
0.535967
0.527539
0.519141
0.510774
0.502442
0.494148
0.485893
0.477682
0.469515
0.461396
0.453327
0.445310
0.437348
0.429443
0.421596
0.413811
0.406088
0.398430
0.390838
0.383314
0.375861
0.368479
0.361170
0.353935
0.346776
0.339694
0.332691
0.325767
0.318923
0.312161
0.305482
0.298885
0.292373
0.285946
0.279604
0.273349
0.267180
0.261098
0.255104
0.249198
0.243380
0.237650
0.232009
0.226457
0.220994
0.215619
0.210334
0.205137
0.200028
0.195008
0.190076
0.185231
0.180474
0.175805
0.171222
0.166725
0.162314
0.157988
0.153747
0.149589
0.145516
0.141525
0.137616
0.133788
0.130041
0.126373
0.122785
0.119274
0.115841
0.112484
0.109203
0.105996
0.102863
0.099803
0.096815
0.093897
0.091049
0.088270
0.085558
0.082913
0.080334
0.077820
0.075370
0.072982
0.070655
0.068389
0.066183
0.064035
0.061944
0.059910
0.057931
0.056006
0.054134
0.052315
0.050546
0.048828
0.047158
0.045537
0.043963
0.042434
0.040951
0.039511
0.038115
0.036760
0.035447
0.034173
0.032939
0.031743
0.030585
0.029463
0.028376
0.027324
0.026306
0.025320
0.024367
0.023445
0.022553
0.021691
0.020858
0.020053
0.019275
0.018523
0.017797
0.017096
0.016420
0.015767
0.015137
0.014530
0.013944
0.013379
0.012834
0.012309
0.011803
0.011316
0.010846
0.010394
0.009959
0.009540
0.009137
0.008750
0.008377
0.008018
0.007673
0.007342
0.007023
0.006717
0.006423
0.006141
0.005870
0.005609
0.005360
0.005120
0.004890
0.004669
0.004458
0.004255
0.004061
0.003875
0.003696
0.003525
0.003361
0.003205
0.003055
0.002911
0.002774
0.002642
0.002517
0.002396
0.002281
0.002172
0.002067
0.001966
0.001871
0.001779
0.001692
0.001608
0.001529
0.001453
0.001380
0.001311
0.001246
0.001183
0.001123
0.001066
0.001011
0.000960
0.000910
0.000863
0.000819
0.000776
0.000736
0.000697
0.000661
0.000626
0.000593
0.000561
0.000531
0.000503
0.000476
0.000450
0.000426
0.000403
0.000381
0.000360
0.000341
0.000322
0.000304
0.000287
0.000271
0.000256
0.000242
0.000228
0.000215
0.000203
0.000192
0.000181
0.000171
0.000161
0.000152
0.000143
0.000135
0.000127
0.000119
0.000112
0.000106
0.000100
0.000094
0.000088
0.000083
0.000078
0.000073
0.000069
0.000065
0.000061
0.000057
0.000054
0.000051
0.000047
0.000045
0.000042
0.000039
0.000037
0.000035
0.000032
0.000030
0.000028
0.000027
0.000025
0.000023
0.000022
0.000021
0.000019
0.000018
0.000017
0.000016
0.000015
0.000014
0.000013
0.000012
0.000011
0.000011
0.000010
0.000009
0.000009
0.000008
0.000008
0.000007
0.000007
0.000006
0.000006
0.000005
0.000005
0.000005
0.000004
0.000004
0.000004
0.000003
0.000003
0.000003
0.000003
0.000003
0.000002
0.000002
0.000002
0.000002
0.000002
0.000002
0.000002
0.000001
0.000001
0.000001
0.000001
0.000001
0.000001
0.000001
0.000001
0.000001
0.000001
0.000001
0.000001
0.000001
0.000001
0.000001
0.000000
0.000000
0.000000
0.000000
0.000000
0.000000
0.000000
0.000000
0.000000
0.000000
0.000000
0.000000
0.000000
0.000000
0.000000
0.000000
0.000000
0.000000
0.000000
0.000000
0.000000
0.000000
0.000000
0.000000
0.000000
0.000000
0.000000
0.000000
0.000000
0.000000
0.000000
0.000000
0.000000
0.000000
0.000000
0.000000
0.000000
0.000000
0.000000
0.000000
0.000000
0.000000
0.000000
0.000000
0.000000
0.000000
0.000000
0.000000
0.000000
0.000000
0.000000
0.000000
0.000000
0.000000
0.000000
0.000000
0.000000
0.000000
0.000000
0.000000
0.000000
0.000000
0.000000
0.000000
0.000000
0.000000
0.000000
0.000000
0.000000
0.000000
0.000000
0.000000
0.000000
0.000000
0.000000
0.000000
0.000000
0.000000
0.000000
0.000000
0.000000
0.000000
0.000000
0.000000
0.000000
0.000000
0.000000
0.000000
0.000000
0.000000
0.000000
0.000000
0.000000
0.000000
0.000000
0.000000
0.000000
0.000000
0.000000
0.000000
0.000000
0.000000
0.000000
0.000000
0.000000
0.000000
0.000000
0.000000
0.000000
0.000000
0.000000
0.000000
0.000000
0.000000
0.000000
0.000000
0.000000
0.000000
0.000000
0.000000
0.000000
0.000000
0.000000
0.000000
0.000000
0.000000
0.000000
0.000000
0.000000
0.000000
0.000000
0.000000
0.000000
0.000000
0.000000
0.000000
0.000000
0.000000
0.000000
0.000000
0.000000
0.000000
0.000000
0.000000
0.000000
0.000000
0.000000
0.000000
0.000000
0.000000
0.000000
0.000000
0.000000
0.000000
0.000000
0.000000
0.000000
0.000000
0.000000
0.000000
0.000000
0.000000
0.000000
0.000000
0.000000
0.000000
0.000000
0.000000
0.000000
0.000000
0.000000
0.000000
0.000000
0.000000
0.000000
0.000000
0.000000
0.000000
0.000000
0.000000
0.000000
0.000000
0.000000
0.000000
0.000000
0.000000
0.000000
0.000000
0.000000
0.000000
0.000000
0.000000
0.000000
0.000000
0.000000
0.000000
0.000000
0.000000
0.000000
0.000000
0.000000
0.000000
0.000000
0.000000
0.000000
0.000000
0.000000
0.000000
0.000000
0.000000
0.000000
0.000000
0.000000
0.000000
0.000000
0.000000
0.000000
0.000000
0.000000
0.000000
0.000000
0.000000
0.000000
0.000000
0.000000
0.000000
0.000000
0.000000
0.000000
0.000000
0.000000
0.000000
0.000000
0.000000
0.000000
0.000000
0.000000
0.000000
0.000000
0.000000
0.000000
0.000000
0.000000
0.000000
0.000000
0.000000
0.000000
0.000000
0.000000
0.000000
0.000000
0.000000
0.000000
0.000000
0.000000
0.000000
0.000000
0.000000
0.000000
0.000000
0.000000
0.000000
0.000000
0.000000
0.000000
0.000000
0.000000
0.000000
0.000000
0.000000
0.000000
0.000000
0.000000
0.000000
0.000000
0.000000
0.000000
0.000000
0.000000
0.000000
0.000000
0.000000
0.000000
0.000000
0.000000
0.000000
0.000000
0.000000
0.000000
0.000000
0.000000
0.000000
0.000000
0.000000
0.000000
0.000000
0.000000
0.000000
0.000000
0.000000
0.000000
0.000000
0.000000
0.000000
0.000000
0.000000
0.000000
0.000000
0.000000
0.000000
0.000000
0.000000
0.000000
0.000000
0.000000
0.000000
0.000000
0.000000
