0.000048
0.000098
0.000145
0.000196
0.000243
0.000296
0.000344
0.000397
0.000449
0.000501
0.000559
0.000609
0.000672
0.000727
0.000785
0.000854
0.000908
0.000977
0.001050
0.001108
0.001186
0.001268
0.001331
0.001411
0.001510
0.001588
0.001659
0.001762
0.001878
0.001972
0.002048
0.002139
0.002267
0.002421
0.002580
0.002735
0.002881
0.003025
0.003169
0.003317
0.003471
0.003630
0.003797
0.003970
0.004150
0.004337
0.004532
0.004735
0.004946
0.005165
0.005393
0.005630
0.005877
0.006132
0.006398
0.006674
0.006961
0.007258
0.007567
0.007887
0.008219
0.008564
0.008921
0.009291
0.009675
0.010073
0.010485
0.010912
0.011354
0.011811
0.012285
0.012775
0.013283
0.013807
0.014350
0.014911
0.015492
0.016091
0.016711
0.017351
0.018012
0.018695
0.019400
0.020128
0.020879
0.021654
0.022453
0.023278
0.024128
0.025004
0.025908
0.026839
0.027798
0.028785
0.029803
0.030850
0.031928
0.033037
0.034179
0.035353
0.036561
0.037802
0.039079
0.040391
0.041739
0.043124
0.044546
0.046007
0.047507
0.049046
0.050626
0.052247
0.053909
0.055614
0.057363
0.059155
0.060991
0.062873
0.064801
0.066776
0.068798
0.070867
0.072986
0.075154
0.077372
0.079641
0.081960
0.084332
0.086757
0.089234
0.091766
0.094351
0.096992
0.099689
0.102441
0.105250
0.108116
0.111040
0.114022
0.117063
0.120163
0.123322
0.126542
0.129821
0.133162
0.136564
0.140027
0.143551
0.147138
0.150788
0.154499
0.158274
0.162111
0.166012
0.169976
0.174003
0.178094
0.182248
0.186466
0.190747
0.195091
0.199499
0.203970
0.208505
0.213102
0.217762
0.222484
0.227269
0.232116
0.237024
0.241993
0.247022
0.252113
0.257262
0.262471
0.267739
0.273064
0.278447
0.283887
0.289382
0.294933
0.300538
0.306196
0.311907
0.317670
0.323483
0.329346
0.335258
0.341217
0.347223
0.353274
0.359369
0.365506
0.371685
0.377905
0.384163
0.390459
0.396791
0.403157
0.409557
0.415988
0.422448
0.428938
0.435454
0.441994
0.448559
0.455145
0.461751
0.468375
0.475015
0.481669
0.488335
0.495013
0.501699
0.508391
0.515088
0.521788
0.528488
0.535187
0.541882
0.548572
0.555254
0.561926
0.568586
0.575232
0.581863
0.588473
0.595064
0.601632
0.608174
0.614689
0.621175
0.627629
0.634048
0.640432
0.646777
0.653081
0.659342
0.665557
0.671725
0.677843
0.683910
0.689922
0.695878
0.701775
0.707612
0.713385
0.719093
0.724734
0.730306
0.735805
0.741232
0.746583
0.751855
0.757048
0.762159
0.767187
0.772128
0.776982
0.781746
0.786419
0.790999
0.795483
0.799870
0.804160
0.808348
0.812434
0.816417
0.820294
0.824064
0.827727
0.831279
0.834720
0.838049
0.841263
0.844363
0.847346
0.850210
0.852957
0.855583
0.858088
0.860471
0.862730
0.864866
0.866876
0.868761
0.870519
0.872149
0.873652
0.875027
0.876272
0.877388
0.878373
0.879228
0.879952
0.880544
0.881006
0.881335
0.881534
0.881600
0.881534
0.881336
0.881006
0.880546
0.879953
0.879229
0.878375
0.877389
0.876274
0.875029
0.873655
0.872152
0.870521
0.868763
0.866879
0.864869
0.862733
0.860474
0.858092
0.855587
0.852961
0.850215
0.847350
0.844367
0.841268
0.838054
0.834726
0.831284
0.827731
0.824069
0.820298
0.816420
0.812438
0.808352
0.804163
0.799875
0.795487
0.791003
0.786424
0.781751
0.776987
0.772134
0.767192
0.762165
0.757054
0.751862
0.746589
0.741239
0.735812
0.730312
0.724741
0.719100
0.713392
0.707619
0.701782
0.695885
0.689930
0.683918
0.677852
0.671734
0.665565
0.659350
0.653089
0.646784
0.640439
0.634056
0.627636
0.621182
0.614696
0.608181
0.601638
0.595071
0.588480
0.581869
0.575239
0.568593
0.561933
0.555260
0.548578
0.541888
0.535193
0.528494
0.521794
0.515094
0.508397
0.501704
0.495018
0.488341
0.481674
0.475020
0.468381
0.461757
0.455151
0.448565
0.442001
0.435460
0.428944
0.422455
0.415994
0.409563
0.403164
0.396798
0.390466
0.384170
0.377912
0.371693
0.365514
0.359376
0.353282
0.347231
0.341225
0.335266
0.329355
0.323492
0.317679
0.311916
0.306205
0.300547
0.294942
0.289391
0.283896
0.278456
0.273073
0.267747
0.262480
0.257271
0.252121
0.247031
0.242001
0.237032
0.232124
0.227277
0.222493
0.217770
0.213110
0.208513
0.203978
0.199507
0.195099
0.190754
0.186473
0.182255
0.178101
0.174010
0.169983
0.166019
0.162118
0.158281
0.154506
0.150795
0.147145
0.143558
0.140033
0.136570
0.133169
0.129828
0.126548
0.123328
0.120169
0.117069
0.114028
0.111046
0.108122
0.105256
0.102447
0.099694
0.096998
0.094357
0.091771
0.089239
0.086762
0.084337
0.081965
0.079645
0.077376
0.075158
0.072991
0.070872
0.068802
0.066780
0.064805
0.062877
0.060995
0.059159
0.057366
0.055618
0.053913
0.052250
0.050630
0.049050
0.047510
0.046011
0.044550
0.043127
0.041742
0.040394
0.039082
0.037805
0.036564
0.035356
0.034182
0.033040
0.031931
0.030852
0.029805
0.028788
0.027800
0.026841
0.025910
0.025007
0.024130
0.023280
0.022455
0.021656
0.020881
0.020130
0.019402
0.018697
0.018014
0.017353
0.016713
0.016093
0.015493
0.014913
0.014352
0.013809
0.013284
0.012777
0.012286
0.011813
0.011355
0.010913
0.010486
0.010074
0.009676
0.009292
0.008922
0.008565
0.008220
0.007888
0.007568
0.007259
0.006961
0.006675
0.006399
0.006133
0.005877
0.005631
0.005394
0.005166
0.004947
0.004736
0.004533
0.004338
0.004150
0.003970
0.003797
0.003631
0.003471
0.003318
0.003171
0.003030
0.002894
0.002765
0.002640
0.002520
0.002406
0.002296
0.002191
0.002090
0.001994
0.001901
0.001813
0.001728
0.001647
0.001569
0.001495
0.001424
0.001356
0.001291
0.001229
0.001170
0.001113
0.001059
0.001007
0.000958
0.000911
0.000866
0.000823
0.000782
0.000743
0.000706
0.000670
0.000636
0.000604
0.000573
0.000544
0.000516
0.000490
0.000464
0.000440
0.000417
0.000396
0.000375
0.000355
0.000336
0.000319
0.000302
0.000286
0.000270
0.000256
0.000242
0.000229
0.000217
0.000205
0.000194
0.000183
0.000173
0.000163
0.000154
0.000146
0.000138
0.000130
0.000123
0.000116
0.000109
0.000103
0.000097
0.000092
0.000086
0.000081
0.000077
0.000072
0.000068
0.000064
0.000060
0.000057
0.000054
0.000050
0.000047
0.000045
0.000042
0.000039
0.000037
0.000035
0.000033
0.000031
0.000029
0.000027
0.000026
0.000024
0.000022
0.000021
0.000020
0.000019
0.000017
0.000016
0.000015
0.000014
0.000013
0.000013
0.000012
0.000011
0.000010
0.000010
0.000009
0.000008
0.000008
0.000007
0.000007
0.000007
0.000006
0.000006
0.000005
0.000005
0.000005
0.000004
0.000004
0.000004
0.000004
0.000003
0.000003
0.000003
0.000003
0.000002
0.000002
0.000002
0.000002
0.000002
0.000002
0.000002
0.000002
0.000001
0.000001
0.000001
0.000001
0.000001
0.000001
0.000001
0.000001
0.000001
0.000001
0.000001
0.000001
0.000001
0.000001
0.000001
0.000000
0.000000
0.000000
0.000000
0.000000
0.000000
0.000000
0.000000
0.000000
0.000000
0.000000
0.000000
0.000000
0.000000
0.000000
0.000000
0.000000
0.000000
0.000000
0.000000
0.000000
0.000000
0.000000
0.000000
0.000000
0.000000
0.000000
0.000000
0.000000
0.000000
0.000000
0.000000
0.000000
0.000000
0.000000
0.000000
0.000000
0.000000
0.000000
0.000000
0.000000
0.000000
0.000000
0.000000
0.000000
0.000000
0.000000
0.000000
0.000000
0.000000
0.000000
0.000000
0.000000
0.000000
0.000000
0.000000
0.000000
0.000000
0.000000
0.000000
0.000000
0.000000
0.000000
0.000000
0.000000
0.000000
0.000000
0.000000
0.000000
0.000000
0.000000
0.000000
0.000000
0.000000
0.000000
0.000000
0.000000
0.000000
0.000000
0.000000
0.000000
0.000000
0.000000
0.000000
0.000000
0.000000
0.000000
0.000000
0.000000
0.000000
0.000000
0.000000
0.000000
0.000000
0.000000
0.000000
0.000000
0.000000
0.000000
0.000000
0.000000
0.000000
0.000000
0.000000
0.000000
0.000000
0.000000
0.000000
0.000000
0.000000
0.000000
0.000000
0.000000
0.000000
0.000000
0.000000
0.000000
0.000000
0.000000
0.000000
0.000000
0.000000
0.000000
0.000000
0.000000
0.000000
0.000000
0.000000
0.000000
0.000000
0.000000
0.000000
0.000000
0.000000
0.000000
0.000000
0.000000
0.000000
0.000000
0.000000
0.000000
0.000000
0.000000
0.000000
0.000000
0.000000
0.000000
0.000000
0.000000
0.000000
0.000000
0.000000
0.000000
0.000000
0.000000
0.000000
0.000000
0.000000
0.000000
0.000000
0.000000
0.000000
0.000000
0.000000
0.000000
0.000000
0.000000
0.000000
0.000000
0.000000
0.000000
0.000000
0.000000
0.000000
0.000000
0.000000
0.000000
0.000000
0.000000
0.000000
0.000000
0.000000
0.000000
0.000000
0.000000
0.000000
0.000000
0.000000
0.000000
0.000000
0.000000
0.000000
0.000000
0.000000
0.000000
0.000000
0.000000
0.000000
0.000000
0.000000
0.000000
0.000000
0.000000
0.000000
0.000000
0.000000
0.000000
0.000000
0.000000
0.000000
0.000000
0.000000
0.000000
0.000000
0.000000
0.000000
0.000000
0.000000
0.000000
0.000000
0.000000
0.000000
0.000000
0.000000
0.000000
0.000000
0.000000
0.000000
0.000000
0.000000
0.000000
0.000000
0.000000
0.000000
0.000000
0.000000
0.000000
0.000000
0.000000
0.000000
0.000000
0.000000
0.000000
0.000000
0.000000
0.000000
0.000000
0.000000
0.000000
0.000000
0.000000
0.000000
0.000000
0.000000
0.000000
0.000000
0.000000
0.000000
0.000000
0.000000
0.000000
0.000000
0.000000
0.000000
0.000000
0.000000
0.000000
0.000000
0.000000
0.000000
0.000000
0.000000
0.000000
0.000000
0.000000
0.000000
0.000000
0.000000
0.000000
0.000000
0.000000
0.000000
0.000000
0.000000
0.000000
0.000000
0.000000
0.000000
0.000000
0.000000
0.000000
0.000000
