0.000049
0.000100
0.000149
0.000200
0.000250
0.000302
0.000354
0.000405
0.000462
0.000512
0.000573
0.000626
0.000685
0.000748
0.000802
0.000873
0.000935
0.000996
0.001076
0.001140
0.001209
0.001298
0.001370
0.001441
0.001540
0.001633
0.001705
0.001795
0.001914
0.002025
0.002110
0.002194
0.002308
0.002456
0.002619
0.002782
0.002937
0.003087
0.003236
0.003388
0.003545
0.003707
0.003877
0.004053
0.004236
0.004427
0.004626
0.004832
0.005047
0.005270
0.005502
0.005743
0.005994
0.006254
0.006524
0.006805
0.007096
0.007398
0.007712
0.008038
0.008375
0.008725
0.009088
0.009464
0.009854
0.010258
0.010677
0.011110
0.011559
0.012023
0.012504
0.013001
0.013516
0.014049
0.014599
0.015168
0.015757
0.016365
0.016993
0.017642
0.018312
0.019004
0.019718
0.020455
0.021216
0.022001
0.022811
0.023646
0.024506
0.025393
0.026308
0.027250
0.028220
0.029219
0.030248
0.031308
0.032398
0.033520
0.034674
0.035861
0.037081
0.038336
0.039626
0.040951
0.042313
0.043712
0.045149
0.046624
0.048138
0.049691
0.051286
0.052922
0.054599
0.056319
0.058083
0.059890
0.061742
0.063640
0.065583
0.067573
0.069611
0.071697
0.073831
0.076015
0.078249
0.080534
0.082870
0.085258
0.087698
0.090192
0.092739
0.095341
0.097998
0.100710
0.103478
0.106303
0.109185
0.112124
0.115122
0.118178
0.121293
0.124467
0.127701
0.130995
0.134349
0.137765
0.141241
0.144780
0.148380
0.152041
0.155765
0.159552
0.163401
0.167312
0.171287
0.175325
0.179425
0.183589
0.187815
0.192104
0.196457
0.200872
0.205350
0.209890
0.214492
0.219157
0.223884
0.228672
0.233521
0.238431
0.243401
0.248431
0.253521
0.258670
0.263877
0.269141
0.274463
0.279842
0.285276
0.290765
0.296309
0.301905
0.307555
0.313256
0.319008
0.324809
0.330659
0.336557
0.342501
0.348491
0.354525
0.360602
0.366720
0.372879
0.379077
0.385313
0.391586
0.397894
0.404235
0.410608
0.417011
0.423443
0.429903
0.436388
0.442897
0.449428
0.455981
0.462551
0.469139
0.475742
0.482358
0.488986
0.495623
0.502268
0.508918
0.515572
0.522228
0.528884
0.535537
0.542186
0.548828
0.555462
0.562085
0.568695
0.575290
0.581869
0.588428
0.594966
0.601480
0.607969
0.614429
0.620860
0.627258
0.633622
0.639949
0.646237
0.652484
0.658687
0.664845
0.670954
0.677014
0.683022
0.688976
0.694873
0.700711
0.706489
0.712204
0.717853
0.723435
0.728949
0.734390
0.739759
0.745052
0.750267
0.755403
0.760458
0.765429
0.770316
0.775115
0.779825
0.784444
0.788971
0.793403
0.797739
0.801978
0.806117
0.810154
0.814089
0.817920
0.821644
0.825262
0.828770
0.832170
0.835457
0.838632
0.841693
0.844639
0.847467
0.850179
0.852772
0.855245
0.857598
0.859828
0.861937
0.863921
0.865781
0.867517
0.869126
0.870610
0.871967
0.873196
0.874297
0.875270
0.876113
0.876827
0.877412
0.877868
0.878193
0.878389
0.878454
0.878389
0.878193
0.877868
0.877413
0.876828
0.876114
0.875271
0.874298
0.873198
0.871968
0.870612
0.869129
0.867519
0.865784
0.863924
0.861939
0.859831
0.857601
0.855249
0.852776
0.850183
0.847472
0.844643
0.841698
0.838637
0.835463
0.832175
0.828776
0.825267
0.821648
0.817924
0.814093
0.810158
0.806120
0.801981
0.797743
0.793407
0.788975
0.784449
0.779830
0.775120
0.770321
0.765435
0.760464
0.755409
0.750274
0.745058
0.739765
0.734397
0.728955
0.723442
0.717860
0.712211
0.706496
0.700719
0.694880
0.688984
0.683030
0.677023
0.670963
0.664853
0.658695
0.652492
0.646245
0.639956
0.633629
0.627265
0.620867
0.614437
0.607976
0.601487
0.594973
0.588435
0.581876
0.575297
0.568702
0.562091
0.555468
0.548834
0.542191
0.535542
0.528889
0.522234
0.515578
0.508924
0.502273
0.495628
0.488991
0.482363
0.475747
0.469145
0.462557
0.455987
0.449435
0.442903
0.436394
0.429909
0.423450
0.417017
0.410614
0.404241
0.397900
0.391593
0.385321
0.379085
0.372887
0.366728
0.360610
0.354533
0.348499
0.342509
0.336565
0.330668
0.324818
0.319016
0.313265
0.307564
0.301914
0.296318
0.290774
0.285285
0.279850
0.274472
0.269150
0.263885
0.258678
0.253529
0.248440
0.243409
0.238439
0.233529
0.228680
0.223892
0.219165
0.214501
0.209898
0.205358
0.200880
0.196464
0.192112
0.187823
0.183596
0.179433
0.175332
0.171295
0.167320
0.163408
0.159559
0.155773
0.152048
0.148386
0.144786
0.141248
0.137772
0.134356
0.131001
0.127707
0.124473
0.121299
0.118184
0.115128
0.112130
0.109191
0.106309
0.103484
0.100716
0.098003
0.095347
0.092745
0.090197
0.087703
0.085263
0.082875
0.080539
0.078254
0.076020
0.073836
0.071701
0.069615
0.067578
0.065587
0.063644
0.061746
0.059894
0.058086
0.056323
0.054603
0.052925
0.051289
0.049695
0.048141
0.046627
0.045152
0.043715
0.042316
0.040954
0.039629
0.038339
0.037084
0.035864
0.034676
0.033522
0.032401
0.031310
0.030251
0.029222
0.028223
0.027252
0.026310
0.025396
0.024508
0.023648
0.022813
0.022003
0.021218
0.020457
0.019720
0.019006
0.018314
0.017643
0.016994
0.016366
0.015758
0.015170
0.014601
0.014050
0.013518
0.013003
0.012505
0.012025
0.011560
0.011111
0.010678
0.010259
0.009855
0.009465
0.009089
0.008726
0.008376
0.008038
0.007713
0.007399
0.007097
0.006806
0.006525
0.006255
0.005994
0.005744
0.005503
0.005271
0.005047
0.004833
0.004626
0.004428
0.004237
0.004053
0.003877
0.003708
0.003545
0.003389
0.003239
0.003095
0.002957
0.002825
0.002698
0.002576
0.002459
0.002347
0.002240
0.002137
0.002039
0.001944
0.001854
0.001768
0.001685
0.001606
0.001530
0.001457
0.001388
0.001322
0.001258
0.001198
0.001140
0.001084
0.001032
0.000981
0.000933
0.000887
0.000843
0.000801
0.000761
0.000723
0.000687
0.000652
0.000619
0.000588
0.000558
0.000529
0.000502
0.000476
0.000452
0.000428
0.000406
0.000385
0.000365
0.000345
0.000327
0.000310
0.000293
0.000278
0.000263
0.000249
0.000235
0.000223
0.000210
0.000199
0.000188
0.000178
0.000168
0.000159
0.000150
0.000142
0.000134
0.000126
0.000119
0.000112
0.000106
0.000100
0.000094
0.000089
0.000084
0.000079
0.000074
0.000070
0.000066
0.000062
0.000059
0.000055
0.000052
0.000049
0.000046
0.000043
0.000041
0.000038
0.000036
0.000034
0.000032
0.000030
0.000028
0.000026
0.000025
0.000023
0.000022
0.000020
0.000019
0.000018
0.000017
0.000016
0.000015
0.000014
0.000013
0.000012
0.000011
0.000011
0.000010
0.000009
0.000009
0.000008
0.000008
0.000007
0.000007
0.000006
0.000006
0.000005
0.000005
0.000005
0.000004
0.000004
0.000004
0.000004
0.000003
0.000003
0.000003
0.000003
0.000003
0.000002
0.000002
0.000002
0.000002
0.000002
0.000002
0.000002
0.000001
0.000001
0.000001
0.000001
0.000001
0.000001
0.000001
0.000001
0.000001
0.000001
0.000001
0.000001
0.000001
0.000001
0.000001
0.000000
0.000000
0.000000
0.000000
0.000000
0.000000
0.000000
0.000000
0.000000
0.000000
0.000000
0.000000
0.000000
0.000000
0.000000
0.000000
0.000000
0.000000
0.000000
0.000000
0.000000
0.000000
0.000000
0.000000
0.000000
0.000000
0.000000
0.000000
0.000000
0.000000
0.000000
0.000000
0.000000
0.000000
0.000000
0.000000
0.000000
0.000000
0.000000
0.000000
0.000000
0.000000
0.000000
0.000000
0.000000
0.000000
0.000000
0.000000
0.000000
0.000000
0.000000
0.000000
0.000000
0.000000
0.000000
0.000000
0.000000
0.000000
0.000000
0.000000
0.000000
0.000000
0.000000
0.000000
0.000000
0.000000
0.000000
0.000000
0.000000
0.000000
0.000000
0.000000
0.000000
0.000000
0.000000
0.000000
0.000000
0.000000
0.000000
0.000000
0.000000
0.000000
0.000000
0.000000
0.000000
0.000000
0.000000
0.000000
0.000000
0.000000
0.000000
0.000000
0.000000
0.000000
0.000000
0.000000
0.000000
0.000000
0.000000
0.000000
0.000000
0.000000
0.000000
0.000000
0.000000
0.000000
0.000000
0.000000
0.000000
0.000000
0.000000
0.000000
0.000000
0.000000
0.000000
0.000000
0.000000
0.000000
0.000000
0.000000
0.000000
0.000000
0.000000
0.000000
0.000000
0.000000
0.000000
0.000000
0.000000
0.000000
0.000000
0.000000
0.000000
0.000000
0.000000
0.000000
0.000000
0.000000
0.000000
0.000000
0.000000
0.000000
0.000000
0.000000
0.000000
0.000000
0.000000
0.000000
0.000000
0.000000
0.000000
0.000000
0.000000
0.000000
0.000000
0.000000
0.000000
0.000000
0.000000
0.000000
0.000000
0.000000
0.000000
0.000000
0.000000
0.000000
0.000000
0.000000
0.000000
0.000000
0.000000
0.000000
0.000000
0.000000
0.000000
0.000000
0.000000
0.000000
0.000000
0.000000
0.000000
0.000000
0.000000
0.000000
0.000000
0.000000
0.000000
0.000000
0.000000
0.000000
0.000000
0.000000
0.000000
0.000000
0.000000
0.000000
0.000000
0.000000
0.000000
0.000000
0.000000
0.000000
0.000000
0.000000
0.000000
0.000000
0.000000
0.000000
0.000000
0.000000
0.000000
0.000000
0.000000
0.000000
0.000000
0.000000
0.000000
0.000000
0.000000
0.000000
0.000000
0.000000
0.000000
0.000000
0.000000
0.000000
0.000000
0.000000
0.000000
0.000000
0.000000
0.000000
0.000000
0.000000
0.000000
0.000000
0.000000
0.000000
0.000000
0.000000
0.000000
0.000000
0.000000
0.000000
0.000000
0.000000
0.000000
0.000000
0.000000
0.000000
0.000000
0.000000
0.000000
0.000000
0.000000
0.000000
0.000000
0.000000
0.000000
0.000000
0.000000
0.000000
0.000000
0.000000
0.000000
0.000000
0.000000
0.000000
0.000000
0.000000
0.000000
0.000000
0.000000
0.000000
0.000000
0.000000
0.000000
0.000000
0.000000
0.000000
0.000000
0.000000
0.000000
0.000000
0.000000
0.000000
0.000000
0.000000
0.000000
0.000000
0.000000
0.000000
