0.000051
0.000102
0.000153
0.000204
0.000258
0.000308
0.000364
0.000414
0.000473
0.000526
0.000584
0.000644
0.000699
0.000767
0.000824
0.000890
0.000962
0.001020
0.001098
0.001173
0.001237
0.001324
0.001409
0.001477
0.001568
0.001673
0.001755
0.001835
0.001947
0.002071
0.002171
0.002255
0.002357
0.002495
0.002658
0.002828
0.002992
0.003149
0.003304
0.003460
0.003620
0.003786
0.003958
0.004138
0.004325
0.004519
0.004721
0.004931
0.005150
0.005377
0.005613
0.005858
0.006113
0.006378
0.006653
0.006938
0.007234
0.007541
0.007860
0.008191
0.008534
0.008890
0.009259
0.009641
0.010037
0.010447
0.010872
0.011312
0.011768
0.012239
0.012727
0.013232
0.013754
0.014294
0.014853
0.015430
0.016026
0.016643
0.017280
0.017938
0.018617
0.019318
0.020042
0.020789
0.021560
0.022355
0.023174
0.024020
0.024891
0.025789
0.026715
0.027668
0.028650
0.029661
0.030702
0.031773
0.032876
0.034010
0.035177
0.036377
0.037610
0.038879
0.040182
0.041521
0.042897
0.044310
0.045760
0.047250
0.048778
0.050347
0.051956
0.053607
0.055299
0.057035
0.058814
0.060636
0.062504
0.064417
0.066377
0.068383
0.070437
0.072538
0.074689
0.076889
0.079139
0.081440
0.083792
0.086197
0.088653
0.091163
0.093727
0.096345
0.099018
0.101746
0.104530
0.107371
0.110268
0.113223
0.116236
0.119307
0.122437
0.125626
0.128875
0.132183
0.135552
0.138982
0.142472
0.146023
0.149636
0.153311
0.157047
0.160846
0.164706
0.168629
0.172614
0.176662
0.180772
0.184945
0.189180
0.193478
0.197838
0.202260
0.206745
0.211291
0.215898
0.220568
0.225298
0.230090
0.234941
0.239853
0.244824
0.249855
0.254944
0.260092
0.265297
0.270558
0.275876
0.281250
0.286679
0.292162
0.297698
0.303286
0.308926
0.314617
0.320358
0.326147
0.331984
0.337867
0.343797
0.349770
0.355787
0.361845
0.367944
0.374083
0.380260
0.386473
0.392722
0.399005
0.405320
0.411666
0.418041
0.424445
0.430874
0.437328
0.443805
0.450303
0.456821
0.463356
0.469907
0.476473
0.483051
0.489638
0.496235
0.502838
0.509446
0.516057
0.522668
0.529279
0.535885
0.542487
0.549082
0.555667
0.562240
0.568800
0.575345
0.581871
0.588378
0.594862
0.601323
0.607757
0.614162
0.620537
0.626879
0.633186
0.639456
0.645687
0.651876
0.658021
0.664120
0.670171
0.676172
0.682121
0.688015
0.693853
0.699632
0.705350
0.711006
0.716596
0.722119
0.727574
0.732957
0.738267
0.743502
0.748659
0.753738
0.758736
0.763651
0.768482
0.773225
0.777881
0.782446
0.786919
0.791299
0.795583
0.799771
0.803860
0.807848
0.811735
0.815519
0.819197
0.822770
0.826235
0.829592
0.832838
0.835972
0.838994
0.841902
0.844695
0.847371
0.849931
0.852372
0.854694
0.856896
0.858976
0.860935
0.862771
0.864483
0.866072
0.867535
0.868874
0.870087
0.871174
0.872134
0.872966
0.873670
0.874248
0.874697
0.875018
0.875211
0.875276
0.875211
0.875018
0.874698
0.874248
0.873672
0.872967
0.872135
0.871175
0.870089
0.868876
0.867538
0.866075
0.864486
0.862774
0.860938
0.858979
0.856899
0.854697
0.852376
0.849935
0.847376
0.844699
0.841907
0.838999
0.835978
0.832843
0.829596
0.826240
0.822775
0.819201
0.815523
0.811739
0.807852
0.803864
0.799775
0.795587
0.791303
0.786924
0.782450
0.777886
0.773230
0.768486
0.763656
0.758741
0.753744
0.748666
0.743508
0.738273
0.732963
0.727580
0.722126
0.716603
0.711013
0.705358
0.699639
0.693860
0.688023
0.682129
0.676180
0.670179
0.664128
0.658029
0.651884
0.645695
0.639464
0.633194
0.626886
0.620544
0.614169
0.607764
0.601329
0.594869
0.588384
0.581877
0.575351
0.568807
0.562247
0.555673
0.549088
0.542493
0.535891
0.529284
0.522674
0.516062
0.509452
0.502844
0.496241
0.489644
0.483056
0.476478
0.469913
0.463362
0.456827
0.450309
0.443811
0.437334
0.430881
0.424451
0.418048
0.411673
0.405327
0.399012
0.392729
0.386481
0.380267
0.374091
0.367952
0.361853
0.355795
0.349778
0.343805
0.337876
0.331992
0.326155
0.320366
0.314626
0.308935
0.303295
0.297707
0.292170
0.286688
0.281259
0.275885
0.270567
0.265305
0.260100
0.254953
0.249863
0.244833
0.239861
0.234949
0.230098
0.225306
0.220576
0.215907
0.211299
0.206752
0.202268
0.197846
0.193485
0.189188
0.184953
0.180780
0.176669
0.172622
0.168636
0.164713
0.160853
0.157054
0.153318
0.149643
0.146030
0.142478
0.138988
0.135559
0.132190
0.128881
0.125632
0.122443
0.119313
0.116242
0.113229
0.110274
0.107376
0.104536
0.101751
0.099023
0.096350
0.093732
0.091168
0.088658
0.086202
0.083797
0.081445
0.079144
0.076894
0.074694
0.072543
0.070441
0.068387
0.066381
0.064422
0.062508
0.060640
0.058817
0.057039
0.055303
0.053610
0.051960
0.050350
0.048782
0.047253
0.045764
0.044313
0.042900
0.041524
0.040185
0.038882
0.037613
0.036380
0.035180
0.034013
0.032878
0.031776
0.030704
0.029663
0.028652
0.027670
0.026717
0.025792
0.024893
0.024022
0.023177
0.022357
0.021562
0.020791
0.020044
0.019320
0.018619
0.017939
0.017282
0.016645
0.016028
0.015431
0.014854
0.014296
0.013756
0.013233
0.012728
0.012240
0.011769
0.011313
0.010873
0.010448
0.010038
0.009642
0.009260
0.008891
0.008535
0.008192
0.007861
0.007542
0.007235
0.006939
0.006653
0.006379
0.006114
0.005859
0.005614
0.005378
0.005150
0.004932
0.004722
0.004519
0.004325
0.004138
0.003959
0.003787
0.003621
0.003462
0.003309
0.003163
0.003022
0.002887
0.002757
0.002633
0.002514
0.002400
0.002290
0.002185
0.002085
0.001989
0.001897
0.001808
0.001724
0.001643
0.001566
0.001491
0.001421
0.001353
0.001288
0.001226
0.001167
0.001111
0.001057
0.001005
0.000956
0.000909
0.000864
0.000821
0.000780
0.000741
0.000704
0.000669
0.000635
0.000603
0.000572
0.000543
0.000515
0.000489
0.000464
0.000440
0.000417
0.000395
0.000374
0.000355
0.000336
0.000318
0.000301
0.000285
0.000270
0.000255
0.000242
0.000229
0.000216
0.000205
0.000193
0.000183
0.000173
0.000163
0.000154
0.000146
0.000137
0.000130
0.000123
0.000116
0.000109
0.000103
0.000097
0.000092
0.000086
0.000081
0.000077
0.000072
0.000068
0.000064
0.000060
0.000057
0.000053
0.000050
0.000047
0.000045
0.000042
0.000039
0.000037
0.000035
0.000033
0.000031
0.000029
0.000027
0.000025
0.000024
0.000022
0.000021
0.000020
0.000019
0.000017
0.000016
0.000015
0.000014
0.000013
0.000013
0.000012
0.000011
0.000010
0.000010
0.000009
0.000008
0.000008
0.000007
0.000007
0.000006
0.000006
0.000006
0.000005
0.000005
0.000005
0.000004
0.000004
0.000004
0.000004
0.000003
0.000003
0.000003
0.000003
0.000002
0.000002
0.000002
0.000002
0.000002
0.000002
0.000002
0.000002
0.000001
0.000001
0.000001
0.000001
0.000001
0.000001
0.000001
0.000001
0.000001
0.000001
0.000001
0.000001
0.000001
0.000001
0.000001
0.000000
0.000000
0.000000
0.000000
0.000000
0.000000
0.000000
0.000000
0.000000
0.000000
0.000000
0.000000
0.000000
0.000000
0.000000
0.000000
0.000000
0.000000
0.000000
0.000000
0.000000
0.000000
0.000000
0.000000
0.000000
0.000000
0.000000
0.000000
0.000000
0.000000
0.000000
0.000000
0.000000
0.000000
0.000000
0.000000
0.000000
0.000000
0.000000
0.000000
0.000000
0.000000
0.000000
0.000000
0.000000
0.000000
0.000000
0.000000
0.000000
0.000000
0.000000
0.000000
0.000000
0.000000
0.000000
0.000000
0.000000
0.000000
0.000000
0.000000
0.000000
0.000000
0.000000
0.000000
0.000000
0.000000
0.000000
0.000000
0.000000
0.000000
0.000000
0.000000
0.000000
0.000000
0.000000
0.000000
0.000000
0.000000
0.000000
0.000000
0.000000
0.000000
0.000000
0.000000
0.000000
0.000000
0.000000
0.000000
0.000000
0.000000
0.000000
0.000000
0.000000
0.000000
0.000000
0.000000
0.000000
0.000000
0.000000
0.000000
0.000000
0.000000
0.000000
0.000000
0.000000
0.000000
0.000000
0.000000
0.000000
0.000000
0.000000
0.000000
0.000000
0.000000
0.000000
0.000000
0.000000
0.000000
0.000000
0.000000
0.000000
0.000000
0.000000
0.000000
0.000000
0.000000
0.000000
0.000000
0.000000
0.000000
0.000000
0.000000
0.000000
0.000000
0.000000
0.000000
0.000000
0.000000
0.000000
0.000000
0.000000
0.000000
0.000000
0.000000
0.000000
0.000000
0.000000
0.000000
0.000000
0.000000
0.000000
0.000000
0.000000
0.000000
0.000000
0.000000
0.000000
0.000000
0.000000
0.000000
0.000000
0.000000
0.000000
0.000000
0.000000
0.000000
0.000000
0.000000
0.000000
0.000000
0.000000
0.000000
0.000000
0.000000
0.000000
0.000000
0.000000
0.000000
0.000000
0.000000
0.000000
0.000000
0.000000
0.000000
0.000000
0.000000
0.000000
0.000000
0.000000
0.000000
0.000000
0.000000
0.000000
0.000000
0.000000
0.000000
0.000000
0.000000
0.000000
0.000000
0.000000
0.000000
0.000000
0.000000
0.000000
0.000000
0.000000
0.000000
0.000000
0.000000
0.000000
0.000000
0.000000
0.000000
0.000000
0.000000
0.000000
0.000000
0.000000
0.000000
0.000000
0.000000
0.000000
0.000000
0.000000
0.000000
0.000000
0.000000
0.000000
0.000000
0.000000
0.000000
0.000000
0.000000
0.000000
0.000000
0.000000
0.000000
0.000000
0.000000
0.000000
0.000000
0.000000
0.000000
0.000000
0.000000
0.000000
0.000000
0.000000
0.000000
0.000000
0.000000
0.000000
0.000000
0.000000
0.000000
0.000000
0.000000
0.000000
0.000000
0.000000
0.000000
0.000000
0.000000
0.000000
0.000000
0.000000
0.000000
0.000000
0.000000
0.000000
0.000000
0.000000
0.000000
0.000000
0.000000
0.000000
0.000000
0.000000
0.000000
0.000000
0.000000
0.000000
0.000000
0.000000
0.000000
0.000000
0.000000
0.000000
0.000000
0.000000
