0.000052
0.000104
0.000158
0.000209
0.000264
0.000316
0.000373
0.000426
0.000483
0.000541
0.000596
0.000662
0.000716
0.000783
0.000848
0.000908
0.000985
0.001048
0.001119
0.001204
0.001270
0.001349
0.001444
0.001519
0.001599
0.001707
0.001804
0.001883
0.001983
0.002111
0.002229
0.002322
0.002416
0.002540
0.002698
0.002872
0.003045
0.003211
0.003372
0.003533
0.003697
0.003866
0.004042
0.004225
0.004415
0.004613
0.004818
0.005032
0.005255
0.005486
0.005726
0.005976
0.006235
0.006504
0.006784
0.007074
0.007375
0.007688
0.008012
0.008348
0.008697
0.009058
0.009433
0.009821
0.010223
0.010640
0.011071
0.011518
0.011980
0.012459
0.012954
0.013467
0.013996
0.014544
0.015111
0.015696
0.016301
0.016926
0.017572
0.018239
0.018927
0.019638
0.020371
0.021128
0.021909
0.022714
0.023544
0.024400
0.025283
0.026192
0.027129
0.028093
0.029087
0.030110
0.031163
0.032247
0.033362
0.034509
0.035688
0.036901
0.038148
0.039430
0.040747
0.042100
0.043489
0.044917
0.046382
0.047886
0.049429
0.051012
0.052637
0.054302
0.056010
0.057761
0.059556
0.061394
0.063278
0.065207
0.067182
0.069204
0.071274
0.073392
0.075559
0.077776
0.080042
0.082359
0.084728
0.087148
0.089622
0.092148
0.094728
0.097362
0.100051
0.102796
0.105596
0.108452
0.111366
0.114336
0.117365
0.120451
0.123596
0.126800
0.130064
0.133387
0.136770
0.140213
0.143717
0.147282
0.150908
0.154596
0.158344
0.162155
0.166027
0.169961
0.173957
0.178015
0.182135
0.186317
0.190561
0.194867
0.199235
0.203664
0.208155
0.212707
0.217320
0.221994
0.226728
0.231523
0.236377
0.241290
0.246263
0.251294
0.256382
0.261528
0.266731
0.271989
0.277303
0.282672
0.288096
0.293572
0.299100
0.304680
0.310311
0.315991
0.321720
0.327497
0.333320
0.339189
0.345103
0.351060
0.357059
0.363099
0.369178
0.375296
0.381451
0.387642
0.393867
0.400124
0.406413
0.412732
0.419079
0.425453
0.431852
0.438274
0.444718
0.451183
0.457666
0.464165
0.470679
0.477207
0.483746
0.490293
0.496849
0.503410
0.509975
0.516542
0.523108
0.529673
0.536233
0.542787
0.549333
0.555869
0.562392
0.568901
0.575394
0.581868
0.588322
0.594752
0.601158
0.607537
0.613887
0.620206
0.626491
0.632741
0.638954
0.645126
0.651257
0.657343
0.663383
0.669375
0.675317
0.681206
0.687041
0.692819
0.698538
0.704196
0.709792
0.715323
0.720786
0.726181
0.731505
0.736756
0.741932
0.747032
0.752053
0.756993
0.761851
0.766626
0.771314
0.775914
0.780424
0.784844
0.789171
0.793403
0.797539
0.801578
0.805517
0.809355
0.813092
0.816724
0.820251
0.823673
0.826986
0.830190
0.833284
0.836267
0.839137
0.841894
0.844535
0.847061
0.849470
0.851761
0.853933
0.855986
0.857919
0.859730
0.861419
0.862986
0.864430
0.865751
0.866947
0.868019
0.868966
0.869787
0.870482
0.871051
0.871494
0.871811
0.872002
0.872065
0.872002
0.871812
0.871495
0.871052
0.870483
0.869788
0.868967
0.868021
0.866949
0.865753
0.864432
0.862989
0.861422
0.859732
0.857921
0.855988
0.853936
0.851764
0.849473
0.847065
0.844539
0.841898
0.839142
0.836272
0.833290
0.830195
0.826990
0.823677
0.820256
0.816728
0.813096
0.809360
0.805521
0.801582
0.797543
0.793407
0.789175
0.784849
0.780429
0.775919
0.771318
0.766630
0.761857
0.756999
0.752059
0.747038
0.741939
0.736762
0.731511
0.726187
0.720793
0.715330
0.709799
0.704204
0.698545
0.692826
0.687048
0.681215
0.675325
0.669383
0.663392
0.657351
0.651265
0.645134
0.638961
0.632748
0.626498
0.620213
0.613894
0.607544
0.601165
0.594759
0.588328
0.581874
0.575400
0.568907
0.562399
0.555875
0.549339
0.542793
0.536238
0.529678
0.523114
0.516547
0.509980
0.503416
0.496854
0.490299
0.483751
0.477212
0.470685
0.464171
0.457672
0.451189
0.444725
0.438280
0.431858
0.425459
0.419086
0.412739
0.406420
0.400131
0.393874
0.387649
0.381458
0.375304
0.369186
0.363107
0.357067
0.351068
0.345111
0.339198
0.333329
0.327505
0.321729
0.316000
0.310319
0.304689
0.299109
0.293580
0.288104
0.282681
0.277312
0.271998
0.266739
0.261536
0.256390
0.251302
0.246271
0.241298
0.236385
0.231531
0.226736
0.222002
0.217328
0.212715
0.208163
0.203672
0.199242
0.194874
0.190569
0.186325
0.182142
0.178022
0.173964
0.169968
0.166034
0.162162
0.158351
0.154603
0.150915
0.147289
0.143724
0.140220
0.136777
0.133393
0.130070
0.126807
0.123602
0.120457
0.117371
0.114342
0.111371
0.108458
0.105601
0.102801
0.100057
0.097368
0.094733
0.092153
0.089627
0.087153
0.084733
0.082364
0.080047
0.077780
0.075564
0.073397
0.071279
0.069209
0.067186
0.065211
0.063282
0.061398
0.059559
0.057765
0.056014
0.054306
0.052640
0.051016
0.049432
0.047889
0.046385
0.044920
0.043493
0.042103
0.040750
0.039433
0.038151
0.036904
0.035691
0.034511
0.033364
0.032249
0.031165
0.030112
0.029089
0.028096
0.027131
0.026194
0.025285
0.024403
0.023547
0.022716
0.021911
0.021130
0.020373
0.019640
0.018929
0.018241
0.017574
0.016928
0.016303
0.015698
0.015112
0.014546
0.013998
0.013468
0.012956
0.012460
0.011982
0.011519
0.011072
0.010641
0.010224
0.009822
0.009434
0.009059
0.008698
0.008349
0.008013
0.007689
0.007376
0.007075
0.006785
0.006505
0.006236
0.005977
0.005727
0.005487
0.005255
0.005033
0.004819
0.004613
0.004415
0.004225
0.004042
0.003867
0.003698
0.003536
0.003380
0.003231
0.003088
0.002950
0.002818
0.002691
0.002570
0.002453
0.002342
0.002235
0.002132
0.002034
0.001940
0.001850
0.001764
0.001681
0.001602
0.001526
0.001454
0.001385
0.001319
0.001256
0.001195
0.001137
0.001082
0.001030
0.000979
0.000931
0.000885
0.000842
0.000800
0.000760
0.000722
0.000686
0.000651
0.000618
0.000587
0.000557
0.000529
0.000501
0.000476
0.000451
0.000428
0.000405
0.000384
0.000364
0.000345
0.000327
0.000309
0.000293
0.000277
0.000262
0.000248
0.000235
0.000222
0.000210
0.000199
0.000188
0.000178
0.000168
0.000159
0.000150
0.000141
0.000134
0.000126
0.000119
0.000112
0.000106
0.000100
0.000094
0.000089
0.000084
0.000079
0.000074
0.000070
0.000066
0.000062
0.000059
0.000055
0.000052
0.000049
0.000046
0.000043
0.000041
0.000038
0.000036
0.000034
0.000032
0.000030
0.000028
0.000026
0.000025
0.000023
0.000022
0.000020
0.000019
0.000018
0.000017
0.000016
0.000015
0.000014
0.000013
0.000012
0.000011
0.000011
0.000010
0.000009
0.000009
0.000008
0.000008
0.000007
0.000007
0.000006
0.000006
0.000005
0.000005
0.000005
0.000004
0.000004
0.000004
0.000004
0.000003
0.000003
0.000003
0.000003
0.000003
0.000002
0.000002
0.000002
0.000002
0.000002
0.000002
0.000002
0.000001
0.000001
0.000001
0.000001
0.000001
0.000001
0.000001
0.000001
0.000001
0.000001
0.000001
0.000001
0.000001
0.000001
0.000001
0.000000
0.000000
0.000000
0.000000
0.000000
0.000000
0.000000
0.000000
0.000000
0.000000
0.000000
0.000000
0.000000
0.000000
0.000000
0.000000
0.000000
0.000000
0.000000
0.000000
0.000000
0.000000
0.000000
0.000000
0.000000
0.000000
0.000000
0.000000
0.000000
0.000000
0.000000
0.000000
0.000000
0.000000
0.000000
0.000000
0.000000
0.000000
0.000000
0.000000
0.000000
0.000000
0.000000
0.000000
0.000000
0.000000
0.000000
0.000000
0.000000
0.000000
0.000000
0.000000
0.000000
0.000000
0.000000
0.000000
0.000000
0.000000
0.000000
0.000000
0.000000
0.000000
0.000000
0.000000
0.000000
0.000000
0.000000
0.000000
0.000000
0.000000
0.000000
0.000000
0.000000
0.000000
0.000000
0.000000
0.000000
0.000000
0.000000
0.000000
0.000000
0.000000
0.000000
0.000000
0.000000
0.000000
0.000000
0.000000
0.000000
0.000000
0.000000
0.000000
0.000000
0.000000
0.000000
0.000000
0.000000
0.000000
0.000000
0.000000
0.000000
0.000000
0.000000
0.000000
0.000000
0.000000
0.000000
0.000000
0.000000
0.000000
0.000000
0.000000
0.000000
0.000000
0.000000
0.000000
0.000000
0.000000
0.000000
0.000000
0.000000
0.000000
0.000000
0.000000
0.000000
0.000000
0.000000
0.000000
0.000000
0.000000
0.000000
0.000000
0.000000
0.000000
0.000000
0.000000
0.000000
0.000000
0.000000
0.000000
0.000000
0.000000
0.000000
0.000000
0.000000
0.000000
0.000000
0.000000
0.000000
0.000000
0.000000
0.000000
0.000000
0.000000
0.000000
0.000000
0.000000
0.000000
0.000000
0.000000
0.000000
0.000000
0.000000
0.000000
0.000000
0.000000
0.000000
0.000000
0.000000
0.000000
0.000000
0.000000
0.000000
0.000000
0.000000
0.000000
0.000000
0.000000
0.000000
0.000000
0.000000
0.000000
0.000000
0.000000
0.000000
0.000000
0.000000
0.000000
0.000000
0.000000
0.000000
0.000000
0.000000
0.000000
0.000000
0.000000
0.000000
0.000000
0.000000
0.000000
0.000000
0.000000
0.000000
0.000000
0.000000
0.000000
0.000000
0.000000
0.000000
0.000000
0.000000
0.000000
0.000000
0.000000
0.000000
0.000000
0.000000
0.000000
0.000000
0.000000
0.000000
0.000000
0.000000
0.000000
0.000000
0.000000
0.000000
0.000000
0.000000
0.000000
0.000000
0.000000
0.000000
0.000000
0.000000
0.000000
0.000000
0.000000
0.000000
0.000000
0.000000
0.000000
0.000000
0.000000
0.000000
0.000000
0.000000
0.000000
0.000000
0.000000
0.000000
0.000000
0.000000
0.000000
0.000000
0.000000
0.000000
0.000000
0.000000
0.000000
0.000000
0.000000
0.000000
0.000000
0.000000
0.000000
0.000000
0.000000
0.000000
0.000000
0.000000
0.000000
0.000000
0.000000
0.000000
0.000000
0.000000
0.000000
0.000000
0.000000
0.000000
0.000000
0.000000
0.000000
0.000000
0.000000
0.000000
0.000000
0.000000
0.000000
0.000000
