0.000054
0.000107
0.000161
0.000214
0.000270
0.000325
0.000380
0.000438
0.000493
0.000556
0.000611
0.000676
0.000737
0.000799
0.000871
0.000930
0.001005
0.001079
0.001143
0.001230
0.001307
0.001378
0.001474
0.001563
0.001638
0.001738
0.001849
0.001937
0.002027
0.002149
0.002281
0.002388
0.002482
0.002594
0.002742
0.002916
0.003096
0.003271
0.003440
0.003606
0.003775
0.003948
0.004127
0.004313
0.004507
0.004708
0.004918
0.005136
0.005362
0.005597
0.005842
0.006096
0.006359
0.006633
0.006918
0.007213
0.007519
0.007837
0.008166
0.008508
0.008862
0.009229
0.009610
0.010004
0.010413
0.010836
0.011274
0.011728
0.012197
0.012683
0.013186
0.013706
0.014243
0.014799
0.015374
0.015968
0.016581
0.017215
0.017870
0.018546
0.019243
0.019964
0.020707
0.021474
0.022264
0.023080
0.023921
0.024788
0.025681
0.026601
0.027549
0.028526
0.029531
0.030566
0.031632
0.032728
0.033855
0.035015
0.036208
0.037434
0.038695
0.039990
0.041321
0.042688
0.044092
0.045533
0.047013
0.048531
0.050090
0.051688
0.053328
0.055009
0.056732
0.058498
0.060309
0.062163
0.064063
0.066008
0.067999
0.070038
0.072124
0.074258
0.076442
0.078674
0.080957
0.083291
0.085676
0.088114
0.090603
0.093146
0.095742
0.098393
0.101099
0.103859
0.106676
0.109548
0.112478
0.115464
0.118508
0.121610
0.124770
0.127990
0.131268
0.134605
0.138003
0.141460
0.144978
0.148557
0.152196
0.155896
0.159657
0.163479
0.167363
0.171308
0.175315
0.179383
0.183513
0.187705
0.191957
0.196271
0.200647
0.205083
0.209580
0.214138
0.218756
0.223435
0.228173
0.232971
0.237827
0.242742
0.247716
0.252746
0.257834
0.262979
0.268179
0.273434
0.278744
0.284108
0.289525
0.294995
0.300515
0.306086
0.311707
0.317377
0.323094
0.328858
0.334668
0.340523
0.346421
0.352361
0.358342
0.364362
0.370422
0.376519
0.382651
0.388819
0.395019
0.401252
0.407514
0.413805
0.420123
0.426467
0.432835
0.439226
0.445637
0.452067
0.458514
0.464978
0.471455
0.477944
0.484443
0.490950
0.497464
0.503983
0.510505
0.517027
0.523548
0.530066
0.536579
0.543085
0.549582
0.556068
0.562541
0.568998
0.575439
0.581859
0.588260
0.594636
0.600988
0.607311
0.613605
0.619866
0.626095
0.632287
0.638441
0.644555
0.650627
0.656654
0.662634
0.668567
0.674449
0.680278
0.686052
0.691770
0.697429
0.703026
0.708562
0.714032
0.719436
0.724770
0.730035
0.735226
0.740344
0.745384
0.750347
0.755230
0.760031
0.764748
0.769380
0.773925
0.778380
0.782746
0.787020
0.791199
0.795284
0.799271
0.803161
0.806950
0.810639
0.814224
0.817706
0.821083
0.824353
0.827515
0.830568
0.833512
0.836343
0.839063
0.841669
0.844161
0.846538
0.848798
0.850941
0.852965
0.854872
0.856658
0.858324
0.859869
0.861294
0.862596
0.863776
0.864833
0.865767
0.866576
0.867262
0.867823
0.868260
0.868572
0.868760
0.868823
0.868760
0.868573
0.868261
0.867824
0.867263
0.866578
0.865768
0.864835
0.863778
0.862598
0.861296
0.859872
0.858327
0.856661
0.854874
0.852968
0.850943
0.848801
0.846541
0.844165
0.841674
0.839068
0.836348
0.833517
0.830574
0.827520
0.824357
0.821088
0.817711
0.814229
0.810643
0.806954
0.803165
0.799275
0.795288
0.791203
0.787023
0.782750
0.778385
0.773929
0.769385
0.764753
0.760036
0.755236
0.750353
0.745391
0.740350
0.735233
0.730041
0.724777
0.719443
0.714040
0.708569
0.703034
0.697436
0.691777
0.686060
0.680286
0.674457
0.668575
0.662643
0.656662
0.650635
0.644563
0.638449
0.632294
0.626102
0.619874
0.613612
0.607318
0.600994
0.594643
0.588266
0.581866
0.575445
0.569004
0.562547
0.556074
0.549588
0.543091
0.536584
0.530071
0.523553
0.517032
0.510509
0.503988
0.497470
0.490955
0.484448
0.477949
0.471460
0.464983
0.458520
0.452073
0.445643
0.439232
0.432842
0.426474
0.420130
0.413812
0.407520
0.401258
0.395026
0.388826
0.382659
0.376526
0.370430
0.364370
0.358349
0.352368
0.346428
0.340531
0.334676
0.328867
0.323103
0.317385
0.311716
0.306095
0.300524
0.295003
0.289534
0.284117
0.278753
0.273443
0.268187
0.262987
0.257842
0.252754
0.247724
0.242750
0.237835
0.232979
0.228181
0.223443
0.218765
0.214146
0.209588
0.205091
0.200655
0.196279
0.191965
0.187712
0.183521
0.179391
0.175322
0.171316
0.167371
0.163487
0.159664
0.155903
0.152203
0.148563
0.144985
0.141467
0.138010
0.134612
0.131274
0.127996
0.124777
0.121616
0.118514
0.115470
0.112483
0.109554
0.106681
0.103865
0.101104
0.098399
0.095748
0.093151
0.090608
0.088119
0.085681
0.083296
0.080962
0.078679
0.076446
0.074263
0.072128
0.070042
0.068003
0.066012
0.064067
0.062167
0.060313
0.058502
0.056736
0.055012
0.053331
0.051692
0.050093
0.048535
0.047016
0.045536
0.044095
0.042691
0.041324
0.039993
0.038698
0.037437
0.036211
0.035018
0.033858
0.032730
0.031634
0.030569
0.029534
0.028528
0.027552
0.026604
0.025683
0.024790
0.023923
0.023082
0.022267
0.021476
0.020709
0.019966
0.019245
0.018547
0.017871
0.017217
0.016583
0.015969
0.015375
0.014801
0.014245
0.013707
0.013187
0.012684
0.012199
0.011729
0.011275
0.010837
0.010414
0.010006
0.009611
0.009230
0.008863
0.008509
0.008167
0.007838
0.007520
0.007214
0.006918
0.006634
0.006360
0.006096
0.005842
0.005598
0.005363
0.005136
0.004919
0.004709
0.004508
0.004314
0.004128
0.003949
0.003777
0.003612
0.003453
0.003301
0.003155
0.003015
0.002880
0.002751
0.002627
0.002508
0.002394
0.002285
0.002181
0.002080
0.001984
0.001893
0.001804
0.001720
0.001640
0.001562
0.001488
0.001418
0.001350
0.001286
0.001224
0.001165
0.001109
0.001055
0.001003
0.000954
0.000907
0.000863
0.000820
0.000779
0.000740
0.000703
0.000668
0.000634
0.000602
0.000571
0.000542
0.000514
0.000488
0.000463
0.000439
0.000416
0.000394
0.000374
0.000354
0.000335
0.000318
0.000301
0.000285
0.000270
0.000255
0.000241
0.000228
0.000216
0.000204
0.000193
0.000183
0.000172
0.000163
0.000154
0.000145
0.000137
0.000130
0.000122
0.000115
0.000109
0.000103
0.000097
0.000091
0.000086
0.000081
0.000077
0.000072
0.000068
0.000064
0.000060
0.000057
0.000053
0.000050
0.000047
0.000045
0.000042
0.000039
0.000037
0.000035
0.000033
0.000031
0.000029
0.000027
0.000025
0.000024
0.000022
0.000021
0.000020
0.000019
0.000017
0.000016
0.000015
0.000014
0.000013
0.000013
0.000012
0.000011
0.000010
0.000010
0.000009
0.000008
0.000008
0.000007
0.000007
0.000006
0.000006
0.000006
0.000005
0.000005
0.000005
0.000004
0.000004
0.000004
0.000004
0.000003
0.000003
0.000003
0.000003
0.000002
0.000002
0.000002
0.000002
0.000002
0.000002
0.000002
0.000002
0.000001
0.000001
0.000001
0.000001
0.000001
0.000001
0.000001
0.000001
0.000001
0.000001
0.000001
0.000001
0.000001
0.000001
0.000001
0.000000
0.000000
0.000000
0.000000
0.000000
0.000000
0.000000
0.000000
0.000000
0.000000
0.000000
0.000000
0.000000
0.000000
0.000000
0.000000
0.000000
0.000000
0.000000
0.000000
0.000000
0.000000
0.000000
0.000000
0.000000
0.000000
0.000000
0.000000
0.000000
0.000000
0.000000
0.000000
0.000000
0.000000
0.000000
0.000000
0.000000
0.000000
0.000000
0.000000
0.000000
0.000000
0.000000
0.000000
0.000000
0.000000
0.000000
0.000000
0.000000
0.000000
0.000000
0.000000
0.000000
0.000000
0.000000
0.000000
0.000000
0.000000
0.000000
0.000000
0.000000
0.000000
0.000000
0.000000
0.000000
0.000000
0.000000
0.000000
0.000000
0.000000
0.000000
0.000000
0.000000
0.000000
0.000000
0.000000
0.000000
0.000000
0.000000
0.000000
0.000000
0.000000
0.000000
0.000000
0.000000
0.000000
0.000000
0.000000
0.000000
0.000000
0.000000
0.000000
0.000000
0.000000
0.000000
0.000000
0.000000
0.000000
0.000000
0.000000
0.000000
0.000000
0.000000
0.000000
0.000000
0.000000
0.000000
0.000000
0.000000
0.000000
0.000000
0.000000
0.000000
0.000000
0.000000
0.000000
0.000000
0.000000
0.000000
0.000000
0.000000
0.000000
0.000000
0.000000
0.000000
0.000000
0.000000
0.000000
0.000000
0.000000
0.000000
0.000000
0.000000
0.000000
0.000000
0.000000
0.000000
0.000000
0.000000
0.000000
0.000000
0.000000
0.000000
0.000000
0.000000
0.000000
0.000000
0.000000
0.000000
0.000000
0.000000
0.000000
0.000000
0.000000
0.000000
0.000000
0.000000
0.000000
0.000000
0.000000
0.000000
0.000000
0.000000
0.000000
0.000000
0.000000
0.000000
0.000000
0.000000
0.000000
0.000000
0.000000
0.000000
0.000000
0.000000
0.000000
0.000000
0.000000
0.000000
0.000000
0.000000
0.000000
0.000000
0.000000
0.000000
0.000000
0.000000
0.000000
0.000000
0.000000
0.000000
0.000000
0.000000
0.000000
0.000000
0.000000
0.000000
0.000000
0.000000
0.000000
0.000000
0.000000
0.000000
0.000000
0.000000
0.000000
0.000000
0.000000
0.000000
0.000000
0.000000
0.000000
0.000000
0.000000
0.000000
0.000000
0.000000
0.000000
0.000000
0.000000
0.000000
0.000000
0.000000
0.000000
0.000000
0.000000
0.000000
0.000000
0.000000
0.000000
0.000000
0.000000
0.000000
0.000000
0.000000
0.000000
0.000000
0.000000
0.000000
0.000000
0.000000
0.000000
0.000000
0.000000
0.000000
0.000000
0.000000
0.000000
0.000000
0.000000
0.000000
0.000000
0.000000
0.000000
0.000000
0.000000
0.000000
0.000000
0.000000
0.000000
0.000000
0.000000
0.000000
0.000000
0.000000
0.000000
0.000000
0.000000
0.000000
0.000000
0.000000
0.000000
0.000000
0.000000
0.000000
0.000000
0.000000
0.000000
0.000000
0.000000
0.000000
0.000000
0.000000
0.000000
0.000000
0.000000
0.000000
0.000000
0.000000
0.000000
