0.000055
0.000110
0.000164
0.000221
0.000275
0.000334
0.000388
0.000450
0.000505
0.000568
0.000628
0.000690
0.000758
0.000817
0.000891
0.000957
0.001025
0.001107
0.001173
0.001253
0.001342
0.001413
0.001502
0.001602
0.001682
0.001772
0.001888
0.001991
0.002078
0.002189
0.002326
0.002451
0.002552
0.002657
0.002793
0.002962
0.003146
0.003330
0.003507
0.003681
0.003854
0.004031
0.004214
0.004404
0.004601
0.004806
0.005019
0.005241
0.005472
0.005711
0.005960
0.006218
0.006486
0.006765
0.007054
0.007354
0.007666
0.007989
0.008323
0.008671
0.009031
0.009404
0.009791
0.010191
0.010606
0.011036
0.011481
0.011942
0.012418
0.012911
0.013422
0.013949
0.014495
0.015059
0.015642
0.016244
0.016866
0.017509
0.018172
0.018858
0.019565
0.020295
0.021048
0.021825
0.022626
0.023452
0.024304
0.025182
0.026086
0.027018
0.027977
0.028966
0.029983
0.031030
0.032108
0.033217
0.034357
0.035530
0.036736
0.037976
0.039250
0.040559
0.041904
0.043285
0.044703
0.046159
0.047654
0.049187
0.050760
0.052374
0.054029
0.055725
0.057465
0.059247
0.061073
0.062943
0.064859
0.066820
0.068828
0.070883
0.072985
0.075136
0.077336
0.079586
0.081886
0.084236
0.086638
0.089092
0.091598
0.094158
0.096771
0.099438
0.102160
0.104937
0.107769
0.110658
0.113604
0.116606
0.119666
0.122783
0.125959
0.129193
0.132487
0.135839
0.139251
0.142723
0.146254
0.149846
0.153498
0.157211
0.160985
0.164819
0.168715
0.172671
0.176689
0.180767
0.184907
0.189107
0.193369
0.197691
0.202074
0.206518
0.211021
0.215585
0.220208
0.224891
0.229633
0.234433
0.239292
0.244209
0.249183
0.254214
0.259300
0.264443
0.269641
0.274893
0.280199
0.285557
0.290968
0.296430
0.301943
0.307505
0.313116
0.318775
0.324480
0.330231
0.336027
0.341867
0.347748
0.353671
0.359634
0.365636
0.371675
0.377750
0.383860
0.390004
0.396180
0.402387
0.408622
0.414885
0.421174
0.427488
0.433824
0.440182
0.446560
0.452956
0.459367
0.465794
0.472233
0.478683
0.485142
0.491609
0.498081
0.504556
0.511034
0.517511
0.523986
0.530457
0.536923
0.543380
0.549828
0.556263
0.562685
0.569091
0.575479
0.581846
0.588192
0.594514
0.600810
0.607077
0.613314
0.619518
0.625689
0.631823
0.637918
0.643974
0.649986
0.655953
0.661874
0.667746
0.673567
0.679336
0.685049
0.690706
0.696304
0.701841
0.707315
0.712725
0.718068
0.723342
0.728547
0.733678
0.738736
0.743718
0.748622
0.753446
0.758189
0.762849
0.767425
0.771913
0.776314
0.780625
0.784845
0.788971
0.793004
0.796940
0.800779
0.804520
0.808160
0.811699
0.815134
0.818466
0.821693
0.824812
0.827825
0.830728
0.833522
0.836205
0.838775
0.841233
0.843576
0.845805
0.847919
0.849915
0.851794
0.853556
0.855199
0.856723
0.858127
0.859411
0.860574
0.861616
0.862537
0.863335
0.864011
0.864564
0.864995
0.865303
0.865488
0.865549
0.865488
0.865303
0.864995
0.864565
0.864012
0.863336
0.862538
0.861618
0.860576
0.859413
0.858129
0.856725
0.855202
0.853559
0.851797
0.849917
0.847921
0.845808
0.843580
0.841236
0.838779
0.836209
0.833527
0.830734
0.827830
0.824818
0.821698
0.818471
0.815139
0.811703
0.808164
0.804524
0.800784
0.796944
0.793008
0.788975
0.784848
0.780629
0.776318
0.771918
0.767429
0.762854
0.758194
0.753452
0.748628
0.743724
0.738742
0.733685
0.728553
0.723349
0.718075
0.712732
0.707323
0.701848
0.696311
0.690714
0.685057
0.679344
0.673575
0.667754
0.661882
0.655962
0.649994
0.643981
0.637926
0.631830
0.625696
0.619526
0.613321
0.607084
0.600816
0.594520
0.588198
0.581852
0.575485
0.569097
0.562691
0.556270
0.549834
0.543386
0.536928
0.530462
0.523991
0.517516
0.511039
0.504562
0.498086
0.491614
0.485147
0.478688
0.472238
0.465799
0.459373
0.452962
0.446566
0.440188
0.433831
0.427494
0.421180
0.414891
0.408628
0.402393
0.396187
0.390011
0.383868
0.377758
0.371682
0.365644
0.359642
0.353679
0.347756
0.341875
0.336035
0.330240
0.324489
0.318783
0.313125
0.307514
0.301952
0.296439
0.290977
0.285566
0.280207
0.274901
0.269649
0.264451
0.259309
0.254221
0.249191
0.244217
0.239300
0.234441
0.229641
0.224899
0.220216
0.215593
0.211029
0.206526
0.202082
0.197699
0.193377
0.189115
0.184914
0.180775
0.176696
0.172679
0.168722
0.164827
0.160992
0.157218
0.153505
0.149853
0.146261
0.142729
0.139257
0.135846
0.132493
0.129200
0.125965
0.122789
0.119672
0.116612
0.113609
0.110664
0.107775
0.104942
0.102165
0.099443
0.096776
0.094163
0.091603
0.089097
0.086643
0.084241
0.081890
0.079590
0.077341
0.075141
0.072990
0.070887
0.068832
0.066824
0.064863
0.062947
0.061077
0.059251
0.057468
0.055729
0.054033
0.052378
0.050764
0.049191
0.047657
0.046163
0.044707
0.043288
0.041907
0.040562
0.039253
0.037979
0.036739
0.035533
0.034360
0.033220
0.032111
0.031033
0.029986
0.028968
0.027980
0.027020
0.026088
0.025184
0.024306
0.023454
0.022628
0.021827
0.021050
0.020297
0.019567
0.018860
0.018174
0.017511
0.016868
0.016245
0.015643
0.015060
0.014496
0.013951
0.013423
0.012913
0.012420
0.011943
0.011482
0.011037
0.010608
0.010193
0.009792
0.009405
0.009032
0.008672
0.008324
0.007989
0.007666
0.007355
0.007055
0.006766
0.006487
0.006219
0.005960
0.005712
0.005472
0.005242
0.005020
0.004807
0.004602
0.004404
0.004215
0.004033
0.003858
0.003689
0.003528
0.003373
0.003224
0.003081
0.002943
0.002812
0.002685
0.002564
0.002448
0.002337
0.002230
0.002128
0.002030
0.001936
0.001846
0.001760
0.001678
0.001599
0.001524
0.001451
0.001382
0.001316
0.001253
0.001193
0.001135
0.001080
0.001028
0.000978
0.000930
0.000884
0.000840
0.000799
0.000759
0.000721
0.000685
0.000650
0.000617
0.000586
0.000556
0.000528
0.000501
0.000475
0.000450
0.000427
0.000405
0.000384
0.000364
0.000344
0.000326
0.000309
0.000293
0.000277
0.000262
0.000248
0.000235
0.000222
0.000210
0.000198
0.000188
0.000177
0.000168
0.000158
0.000150
0.000141
0.000133
0.000126
0.000119
0.000112
0.000106
0.000100
0.000094
0.000089
0.000084
0.000079
0.000074
0.000070
0.000066
0.000062
0.000058
0.000055
0.000052
0.000049
0.000046
0.000043
0.000041
0.000038
0.000036
0.000034
0.000032
0.000030
0.000028
0.000026
0.000025
0.000023
0.000022
0.000020
0.000019
0.000018
0.000017
0.000016
0.000015
0.000014
0.000013
0.000012
0.000011
0.000011
0.000010
0.000009
0.000009
0.000008
0.000008
0.000007
0.000007
0.000006
0.000006
0.000005
0.000005
0.000005
0.000004
0.000004
0.000004
0.000004
0.000003
0.000003
0.000003
0.000003
0.000003
0.000002
0.000002
0.000002
0.000002
0.000002
0.000002
0.000002
0.000001
0.000001
0.000001
0.000001
0.000001
0.000001
0.000001
0.000001
0.000001
0.000001
0.000001
0.000001
0.000001
0.000001
0.000001
0.000000
0.000000
0.000000
0.000000
0.000000
0.000000
0.000000
0.000000
0.000000
0.000000
0.000000
0.000000
0.000000
0.000000
0.000000
0.000000
0.000000
0.000000
0.000000
0.000000
0.000000
0.000000
0.000000
0.000000
0.000000
0.000000
0.000000
0.000000
0.000000
0.000000
0.000000
0.000000
0.000000
0.000000
0.000000
0.000000
0.000000
0.000000
0.000000
0.000000
0.000000
0.000000
0.000000
0.000000
0.000000
0.000000
0.000000
0.000000
0.000000
0.000000
0.000000
0.000000
0.000000
0.000000
0.000000
0.000000
0.000000
0.000000
0.000000
0.000000
0.000000
0.000000
0.000000
0.000000
0.000000
0.000000
0.000000
0.000000
0.000000
0.000000
0.000000
0.000000
0.000000
0.000000
0.000000
0.000000
0.000000
0.000000
0.000000
0.000000
0.000000
0.000000
0.000000
0.000000
0.000000
0.000000
0.000000
0.000000
0.000000
0.000000
0.000000
0.000000
0.000000
0.000000
0.000000
0.000000
0.000000
0.000000
0.000000
0.000000
0.000000
0.000000
0.000000
0.000000
0.000000
0.000000
0.000000
0.000000
0.000000
0.000000
0.000000
0.000000
0.000000
0.000000
0.000000
0.000000
0.000000
0.000000
0.000000
0.000000
0.000000
0.000000
0.000000
0.000000
0.000000
0.000000
0.000000
0.000000
0.000000
0.000000
0.000000
0.000000
0.000000
0.000000
0.000000
0.000000
0.000000
0.000000
0.000000
0.000000
0.000000
0.000000
0.000000
0.000000
0.000000
0.000000
0.000000
0.000000
0.000000
0.000000
0.000000
0.000000
0.000000
0.000000
0.000000
0.000000
0.000000
0.000000
0.000000
0.000000
0.000000
0.000000
0.000000
0.000000
0.000000
0.000000
0.000000
0.000000
0.000000
0.000000
0.000000
0.000000
0.000000
0.000000
0.000000
0.000000
0.000000
0.000000
0.000000
0.000000
0.000000
0.000000
0.000000
0.000000
0.000000
0.000000
0.000000
0.000000
0.000000
0.000000
0.000000
0.000000
0.000000
0.000000
0.000000
0.000000
0.000000
0.000000
0.000000
0.000000
0.000000
0.000000
0.000000
0.000000
0.000000
0.000000
0.000000
0.000000
0.000000
0.000000
0.000000
0.000000
0.000000
0.000000
0.000000
0.000000
0.000000
0.000000
0.000000
0.000000
0.000000
0.000000
0.000000
0.000000
0.000000
0.000000
0.000000
0.000000
0.000000
0.000000
0.000000
0.000000
0.000000
0.000000
0.000000
0.000000
0.000000
0.000000
0.000000
0.000000
0.000000
0.000000
0.000000
0.000000
0.000000
0.000000
0.000000
0.000000
0.000000
0.000000
0.000000
0.000000
0.000000
0.000000
0.000000
0.000000
0.000000
0.000000
0.000000
0.000000
0.000000
0.000000
0.000000
0.000000
0.000000
0.000000
0.000000
0.000000
0.000000
0.000000
0.000000
0.000000
0.000000
0.000000
0.000000
0.000000
0.000000
0.000000
0.000000
0.000000
0.000000
0.000000
0.000000
0.000000
0.000000
0.000000
0.000000
0.000000
0.000000
0.000000
