0.000056
0.000113
0.000168
0.000227
0.000282
0.000342
0.000398
0.000460
0.000519
0.000580
0.000646
0.000705
0.000776
0.000839
0.000909
0.000984
0.001048
0.001131
0.001207
0.001279
0.001373
0.001453
0.001533
0.001637
0.001730
0.001813
0.001924
0.002041
0.002135
0.002235
0.002368
0.002508
0.002624
0.002727
0.002852
0.003011
0.003196
0.003387
0.003573
0.003755
0.003934
0.004116
0.004303
0.004496
0.004697
0.004906
0.005123
0.005349
0.005583
0.005827
0.006080
0.006343
0.006616
0.006899
0.007193
0.007499
0.007815
0.008143
0.008484
0.008837
0.009203
0.009582
0.009975
0.010382
0.010804
0.011240
0.011692
0.012159
0.012643
0.013144
0.013662
0.014197
0.014751
0.015323
0.015914
0.016525
0.017156
0.017808
0.018481
0.019175
0.019892
0.020632
0.021395
0.022182
0.022994
0.023831
0.024693
0.025582
0.026498
0.027441
0.028413
0.029413
0.030442
0.031502
0.032592
0.033714
0.034867
0.036053
0.037273
0.038526
0.039814
0.041137
0.042496
0.043891
0.045324
0.046795
0.048304
0.049853
0.051441
0.053070
0.054741
0.056453
0.058208
0.060006
0.061848
0.063735
0.065667
0.067644
0.069669
0.071740
0.073859
0.076027
0.078244
0.080510
0.082826
0.085194
0.087612
0.090083
0.092606
0.095182
0.097812
0.100496
0.103235
0.106028
0.108877
0.111782
0.114744
0.117762
0.120838
0.123971
0.127162
0.130412
0.133720
0.137087
0.140514
0.144000
0.147545
0.151151
0.154816
0.158542
0.162328
0.166175
0.170082
0.174049
0.178078
0.182166
0.186316
0.190526
0.194796
0.199126
0.203517
0.207967
0.212477
0.217046
0.221675
0.226362
0.231107
0.235911
0.240772
0.245690
0.250664
0.255695
0.260781
0.265921
0.271116
0.276365
0.281666
0.287019
0.292424
0.297879
0.303383
0.308936
0.314537
0.320184
0.325878
0.331616
0.337397
0.343221
0.349087
0.354992
0.360936
0.366918
0.372937
0.378990
0.385078
0.391198
0.397348
0.403529
0.409737
0.415971
0.422231
0.428514
0.434819
0.441144
0.447488
0.453848
0.460224
0.466613
0.473014
0.479424
0.485843
0.492269
0.498698
0.505130
0.511563
0.517995
0.524424
0.530848
0.537265
0.543673
0.550071
0.556455
0.562826
0.569179
0.575514
0.581828
0.588118
0.594385
0.600624
0.606835
0.613015
0.619162
0.625274
0.631350
0.637386
0.643381
0.649333
0.655240
0.661101
0.666912
0.672672
0.678380
0.684032
0.689627
0.695164
0.700640
0.706053
0.711401
0.716684
0.721897
0.727040
0.732112
0.737109
0.742032
0.746876
0.751642
0.756327
0.760929
0.765448
0.769880
0.774225
0.778481
0.782647
0.786720
0.790700
0.794584
0.798373
0.802064
0.805656
0.809147
0.812537
0.815824
0.819006
0.822083
0.825054
0.827918
0.830673
0.833318
0.835853
0.838276
0.840587
0.842784
0.844867
0.846836
0.848688
0.850424
0.852044
0.853546
0.854930
0.856195
0.857342
0.858369
0.859276
0.860063
0.860729
0.861274
0.861699
0.862002
0.862184
0.862245
0.862185
0.862003
0.861699
0.861275
0.860730
0.860064
0.859277
0.858370
0.857343
0.856198
0.854932
0.853549
0.852047
0.850428
0.848691
0.846838
0.844870
0.842787
0.840590
0.838279
0.835856
0.833323
0.830678
0.827923
0.825060
0.822088
0.819011
0.815828
0.812541
0.809152
0.805660
0.802068
0.798378
0.794589
0.790703
0.786724
0.782650
0.778485
0.774229
0.769884
0.765452
0.760934
0.756332
0.751648
0.746882
0.742037
0.737115
0.732118
0.727046
0.721904
0.716690
0.711409
0.706060
0.700647
0.695172
0.689635
0.684040
0.678387
0.672680
0.666920
0.661109
0.655249
0.649342
0.643389
0.637394
0.631357
0.625282
0.619169
0.613022
0.606842
0.600631
0.594391
0.588124
0.581833
0.575519
0.569185
0.562832
0.556462
0.550077
0.543679
0.537271
0.530853
0.524429
0.518000
0.511568
0.505135
0.498703
0.492274
0.485848
0.479430
0.473019
0.466618
0.460229
0.453854
0.447494
0.441150
0.434825
0.428520
0.422237
0.415978
0.409743
0.403535
0.397355
0.391204
0.385085
0.378998
0.372944
0.366926
0.360944
0.355000
0.349094
0.343229
0.337405
0.331624
0.325886
0.320193
0.314546
0.308945
0.303392
0.297887
0.292432
0.287028
0.281674
0.276373
0.271125
0.265930
0.260789
0.255703
0.250672
0.245697
0.240779
0.235918
0.231115
0.226370
0.221683
0.217054
0.212485
0.207975
0.203525
0.199134
0.194803
0.190533
0.186323
0.182174
0.178085
0.174057
0.170089
0.166182
0.162335
0.158549
0.154823
0.151157
0.147552
0.144006
0.140520
0.137094
0.133727
0.130418
0.127169
0.123977
0.120844
0.117768
0.114750
0.111788
0.108883
0.106034
0.103240
0.100502
0.097818
0.095188
0.092611
0.090088
0.087617
0.085198
0.082831
0.080514
0.078248
0.076031
0.073864
0.071744
0.069673
0.067648
0.065671
0.063739
0.061852
0.060010
0.058212
0.056457
0.054744
0.053074
0.051445
0.049856
0.048308
0.046798
0.045328
0.043895
0.042499
0.041140
0.039817
0.038529
0.037276
0.036056
0.034870
0.033717
0.032595
0.031505
0.030445
0.029415
0.028415
0.027444
0.026500
0.025585
0.024696
0.023833
0.022996
0.022184
0.021397
0.020634
0.019894
0.019177
0.018483
0.017810
0.017158
0.016527
0.015916
0.015324
0.014752
0.014199
0.013663
0.013145
0.012645
0.012161
0.011693
0.011241
0.010805
0.010383
0.009976
0.009583
0.009204
0.008838
0.008485
0.008144
0.007816
0.007499
0.007194
0.006900
0.006617
0.006344
0.006081
0.005828
0.005584
0.005349
0.005124
0.004907
0.004698
0.004497
0.004304
0.004118
0.003940
0.003768
0.003604
0.003446
0.003294
0.003148
0.003008
0.002874
0.002745
0.002622
0.002503
0.002390
0.002281
0.002176
0.002076
0.001981
0.001889
0.001801
0.001717
0.001637
0.001559
0.001486
0.001415
0.001348
0.001283
0.001222
0.001163
0.001107
0.001053
0.001002
0.000953
0.000906
0.000861
0.000819
0.000778
0.000739
0.000702
0.000667
0.000633
0.000601
0.000571
0.000541
0.000514
0.000487
0.000462
0.000438
0.000416
0.000394
0.000373
0.000354
0.000335
0.000317
0.000300
0.000284
0.000269
0.000255
0.000241
0.000228
0.000216
0.000204
0.000193
0.000182
0.000172
0.000163
0.000154
0.000145
0.000137
0.000130
0.000122
0.000115
0.000109
0.000103
0.000097
0.000091
0.000086
0.000081
0.000077
0.000072
0.000068
0.000064
0.000060
0.000057
0.000053
0.000050
0.000047
0.000044
0.000042
0.000039
0.000037
0.000035
0.000033
0.000031
0.000029
0.000027
0.000025
0.000024
0.000022
0.000021
0.000020
0.000019
0.000017
0.000016
0.000015
0.000014
0.000013
0.000013
0.000012
0.000011
0.000010
0.000010
0.000009
0.000008
0.000008
0.000007
0.000007
0.000006
0.000006
0.000006
0.000005
0.000005
0.000005
0.000004
0.000004
0.000004
0.000004
0.000003
0.000003
0.000003
0.000003
0.000002
0.000002
0.000002
0.000002
0.000002
0.000002
0.000002
0.000002
0.000001
0.000001
0.000001
0.000001
0.000001
0.000001
0.000001
0.000001
0.000001
0.000001
0.000001
0.000001
0.000001
0.000001
0.000001
0.000000
0.000000
0.000000
0.000000
0.000000
0.000000
0.000000
0.000000
0.000000
0.000000
0.000000
0.000000
0.000000
0.000000
0.000000
0.000000
0.000000
0.000000
0.000000
0.000000
0.000000
0.000000
0.000000
0.000000
0.000000
0.000000
0.000000
0.000000
0.000000
0.000000
0.000000
0.000000
0.000000
0.000000
0.000000
0.000000
0.000000
0.000000
0.000000
0.000000
0.000000
0.000000
0.000000
0.000000
0.000000
0.000000
0.000000
0.000000
0.000000
0.000000
0.000000
0.000000
0.000000
0.000000
0.000000
0.000000
0.000000
0.000000
0.000000
0.000000
0.000000
0.000000
0.000000
0.000000
0.000000
0.000000
0.000000
0.000000
0.000000
0.000000
0.000000
0.000000
0.000000
0.000000
0.000000
0.000000
0.000000
0.000000
0.000000
0.000000
0.000000
0.000000
0.000000
0.000000
0.000000
0.000000
0.000000
0.000000
0.000000
0.000000
0.000000
0.000000
0.000000
0.000000
0.000000
0.000000
0.000000
0.000000
0.000000
0.000000
0.000000
0.000000
0.000000
0.000000
0.000000
0.000000
0.000000
0.000000
0.000000
0.000000
0.000000
0.000000
0.000000
0.000000
0.000000
0.000000
0.000000
0.000000
0.000000
0.000000
0.000000
0.000000
0.000000
0.000000
0.000000
0.000000
0.000000
0.000000
0.000000
0.000000
0.000000
0.000000
0.000000
0.000000
0.000000
0.000000
0.000000
0.000000
0.000000
0.000000
0.000000
0.000000
0.000000
0.000000
0.000000
0.000000
0.000000
0.000000
0.000000
0.000000
0.000000
0.000000
0.000000
0.000000
0.000000
0.000000
0.000000
0.000000
0.000000
0.000000
0.000000
0.000000
0.000000
0.000000
0.000000
0.000000
0.000000
0.000000
0.000000
0.000000
0.000000
0.000000
0.000000
0.000000
0.000000
0.000000
0.000000
0.000000
0.000000
0.000000
0.000000
0.000000
0.000000
0.000000
0.000000
0.000000
0.000000
0.000000
0.000000
0.000000
0.000000
0.000000
0.000000
0.000000
0.000000
0.000000
0.000000
0.000000
0.000000
0.000000
0.000000
0.000000
0.000000
0.000000
0.000000
0.000000
0.000000
0.000000
0.000000
0.000000
0.000000
0.000000
0.000000
0.000000
0.000000
0.000000
0.000000
0.000000
0.000000
0.000000
0.000000
0.000000
0.000000
0.000000
0.000000
0.000000
0.000000
0.000000
0.000000
0.000000
0.000000
0.000000
0.000000
0.000000
0.000000
0.000000
0.000000
0.000000
0.000000
0.000000
0.000000
0.000000
0.000000
0.000000
0.000000
0.000000
0.000000
0.000000
0.000000
0.000000
0.000000
0.000000
0.000000
0.000000
0.000000
0.000000
0.000000
0.000000
0.000000
0.000000
0.000000
0.000000
0.000000
0.000000
0.000000
0.000000
0.000000
0.000000
0.000000
0.000000
0.000000
0.000000
0.000000
0.000000
0.000000
0.000000
0.000000
0.000000
0.000000
0.000000
0.000000
0.000000
0.000000
0.000000
0.000000
0.000000
0.000000
0.000000
0.000000
