0.000057
0.000115
0.000172
0.000231
0.000289
0.000349
0.000410
0.000469
0.000534
0.000593
0.000662
0.000723
0.000792
0.000862
0.000928
0.001008
0.001076
0.001153
0.001239
0.001310
0.001400
0.001493
0.001570
0.001669
0.001775
0.001860
0.001961
0.002086
0.002194
0.002290
0.002413
0.002559
0.002693
0.002803
0.002919
0.003067
0.003247
0.003443
0.003638
0.003829
0.004015
0.004202
0.004393
0.004590
0.004795
0.005008
0.005229
0.005459
0.005697
0.005945
0.006203
0.006470
0.006748
0.007036
0.007335
0.007646
0.007968
0.008301
0.008648
0.009006
0.009378
0.009764
0.010163
0.010576
0.011005
0.011448
0.011907
0.012381
0.012873
0.013381
0.013906
0.014450
0.015011
0.015592
0.016192
0.016811
0.017451
0.018112
0.018794
0.019499
0.020225
0.020975
0.021748
0.022546
0.023368
0.024216
0.025089
0.025990
0.026917
0.027872
0.028855
0.029867
0.030909
0.031981
0.033084
0.034219
0.035385
0.036585
0.037818
0.039085
0.040387
0.041724
0.043097
0.044507
0.045955
0.047440
0.048965
0.050528
0.052132
0.053777
0.055463
0.057191
0.058962
0.060776
0.062634
0.064537
0.066486
0.068480
0.070521
0.072609
0.074745
0.076930
0.079163
0.081446
0.083780
0.086164
0.088600
0.091087
0.093628
0.096221
0.098867
0.101568
0.104323
0.107134
0.109999
0.112921
0.115899
0.118933
0.122025
0.125174
0.128380
0.131645
0.134969
0.138351
0.141792
0.145292
0.148851
0.152470
0.156149
0.159888
0.163686
0.167545
0.171464
0.175443
0.179482
0.183581
0.187740
0.191959
0.196238
0.200576
0.204974
0.209431
0.213948
0.218522
0.223156
0.227847
0.232596
0.237402
0.242265
0.247185
0.252160
0.257190
0.262274
0.267413
0.272605
0.277850
0.283147
0.288494
0.293892
0.299339
0.304835
0.310379
0.315969
0.321605
0.327286
0.333011
0.338778
0.344586
0.350435
0.356322
0.362248
0.368210
0.374207
0.380239
0.386303
0.392399
0.398524
0.404678
0.410858
0.417064
0.423294
0.429546
0.435818
0.442110
0.448420
0.454745
0.461084
0.467435
0.473797
0.480168
0.486546
0.492929
0.499316
0.505705
0.512092
0.518478
0.524860
0.531236
0.537605
0.543963
0.550310
0.556644
0.562962
0.569263
0.575543
0.581803
0.588038
0.594249
0.600432
0.606586
0.612708
0.618797
0.624850
0.630866
0.636843
0.642778
0.648670
0.654516
0.660316
0.666066
0.671764
0.677410
0.683001
0.688534
0.694009
0.699423
0.704774
0.710061
0.715281
0.720434
0.725516
0.730527
0.735464
0.740326
0.745111
0.749818
0.754444
0.758988
0.763449
0.767825
0.772114
0.776315
0.780425
0.784445
0.788372
0.792205
0.795943
0.799584
0.803127
0.806570
0.809914
0.813155
0.816293
0.819327
0.822257
0.825080
0.827796
0.830404
0.832903
0.835291
0.837568
0.839734
0.841787
0.843727
0.845553
0.847264
0.848860
0.850340
0.851704
0.852950
0.854080
0.855092
0.855985
0.856761
0.857417
0.857954
0.858372
0.858671
0.858850
0.858910
0.858851
0.858672
0.858373
0.857955
0.857418
0.856761
0.855986
0.855093
0.854082
0.852952
0.851706
0.850342
0.848862
0.847267
0.845555
0.843730
0.841790
0.839737
0.837571
0.835294
0.832906
0.830409
0.827801
0.825085
0.822262
0.819333
0.816298
0.813159
0.809918
0.806575
0.803131
0.799588
0.795947
0.792210
0.788376
0.784449
0.780429
0.776318
0.772118
0.767829
0.763453
0.758993
0.754449
0.749824
0.745117
0.740332
0.735470
0.730533
0.725522
0.720441
0.715289
0.710068
0.704782
0.699430
0.694017
0.688542
0.683009
0.677418
0.671772
0.666074
0.660324
0.654524
0.648678
0.642786
0.636850
0.630874
0.624858
0.618804
0.612715
0.606593
0.600439
0.594255
0.588045
0.581809
0.575549
0.569268
0.562968
0.556650
0.550317
0.543969
0.537611
0.531242
0.524865
0.518483
0.512097
0.505709
0.499321
0.492935
0.486551
0.480173
0.473802
0.467440
0.461089
0.454750
0.448426
0.442116
0.435824
0.429552
0.423300
0.417070
0.410865
0.404684
0.398531
0.392405
0.386310
0.380246
0.374215
0.368218
0.362256
0.356330
0.350443
0.344594
0.338786
0.333019
0.327294
0.321614
0.315978
0.310388
0.304844
0.299348
0.293901
0.288502
0.283155
0.277858
0.272614
0.267421
0.262282
0.257198
0.252167
0.247192
0.242273
0.237410
0.232604
0.227855
0.223164
0.218531
0.213956
0.209439
0.204982
0.200584
0.196245
0.191966
0.187747
0.183588
0.179489
0.175450
0.171471
0.167552
0.163693
0.159895
0.156156
0.152477
0.148858
0.145298
0.141798
0.138357
0.134975
0.131652
0.128387
0.125180
0.122031
0.118939
0.115904
0.112926
0.110005
0.107139
0.104329
0.101574
0.098873
0.096226
0.093633
0.091093
0.088605
0.086169
0.083785
0.081451
0.079168
0.076934
0.074750
0.072613
0.070525
0.068484
0.066490
0.064541
0.062638
0.060780
0.058966
0.057195
0.055467
0.053781
0.052136
0.050532
0.048968
0.047444
0.045958
0.044510
0.043100
0.041727
0.040390
0.039088
0.037821
0.036588
0.035388
0.034222
0.033087
0.031984
0.030912
0.029870
0.028857
0.027874
0.026919
0.025992
0.025092
0.024218
0.023370
0.022548
0.021750
0.020977
0.020227
0.019501
0.018796
0.018114
0.017453
0.016813
0.016193
0.015593
0.015013
0.014451
0.013908
0.013382
0.012874
0.012383
0.011908
0.011449
0.011006
0.010578
0.010164
0.009765
0.009379
0.009007
0.008649
0.008302
0.007969
0.007647
0.007336
0.007037
0.006749
0.006471
0.006204
0.005946
0.005698
0.005459
0.005230
0.005009
0.004796
0.004591
0.004395
0.004206
0.004024
0.003849
0.003682
0.003520
0.003366
0.003217
0.003074
0.002938
0.002806
0.002680
0.002559
0.002444
0.002332
0.002226
0.002124
0.002026
0.001933
0.001843
0.001757
0.001675
0.001596
0.001521
0.001449
0.001380
0.001314
0.001251
0.001191
0.001134
0.001079
0.001026
0.000976
0.000928
0.000883
0.000839
0.000797
0.000758
0.000720
0.000684
0.000649
0.000617
0.000585
0.000555
0.000527
0.000500
0.000474
0.000450
0.000427
0.000404
0.000383
0.000363
0.000344
0.000326
0.000309
0.000292
0.000277
0.000262
0.000248
0.000234
0.000222
0.000210
0.000198
0.000187
0.000177
0.000167
0.000158
0.000149
0.000141
0.000133
0.000126
0.000119
0.000112
0.000106
0.000100
0.000094
0.000089
0.000084
0.000079
0.000074
0.000070
0.000066
0.000062
0.000058
0.000055
0.000052
0.000049
0.000046
0.000043
0.000041
0.000038
0.000036
0.000034
0.000032
0.000030
0.000028
0.000026
0.000025
0.000023
0.000022
0.000020
0.000019
0.000018
0.000017
0.000016
0.000015
0.000014
0.000013
0.000012
0.000011
0.000011
0.000010
0.000009
0.000009
0.000008
0.000008
0.000007
0.000007
0.000006
0.000006
0.000005
0.000005
0.000005
0.000004
0.000004
0.000004
0.000004
0.000003
0.000003
0.000003
0.000003
0.000003
0.000002
0.000002
0.000002
0.000002
0.000002
0.000002
0.000002
0.000001
0.000001
0.000001
0.000001
0.000001
0.000001
0.000001
0.000001
0.000001
0.000001
0.000001
0.000001
0.000001
0.000001
0.000001
0.000000
0.000000
0.000000
0.000000
0.000000
0.000000
0.000000
0.000000
0.000000
0.000000
0.000000
0.000000
0.000000
0.000000
0.000000
0.000000
0.000000
0.000000
0.000000
0.000000
0.000000
0.000000
0.000000
0.000000
0.000000
0.000000
0.000000
0.000000
0.000000
0.000000
0.000000
0.000000
0.000000
0.000000
0.000000
0.000000
0.000000
0.000000
0.000000
0.000000
0.000000
0.000000
0.000000
0.000000
0.000000
0.000000
0.000000
0.000000
0.000000
0.000000
0.000000
0.000000
0.000000
0.000000
0.000000
0.000000
0.000000
0.000000
0.000000
0.000000
0.000000
0.000000
0.000000
0.000000
0.000000
0.000000
0.000000
0.000000
0.000000
0.000000
0.000000
0.000000
0.000000
0.000000
0.000000
0.000000
0.000000
0.000000
0.000000
0.000000
0.000000
0.000000
0.000000
0.000000
0.000000
0.000000
0.000000
0.000000
0.000000
0.000000
0.000000
0.000000
0.000000
0.000000
0.000000
0.000000
0.000000
0.000000
0.000000
0.000000
0.000000
0.000000
0.000000
0.000000
0.000000
0.000000
0.000000
0.000000
0.000000
0.000000
0.000000
0.000000
0.000000
0.000000
0.000000
0.000000
0.000000
0.000000
0.000000
0.000000
0.000000
0.000000
0.000000
0.000000
0.000000
0.000000
0.000000
0.000000
0.000000
0.000000
0.000000
0.000000
0.000000
0.000000
0.000000
0.000000
0.000000
0.000000
0.000000
0.000000
0.000000
0.000000
0.000000
0.000000
0.000000
0.000000
0.000000
0.000000
0.000000
0.000000
0.000000
0.000000
0.000000
0.000000
0.000000
0.000000
0.000000
0.000000
0.000000
0.000000
0.000000
0.000000
0.000000
0.000000
0.000000
0.000000
0.000000
0.000000
0.000000
0.000000
0.000000
0.000000
0.000000
0.000000
0.000000
0.000000
0.000000
0.000000
0.000000
0.000000
0.000000
0.000000
0.000000
0.000000
0.000000
0.000000
0.000000
0.000000
0.000000
0.000000
0.000000
0.000000
0.000000
0.000000
0.000000
0.000000
0.000000
0.000000
0.000000
0.000000
0.000000
0.000000
0.000000
0.000000
0.000000
0.000000
0.000000
0.000000
0.000000
0.000000
0.000000
0.000000
0.000000
0.000000
0.000000
0.000000
0.000000
0.000000
0.000000
0.000000
0.000000
0.000000
0.000000
0.000000
0.000000
0.000000
0.000000
0.000000
0.000000
0.000000
0.000000
0.000000
0.000000
0.000000
0.000000
0.000000
0.000000
0.000000
0.000000
0.000000
0.000000
0.000000
0.000000
0.000000
0.000000
0.000000
0.000000
0.000000
0.000000
0.000000
0.000000
0.000000
0.000000
0.000000
0.000000
0.000000
0.000000
0.000000
0.000000
0.000000
0.000000
0.000000
0.000000
0.000000
0.000000
0.000000
0.000000
0.000000
0.000000
0.000000
0.000000
0.000000
0.000000
0.000000
0.000000
0.000000
0.000000
0.000000
0.000000
0.000000
0.000000
0.000000
0.000000
0.000000
0.000000
0.000000
0.000000
0.000000
0.000000
