0.000059
0.000118
0.000177
0.000236
0.000298
0.000356
0.000421
0.000480
0.000547
0.000608
0.000676
0.000743
0.000809
0.000885
0.000950
0.001029
0.001106
0.001178
0.001268
0.001346
0.001428
0.001528
0.001612
0.001702
0.001815
0.001912
0.002005
0.002126
0.002250
0.002351
0.002463
0.002607
0.002755
0.002880
0.002995
0.003131
0.003303
0.003499
0.003702
0.003901
0.004096
0.004289
0.004485
0.004687
0.004895
0.005112
0.005337
0.005571
0.005814
0.006066
0.006328
0.006600
0.006883
0.007176
0.007480
0.007796
0.008123
0.008462
0.008814
0.009179
0.009557
0.009949
0.010354
0.010774
0.011209
0.011659
0.012125
0.012607
0.013106
0.013622
0.014155
0.014707
0.015277
0.015866
0.016474
0.017103
0.017752
0.018422
0.019114
0.019828
0.020564
0.021324
0.022108
0.022916
0.023749
0.024607
0.025492
0.026404
0.027342
0.028309
0.029305
0.030329
0.031383
0.032468
0.033584
0.034732
0.035912
0.037125
0.038371
0.039652
0.040968
0.042320
0.043708
0.045132
0.046595
0.048095
0.049635
0.051214
0.052833
0.054494
0.056196
0.057940
0.059727
0.061557
0.063432
0.065352
0.067316
0.069327
0.071385
0.073490
0.075643
0.077845
0.080095
0.082396
0.084746
0.087147
0.089600
0.092105
0.094662
0.097272
0.099936
0.102654
0.105426
0.108253
0.111135
0.114073
0.117067
0.120118
0.123226
0.126390
0.129613
0.132893
0.136232
0.139629
0.143084
0.146599
0.150172
0.153805
0.157497
0.161249
0.165060
0.168930
0.172861
0.176851
0.180901
0.185010
0.189179
0.193407
0.197695
0.202041
0.206447
0.210911
0.215433
0.220013
0.224652
0.229347
0.234099
0.238908
0.243773
0.248694
0.253669
0.258698
0.263782
0.268918
0.274107
0.279348
0.284640
0.289982
0.295372
0.300812
0.306300
0.311833
0.317413
0.323038
0.328706
0.334416
0.340169
0.345961
0.351793
0.357662
0.363569
0.369510
0.375487
0.381496
0.387536
0.393607
0.399707
0.405833
0.411986
0.418162
0.424362
0.430582
0.436823
0.443081
0.449355
0.455645
0.461947
0.468260
0.474583
0.480913
0.487250
0.493591
0.499935
0.506278
0.512621
0.518960
0.525295
0.531623
0.537942
0.544251
0.550547
0.556829
0.563094
0.569341
0.575568
0.581772
0.587952
0.594106
0.600232
0.606329
0.612393
0.618423
0.624417
0.630373
0.636290
0.642164
0.647995
0.653780
0.659518
0.665206
0.670843
0.676427
0.681955
0.687426
0.692838
0.698190
0.703479
0.708704
0.713862
0.718954
0.723974
0.728923
0.733799
0.738601
0.743326
0.747974
0.752541
0.757027
0.761429
0.765748
0.769981
0.774126
0.778181
0.782147
0.786021
0.789802
0.793488
0.797079
0.800573
0.803969
0.807265
0.810460
0.813554
0.816546
0.819433
0.822215
0.824892
0.827462
0.829925
0.832278
0.834522
0.836656
0.838679
0.840590
0.842389
0.844074
0.845647
0.847105
0.848448
0.849676
0.850788
0.851785
0.852665
0.853429
0.854075
0.854605
0.855016
0.855310
0.855487
0.855546
0.855487
0.855311
0.855017
0.854605
0.854076
0.853429
0.852666
0.851786
0.850790
0.849678
0.848450
0.847107
0.845649
0.844077
0.842392
0.840593
0.838681
0.836658
0.834525
0.832281
0.829928
0.827467
0.824897
0.822221
0.819438
0.816551
0.813559
0.810465
0.807269
0.803973
0.800578
0.797084
0.793492
0.789806
0.786025
0.782151
0.778185
0.774129
0.769984
0.765752
0.761434
0.757032
0.752546
0.747979
0.743332
0.738607
0.733805
0.728929
0.723980
0.718960
0.713870
0.708711
0.703487
0.698198
0.692847
0.687434
0.681963
0.676434
0.670851
0.665214
0.659526
0.653788
0.648003
0.642172
0.636297
0.630381
0.624424
0.618430
0.612399
0.606335
0.600239
0.594113
0.587958
0.581778
0.575573
0.569347
0.563100
0.556835
0.550553
0.544257
0.537948
0.531629
0.525300
0.518965
0.512626
0.506283
0.499939
0.493596
0.487255
0.480919
0.474588
0.468265
0.461952
0.455650
0.449361
0.443087
0.436828
0.430588
0.424368
0.418169
0.411992
0.405840
0.399713
0.393614
0.387543
0.381503
0.375494
0.369518
0.363577
0.357670
0.351801
0.345969
0.340176
0.334424
0.328714
0.323046
0.317421
0.311842
0.306308
0.300821
0.295381
0.289990
0.284648
0.279356
0.274115
0.268926
0.263790
0.258706
0.253677
0.248701
0.243781
0.238916
0.234107
0.229355
0.224659
0.220021
0.215441
0.210918
0.206455
0.202049
0.197702
0.193415
0.189186
0.185017
0.180908
0.176858
0.172868
0.168938
0.165067
0.161255
0.157504
0.153812
0.150179
0.146605
0.143091
0.139635
0.136238
0.132900
0.129619
0.126397
0.123232
0.120124
0.117073
0.114079
0.111141
0.108258
0.105431
0.102659
0.099941
0.097278
0.094667
0.092110
0.089605
0.087152
0.084751
0.082400
0.080100
0.077849
0.075648
0.073495
0.071389
0.069332
0.067321
0.065356
0.063436
0.061561
0.059731
0.057944
0.056199
0.054497
0.052837
0.051218
0.049638
0.048099
0.046598
0.045136
0.043711
0.042323
0.040971
0.039655
0.038374
0.037128
0.035915
0.034735
0.033587
0.032471
0.031386
0.030332
0.029307
0.028312
0.027345
0.026406
0.025494
0.024610
0.023751
0.022918
0.022110
0.021326
0.020566
0.019829
0.019116
0.018424
0.017754
0.017104
0.016476
0.015867
0.015278
0.014708
0.014157
0.013623
0.013108
0.012609
0.012127
0.011661
0.011210
0.010776
0.010355
0.009950
0.009558
0.009180
0.008815
0.008464
0.008124
0.007797
0.007481
0.007177
0.006884
0.006601
0.006329
0.006067
0.005814
0.005571
0.005338
0.005113
0.004896
0.004688
0.004487
0.004295
0.004110
0.003932
0.003761
0.003597
0.003439
0.003287
0.003142
0.003003
0.002869
0.002740
0.002617
0.002499
0.002385
0.002277
0.002173
0.002073
0.001977
0.001886
0.001798
0.001714
0.001634
0.001557
0.001483
0.001413
0.001346
0.001282
0.001220
0.001161
0.001105
0.001051
0.001000
0.000951
0.000905
0.000860
0.000817
0.000777
0.000738
0.000701
0.000666
0.000632
0.000600
0.000570
0.000541
0.000513
0.000487
0.000462
0.000438
0.000415
0.000393
0.000373
0.000353
0.000335
0.000317
0.000300
0.000284
0.000269
0.000255
0.000241
0.000228
0.000216
0.000204
0.000193
0.000182
0.000172
0.000163
0.000154
0.000145
0.000137
0.000129
0.000122
0.000115
0.000109
0.000103
0.000097
0.000091
0.000086
0.000081
0.000076
0.000072
0.000068
0.000064
0.000060
0.000057
0.000053
0.000050
0.000047
0.000044
0.000042
0.000039
0.000037
0.000035
0.000033
0.000031
0.000029
0.000027
0.000025
0.000024
0.000022
0.000021
0.000020
0.000019
0.000017
0.000016
0.000015
0.000014
0.000013
0.000013
0.000012
0.000011
0.000010
0.000010
0.000009
0.000008
0.000008
0.000007
0.000007
0.000006
0.000006
0.000006
0.000005
0.000005
0.000005
0.000004
0.000004
0.000004
0.000004
0.000003
0.000003
0.000003
0.000003
0.000002
0.000002
0.000002
0.000002
0.000002
0.000002
0.000002
0.000002
0.000001
0.000001
0.000001
0.000001
0.000001
0.000001
0.000001
0.000001
0.000001
0.000001
0.000001
0.000001
0.000001
0.000001
0.000001
0.000000
0.000000
0.000000
0.000000
0.000000
0.000000
0.000000
0.000000
0.000000
0.000000
0.000000
0.000000
0.000000
0.000000
0.000000
0.000000
0.000000
0.000000
0.000000
0.000000
0.000000
0.000000
0.000000
0.000000
0.000000
0.000000
0.000000
0.000000
0.000000
0.000000
0.000000
0.000000
0.000000
0.000000
0.000000
0.000000
0.000000
0.000000
0.000000
0.000000
0.000000
0.000000
0.000000
0.000000
0.000000
0.000000
0.000000
0.000000
0.000000
0.000000
0.000000
0.000000
0.000000
0.000000
0.000000
0.000000
0.000000
0.000000
0.000000
0.000000
0.000000
0.000000
0.000000
0.000000
0.000000
0.000000
0.000000
0.000000
0.000000
0.000000
0.000000
0.000000
0.000000
0.000000
0.000000
0.000000
0.000000
0.000000
0.000000
0.000000
0.000000
0.000000
0.000000
0.000000
0.000000
0.000000
0.000000
0.000000
0.000000
0.000000
0.000000
0.000000
0.000000
0.000000
0.000000
0.000000
0.000000
0.000000
0.000000
0.000000
0.000000
0.000000
0.000000
0.000000
0.000000
0.000000
0.000000
0.000000
0.000000
0.000000
0.000000
0.000000
0.000000
0.000000
0.000000
0.000000
0.000000
0.000000
0.000000
0.000000
0.000000
0.000000
0.000000
0.000000
0.000000
0.000000
0.000000
0.000000
0.000000
0.000000
0.000000
0.000000
0.000000
0.000000
0.000000
0.000000
0.000000
0.000000
0.000000
0.000000
0.000000
0.000000
0.000000
0.000000
0.000000
0.000000
0.000000
0.000000
0.000000
0.000000
0.000000
0.000000
0.000000
0.000000
0.000000
0.000000
0.000000
0.000000
0.000000
0.000000
0.000000
0.000000
0.000000
0.000000
0.000000
0.000000
0.000000
0.000000
0.000000
0.000000
0.000000
0.000000
0.000000
0.000000
0.000000
0.000000
0.000000
0.000000
0.000000
0.000000
0.000000
0.000000
0.000000
0.000000
0.000000
0.000000
0.000000
0.000000
0.000000
0.000000
0.000000
0.000000
0.000000
0.000000
0.000000
0.000000
0.000000
0.000000
0.000000
0.000000
0.000000
0.000000
0.000000
0.000000
0.000000
0.000000
0.000000
0.000000
0.000000
0.000000
0.000000
0.000000
0.000000
0.000000
0.000000
0.000000
0.000000
0.000000
0.000000
0.000000
0.000000
0.000000
0.000000
0.000000
0.000000
0.000000
0.000000
0.000000
0.000000
0.000000
0.000000
0.000000
0.000000
0.000000
0.000000
0.000000
0.000000
0.000000
0.000000
0.000000
0.000000
0.000000
0.000000
0.000000
0.000000
0.000000
0.000000
0.000000
0.000000
0.000000
0.000000
0.000000
0.000000
0.000000
0.000000
0.000000
0.000000
0.000000
0.000000
0.000000
0.000000
0.000000
0.000000
0.000000
0.000000
0.000000
0.000000
0.000000
0.000000
0.000000
0.000000
0.000000
0.000000
0.000000
0.000000
0.000000
0.000000
0.000000
0.000000
0.000000
0.000000
0.000000
0.000000
0.000000
0.000000
0.000000
0.000000
0.000000
