0.000061
0.000120
0.000182
0.000242
0.000305
0.000365
0.000430
0.000492
0.000558
0.000625
0.000690
0.000763
0.000828
0.000905
0.000976
0.001050
0.001135
0.001207
0.001294
0.001383
0.001461
0.001560
0.001656
0.001742
0.001851
0.001962
0.002055
0.002167
0.002300
0.002415
0.002521
0.002656
0.002812
0.002955
0.003076
0.003204
0.003364
0.003557
0.003765
0.003973
0.004176
0.004377
0.004578
0.004784
0.004997
0.005218
0.005447
0.005685
0.005932
0.006189
0.006456
0.006733
0.007020
0.007318
0.007628
0.007949
0.008282
0.008627
0.008984
0.009355
0.009739
0.010137
0.010549
0.010976
0.011418
0.011875
0.012348
0.012838
0.013344
0.013868
0.014409
0.014969
0.015547
0.016144
0.016762
0.017399
0.018057
0.018737
0.019438
0.020162
0.020909
0.021679
0.022473
0.023292
0.024136
0.025005
0.025902
0.026825
0.027775
0.028754
0.029761
0.030798
0.031865
0.032963
0.034092
0.035253
0.036446
0.037673
0.038934
0.040229
0.041559
0.042925
0.044327
0.045767
0.047244
0.048760
0.050315
0.051910
0.053545
0.055221
0.056939
0.058699
0.060503
0.062350
0.064241
0.066177
0.068159
0.070186
0.072261
0.074383
0.076553
0.078772
0.081040
0.083357
0.085725
0.088144
0.090614
0.093136
0.095710
0.098337
0.101018
0.103753
0.106542
0.109386
0.112285
0.115239
0.118250
0.121317
0.124441
0.127622
0.130860
0.134156
0.137509
0.140921
0.144391
0.147920
0.151508
0.155154
0.158860
0.162624
0.166448
0.170331
0.174273
0.178274
0.182335
0.186454
0.190632
0.194870
0.199166
0.203521
0.207933
0.212404
0.216933
0.221519
0.226162
0.230861
0.235617
0.240428
0.245295
0.250216
0.255192
0.260220
0.265302
0.270436
0.275622
0.280859
0.286146
0.291481
0.296865
0.302297
0.307775
0.313299
0.318868
0.324481
0.330136
0.335832
0.341569
0.347346
0.353160
0.359011
0.364898
0.370820
0.376774
0.382761
0.388777
0.394823
0.400896
0.406996
0.413119
0.419267
0.425435
0.431624
0.437832
0.444056
0.450295
0.456548
0.462813
0.469087
0.475370
0.481660
0.487955
0.494253
0.500553
0.506852
0.513149
0.519441
0.525728
0.532007
0.538277
0.544535
0.550780
0.557009
0.563222
0.569414
0.575587
0.581735
0.587860
0.593957
0.600026
0.606063
0.612069
0.618040
0.623975
0.629870
0.635726
0.641539
0.647309
0.653033
0.658708
0.664334
0.669908
0.675429
0.680895
0.686304
0.691653
0.696942
0.702168
0.707330
0.712427
0.717455
0.722414
0.727302
0.732117
0.736857
0.741522
0.746109
0.750617
0.755044
0.759388
0.763649
0.767826
0.771914
0.775915
0.779826
0.783646
0.787375
0.791009
0.794550
0.797994
0.801342
0.804591
0.807741
0.810790
0.813738
0.816582
0.819324
0.821962
0.824494
0.826919
0.829238
0.831449
0.833550
0.835543
0.837425
0.839196
0.840856
0.842405
0.843841
0.845163
0.846373
0.847468
0.848449
0.849316
0.850067
0.850704
0.851225
0.851630
0.851920
0.852094
0.852152
0.852094
0.851921
0.851632
0.851226
0.850705
0.850068
0.849316
0.848450
0.847470
0.846374
0.845165
0.843843
0.842407
0.840859
0.839199
0.837428
0.835545
0.833553
0.831451
0.829241
0.826923
0.824498
0.821967
0.819329
0.816587
0.813743
0.810794
0.807745
0.804595
0.801346
0.797999
0.794555
0.791014
0.787379
0.783651
0.779830
0.775919
0.771918
0.767828
0.763653
0.759393
0.755049
0.750622
0.746114
0.741528
0.736863
0.732122
0.727307
0.722421
0.717462
0.712434
0.707338
0.702176
0.696950
0.691661
0.686312
0.680903
0.675437
0.669916
0.664342
0.658716
0.653040
0.647317
0.641547
0.635733
0.629878
0.623982
0.618047
0.612076
0.606070
0.600032
0.593963
0.587866
0.581741
0.575592
0.569420
0.563227
0.557015
0.550786
0.544541
0.538283
0.532013
0.525733
0.519446
0.513154
0.506857
0.500558
0.494258
0.487961
0.481665
0.475376
0.469092
0.462817
0.456553
0.450300
0.444061
0.437837
0.431630
0.425441
0.419273
0.413126
0.407002
0.400903
0.394830
0.388784
0.382768
0.376781
0.370827
0.364906
0.359019
0.353168
0.347354
0.341577
0.335840
0.330144
0.324489
0.318876
0.313308
0.307784
0.302306
0.296874
0.291490
0.286154
0.280867
0.275630
0.270445
0.265310
0.260228
0.255199
0.250224
0.245302
0.240436
0.235624
0.230869
0.226169
0.221527
0.216941
0.212412
0.207941
0.203529
0.199174
0.194878
0.190640
0.186461
0.182342
0.178281
0.174280
0.170338
0.166455
0.162631
0.158866
0.155161
0.151514
0.147927
0.144398
0.140928
0.137516
0.134162
0.130866
0.127628
0.124447
0.121323
0.118256
0.115245
0.112291
0.109391
0.106547
0.103758
0.101024
0.098343
0.095715
0.093141
0.090619
0.088149
0.085730
0.083362
0.081044
0.078776
0.076558
0.074388
0.072265
0.070191
0.068163
0.066181
0.064245
0.062353
0.060506
0.058703
0.056943
0.055225
0.053549
0.051913
0.050319
0.048764
0.047248
0.045770
0.044330
0.042928
0.041562
0.040232
0.038937
0.037676
0.036449
0.035256
0.034095
0.032966
0.031868
0.030801
0.029764
0.028756
0.027778
0.026827
0.025904
0.025008
0.024138
0.023294
0.022475
0.021681
0.020911
0.020164
0.019440
0.018739
0.018059
0.017401
0.016763
0.016146
0.015548
0.014970
0.014410
0.013869
0.013345
0.012839
0.012349
0.011876
0.011419
0.010977
0.010550
0.010138
0.009740
0.009356
0.008985
0.008628
0.008283
0.007950
0.007629
0.007319
0.007021
0.006734
0.006457
0.006190
0.005933
0.005686
0.005448
0.005219
0.004998
0.004786
0.004582
0.004386
0.004197
0.004016
0.003842
0.003675
0.003514
0.003359
0.003211
0.003069
0.002932
0.002801
0.002676
0.002555
0.002439
0.002329
0.002222
0.002120
0.002023
0.001930
0.001840
0.001754
0.001672
0.001594
0.001519
0.001447
0.001378
0.001312
0.001250
0.001189
0.001132
0.001077
0.001025
0.000975
0.000927
0.000881
0.000838
0.000796
0.000757
0.000719
0.000683
0.000649
0.000616
0.000585
0.000555
0.000526
0.000500
0.000474
0.000449
0.000426
0.000404
0.000383
0.000363
0.000344
0.000326
0.000308
0.000292
0.000276
0.000262
0.000248
0.000234
0.000222
0.000209
0.000198
0.000187
0.000177
0.000167
0.000158
0.000149
0.000141
0.000133
0.000126
0.000119
0.000112
0.000106
0.000100
0.000094
0.000089
0.000084
0.000079
0.000074
0.000070
0.000066
0.000062
0.000058
0.000055
0.000052
0.000049
0.000046
0.000043
0.000041
0.000038
0.000036
0.000034
0.000032
0.000030
0.000028
0.000026
0.000025
0.000023
0.000022
0.000020
0.000019
0.000018
0.000017
0.000016
0.000015
0.000014
0.000013
0.000012
0.000011
0.000011
0.000010
0.000009
0.000009
0.000008
0.000008
0.000007
0.000007
0.000006
0.000006
0.000005
0.000005
0.000005
0.000004
0.000004
0.000004
0.000004
0.000003
0.000003
0.000003
0.000003
0.000003
0.000002
0.000002
0.000002
0.000002
0.000002
0.000002
0.000002
0.000001
0.000001
0.000001
0.000001
0.000001
0.000001
0.000001
0.000001
0.000001
0.000001
0.000001
0.000001
0.000001
0.000001
0.000001
0.000000
0.000000
0.000000
0.000000
0.000000
0.000000
0.000000
0.000000
0.000000
0.000000
0.000000
0.000000
0.000000
0.000000
0.000000
0.000000
0.000000
0.000000
0.000000
0.000000
0.000000
0.000000
0.000000
0.000000
0.000000
0.000000
0.000000
0.000000
0.000000
0.000000
0.000000
0.000000
0.000000
0.000000
0.000000
0.000000
0.000000
0.000000
0.000000
0.000000
0.000000
0.000000
0.000000
0.000000
0.000000
0.000000
0.000000
0.000000
0.000000
0.000000
0.000000
0.000000
0.000000
0.000000
0.000000
0.000000
0.000000
0.000000
0.000000
0.000000
0.000000
0.000000
0.000000
0.000000
0.000000
0.000000
0.000000
0.000000
0.000000
0.000000
0.000000
0.000000
0.000000
0.000000
0.000000
0.000000
0.000000
0.000000
0.000000
0.000000
0.000000
0.000000
0.000000
0.000000
0.000000
0.000000
0.000000
0.000000
0.000000
0.000000
0.000000
0.000000
0.000000
0.000000
0.000000
0.000000
0.000000
0.000000
0.000000
0.000000
0.000000
0.000000
0.000000
0.000000
0.000000
0.000000
0.000000
0.000000
0.000000
0.000000
0.000000
0.000000
0.000000
0.000000
0.000000
0.000000
0.000000
0.000000
0.000000
0.000000
0.000000
0.000000
0.000000
0.000000
0.000000
0.000000
0.000000
0.000000
0.000000
0.000000
0.000000
0.000000
0.000000
0.000000
0.000000
0.000000
0.000000
0.000000
0.000000
0.000000
0.000000
0.000000
0.000000
0.000000
0.000000
0.000000
0.000000
0.000000
0.000000
0.000000
0.000000
0.000000
0.000000
0.000000
0.000000
0.000000
0.000000
0.000000
0.000000
0.000000
0.000000
0.000000
0.000000
0.000000
0.000000
0.000000
0.000000
0.000000
0.000000
0.000000
0.000000
0.000000
0.000000
0.000000
0.000000
0.000000
0.000000
0.000000
0.000000
0.000000
0.000000
0.000000
0.000000
0.000000
0.000000
0.000000
0.000000
0.000000
0.000000
0.000000
0.000000
0.000000
0.000000
0.000000
0.000000
0.000000
0.000000
0.000000
0.000000
0.000000
0.000000
0.000000
0.000000
0.000000
0.000000
0.000000
0.000000
0.000000
0.000000
0.000000
0.000000
0.000000
0.000000
0.000000
0.000000
0.000000
0.000000
0.000000
0.000000
0.000000
0.000000
0.000000
0.000000
0.000000
0.000000
0.000000
0.000000
0.000000
0.000000
0.000000
0.000000
0.000000
0.000000
0.000000
0.000000
0.000000
0.000000
0.000000
0.000000
0.000000
0.000000
0.000000
0.000000
0.000000
0.000000
0.000000
0.000000
0.000000
0.000000
0.000000
0.000000
0.000000
0.000000
0.000000
0.000000
0.000000
0.000000
0.000000
0.000000
0.000000
0.000000
0.000000
0.000000
0.000000
0.000000
0.000000
0.000000
0.000000
0.000000
0.000000
0.000000
0.000000
0.000000
0.000000
0.000000
0.000000
0.000000
0.000000
0.000000
0.000000
0.000000
0.000000
0.000000
0.000000
0.000000
0.000000
0.000000
0.000000
