0.000014
0.000016
0.000012
0.000082
0.000149
0.000179
0.000193
0.000205
0.000217
0.000230
0.000243
0.000258
0.000273
0.000289
0.000306
0.000324
0.000343
0.000362
0.000383
0.000405
0.000429
0.000453
0.000479
0.000506
0.000534
0.000565
0.000596
0.000629
0.000664
0.000701
0.000740
0.000780
0.000823
0.000868
0.000915
0.000965
0.001017
0.001071
0.001129
0.001189
0.001252
0.001318
0.001387
0.001460
0.001536
0.001616
0.001700
0.001788
0.001879
0.001976
0.002076
0.002182
0.002292
0.002407
0.002528
0.002654
0.002786
0.002924
0.003068
0.003218
0.003376
0.003540
0.003711
0.003890
0.004077
0.004272
0.004476
0.004688
0.004909
0.005140
0.005380
0.005631
0.005892
0.006164
0.006447
0.006742
0.007049
0.007368
0.007700
0.008046
0.008406
0.008780
0.009169
0.009573
0.009993
0.010429
0.010882
0.011352
0.011841
0.012348
0.012874
0.013420
0.013986
0.014574
0.015183
0.015814
0.016468
0.017146
0.017848
0.018576
0.019329
0.020108
0.020915
0.021750
0.022614
0.023507
0.024431
0.025386
0.026373
0.027393
0.028447
0.029535
0.030659
0.031819
0.033017
0.034253
0.035528
0.036844
0.038200
0.039599
0.041040
0.042526
0.044056
0.045633
0.047256
0.048928
0.050648
0.052419
0.054241
0.056114
0.058041
0.060023
0.062059
0.064152
0.066302
0.068511
0.070779
0.073107
0.075497
0.077950
0.080466
0.083047
0.085694
0.088408
0.091189
0.094039
0.096959
0.099949
0.103011
0.106146
0.109355
0.112638
0.115997
0.119431
0.122944
0.126534
0.130203
0.133952
0.137781
0.141691
0.145684
0.149759
0.153917
0.158160
0.162487
0.166899
0.171397
0.175981
0.180651
0.185409
0.190254
0.195186
0.200207
0.205316
0.210513
0.215799
0.221174
0.226637
0.232189
0.237830
0.243559
0.249376
0.255282
0.261275
0.267356
0.273524
0.279778
0.286119
0.292544
0.299055
0.305649
0.312327
0.319087
0.325929
0.332851
0.339852
0.346931
0.354087
0.361319
0.368625
0.376004
0.383454
0.390974
0.398562
0.406216
0.413935
0.421717
0.429559
0.437460
0.445417
0.453429
0.461493
0.469607
0.477769
0.485975
0.494224
0.502513
0.510839
0.519200
0.527592
0.536014
0.544461
0.552931
0.561421
0.569928
0.578449
0.586980
0.595518
0.604061
0.612603
0.621143
0.629676
0.638200
0.646710
0.655202
0.663675
0.672123
0.680542
0.688930
0.697283
0.705596
0.713866
0.722090
0.730262
0.738380
0.746439
0.754436
0.762367
0.770228
0.778014
0.785724
0.793351
0.800893
0.808345
0.815705
0.822967
0.830129
0.837186
0.844135
0.850972
0.857694
0.864297
0.870777
0.877131
0.883355
0.889446
0.895401
0.901217
0.906889
0.912415
0.917792
0.923017
0.928087
0.932999
0.937750
0.942338
0.946759
0.951012
0.955093
0.959001
0.962733
0.966287
0.969661
0.972854
0.975862
0.978684
0.981320
0.983766
0.986022
0.988087
0.989958
0.991636
0.993119
0.994405
0.995495
0.996388
0.997083
0.997580
0.997878
0.997977
0.997878
0.997580
0.997083
0.996388
0.995496
0.994406
0.993119
0.991637
0.989960
0.988088
0.986024
0.983768
0.981321
0.978686
0.975864
0.972856
0.969664
0.966290
0.962735
0.959004
0.955096
0.951014
0.946762
0.942340
0.937753
0.933002
0.928090
0.923021
0.917796
0.912419
0.906893
0.901220
0.895405
0.889450
0.883359
0.877135
0.870781
0.864301
0.857698
0.850976
0.844139
0.837190
0.830133
0.822972
0.815709
0.808350
0.800898
0.793356
0.785729
0.778020
0.770233
0.762372
0.754442
0.746445
0.738386
0.730268
0.722096
0.713873
0.705603
0.697289
0.688937
0.680549
0.672129
0.663682
0.655210
0.646717
0.638207
0.629684
0.621151
0.612611
0.604069
0.595527
0.586988
0.578457
0.569937
0.561430
0.552940
0.544470
0.536023
0.527601
0.519209
0.510849
0.502523
0.494234
0.485985
0.477778
0.469617
0.461503
0.453439
0.445427
0.437469
0.429569
0.421726
0.413945
0.406226
0.398572
0.390984
0.383464
0.376014
0.368635
0.361329
0.354097
0.346941
0.339862
0.332860
0.325939
0.319097
0.312337
0.305659
0.299065
0.292554
0.286129
0.279788
0.273534
0.267366
0.261285
0.255292
0.249386
0.243568
0.237839
0.232199
0.226647
0.221183
0.215809
0.210523
0.205325
0.200216
0.195195
0.190263
0.185418
0.180660
0.175989
0.171405
0.166907
0.162495
0.158168
0.153926
0.149767
0.145692
0.141699
0.137789
0.133959
0.130210
0.126541
0.122951
0.119439
0.116004
0.112645
0.109362
0.106153
0.103018
0.099956
0.096965
0.094045
0.091195
0.088414
0.085700
0.083053
0.080472
0.077955
0.075503
0.073112
0.070784
0.068516
0.066307
0.064157
0.062064
0.060027
0.058046
0.056119
0.054245
0.052423
0.050653
0.048932
0.047260
0.045637
0.044060
0.042530
0.041044
0.039602
0.038204
0.036847
0.035532
0.034257
0.033020
0.031823
0.030662
0.029538
0.028450
0.027396
0.026376
0.025388
0.024433
0.023510
0.022616
0.021752
0.020917
0.020110
0.019331
0.018578
0.017850
0.017148
0.016470
0.015816
0.015184
0.014575
0.013988
0.013422
0.012876
0.012349
0.011842
0.011354
0.010883
0.010430
0.009994
0.009574
0.009170
0.008781
0.008407
0.008047
0.007702
0.007369
0.007050
0.006743
0.006448
0.006165
0.005893
0.005632
0.005381
0.005141
0.004910
0.004689
0.004476
0.004273
0.004078
0.003891
0.003712
0.003540
0.003376
0.003219
0.003068
0.002924
0.002786
0.002654
0.002528
0.002408
0.002292
0.002182
0.002077
0.001976
0.001880
0.001788
0.001700
0.001616
0.001537
0.001460
0.001388
0.001318
0.001252
0.001189
0.001129
0.001072
0.001017
0.000965
0.000915
0.000868
0.000823
0.000781
0.000740
0.000701
0.000665
0.000630
0.000596
0.000565
0.000535
0.000506
0.000479
0.000453
0.000429
0.000406
0.000383
0.000363
0.000343
0.000324
0.000306
0.000289
0.000273
0.000258
0.000243
0.000230
0.000217
0.000205
0.000193
0.000182
0.000172
0.000162
0.000153
0.000144
0.000136
0.000128
0.000120
0.000113
0.000107
0.000100
0.000094
0.000089
0.000084
0.000079
0.000074
0.000070
0.000065
0.000061
0.000058
0.000054
0.000051
0.000048
0.000045
0.000042
0.000040
0.000037
0.000035
0.000033
0.000031
0.000029
0.000027
0.000025
0.000024
0.000022
0.000021
0.000019
0.000018
0.000017
0.000016
0.000015
0.000014
0.000013
0.000012
0.000011
0.000011
0.000010
0.000009
0.000009
0.000008
0.000008
0.000007
0.000007
0.000006
0.000006
0.000005
0.000005
0.000005
0.000004
0.000004
0.000004
0.000004
0.000003
0.000003
0.000003
0.000003
0.000002
0.000002
0.000002
0.000002
0.000002
0.000002
0.000002
0.000001
0.000001
0.000001
0.000001
0.000001
0.000001
0.000001
0.000001
0.000001
0.000001
0.000001
0.000001
0.000001
0.000001
0.000001
0.000000
0.000000
0.000000
0.000000
0.000000
0.000000
0.000000
0.000000
0.000000
0.000000
0.000000
0.000000
0.000000
0.000000
0.000000
0.000000
0.000000
0.000000
0.000000
0.000000
0.000000
0.000000
0.000000
0.000000
0.000000
0.000000
0.000000
0.000000
0.000000
0.000000
0.000000
0.000000
0.000000
0.000000
0.000000
0.000000
0.000000
0.000000
0.000000
0.000000
0.000000
0.000000
0.000000
0.000000
0.000000
0.000000
0.000000
0.000000
0.000000
0.000000
0.000000
0.000000
0.000000
0.000000
0.000000
0.000000
0.000000
0.000000
0.000000
0.000000
0.000000
0.000000
0.000000
0.000000
0.000000
0.000000
0.000000
0.000000
0.000000
0.000000
0.000000
0.000000
0.000000
0.000000
0.000000
0.000000
0.000000
0.000000
0.000000
0.000000
0.000000
0.000000
0.000000
0.000000
0.000000
0.000000
0.000000
0.000000
0.000000
0.000000
0.000000
0.000000
0.000000
0.000000
0.000000
0.000000
0.000000
0.000000
0.000000
0.000000
0.000000
0.000000
0.000000
0.000000
0.000000
0.000000
0.000000
0.000000
0.000000
0.000000
0.000000
0.000000
0.000000
0.000000
0.000000
0.000000
0.000000
0.000000
0.000000
0.000000
0.000000
0.000000
0.000000
0.000000
0.000000
0.000000
0.000000
0.000000
0.000000
0.000000
0.000000
0.000000
0.000000
0.000000
0.000000
0.000000
0.000000
0.000000
0.000000
0.000000
0.000000
0.000000
0.000000
0.000000
0.000000
0.000000
0.000000
0.000000
0.000000
0.000000
0.000000
0.000000
0.000000
0.000000
0.000000
0.000000
0.000000
0.000000
0.000000
0.000000
0.000000
0.000000
0.000000
0.000000
0.000000
0.000000
0.000000
0.000000
0.000000
0.000000
0.000000
0.000000
0.000000
0.000000
0.000000
0.000000
0.000000
0.000000
0.000000
0.000000
0.000000
0.000000
0.000000
0.000000
0.000000
0.000000
0.000000
0.000000
0.000000
0.000000
0.000000
0.000000
0.000000
0.000000
0.000000
0.000000
0.000000
0.000000
0.000000
0.000000
0.000000
0.000000
0.000000
0.000000
0.000000
0.000000
0.000000
0.000000
0.000000
0.000000
0.000000
0.000000
0.000000
0.000000
0.000000
0.000000
0.000000
0.000000
0.000000
0.000000
0.000000
0.000000
0.000000
0.000000
0.000000
0.000000
0.000000
0.000000
0.000000
0.000000
0.000000
0.000000
0.000000
0.000000
0.000000
0.000000
0.000000
0.000000
0.000000
0.000000
0.000000
0.000000
0.000000
0.000000
0.000000
0.000000
0.000000
0.000000
0.000000
0.000000
0.000000
0.000000
0.000000
0.000000
0.000000
0.000000
0.000000
0.000000
0.000000
0.000000
0.000000
0.000000
0.000000
0.000000
0.000000
0.000000
0.000000
0.000000
0.000000
0.000000
0.000000
0.000000
0.000000
0.000000
0.000000
0.000000
0.000000
0.000000
0.000000
0.000000
0.000000
0.000000
0.000000
0.000000
0.000000
0.000000
0.000000
0.000000
0.000000
0.000000
0.000000
0.000000
0.000000
0.000000
0.000000
0.000000
0.000000
0.000000
0.000000
0.000000
0.000000
0.000000
0.000000
0.000000
0.000000
0.000000
0.000000
0.000000
0.000000
0.000000
0.000000
0.000000
0.000000
0.000000
0.000000
0.000000
0.000000
0.000000
