0.000062
0.000123
0.000186
0.000248
0.000312
0.000375
0.000439
0.000506
0.000570
0.000641
0.000706
0.000781
0.000850
0.000923
0.001003
0.001074
0.001161
0.001240
0.001320
0.001417
0.001499
0.001591
0.001698
0.001787
0.001888
0.002008
0.002110
0.002213
0.002346
0.002477
0.002587
0.002710
0.002866
0.003024
0.003158
0.003284
0.003434
0.003618
0.003827
0.004043
0.004256
0.004465
0.004673
0.004884
0.005101
0.005326
0.005559
0.005802
0.006053
0.006315
0.006586
0.006868
0.007160
0.007464
0.007778
0.008105
0.008443
0.008794
0.009158
0.009534
0.009925
0.010329
0.010748
0.011181
0.011630
0.012094
0.012575
0.013072
0.013586
0.014118
0.014667
0.015235
0.015822
0.016428
0.017054
0.017701
0.018368
0.019058
0.019769
0.020502
0.021259
0.022040
0.022845
0.023674
0.024529
0.025410
0.026318
0.027252
0.028215
0.029206
0.030226
0.031275
0.032355
0.033466
0.034608
0.035782
0.036989
0.038230
0.039504
0.040814
0.042158
0.043539
0.044956
0.046411
0.047904
0.049435
0.051005
0.052616
0.054267
0.055959
0.057693
0.059470
0.061289
0.063153
0.065061
0.067014
0.069012
0.071057
0.073149
0.075288
0.077476
0.079711
0.081997
0.084331
0.086717
0.089153
0.091640
0.094179
0.096771
0.099416
0.102114
0.104866
0.107672
0.110533
0.113449
0.116420
0.119447
0.122530
0.125670
0.128867
0.132121
0.135432
0.138801
0.142228
0.145713
0.149257
0.152858
0.156518
0.160237
0.164015
0.167851
0.171746
0.175700
0.179712
0.183783
0.187913
0.192101
0.196348
0.200652
0.205015
0.209435
0.213912
0.218447
0.223038
0.227686
0.232389
0.237148
0.241962
0.246830
0.251752
0.256728
0.261756
0.266836
0.271968
0.277150
0.282382
0.287664
0.292993
0.298370
0.303794
0.309263
0.314777
0.320334
0.325934
0.331576
0.337259
0.342980
0.348740
0.354537
0.360369
0.366236
0.372137
0.378070
0.384033
0.390025
0.396046
0.402092
0.408164
0.414259
0.420376
0.426514
0.432671
0.438845
0.445034
0.451238
0.457454
0.463681
0.469916
0.476160
0.482408
0.488661
0.494916
0.501172
0.507425
0.513675
0.519921
0.526159
0.532390
0.538609
0.544816
0.551009
0.557186
0.563344
0.569483
0.575600
0.581692
0.587761
0.593800
0.599811
0.605790
0.611737
0.617648
0.623522
0.629357
0.635152
0.640903
0.646611
0.652273
0.657886
0.663449
0.668961
0.674418
0.679821
0.685166
0.690453
0.695678
0.700841
0.705940
0.710974
0.715939
0.720836
0.725662
0.730415
0.735094
0.739699
0.744225
0.748673
0.753041
0.757327
0.761530
0.765649
0.769681
0.773626
0.777482
0.781249
0.784924
0.788507
0.791997
0.795391
0.798691
0.801892
0.804996
0.808000
0.810904
0.813706
0.816407
0.819005
0.821499
0.823887
0.826171
0.828348
0.830417
0.832379
0.834232
0.835976
0.837611
0.839135
0.840548
0.841851
0.843041
0.844119
0.845084
0.845937
0.846677
0.847304
0.847817
0.848216
0.848501
0.848672
0.848729
0.848672
0.848502
0.848217
0.847818
0.847305
0.846678
0.845938
0.845086
0.844120
0.843043
0.841852
0.840550
0.839137
0.837613
0.835979
0.834235
0.832382
0.830420
0.828350
0.826174
0.823892
0.821503
0.819010
0.816412
0.813711
0.810909
0.808004
0.805000
0.801897
0.798695
0.795396
0.792001
0.788512
0.784928
0.781253
0.777486
0.773630
0.769684
0.765651
0.761534
0.757331
0.753045
0.748678
0.744230
0.739704
0.735100
0.730421
0.725668
0.720843
0.715946
0.710981
0.705948
0.700849
0.695686
0.690461
0.685175
0.679829
0.674426
0.668968
0.663457
0.657894
0.652280
0.646619
0.640911
0.635159
0.629364
0.623529
0.617655
0.611743
0.605797
0.599817
0.593806
0.587766
0.581699
0.575605
0.569488
0.563350
0.557191
0.551014
0.544822
0.538615
0.532395
0.526165
0.519926
0.513680
0.507430
0.501176
0.494921
0.488666
0.482414
0.476165
0.469922
0.463686
0.457459
0.451243
0.445040
0.438850
0.432676
0.426520
0.420382
0.414265
0.408170
0.402099
0.396052
0.390032
0.384040
0.378077
0.372144
0.366244
0.360377
0.354545
0.348748
0.342988
0.337266
0.331584
0.325942
0.320342
0.314785
0.309271
0.303802
0.298378
0.293001
0.287672
0.282390
0.277158
0.271976
0.266844
0.261764
0.256736
0.251760
0.246838
0.241970
0.237156
0.232397
0.227693
0.223046
0.218455
0.213920
0.209443
0.205023
0.200660
0.196355
0.192109
0.187920
0.183791
0.179719
0.175707
0.171753
0.167858
0.164022
0.160244
0.156525
0.152865
0.149263
0.145720
0.142235
0.138808
0.135439
0.132127
0.128873
0.125676
0.122536
0.119453
0.116426
0.113454
0.110538
0.107677
0.104871
0.102119
0.099421
0.096777
0.094185
0.091645
0.089158
0.086722
0.084336
0.082001
0.079716
0.077480
0.075293
0.073153
0.071062
0.069017
0.067018
0.065065
0.063157
0.061293
0.059473
0.057697
0.055963
0.054270
0.052619
0.051009
0.049438
0.047907
0.046414
0.044959
0.043542
0.042161
0.040817
0.039507
0.038233
0.036992
0.035785
0.034611
0.033468
0.032358
0.031278
0.030228
0.029208
0.028217
0.027255
0.026320
0.025412
0.024531
0.023676
0.022847
0.022042
0.021261
0.020504
0.019771
0.019059
0.018370
0.017703
0.017056
0.016430
0.015823
0.015237
0.014669
0.014119
0.013588
0.013073
0.012576
0.012096
0.011631
0.011183
0.010749
0.010330
0.009926
0.009536
0.009159
0.008795
0.008444
0.008106
0.007779
0.007465
0.007161
0.006869
0.006587
0.006316
0.006054
0.005803
0.005560
0.005327
0.005102
0.004886
0.004679
0.004479
0.004287
0.004102
0.003925
0.003754
0.003590
0.003433
0.003282
0.003137
0.002997
0.002864
0.002736
0.002613
0.002495
0.002382
0.002273
0.002169
0.002070
0.001974
0.001883
0.001795
0.001712
0.001632
0.001555
0.001481
0.001411
0.001344
0.001280
0.001218
0.001160
0.001104
0.001050
0.000999
0.000950
0.000903
0.000859
0.000816
0.000776
0.000737
0.000700
0.000665
0.000632
0.000600
0.000569
0.000540
0.000513
0.000486
0.000461
0.000437
0.000415
0.000393
0.000372
0.000353
0.000334
0.000317
0.000300
0.000284
0.000269
0.000254
0.000241
0.000228
0.000215
0.000204
0.000193
0.000182
0.000172
0.000163
0.000154
0.000145
0.000137
0.000129
0.000122
0.000115
0.000109
0.000103
0.000097
0.000091
0.000086
0.000081
0.000076
0.000072
0.000068
0.000064
0.000060
0.000057
0.000053
0.000050
0.000047
0.000044
0.000042
0.000039
0.000037
0.000035
0.000033
0.000031
0.000029
0.000027
0.000025
0.000024
0.000022
0.000021
0.000020
0.000019
0.000017
0.000016
0.000015
0.000014
0.000013
0.000013
0.000012
0.000011
0.000010
0.000010
0.000009
0.000008
0.000008
0.000007
0.000007
0.000006
0.000006
0.000006
0.000005
0.000005
0.000005
0.000004
0.000004
0.000004
0.000004
0.000003
0.000003
0.000003
0.000003
0.000002
0.000002
0.000002
0.000002
0.000002
0.000002
0.000002
0.000002
0.000001
0.000001
0.000001
0.000001
0.000001
0.000001
0.000001
0.000001
0.000001
0.000001
0.000001
0.000001
0.000001
0.000001
0.000001
0.000000
0.000000
0.000000
0.000000
0.000000
0.000000
0.000000
0.000000
0.000000
0.000000
0.000000
0.000000
0.000000
0.000000
0.000000
0.000000
0.000000
0.000000
0.000000
0.000000
0.000000
0.000000
0.000000
0.000000
0.000000
0.000000
0.000000
0.000000
0.000000
0.000000
0.000000
0.000000
0.000000
0.000000
0.000000
0.000000
0.000000
0.000000
0.000000
0.000000
0.000000
0.000000
0.000000
0.000000
0.000000
0.000000
0.000000
0.000000
0.000000
0.000000
0.000000
0.000000
0.000000
0.000000
0.000000
0.000000
0.000000
0.000000
0.000000
0.000000
0.000000
0.000000
0.000000
0.000000
0.000000
0.000000
0.000000
0.000000
0.000000
0.000000
0.000000
0.000000
0.000000
0.000000
0.000000
0.000000
0.000000
0.000000
0.000000
0.000000
0.000000
0.000000
0.000000
0.000000
0.000000
0.000000
0.000000
0.000000
0.000000
0.000000
0.000000
0.000000
0.000000
0.000000
0.000000
0.000000
0.000000
0.000000
0.000000
0.000000
0.000000
0.000000
0.000000
0.000000
0.000000
0.000000
0.000000
0.000000
0.000000
0.000000
0.000000
0.000000
0.000000
0.000000
0.000000
0.000000
0.000000
0.000000
0.000000
0.000000
0.000000
0.000000
0.000000
0.000000
0.000000
0.000000
0.000000
0.000000
0.000000
0.000000
0.000000
0.000000
0.000000
0.000000
0.000000
0.000000
0.000000
0.000000
0.000000
0.000000
0.000000
0.000000
0.000000
0.000000
0.000000
0.000000
0.000000
0.000000
0.000000
0.000000
0.000000
0.000000
0.000000
0.000000
0.000000
0.000000
0.000000
0.000000
0.000000
0.000000
0.000000
0.000000
0.000000
0.000000
0.000000
0.000000
0.000000
0.000000
0.000000
0.000000
0.000000
0.000000
0.000000
0.000000
0.000000
0.000000
0.000000
0.000000
0.000000
0.000000
0.000000
0.000000
0.000000
0.000000
0.000000
0.000000
0.000000
0.000000
0.000000
0.000000
0.000000
0.000000
0.000000
0.000000
0.000000
0.000000
0.000000
0.000000
0.000000
0.000000
0.000000
0.000000
0.000000
0.000000
0.000000
0.000000
0.000000
0.000000
0.000000
0.000000
0.000000
0.000000
0.000000
0.000000
0.000000
0.000000
0.000000
0.000000
0.000000
0.000000
0.000000
0.000000
0.000000
0.000000
0.000000
0.000000
0.000000
0.000000
0.000000
0.000000
0.000000
0.000000
0.000000
0.000000
0.000000
0.000000
0.000000
0.000000
0.000000
0.000000
0.000000
0.000000
0.000000
0.000000
0.000000
0.000000
0.000000
0.000000
0.000000
0.000000
0.000000
0.000000
0.000000
0.000000
0.000000
0.000000
0.000000
0.000000
0.000000
0.000000
0.000000
0.000000
0.000000
0.000000
0.000000
0.000000
0.000000
0.000000
0.000000
0.000000
0.000000
0.000000
0.000000
0.000000
0.000000
0.000000
0.000000
0.000000
0.000000
0.000000
0.000000
0.000000
0.000000
0.000000
0.000000
0.000000
0.000000
