0.000063
0.000127
0.000190
0.000255
0.000318
0.000385
0.000449
0.000519
0.000584
0.000656
0.000724
0.000797
0.000873
0.000943
0.001027
0.001101
0.001184
0.001273
0.001351
0.001447
0.001539
0.001626
0.001735
0.001835
0.001929
0.002049
0.002166
0.002267
0.002391
0.002533
0.002655
0.002772
0.002920
0.003087
0.003239
0.003371
0.003512
0.003686
0.003892
0.004113
0.004335
0.004553
0.004768
0.004985
0.005207
0.005436
0.005674
0.005921
0.006177
0.006443
0.006719
0.007006
0.007303
0.007612
0.007932
0.008264
0.008608
0.008965
0.009334
0.009717
0.010114
0.010525
0.010950
0.011391
0.011846
0.012318
0.012806
0.013311
0.013833
0.014372
0.014930
0.015506
0.016102
0.016717
0.017352
0.018008
0.018685
0.019384
0.020105
0.020848
0.021616
0.022407
0.023222
0.024063
0.024929
0.025821
0.026741
0.027687
0.028662
0.029665
0.030697
0.031760
0.032852
0.033976
0.035132
0.036320
0.037541
0.038795
0.040084
0.041408
0.042767
0.044162
0.045595
0.047064
0.048572
0.050119
0.051705
0.053332
0.054999
0.056707
0.058457
0.060251
0.062087
0.063967
0.065892
0.067862
0.069878
0.071940
0.074049
0.076205
0.078410
0.080663
0.082966
0.085318
0.087721
0.090175
0.092679
0.095236
0.097846
0.100508
0.103223
0.105992
0.108815
0.111693
0.114626
0.117614
0.120658
0.123758
0.126914
0.130127
0.133397
0.136724
0.140108
0.143550
0.147050
0.150607
0.154223
0.157897
0.161629
0.165420
0.169269
0.173176
0.177141
0.181165
0.185247
0.189386
0.193584
0.197840
0.202153
0.206523
0.210951
0.215435
0.219975
0.224572
0.229224
0.233931
0.238693
0.243509
0.248379
0.253302
0.258277
0.263304
0.268383
0.273511
0.278690
0.283918
0.289194
0.294517
0.299886
0.305301
0.310761
0.316265
0.321811
0.327399
0.333027
0.338695
0.344400
0.350144
0.355922
0.361736
0.367583
0.373462
0.379373
0.385312
0.391280
0.397275
0.403295
0.409338
0.415404
0.421491
0.427597
0.433721
0.439862
0.446016
0.452184
0.458363
0.464551
0.470748
0.476950
0.483157
0.489368
0.495579
0.501789
0.507997
0.514201
0.520399
0.526588
0.532769
0.538938
0.545093
0.551234
0.557357
0.563462
0.569545
0.575607
0.581643
0.587654
0.593636
0.599588
0.605508
0.611395
0.617246
0.623060
0.628834
0.634567
0.640257
0.645902
0.651501
0.657051
0.662551
0.667999
0.673393
0.678733
0.684014
0.689237
0.694399
0.699498
0.704534
0.709504
0.714406
0.719241
0.724004
0.728695
0.733313
0.737855
0.742321
0.746709
0.751017
0.755245
0.759389
0.763450
0.767426
0.771315
0.775116
0.778829
0.782451
0.785982
0.789420
0.792765
0.796015
0.799169
0.802226
0.805185
0.808045
0.810805
0.813464
0.816022
0.818477
0.820829
0.823077
0.825220
0.827257
0.829188
0.831012
0.832729
0.834337
0.835837
0.837228
0.838510
0.839681
0.840742
0.841692
0.842531
0.843259
0.843876
0.844380
0.844773
0.845053
0.845222
0.845278
0.845222
0.845054
0.844774
0.844381
0.843876
0.843260
0.842532
0.841693
0.840743
0.839683
0.838511
0.837230
0.835839
0.834340
0.832731
0.831015
0.829191
0.827260
0.825223
0.823080
0.820833
0.818481
0.816026
0.813469
0.810810
0.808049
0.805189
0.802230
0.799173
0.796019
0.792769
0.789425
0.785986
0.782455
0.778833
0.775120
0.771319
0.767429
0.763453
0.759393
0.755249
0.751022
0.746714
0.742326
0.737860
0.733318
0.728701
0.724010
0.719247
0.714414
0.709511
0.704541
0.699506
0.694407
0.689245
0.684022
0.678741
0.673401
0.668007
0.662559
0.657059
0.651508
0.645909
0.640264
0.634575
0.628841
0.623067
0.617253
0.611402
0.605515
0.599594
0.593642
0.587660
0.581649
0.575613
0.569551
0.563467
0.557363
0.551239
0.545099
0.538944
0.532775
0.526594
0.520404
0.514205
0.508002
0.501794
0.495584
0.489373
0.483163
0.476955
0.470753
0.464556
0.458368
0.452189
0.446021
0.439867
0.433727
0.427603
0.421497
0.415410
0.409345
0.403301
0.397281
0.391287
0.385319
0.379380
0.373470
0.367591
0.361744
0.355930
0.350151
0.344408
0.338702
0.333035
0.327406
0.321819
0.316273
0.310769
0.305310
0.299895
0.294525
0.289202
0.283926
0.278698
0.273519
0.268391
0.263312
0.258285
0.253309
0.248387
0.243517
0.238701
0.233939
0.229231
0.224579
0.219983
0.215443
0.210959
0.206531
0.202161
0.197848
0.193592
0.189394
0.185254
0.181172
0.177148
0.173183
0.169275
0.165427
0.161636
0.157904
0.154230
0.150614
0.147056
0.143556
0.140114
0.136730
0.133403
0.130133
0.126920
0.123764
0.120664
0.117620
0.114632
0.111699
0.108821
0.105998
0.103228
0.100513
0.097851
0.095242
0.092685
0.090180
0.087726
0.085323
0.082971
0.080668
0.078414
0.076210
0.074053
0.071944
0.069882
0.067866
0.065896
0.063971
0.062091
0.060254
0.058461
0.056711
0.055002
0.053335
0.051709
0.050123
0.048576
0.047068
0.045598
0.044165
0.042770
0.041411
0.040087
0.038798
0.037543
0.036323
0.035135
0.033979
0.032855
0.031762
0.030700
0.029667
0.028664
0.027690
0.026743
0.025824
0.024931
0.024065
0.023224
0.022409
0.021618
0.020850
0.020107
0.019386
0.018687
0.018010
0.017354
0.016718
0.016103
0.015508
0.014931
0.014374
0.013834
0.013312
0.012807
0.012319
0.011848
0.011392
0.010951
0.010526
0.010115
0.009718
0.009335
0.008966
0.008609
0.008265
0.007933
0.007613
0.007304
0.007007
0.006720
0.006444
0.006178
0.005922
0.005675
0.005437
0.005209
0.004989
0.004777
0.004574
0.004378
0.004190
0.004009
0.003835
0.003668
0.003508
0.003354
0.003206
0.003064
0.002928
0.002797
0.002671
0.002551
0.002436
0.002325
0.002219
0.002117
0.002020
0.001927
0.001837
0.001752
0.001670
0.001592
0.001517
0.001445
0.001376
0.001311
0.001248
0.001188
0.001131
0.001076
0.001024
0.000974
0.000926
0.000880
0.000837
0.000795
0.000756
0.000718
0.000682
0.000648
0.000615
0.000584
0.000554
0.000526
0.000499
0.000473
0.000449
0.000426
0.000404
0.000382
0.000362
0.000343
0.000325
0.000308
0.000292
0.000276
0.000261
0.000247
0.000234
0.000221
0.000209
0.000198
0.000187
0.000177
0.000167
0.000158
0.000149
0.000141
0.000133
0.000126
0.000119
0.000112
0.000106
0.000100
0.000094
0.000089
0.000083
0.000079
0.000074
0.000070
0.000066
0.000062
0.000058
0.000055
0.000052
0.000049
0.000046
0.000043
0.000040
0.000038
0.000036
0.000034
0.000032
0.000030
0.000028
0.000026
0.000025
0.000023
0.000022
0.000020
0.000019
0.000018
0.000017
0.000016
0.000015
0.000014
0.000013
0.000012
0.000011
0.000011
0.000010
0.000009
0.000009
0.000008
0.000008
0.000007
0.000007
0.000006
0.000006
0.000005
0.000005
0.000005
0.000004
0.000004
0.000004
0.000004
0.000003
0.000003
0.000003
0.000003
0.000003
0.000002
0.000002
0.000002
0.000002
0.000002
0.000002
0.000002
0.000001
0.000001
0.000001
0.000001
0.000001
0.000001
0.000001
0.000001
0.000001
0.000001
0.000001
0.000001
0.000001
0.000001
0.000001
0.000000
0.000000
0.000000
0.000000
0.000000
0.000000
0.000000
0.000000
0.000000
0.000000
0.000000
0.000000
0.000000
0.000000
0.000000
0.000000
0.000000
0.000000
0.000000
0.000000
0.000000
0.000000
0.000000
0.000000
0.000000
0.000000
0.000000
0.000000
0.000000
0.000000
0.000000
0.000000
0.000000
0.000000
0.000000
0.000000
0.000000
0.000000
0.000000
0.000000
0.000000
0.000000
0.000000
0.000000
0.000000
0.000000
0.000000
0.000000
0.000000
0.000000
0.000000
0.000000
0.000000
0.000000
0.000000
0.000000
0.000000
0.000000
0.000000
0.000000
0.000000
0.000000
0.000000
0.000000
0.000000
0.000000
0.000000
0.000000
0.000000
0.000000
0.000000
0.000000
0.000000
0.000000
0.000000
0.000000
0.000000
0.000000
0.000000
0.000000
0.000000
0.000000
0.000000
0.000000
0.000000
0.000000
0.000000
0.000000
0.000000
0.000000
0.000000
0.000000
0.000000
0.000000
0.000000
0.000000
0.000000
0.000000
0.000000
0.000000
0.000000
0.000000
0.000000
0.000000
0.000000
0.000000
0.000000
0.000000
0.000000
0.000000
0.000000
0.000000
0.000000
0.000000
0.000000
0.000000
0.000000
0.000000
0.000000
0.000000
0.000000
0.000000
0.000000
0.000000
0.000000
0.000000
0.000000
0.000000
0.000000
0.000000
0.000000
0.000000
0.000000
0.000000
0.000000
0.000000
0.000000
0.000000
0.000000
0.000000
0.000000
0.000000
0.000000
0.000000
0.000000
0.000000
0.000000
0.000000
0.000000
0.000000
0.000000
0.000000
0.000000
0.000000
0.000000
0.000000
0.000000
0.000000
0.000000
0.000000
0.000000
0.000000
0.000000
0.000000
0.000000
0.000000
0.000000
0.000000
0.000000
0.000000
0.000000
0.000000
0.000000
0.000000
0.000000
0.000000
0.000000
0.000000
0.000000
0.000000
0.000000
0.000000
0.000000
0.000000
0.000000
0.000000
0.000000
0.000000
0.000000
0.000000
0.000000
0.000000
0.000000
0.000000
0.000000
0.000000
0.000000
0.000000
0.000000
0.000000
0.000000
0.000000
0.000000
0.000000
0.000000
0.000000
0.000000
0.000000
0.000000
0.000000
0.000000
0.000000
0.000000
0.000000
0.000000
0.000000
0.000000
0.000000
0.000000
0.000000
0.000000
0.000000
0.000000
0.000000
0.000000
0.000000
0.000000
0.000000
0.000000
0.000000
0.000000
0.000000
0.000000
0.000000
0.000000
0.000000
0.000000
0.000000
0.000000
0.000000
0.000000
0.000000
0.000000
0.000000
0.000000
0.000000
0.000000
0.000000
0.000000
0.000000
0.000000
0.000000
0.000000
0.000000
0.000000
0.000000
0.000000
0.000000
0.000000
0.000000
0.000000
0.000000
0.000000
0.000000
0.000000
0.000000
0.000000
0.000000
0.000000
0.000000
0.000000
0.000000
0.000000
0.000000
0.000000
0.000000
0.000000
0.000000
0.000000
0.000000
0.000000
0.000000
0.000000
0.000000
0.000000
0.000000
0.000000
