0.000065
0.000130
0.000194
0.000261
0.000326
0.000395
0.000460
0.000531
0.000599
0.000670
0.000744
0.000814
0.000895
0.000967
0.001049
0.001131
0.001209
0.001303
0.001386
0.001477
0.001579
0.001666
0.001769
0.001881
0.001977
0.002089
0.002217
0.002326
0.002441
0.002585
0.002723
0.002842
0.002979
0.003146
0.003315
0.003460
0.003599
0.003762
0.003960
0.004183
0.004413
0.004640
0.004864
0.005087
0.005315
0.005549
0.005791
0.006042
0.006303
0.006574
0.006855
0.007146
0.007449
0.007763
0.008088
0.008426
0.008776
0.009138
0.009514
0.009903
0.010306
0.010724
0.011156
0.011604
0.012067
0.012546
0.013041
0.013554
0.014083
0.014631
0.015197
0.015782
0.016386
0.017010
0.017655
0.018320
0.019007
0.019715
0.020446
0.021200
0.021978
0.022780
0.023606
0.024458
0.025335
0.026239
0.027170
0.028129
0.029116
0.030131
0.031177
0.032252
0.033358
0.034495
0.035664
0.036865
0.038100
0.039369
0.040672
0.042010
0.043384
0.044795
0.046242
0.047727
0.049251
0.050813
0.052415
0.054058
0.055741
0.057466
0.059233
0.061042
0.062896
0.064793
0.066735
0.068722
0.070755
0.072834
0.074960
0.077134
0.079357
0.081627
0.083948
0.086318
0.088738
0.091209
0.093732
0.096306
0.098933
0.101613
0.104346
0.107132
0.109973
0.112868
0.115817
0.118822
0.121883
0.124999
0.128172
0.131401
0.134687
0.138029
0.141429
0.144886
0.148401
0.151973
0.155603
0.159290
0.163036
0.166839
0.170701
0.174620
0.178597
0.182632
0.186724
0.190874
0.195082
0.199347
0.203668
0.208046
0.212481
0.216971
0.221518
0.226119
0.230776
0.235487
0.240252
0.245070
0.249941
0.254864
0.259839
0.264865
0.269942
0.275068
0.280243
0.285466
0.290735
0.296052
0.301414
0.306820
0.312271
0.317763
0.323298
0.328873
0.334487
0.340140
0.345830
0.351556
0.357317
0.363111
0.368938
0.374796
0.380683
0.386599
0.392542
0.398510
0.404503
0.410518
0.416555
0.422611
0.428685
0.434776
0.440882
0.447001
0.453133
0.459274
0.465424
0.471580
0.477742
0.483907
0.490074
0.496242
0.502406
0.508568
0.514725
0.520875
0.527015
0.533145
0.539263
0.545367
0.551455
0.557524
0.563574
0.569603
0.575608
0.581588
0.587540
0.593465
0.599358
0.605218
0.611045
0.616836
0.622588
0.628301
0.633971
0.639599
0.645181
0.650717
0.656204
0.661640
0.667025
0.672355
0.677630
0.682847
0.688006
0.693104
0.698139
0.703111
0.708017
0.712856
0.717627
0.722328
0.726957
0.731512
0.735993
0.740398
0.744725
0.748973
0.753142
0.757227
0.761230
0.765149
0.768982
0.772728
0.776386
0.779955
0.783433
0.786820
0.790114
0.793315
0.796421
0.799431
0.802345
0.805161
0.807878
0.810496
0.813014
0.815430
0.817745
0.819957
0.822066
0.824070
0.825970
0.827765
0.829454
0.831037
0.832512
0.833881
0.835141
0.836293
0.837337
0.838271
0.839097
0.839813
0.840420
0.840916
0.841302
0.841578
0.841743
0.841798
0.841743
0.841578
0.841302
0.840917
0.840420
0.839814
0.839098
0.838273
0.837338
0.836295
0.835143
0.833882
0.832514
0.831039
0.829456
0.827768
0.825973
0.824073
0.822069
0.819960
0.817749
0.815434
0.813017
0.810500
0.807883
0.805165
0.802349
0.799436
0.796426
0.793320
0.790119
0.786824
0.783438
0.779959
0.776390
0.772732
0.768985
0.765152
0.761234
0.757231
0.753145
0.748978
0.744730
0.740403
0.735998
0.731518
0.726962
0.722334
0.717634
0.712864
0.708024
0.703118
0.698147
0.693112
0.688014
0.682855
0.677638
0.672363
0.667032
0.661648
0.656211
0.650724
0.645188
0.639606
0.633979
0.628308
0.622595
0.616843
0.611052
0.605225
0.599364
0.593471
0.587547
0.581594
0.575614
0.569608
0.563580
0.557530
0.551460
0.545372
0.539269
0.533151
0.527021
0.520880
0.514729
0.508573
0.502411
0.496246
0.490079
0.483912
0.477747
0.471585
0.465429
0.459279
0.453137
0.447007
0.440888
0.434782
0.428691
0.422617
0.416561
0.410524
0.404509
0.398517
0.392549
0.386606
0.380690
0.374803
0.368945
0.363119
0.357324
0.351564
0.345838
0.340148
0.334495
0.328881
0.323306
0.317771
0.312279
0.306829
0.301422
0.296060
0.290744
0.285473
0.280250
0.275076
0.269950
0.264873
0.259847
0.254872
0.249949
0.245077
0.240259
0.235494
0.230783
0.226127
0.221525
0.216979
0.212489
0.208054
0.203676
0.199354
0.195090
0.190882
0.186732
0.182639
0.178604
0.174627
0.170708
0.166846
0.163043
0.159297
0.155609
0.151980
0.148407
0.144893
0.141435
0.138036
0.134693
0.131407
0.128178
0.125006
0.121889
0.118828
0.115823
0.112873
0.109978
0.107138
0.104351
0.101618
0.098938
0.096312
0.093737
0.091214
0.088743
0.086323
0.083952
0.081632
0.079361
0.077139
0.074965
0.072838
0.070759
0.068726
0.066739
0.064797
0.062899
0.061046
0.059237
0.057470
0.055745
0.054061
0.052419
0.050817
0.049254
0.047731
0.046245
0.044798
0.043387
0.042013
0.040675
0.039372
0.038103
0.036868
0.035667
0.034497
0.033360
0.032254
0.031179
0.030134
0.029118
0.028131
0.027173
0.026242
0.025338
0.024460
0.023608
0.022782
0.021980
0.021202
0.020448
0.019717
0.019009
0.018322
0.017657
0.017012
0.016388
0.015784
0.015199
0.014633
0.014085
0.013555
0.013043
0.012547
0.012068
0.011605
0.011157
0.010725
0.010308
0.009904
0.009515
0.009139
0.008777
0.008427
0.008089
0.007764
0.007450
0.007147
0.006856
0.006575
0.006304
0.006043
0.005792
0.005550
0.005317
0.005093
0.004878
0.004671
0.004471
0.004280
0.004095
0.003918
0.003748
0.003584
0.003427
0.003277
0.003132
0.002993
0.002859
0.002732
0.002609
0.002491
0.002378
0.002270
0.002166
0.002067
0.001972
0.001880
0.001793
0.001709
0.001629
0.001553
0.001480
0.001409
0.001342
0.001278
0.001217
0.001158
0.001102
0.001049
0.000998
0.000949
0.000902
0.000858
0.000816
0.000775
0.000736
0.000700
0.000664
0.000631
0.000599
0.000569
0.000540
0.000512
0.000486
0.000461
0.000437
0.000414
0.000393
0.000372
0.000353
0.000334
0.000316
0.000300
0.000284
0.000269
0.000254
0.000240
0.000227
0.000215
0.000203
0.000192
0.000182
0.000172
0.000162
0.000153
0.000145
0.000137
0.000129
0.000122
0.000115
0.000109
0.000102
0.000097
0.000091
0.000086
0.000081
0.000076
0.000072
0.000068
0.000064
0.000060
0.000057
0.000053
0.000050
0.000047
0.000044
0.000042
0.000039
0.000037
0.000035
0.000033
0.000031
0.000029
0.000027
0.000025
0.000024
0.000022
0.000021
0.000020
0.000018
0.000017
0.000016
0.000015
0.000014
0.000013
0.000013
0.000012
0.000011
0.000010
0.000010
0.000009
0.000008
0.000008
0.000007
0.000007
0.000006
0.000006
0.000006
0.000005
0.000005
0.000005
0.000004
0.000004
0.000004
0.000004
0.000003
0.000003
0.000003
0.000003
0.000002
0.000002
0.000002
0.000002
0.000002
0.000002
0.000002
0.000002
0.000001
0.000001
0.000001
0.000001
0.000001
0.000001
0.000001
0.000001
0.000001
0.000001
0.000001
0.000001
0.000001
0.000001
0.000001
0.000000
0.000000
0.000000
0.000000
0.000000
0.000000
0.000000
0.000000
0.000000
0.000000
0.000000
0.000000
0.000000
0.000000
0.000000
0.000000
0.000000
0.000000
0.000000
0.000000
0.000000
0.000000
0.000000
0.000000
0.000000
0.000000
0.000000
0.000000
0.000000
0.000000
0.000000
0.000000
0.000000
0.000000
0.000000
0.000000
0.000000
0.000000
0.000000
0.000000
0.000000
0.000000
0.000000
0.000000
0.000000
0.000000
0.000000
0.000000
0.000000
0.000000
0.000000
0.000000
0.000000
0.000000
0.000000
0.000000
0.000000
0.000000
0.000000
0.000000
0.000000
0.000000
0.000000
0.000000
0.000000
0.000000
0.000000
0.000000
0.000000
0.000000
0.000000
0.000000
0.000000
0.000000
0.000000
0.000000
0.000000
0.000000
0.000000
0.000000
0.000000
0.000000
0.000000
0.000000
0.000000
0.000000
0.000000
0.000000
0.000000
0.000000
0.000000
0.000000
0.000000
0.000000
0.000000
0.000000
0.000000
0.000000
0.000000
0.000000
0.000000
0.000000
0.000000
0.000000
0.000000
0.000000
0.000000
0.000000
0.000000
0.000000
0.000000
0.000000
0.000000
0.000000
0.000000
0.000000
0.000000
0.000000
0.000000
0.000000
0.000000
0.000000
0.000000
0.000000
0.000000
0.000000
0.000000
0.000000
0.000000
0.000000
0.000000
0.000000
0.000000
0.000000
0.000000
0.000000
0.000000
0.000000
0.000000
0.000000
0.000000
0.000000
0.000000
0.000000
0.000000
0.000000
0.000000
0.000000
0.000000
0.000000
0.000000
0.000000
0.000000
0.000000
0.000000
0.000000
0.000000
0.000000
0.000000
0.000000
0.000000
0.000000
0.000000
0.000000
0.000000
0.000000
0.000000
0.000000
0.000000
0.000000
0.000000
0.000000
0.000000
0.000000
0.000000
0.000000
0.000000
0.000000
0.000000
0.000000
0.000000
0.000000
0.000000
0.000000
0.000000
0.000000
0.000000
0.000000
0.000000
0.000000
0.000000
0.000000
0.000000
0.000000
0.000000
0.000000
0.000000
0.000000
0.000000
0.000000
0.000000
0.000000
0.000000
0.000000
0.000000
0.000000
0.000000
0.000000
0.000000
0.000000
0.000000
0.000000
0.000000
0.000000
0.000000
0.000000
0.000000
0.000000
0.000000
0.000000
0.000000
0.000000
0.000000
0.000000
0.000000
0.000000
0.000000
0.000000
0.000000
0.000000
0.000000
0.000000
0.000000
0.000000
0.000000
0.000000
0.000000
0.000000
0.000000
0.000000
0.000000
0.000000
0.000000
0.000000
0.000000
0.000000
0.000000
0.000000
0.000000
0.000000
0.000000
0.000000
0.000000
0.000000
0.000000
0.000000
0.000000
0.000000
0.000000
0.000000
0.000000
0.000000
0.000000
0.000000
0.000000
0.000000
0.000000
0.000000
0.000000
0.000000
0.000000
0.000000
0.000000
0.000000
0.000000
0.000000
0.000000
0.000000
0.000000
0.000000
0.000000
0.000000
0.000000
0.000000
0.000000
0.000000
