0.000066
0.000133
0.000199
0.000267
0.000334
0.000403
0.000473
0.000542
0.000615
0.000684
0.000763
0.000834
0.000914
0.000993
0.001071
0.001160
0.001238
0.001331
0.001423
0.001509
0.001614
0.001710
0.001806
0.001924
0.002029
0.002134
0.002264
0.002387
0.002498
0.002635
0.002786
0.002916
0.003045
0.003206
0.003385
0.003547
0.003691
0.003846
0.004034
0.004254
0.004490
0.004726
0.004959
0.005191
0.005424
0.005663
0.005910
0.006166
0.006431
0.006707
0.006993
0.007290
0.007597
0.007917
0.008248
0.008591
0.008947
0.009315
0.009697
0.010093
0.010503
0.010927
0.011366
0.011821
0.012291
0.012777
0.013281
0.013801
0.014339
0.014895
0.015469
0.016063
0.016676
0.017309
0.017963
0.018638
0.019334
0.020053
0.020794
0.021558
0.022346
0.023159
0.023996
0.024859
0.025748
0.026664
0.027607
0.028578
0.029577
0.030605
0.031663
0.032751
0.033870
0.035021
0.036204
0.037419
0.038668
0.039951
0.041269
0.042622
0.044011
0.045437
0.046899
0.048400
0.049939
0.051517
0.053136
0.054794
0.056494
0.058235
0.060019
0.061845
0.063715
0.065629
0.067588
0.069593
0.071643
0.073740
0.075884
0.078076
0.080315
0.082604
0.084942
0.087330
0.089768
0.092257
0.094797
0.097389
0.100034
0.102731
0.105482
0.108285
0.111143
0.114056
0.117023
0.120045
0.123122
0.126255
0.129444
0.132689
0.135991
0.139349
0.142765
0.146237
0.149766
0.153353
0.156997
0.160698
0.164457
0.168274
0.172147
0.176079
0.180068
0.184114
0.188217
0.192377
0.196594
0.200867
0.205197
0.209583
0.214025
0.218522
0.223074
0.227681
0.232341
0.237056
0.241824
0.246644
0.251516
0.256440
0.261414
0.266439
0.271513
0.276636
0.281807
0.287025
0.292289
0.297599
0.302953
0.308350
0.313791
0.319272
0.324795
0.330357
0.335957
0.341595
0.347269
0.352977
0.358719
0.364494
0.370300
0.376136
0.382001
0.387893
0.393810
0.399752
0.405717
0.411703
0.417710
0.423735
0.429777
0.435835
0.441906
0.447989
0.454084
0.460187
0.466298
0.472414
0.478535
0.484658
0.490781
0.496904
0.503023
0.509138
0.515247
0.521348
0.527439
0.533519
0.539585
0.545637
0.551671
0.557686
0.563681
0.569654
0.575602
0.581525
0.587420
0.593286
0.599119
0.604920
0.610686
0.616415
0.622106
0.627757
0.633365
0.638929
0.644449
0.649921
0.655344
0.660716
0.666036
0.671302
0.676512
0.681666
0.686760
0.691793
0.696764
0.701672
0.706514
0.711289
0.715996
0.720634
0.725200
0.729693
0.734112
0.738455
0.742721
0.746909
0.751018
0.755045
0.758989
0.762851
0.766627
0.770318
0.773921
0.777436
0.780861
0.784197
0.787441
0.790591
0.793650
0.796613
0.799481
0.802252
0.804927
0.807503
0.809980
0.812357
0.814635
0.816811
0.818886
0.820858
0.822726
0.824492
0.826153
0.827709
0.829161
0.830506
0.831746
0.832879
0.833905
0.834824
0.835635
0.836339
0.836936
0.837424
0.837803
0.838075
0.838237
0.838291
0.838238
0.838075
0.837803
0.837424
0.836936
0.836340
0.835637
0.834825
0.833906
0.832880
0.831747
0.830508
0.829163
0.827712
0.826155
0.824494
0.822729
0.820861
0.818889
0.816815
0.814639
0.812361
0.809983
0.807507
0.804931
0.802256
0.799485
0.796618
0.793654
0.790596
0.787445
0.784201
0.780866
0.777440
0.773925
0.770322
0.766631
0.762854
0.758993
0.755049
0.751022
0.746914
0.742726
0.738460
0.734117
0.729698
0.725206
0.720640
0.716003
0.711296
0.706521
0.701679
0.696772
0.691801
0.686768
0.681674
0.676521
0.671310
0.666044
0.660724
0.655351
0.649928
0.644456
0.638937
0.633372
0.627764
0.622113
0.616422
0.610693
0.604926
0.599125
0.593292
0.587426
0.581531
0.575608
0.569660
0.563687
0.557692
0.551676
0.545642
0.539591
0.533525
0.527445
0.521353
0.515252
0.509143
0.503028
0.496908
0.490786
0.484663
0.478540
0.472419
0.466303
0.460192
0.454089
0.447995
0.441911
0.435840
0.429783
0.423741
0.417716
0.411709
0.405723
0.399758
0.393816
0.387899
0.382008
0.376143
0.370307
0.364502
0.358727
0.352985
0.347276
0.341603
0.335965
0.330365
0.324803
0.319280
0.313799
0.308358
0.302961
0.297607
0.292297
0.287033
0.281815
0.276644
0.271521
0.266447
0.261422
0.256448
0.251524
0.246651
0.241831
0.237063
0.232349
0.227688
0.223081
0.218530
0.214033
0.209591
0.205205
0.200875
0.196601
0.192384
0.188224
0.184121
0.180075
0.176086
0.172154
0.168281
0.164464
0.160705
0.157003
0.153359
0.149773
0.146243
0.142771
0.139356
0.135997
0.132696
0.129450
0.126261
0.123128
0.120050
0.117028
0.114061
0.111149
0.108291
0.105487
0.102737
0.100039
0.097395
0.094802
0.092262
0.089773
0.087335
0.084947
0.082609
0.080320
0.078080
0.075888
0.073744
0.071647
0.069597
0.067593
0.065633
0.063719
0.061849
0.060022
0.058239
0.056497
0.054798
0.053139
0.051521
0.049943
0.048403
0.046903
0.045440
0.044014
0.042625
0.041272
0.039954
0.038671
0.037422
0.036207
0.035024
0.033873
0.032754
0.031666
0.030608
0.029579
0.028580
0.027609
0.026666
0.025751
0.024862
0.023999
0.023161
0.022348
0.021560
0.020796
0.020054
0.019336
0.018639
0.017965
0.017311
0.016678
0.016065
0.015471
0.014896
0.014340
0.013802
0.013282
0.012779
0.012292
0.011822
0.011367
0.010928
0.010504
0.010094
0.009698
0.009316
0.008948
0.008592
0.008249
0.007918
0.007598
0.007291
0.006994
0.006708
0.006432
0.006167
0.005911
0.005665
0.005428
0.005200
0.004981
0.004769
0.004566
0.004371
0.004183
0.004003
0.003829
0.003663
0.003503
0.003349
0.003201
0.003060
0.002923
0.002793
0.002668
0.002548
0.002432
0.002322
0.002216
0.002115
0.002017
0.001924
0.001835
0.001750
0.001668
0.001590
0.001515
0.001443
0.001375
0.001309
0.001247
0.001187
0.001129
0.001075
0.001023
0.000973
0.000925
0.000880
0.000836
0.000795
0.000755
0.000717
0.000682
0.000647
0.000615
0.000583
0.000554
0.000525
0.000499
0.000473
0.000449
0.000425
0.000403
0.000382
0.000362
0.000343
0.000325
0.000308
0.000291
0.000276
0.000261
0.000247
0.000234
0.000221
0.000209
0.000198
0.000187
0.000177
0.000167
0.000158
0.000149
0.000141
0.000133
0.000125
0.000118
0.000112
0.000105
0.000099
0.000094
0.000088
0.000083
0.000079
0.000074
0.000070
0.000066
0.000062
0.000058
0.000055
0.000052
0.000049
0.000046
0.000043
0.000040
0.000038
0.000036
0.000034
0.000032
0.000030
0.000028
0.000026
0.000025
0.000023
0.000022
0.000020
0.000019
0.000018
0.000017
0.000016
0.000015
0.000014
0.000013
0.000012
0.000011
0.000011
0.000010
0.000009
0.000009
0.000008
0.000008
0.000007
0.000007
0.000006
0.000006
0.000005
0.000005
0.000005
0.000004
0.000004
0.000004
0.000004
0.000003
0.000003
0.000003
0.000003
0.000003
0.000002
0.000002
0.000002
0.000002
0.000002
0.000002
0.000002
0.000001
0.000001
0.000001
0.000001
0.000001
0.000001
0.000001
0.000001
0.000001
0.000001
0.000001
0.000001
0.000001
0.000001
0.000001
0.000000
0.000000
0.000000
0.000000
0.000000
0.000000
0.000000
0.000000
0.000000
0.000000
0.000000
0.000000
0.000000
0.000000
0.000000
0.000000
0.000000
0.000000
0.000000
0.000000
0.000000
0.000000
0.000000
0.000000
0.000000
0.000000
0.000000
0.000000
0.000000
0.000000
0.000000
0.000000
0.000000
0.000000
0.000000
0.000000
0.000000
0.000000
0.000000
0.000000
0.000000
0.000000
0.000000
0.000000
0.000000
0.000000
0.000000
0.000000
0.000000
0.000000
0.000000
0.000000
0.000000
0.000000
0.000000
0.000000
0.000000
0.000000
0.000000
0.000000
0.000000
0.000000
0.000000
0.000000
0.000000
0.000000
0.000000
0.000000
0.000000
0.000000
0.000000
0.000000
0.000000
0.000000
0.000000
0.000000
0.000000
0.000000
0.000000
0.000000
0.000000
0.000000
0.000000
0.000000
0.000000
0.000000
0.000000
0.000000
0.000000
0.000000
0.000000
0.000000
0.000000
0.000000
0.000000
0.000000
0.000000
0.000000
0.000000
0.000000
0.000000
0.000000
0.000000
0.000000
0.000000
0.000000
0.000000
0.000000
0.000000
0.000000
0.000000
0.000000
0.000000
0.000000
0.000000
0.000000
0.000000
0.000000
0.000000
0.000000
0.000000
0.000000
0.000000
0.000000
0.000000
0.000000
0.000000
0.000000
0.000000
0.000000
0.000000
0.000000
0.000000
0.000000
0.000000
0.000000
0.000000
0.000000
0.000000
0.000000
0.000000
0.000000
0.000000
0.000000
0.000000
0.000000
0.000000
0.000000
0.000000
0.000000
0.000000
0.000000
0.000000
0.000000
0.000000
0.000000
0.000000
0.000000
0.000000
0.000000
0.000000
0.000000
0.000000
0.000000
0.000000
0.000000
0.000000
0.000000
0.000000
0.000000
0.000000
0.000000
0.000000
0.000000
0.000000
0.000000
0.000000
0.000000
0.000000
0.000000
0.000000
0.000000
0.000000
0.000000
0.000000
0.000000
0.000000
0.000000
0.000000
0.000000
0.000000
0.000000
0.000000
0.000000
0.000000
0.000000
0.000000
0.000000
0.000000
0.000000
0.000000
0.000000
0.000000
0.000000
0.000000
0.000000
0.000000
0.000000
0.000000
0.000000
0.000000
0.000000
0.000000
0.000000
0.000000
0.000000
0.000000
0.000000
0.000000
0.000000
0.000000
0.000000
0.000000
0.000000
0.000000
0.000000
0.000000
0.000000
0.000000
0.000000
0.000000
0.000000
0.000000
0.000000
0.000000
0.000000
0.000000
0.000000
0.000000
0.000000
0.000000
0.000000
0.000000
0.000000
0.000000
0.000000
0.000000
0.000000
0.000000
0.000000
0.000000
0.000000
0.000000
0.000000
0.000000
0.000000
0.000000
0.000000
0.000000
0.000000
0.000000
0.000000
0.000000
0.000000
0.000000
0.000000
0.000000
0.000000
0.000000
0.000000
0.000000
0.000000
0.000000
0.000000
0.000000
0.000000
0.000000
0.000000
0.000000
0.000000
0.000000
0.000000
0.000000
0.000000
0.000000
0.000000
