0.000068
0.000136
0.000205
0.000273
0.000343
0.000412
0.000485
0.000554
0.000630
0.000701
0.000780
0.000856
0.000933
0.001019
0.001095
0.001186
0.001271
0.001358
0.001458
0.001546
0.001647
0.001754
0.001848
0.001963
0.002081
0.002184
0.002309
0.002445
0.002561
0.002689
0.002843
0.002990
0.003120
0.003270
0.003450
0.003630
0.003787
0.003939
0.004117
0.004330
0.004567
0.004812
0.005055
0.005294
0.005535
0.005780
0.006032
0.006292
0.006562
0.006843
0.007134
0.007436
0.007749
0.008074
0.008410
0.008759
0.009121
0.009496
0.009884
0.010286
0.010703
0.011134
0.011580
0.012042
0.012519
0.013013
0.013524
0.014053
0.014599
0.015163
0.015746
0.016349
0.016971
0.017613
0.018276
0.018961
0.019667
0.020395
0.021147
0.021922
0.022721
0.023544
0.024393
0.025267
0.026168
0.027096
0.028051
0.029034
0.030045
0.031086
0.032157
0.033259
0.034391
0.035555
0.036752
0.037982
0.039245
0.040542
0.041875
0.043243
0.044647
0.046088
0.047566
0.049082
0.050637
0.052232
0.053866
0.055541
0.057257
0.059015
0.060815
0.062659
0.064546
0.066477
0.068454
0.070475
0.072543
0.074658
0.076819
0.079029
0.081286
0.083593
0.085949
0.088354
0.090810
0.093317
0.095875
0.098486
0.101148
0.103863
0.106631
0.109452
0.112328
0.115257
0.118242
0.121281
0.124375
0.127525
0.130730
0.133992
0.137309
0.140684
0.144114
0.147602
0.151146
0.154747
0.158405
0.162120
0.165893
0.169722
0.173609
0.177552
0.181552
0.185609
0.189723
0.193893
0.198120
0.202402
0.206740
0.211134
0.215582
0.220086
0.224644
0.229255
0.233920
0.238638
0.243409
0.248231
0.253104
0.258028
0.263002
0.268025
0.273097
0.278217
0.283383
0.288596
0.293854
0.299156
0.304503
0.309891
0.315321
0.320792
0.326302
0.331851
0.337437
0.343059
0.348716
0.354407
0.360130
0.365885
0.371670
0.377484
0.383325
0.389192
0.395084
0.400999
0.406936
0.412893
0.418870
0.424863
0.430873
0.436896
0.442933
0.448980
0.455037
0.461102
0.467173
0.473249
0.479328
0.485408
0.491488
0.497565
0.503638
0.509707
0.515767
0.521819
0.527861
0.533889
0.539904
0.545902
0.551882
0.557843
0.563783
0.569699
0.575590
0.581456
0.587292
0.593098
0.598872
0.604613
0.610317
0.615985
0.621614
0.627202
0.632747
0.638249
0.643704
0.649112
0.654471
0.659779
0.665035
0.670236
0.675381
0.680469
0.685498
0.690467
0.695374
0.700216
0.704994
0.709705
0.714348
0.718923
0.723425
0.727855
0.732212
0.736493
0.740698
0.744826
0.748874
0.752842
0.756727
0.760531
0.764251
0.767886
0.771433
0.774895
0.778267
0.781551
0.784744
0.787845
0.790854
0.793770
0.796593
0.799320
0.801950
0.804485
0.806921
0.809260
0.811500
0.813640
0.815680
0.817619
0.819457
0.821192
0.822825
0.824355
0.825782
0.827105
0.828323
0.829437
0.830446
0.831349
0.832147
0.832839
0.833425
0.833904
0.834277
0.834545
0.834704
0.834757
0.834704
0.834544
0.834278
0.833905
0.833425
0.832840
0.832148
0.831350
0.830447
0.829439
0.828325
0.827107
0.825785
0.824358
0.822828
0.821195
0.819460
0.817622
0.815683
0.813643
0.811503
0.809264
0.806925
0.804488
0.801954
0.799324
0.796597
0.793775
0.790859
0.787850
0.784748
0.781555
0.778272
0.774899
0.771438
0.767889
0.764255
0.760535
0.756732
0.752846
0.748878
0.744830
0.740703
0.736498
0.732217
0.727860
0.723431
0.718929
0.714355
0.709712
0.705001
0.700224
0.695381
0.690475
0.685506
0.680477
0.675389
0.670244
0.665042
0.659787
0.654478
0.649119
0.643712
0.638256
0.632754
0.627209
0.621621
0.615992
0.610324
0.604619
0.598879
0.593104
0.587298
0.581462
0.575597
0.569705
0.563788
0.557848
0.551888
0.545907
0.539909
0.533895
0.527866
0.521825
0.515773
0.509711
0.503643
0.497570
0.491492
0.485413
0.479333
0.473254
0.467179
0.461107
0.455042
0.448985
0.442938
0.436902
0.430879
0.424869
0.418876
0.412900
0.406942
0.401006
0.395091
0.389199
0.383332
0.377491
0.371677
0.365892
0.360138
0.354414
0.348724
0.343066
0.337444
0.331858
0.326310
0.320800
0.315329
0.309899
0.304511
0.299165
0.293862
0.288604
0.283391
0.278224
0.273105
0.268033
0.263010
0.258036
0.253112
0.248238
0.243416
0.238646
0.233928
0.229263
0.224651
0.220094
0.215590
0.211142
0.206748
0.202410
0.198128
0.193901
0.189730
0.185617
0.181559
0.177559
0.173616
0.169729
0.165900
0.162127
0.158412
0.154754
0.151152
0.147608
0.144121
0.140690
0.137316
0.133998
0.130736
0.127531
0.124381
0.121286
0.118247
0.115263
0.112333
0.109458
0.106636
0.103868
0.101153
0.098491
0.095881
0.093322
0.090815
0.088359
0.085953
0.083597
0.081291
0.079033
0.076824
0.074662
0.072547
0.070480
0.068458
0.066481
0.064550
0.062663
0.060819
0.059019
0.057261
0.055544
0.053869
0.052235
0.050641
0.049086
0.047569
0.046091
0.044650
0.043246
0.041878
0.040545
0.039248
0.037985
0.036755
0.035558
0.034394
0.033261
0.032160
0.031089
0.030048
0.029036
0.028053
0.027098
0.026170
0.025270
0.024395
0.023547
0.022723
0.021924
0.021149
0.020397
0.019669
0.018962
0.018278
0.017615
0.016972
0.016350
0.015748
0.015165
0.014600
0.014054
0.013526
0.013015
0.012521
0.012043
0.011581
0.011135
0.010704
0.010287
0.009885
0.009497
0.009122
0.008760
0.008411
0.008074
0.007750
0.007437
0.007135
0.006844
0.006563
0.006293
0.006033
0.005782
0.005541
0.005309
0.005085
0.004870
0.004663
0.004464
0.004273
0.004089
0.003912
0.003743
0.003579
0.003423
0.003272
0.003128
0.002989
0.002856
0.002728
0.002605
0.002488
0.002375
0.002267
0.002164
0.002064
0.001969
0.001878
0.001791
0.001708
0.001628
0.001551
0.001478
0.001408
0.001341
0.001277
0.001216
0.001157
0.001101
0.001048
0.000997
0.000948
0.000902
0.000857
0.000815
0.000774
0.000736
0.000699
0.000664
0.000630
0.000599
0.000568
0.000539
0.000512
0.000485
0.000460
0.000437
0.000414
0.000392
0.000372
0.000352
0.000334
0.000316
0.000299
0.000283
0.000268
0.000254
0.000240
0.000227
0.000215
0.000203
0.000192
0.000182
0.000172
0.000162
0.000153
0.000145
0.000137
0.000129
0.000122
0.000115
0.000109
0.000102
0.000097
0.000091
0.000086
0.000081
0.000076
0.000072
0.000068
0.000064
0.000060
0.000057
0.000053
0.000050
0.000047
0.000044
0.000042
0.000039
0.000037
0.000035
0.000033
0.000031
0.000029
0.000027
0.000025
0.000024
0.000022
0.000021
0.000020
0.000018
0.000017
0.000016
0.000015
0.000014
0.000013
0.000013
0.000012
0.000011
0.000010
0.000010
0.000009
0.000008
0.000008
0.000007
0.000007
0.000006
0.000006
0.000006
0.000005
0.000005
0.000005
0.000004
0.000004
0.000004
0.000004
0.000003
0.000003
0.000003
0.000003
0.000002
0.000002
0.000002
0.000002
0.000002
0.000002
0.000002
0.000002
0.000001
0.000001
0.000001
0.000001
0.000001
0.000001
0.000001
0.000001
0.000001
0.000001
0.000001
0.000001
0.000001
0.000001
0.000001
0.000000
0.000000
0.000000
0.000000
0.000000
0.000000
0.000000
0.000000
0.000000
0.000000
0.000000
0.000000
0.000000
0.000000
0.000000
0.000000
0.000000
0.000000
0.000000
0.000000
0.000000
0.000000
0.000000
0.000000
0.000000
0.000000
0.000000
0.000000
0.000000
0.000000
0.000000
0.000000
0.000000
0.000000
0.000000
0.000000
0.000000
0.000000
0.000000
0.000000
0.000000
0.000000
0.000000
0.000000
0.000000
0.000000
0.000000
0.000000
0.000000
0.000000
0.000000
0.000000
0.000000
0.000000
0.000000
0.000000
0.000000
0.000000
0.000000
0.000000
0.000000
0.000000
0.000000
0.000000
0.000000
0.000000
0.000000
0.000000
0.000000
0.000000
0.000000
0.000000
0.000000
0.000000
0.000000
0.000000
0.000000
0.000000
0.000000
0.000000
0.000000
0.000000
0.000000
0.000000
0.000000
0.000000
0.000000
0.000000
0.000000
0.000000
0.000000
0.000000
0.000000
0.000000
0.000000
0.000000
0.000000
0.000000
0.000000
0.000000
0.000000
0.000000
0.000000
0.000000
0.000000
0.000000
0.000000
0.000000
0.000000
0.000000
0.000000
0.000000
0.000000
0.000000
0.000000
0.000000
0.000000
0.000000
0.000000
0.000000
0.000000
0.000000
0.000000
0.000000
0.000000
0.000000
0.000000
0.000000
0.000000
0.000000
0.000000
0.000000
0.000000
0.000000
0.000000
0.000000
0.000000
0.000000
0.000000
0.000000
0.000000
0.000000
0.000000
0.000000
0.000000
0.000000
0.000000
0.000000
0.000000
0.000000
0.000000
0.000000
0.000000
0.000000
0.000000
0.000000
0.000000
0.000000
0.000000
0.000000
0.000000
0.000000
0.000000
0.000000
0.000000
0.000000
0.000000
0.000000
0.000000
0.000000
0.000000
0.000000
0.000000
0.000000
0.000000
0.000000
0.000000
0.000000
0.000000
0.000000
0.000000
0.000000
0.000000
0.000000
0.000000
0.000000
0.000000
0.000000
0.000000
0.000000
0.000000
0.000000
0.000000
0.000000
0.000000
0.000000
0.000000
0.000000
0.000000
0.000000
0.000000
0.000000
0.000000
0.000000
0.000000
0.000000
0.000000
0.000000
0.000000
0.000000
0.000000
0.000000
0.000000
0.000000
0.000000
0.000000
0.000000
0.000000
0.000000
0.000000
0.000000
0.000000
0.000000
0.000000
0.000000
0.000000
0.000000
0.000000
0.000000
0.000000
0.000000
0.000000
0.000000
0.000000
0.000000
0.000000
0.000000
0.000000
0.000000
0.000000
0.000000
0.000000
0.000000
0.000000
0.000000
0.000000
0.000000
0.000000
0.000000
0.000000
0.000000
0.000000
0.000000
0.000000
0.000000
0.000000
0.000000
0.000000
0.000000
0.000000
0.000000
0.000000
0.000000
0.000000
0.000000
0.000000
0.000000
0.000000
0.000000
0.000000
0.000000
0.000000
0.000000
0.000000
0.000000
0.000000
0.000000
0.000000
0.000000
0.000000
0.000000
0.000000
0.000000
0.000000
0.000000
