0.000070
0.000139
0.000210
0.000279
0.000352
0.000422
0.000496
0.000568
0.000644
0.000720
0.000796
0.000879
0.000954
0.001043
0.001123
0.001211
0.001304
0.001389
0.001491
0.001586
0.001682
0.001795
0.001896
0.002003
0.002129
0.002240
0.002357
0.002498
0.002627
0.002749
0.002899
0.003060
0.003200
0.003342
0.003516
0.003707
0.003881
0.004038
0.004208
0.004411
0.004646
0.004897
0.005149
0.005398
0.005647
0.005898
0.006155
0.006421
0.006696
0.006981
0.007277
0.007585
0.007903
0.008233
0.008576
0.008931
0.009298
0.009679
0.010074
0.010483
0.010906
0.011344
0.011797
0.012266
0.012752
0.013253
0.013772
0.014309
0.014863
0.015436
0.016028
0.016639
0.017270
0.017922
0.018595
0.019289
0.020005
0.020744
0.021506
0.022292
0.023101
0.023936
0.024796
0.025682
0.026594
0.027534
0.028501
0.029497
0.030521
0.031575
0.032659
0.033774
0.034920
0.036098
0.037309
0.038552
0.039830
0.041142
0.042490
0.043872
0.045292
0.046748
0.048242
0.049774
0.051345
0.052956
0.054606
0.056298
0.058031
0.059805
0.061623
0.063483
0.065388
0.067336
0.069330
0.071370
0.073455
0.075587
0.077767
0.079994
0.082270
0.084594
0.086968
0.089391
0.091866
0.094390
0.096967
0.099595
0.102275
0.105008
0.107794
0.110633
0.113526
0.116473
0.119474
0.122530
0.125642
0.128808
0.132030
0.135308
0.138642
0.142032
0.145478
0.148981
0.152540
0.156155
0.159828
0.163557
0.167343
0.171185
0.175084
0.179040
0.183051
0.187119
0.191244
0.195424
0.199660
0.203951
0.208297
0.212698
0.217154
0.221664
0.226227
0.230843
0.235512
0.240234
0.245007
0.249831
0.254705
0.259629
0.264602
0.269623
0.274693
0.279809
0.284971
0.290178
0.295430
0.300725
0.306063
0.311442
0.316862
0.322321
0.327819
0.333354
0.338925
0.344532
0.350172
0.355844
0.361549
0.367283
0.373047
0.378838
0.384656
0.390498
0.396364
0.402252
0.408161
0.414088
0.420034
0.425996
0.431972
0.437962
0.443962
0.449974
0.455993
0.462019
0.468050
0.474085
0.480122
0.486159
0.492194
0.498225
0.504252
0.510273
0.516285
0.522288
0.528279
0.534256
0.540218
0.546163
0.552089
0.557995
0.563878
0.569738
0.575572
0.581379
0.587156
0.592903
0.598617
0.604297
0.609940
0.615546
0.621112
0.626637
0.632119
0.637557
0.642948
0.648291
0.653586
0.658829
0.664019
0.669155
0.674235
0.679258
0.684222
0.689125
0.693967
0.698744
0.703457
0.708104
0.712683
0.717193
0.721632
0.725999
0.730293
0.734512
0.738656
0.742722
0.746710
0.750618
0.754445
0.758191
0.761853
0.765432
0.768925
0.772331
0.775651
0.778882
0.782024
0.785075
0.788036
0.790905
0.793680
0.796363
0.798950
0.801442
0.803838
0.806138
0.808340
0.810444
0.812449
0.814355
0.816162
0.817867
0.819472
0.820976
0.822378
0.823678
0.824875
0.825970
0.826961
0.827848
0.828632
0.829312
0.829887
0.830358
0.830725
0.830988
0.831144
0.831197
0.831144
0.830987
0.830725
0.830359
0.829888
0.829313
0.828633
0.827850
0.826962
0.825971
0.824877
0.823680
0.822380
0.820978
0.819475
0.817870
0.816164
0.814359
0.812453
0.810447
0.808343
0.806141
0.803842
0.801445
0.798953
0.796367
0.793685
0.790909
0.788041
0.785080
0.782028
0.778886
0.775655
0.772336
0.768929
0.765435
0.761857
0.758195
0.754450
0.750622
0.746714
0.742726
0.738660
0.734517
0.730298
0.726004
0.721638
0.717199
0.712690
0.708111
0.703465
0.698752
0.693974
0.689133
0.684230
0.679266
0.674243
0.669163
0.664027
0.658836
0.653593
0.648298
0.642955
0.637564
0.632126
0.626644
0.621119
0.615552
0.609946
0.604303
0.598623
0.592909
0.587163
0.581385
0.575578
0.569744
0.563884
0.558000
0.552094
0.546168
0.540223
0.534261
0.528284
0.522293
0.516291
0.510278
0.504257
0.498230
0.492198
0.486163
0.480127
0.474090
0.468055
0.462024
0.455998
0.449978
0.443968
0.437967
0.431978
0.426001
0.420040
0.414094
0.408167
0.402258
0.396370
0.390505
0.384663
0.378845
0.373054
0.367291
0.361556
0.355852
0.350179
0.344539
0.338933
0.333361
0.327826
0.322329
0.316869
0.311450
0.306071
0.300733
0.295438
0.290186
0.284979
0.279817
0.274700
0.269631
0.264610
0.259636
0.254712
0.249838
0.245014
0.240241
0.235520
0.230851
0.226234
0.221671
0.217162
0.212706
0.208305
0.203959
0.199667
0.195432
0.191251
0.187127
0.183058
0.179046
0.175091
0.171192
0.167349
0.163564
0.159835
0.156162
0.152546
0.148987
0.145484
0.142038
0.138648
0.135314
0.132036
0.128814
0.125648
0.122536
0.119480
0.116478
0.113531
0.110638
0.107799
0.105013
0.102280
0.099600
0.096972
0.094396
0.091871
0.089396
0.086973
0.084599
0.082274
0.079998
0.077771
0.075592
0.073459
0.071374
0.069334
0.067341
0.065392
0.063487
0.061627
0.059809
0.058034
0.056301
0.054610
0.052959
0.051349
0.049777
0.048245
0.046751
0.045295
0.043876
0.042493
0.041145
0.039833
0.038555
0.037312
0.036101
0.034923
0.033777
0.032662
0.031578
0.030524
0.029499
0.028504
0.027536
0.026597
0.025684
0.024798
0.023938
0.023104
0.022294
0.021508
0.020746
0.020007
0.019291
0.018597
0.017924
0.017272
0.016641
0.016029
0.015438
0.014865
0.014310
0.013774
0.013255
0.012753
0.012268
0.011799
0.011345
0.010907
0.010484
0.010075
0.009681
0.009300
0.008932
0.008577
0.008234
0.007904
0.007585
0.007278
0.006982
0.006697
0.006422
0.006157
0.005902
0.005656
0.005420
0.005192
0.004973
0.004762
0.004560
0.004365
0.004177
0.003997
0.003824
0.003658
0.003498
0.003344
0.003197
0.003056
0.002920
0.002789
0.002664
0.002545
0.002430
0.002319
0.002214
0.002112
0.002015
0.001922
0.001833
0.001748
0.001666
0.001588
0.001513
0.001442
0.001373
0.001308
0.001245
0.001186
0.001128
0.001074
0.001022
0.000972
0.000924
0.000879
0.000835
0.000794
0.000755
0.000717
0.000681
0.000647
0.000614
0.000583
0.000553
0.000525
0.000498
0.000473
0.000448
0.000425
0.000403
0.000382
0.000362
0.000343
0.000325
0.000308
0.000291
0.000276
0.000261
0.000247
0.000234
0.000221
0.000209
0.000198
0.000187
0.000177
0.000167
0.000158
0.000149
0.000141
0.000133
0.000125
0.000118
0.000112
0.000105
0.000099
0.000094
0.000088
0.000083
0.000079
0.000074
0.000070
0.000066
0.000062
0.000058
0.000055
0.000052
0.000049
0.000046
0.000043
0.000040
0.000038
0.000036
0.000034
0.000032
0.000030
0.000028
0.000026
0.000025
0.000023
0.000022
0.000020
0.000019
0.000018
0.000017
0.000016
0.000015
0.000014
0.000013
0.000012
0.000011
0.000011
0.000010
0.000009
0.000009
0.000008
0.000008
0.000007
0.000007
0.000006
0.000006
0.000005
0.000005
0.000005
0.000004
0.000004
0.000004
0.000004
0.000003
0.000003
0.000003
0.000003
0.000003
0.000002
0.000002
0.000002
0.000002
0.000002
0.000002
0.000002
0.000001
0.000001
0.000001
0.000001
0.000001
0.000001
0.000001
0.000001
0.000001
0.000001
0.000001
0.000001
0.000001
0.000001
0.000001
0.000000
0.000000
0.000000
0.000000
0.000000
0.000000
0.000000
0.000000
0.000000
0.000000
0.000000
0.000000
0.000000
0.000000
0.000000
0.000000
0.000000
0.000000
0.000000
0.000000
0.000000
0.000000
0.000000
0.000000
0.000000
0.000000
0.000000
0.000000
0.000000
0.000000
0.000000
0.000000
0.000000
0.000000
0.000000
0.000000
0.000000
0.000000
0.000000
0.000000
0.000000
0.000000
0.000000
0.000000
0.000000
0.000000
0.000000
0.000000
0.000000
0.000000
0.000000
0.000000
0.000000
0.000000
0.000000
0.000000
0.000000
0.000000
0.000000
0.000000
0.000000
0.000000
0.000000
0.000000
0.000000
0.000000
0.000000
0.000000
0.000000
0.000000
0.000000
0.000000
0.000000
0.000000
0.000000
0.000000
0.000000
0.000000
0.000000
0.000000
0.000000
0.000000
0.000000
0.000000
0.000000
0.000000
0.000000
0.000000
0.000000
0.000000
0.000000
0.000000
0.000000
0.000000
0.000000
0.000000
0.000000
0.000000
0.000000
0.000000
0.000000
0.000000
0.000000
0.000000
0.000000
0.000000
0.000000
0.000000
0.000000
0.000000
0.000000
0.000000
0.000000
0.000000
0.000000
0.000000
0.000000
0.000000
0.000000
0.000000
0.000000
0.000000
0.000000
0.000000
0.000000
0.000000
0.000000
0.000000
0.000000
0.000000
0.000000
0.000000
0.000000
0.000000
0.000000
0.000000
0.000000
0.000000
0.000000
0.000000
0.000000
0.000000
0.000000
0.000000
0.000000
0.000000
0.000000
0.000000
0.000000
0.000000
0.000000
0.000000
0.000000
0.000000
0.000000
0.000000
0.000000
0.000000
0.000000
0.000000
0.000000
0.000000
0.000000
0.000000
0.000000
0.000000
0.000000
0.000000
0.000000
0.000000
0.000000
0.000000
0.000000
0.000000
0.000000
0.000000
0.000000
0.000000
0.000000
0.000000
0.000000
0.000000
0.000000
0.000000
0.000000
0.000000
0.000000
0.000000
0.000000
0.000000
0.000000
0.000000
0.000000
0.000000
0.000000
0.000000
0.000000
0.000000
0.000000
0.000000
0.000000
0.000000
0.000000
0.000000
0.000000
0.000000
0.000000
0.000000
0.000000
0.000000
0.000000
0.000000
0.000000
0.000000
0.000000
0.000000
0.000000
0.000000
0.000000
0.000000
0.000000
0.000000
0.000000
0.000000
0.000000
0.000000
0.000000
0.000000
0.000000
0.000000
0.000000
0.000000
0.000000
0.000000
0.000000
0.000000
0.000000
0.000000
0.000000
0.000000
0.000000
0.000000
0.000000
0.000000
0.000000
0.000000
0.000000
0.000000
0.000000
0.000000
0.000000
0.000000
0.000000
0.000000
0.000000
0.000000
0.000000
0.000000
0.000000
0.000000
0.000000
0.000000
0.000000
0.000000
0.000000
0.000000
0.000000
0.000000
0.000000
0.000000
0.000000
0.000000
0.000000
0.000000
0.000000
0.000000
0.000000
0.000000
0.000000
0.000000
0.000000
0.000000
0.000000
0.000000
0.000000
