0.000071
0.000142
0.000215
0.000286
0.000360
0.000433
0.000507
0.000583
0.000658
0.000739
0.000814
0.000899
0.000978
0.001065
0.001153
0.001237
0.001335
0.001424
0.001522
0.001627
0.001721
0.001833
0.001945
0.002048
0.002174
0.002298
0.002411
0.002548
0.002691
0.002817
0.002957
0.003124
0.003280
0.003422
0.003586
0.003780
0.003971
0.004141
0.004307
0.004501
0.004729
0.004982
0.005243
0.005502
0.005759
0.006018
0.006281
0.006552
0.006832
0.007122
0.007424
0.007736
0.008060
0.008396
0.008744
0.009105
0.009479
0.009867
0.010268
0.010683
0.011113
0.011558
0.012019
0.012495
0.012988
0.013498
0.014025
0.014569
0.015132
0.015714
0.016314
0.016935
0.017575
0.018236
0.018919
0.019623
0.020349
0.021099
0.021871
0.022667
0.023488
0.024334
0.025206
0.026103
0.027028
0.027979
0.028959
0.029967
0.031004
0.032071
0.033169
0.034297
0.035457
0.036649
0.037873
0.039132
0.040424
0.041751
0.043113
0.044511
0.045946
0.047418
0.048928
0.050476
0.052063
0.053690
0.055357
0.057065
0.058815
0.060606
0.062441
0.064319
0.066241
0.068207
0.070218
0.072275
0.074379
0.076529
0.078726
0.080971
0.083265
0.085607
0.087999
0.090441
0.092933
0.095477
0.098071
0.100717
0.103415
0.106166
0.108970
0.111827
0.114737
0.117702
0.120721
0.123794
0.126922
0.130106
0.133344
0.136638
0.139988
0.143394
0.146856
0.150374
0.153948
0.157578
0.161265
0.165007
0.168807
0.172662
0.176574
0.180541
0.184564
0.188643
0.192778
0.196969
0.201214
0.205514
0.209868
0.214277
0.218739
0.223255
0.227824
0.232445
0.237118
0.241842
0.246617
0.251443
0.256318
0.261242
0.266214
0.271234
0.276300
0.281413
0.286570
0.291772
0.297017
0.302304
0.307633
0.313003
0.318412
0.323860
0.329345
0.334866
0.340422
0.346013
0.351636
0.357290
0.362975
0.368689
0.374431
0.380200
0.385993
0.391810
0.397649
0.403510
0.409390
0.415288
0.421202
0.427132
0.433075
0.439030
0.444995
0.450969
0.456950
0.462937
0.468928
0.474921
0.480915
0.486908
0.492899
0.498885
0.504865
0.510837
0.516801
0.522753
0.528693
0.534619
0.540528
0.546419
0.552291
0.558141
0.563968
0.569770
0.575547
0.581295
0.587013
0.592699
0.598353
0.603971
0.609553
0.615096
0.620599
0.626061
0.631480
0.636853
0.642180
0.647458
0.652688
0.657865
0.662990
0.668061
0.673076
0.678032
0.682931
0.687768
0.692544
0.697256
0.701904
0.706486
0.711000
0.715445
0.719821
0.724124
0.728355
0.732512
0.736594
0.740599
0.744526
0.748374
0.752143
0.755830
0.759435
0.762957
0.766394
0.769746
0.773012
0.776191
0.779281
0.782283
0.785194
0.788016
0.790745
0.793382
0.795926
0.798376
0.800731
0.802991
0.805155
0.807223
0.809193
0.811066
0.812841
0.814517
0.816094
0.817571
0.818948
0.820225
0.821401
0.822476
0.823450
0.824322
0.825092
0.825759
0.826324
0.826786
0.827147
0.827404
0.827559
0.827610
0.827558
0.827404
0.827147
0.826787
0.826325
0.825760
0.825092
0.824323
0.823451
0.822477
0.821403
0.820227
0.818950
0.817573
0.816096
0.814520
0.812844
0.811070
0.809197
0.807226
0.805158
0.802994
0.800734
0.798379
0.795929
0.793386
0.790749
0.788020
0.785199
0.782287
0.779286
0.776195
0.773017
0.769751
0.766399
0.762960
0.759439
0.755834
0.752147
0.748378
0.744530
0.740602
0.736598
0.732516
0.728360
0.724130
0.719827
0.715452
0.711007
0.706493
0.701912
0.697264
0.692551
0.687776
0.682938
0.678040
0.673083
0.668069
0.662998
0.657873
0.652695
0.647465
0.642187
0.636860
0.631486
0.626068
0.620606
0.615103
0.609559
0.603978
0.598360
0.592706
0.587020
0.581301
0.575553
0.569776
0.563974
0.558146
0.552296
0.546424
0.540532
0.534624
0.528698
0.522759
0.516807
0.510842
0.504869
0.498889
0.492903
0.486913
0.480920
0.474926
0.468933
0.462942
0.456955
0.450974
0.445000
0.439035
0.433080
0.427138
0.421208
0.415294
0.409396
0.403516
0.397656
0.391817
0.386000
0.380206
0.374438
0.368696
0.362982
0.357298
0.351643
0.346020
0.340430
0.334873
0.329352
0.323867
0.318420
0.313011
0.307641
0.302312
0.297025
0.291780
0.286578
0.281420
0.276308
0.271241
0.266222
0.261249
0.256325
0.251450
0.246625
0.241850
0.237125
0.232452
0.227831
0.223262
0.218747
0.214284
0.209876
0.205521
0.201221
0.196976
0.192786
0.188651
0.184571
0.180548
0.176580
0.172669
0.168813
0.165014
0.161271
0.157585
0.153954
0.150380
0.146862
0.143400
0.139995
0.136645
0.133350
0.130112
0.126928
0.123800
0.120726
0.117707
0.114743
0.111832
0.108975
0.106171
0.103421
0.100722
0.098076
0.095482
0.092939
0.090446
0.088004
0.085612
0.083270
0.080976
0.078730
0.076533
0.074383
0.072279
0.070222
0.068211
0.066245
0.064323
0.062445
0.060610
0.058818
0.057069
0.055361
0.053693
0.052066
0.050479
0.048931
0.047421
0.045949
0.044514
0.043116
0.041754
0.040427
0.039135
0.037876
0.036652
0.035460
0.034300
0.033171
0.032074
0.031007
0.029970
0.028961
0.027982
0.027030
0.026106
0.025208
0.024336
0.023490
0.022670
0.021873
0.021101
0.020351
0.019625
0.018921
0.018238
0.017577
0.016936
0.016316
0.015715
0.015134
0.014571
0.014026
0.013499
0.012990
0.012497
0.012020
0.011560
0.011114
0.010684
0.010269
0.009868
0.009480
0.009106
0.008745
0.008397
0.008061
0.007737
0.007425
0.007123
0.006833
0.006553
0.006284
0.006024
0.005774
0.005533
0.005301
0.005078
0.004864
0.004657
0.004458
0.004267
0.004084
0.003907
0.003738
0.003575
0.003418
0.003268
0.003124
0.002985
0.002852
0.002725
0.002602
0.002485
0.002373
0.002265
0.002161
0.002062
0.001967
0.001876
0.001789
0.001706
0.001626
0.001550
0.001476
0.001407
0.001340
0.001276
0.001215
0.001156
0.001100
0.001047
0.000996
0.000947
0.000901
0.000856
0.000814
0.000774
0.000735
0.000698
0.000663
0.000630
0.000598
0.000568
0.000539
0.000511
0.000485
0.000460
0.000436
0.000414
0.000392
0.000372
0.000352
0.000334
0.000316
0.000299
0.000283
0.000268
0.000254
0.000240
0.000227
0.000215
0.000203
0.000192
0.000182
0.000172
0.000162
0.000153
0.000145
0.000137
0.000129
0.000122
0.000115
0.000109
0.000102
0.000097
0.000091
0.000086
0.000081
0.000076
0.000072
0.000068
0.000064
0.000060
0.000057
0.000053
0.000050
0.000047
0.000044
0.000042
0.000039
0.000037
0.000035
0.000033
0.000031
0.000029
0.000027
0.000025
0.000024
0.000022
0.000021
0.000020
0.000018
0.000017
0.000016
0.000015
0.000014
0.000013
0.000013
0.000012
0.000011
0.000010
0.000010
0.000009
0.000008
0.000008
0.000007
0.000007
0.000006
0.000006
0.000006
0.000005
0.000005
0.000005
0.000004
0.000004
0.000004
0.000004
0.000003
0.000003
0.000003
0.000003
0.000002
0.000002
0.000002
0.000002
0.000002
0.000002
0.000002
0.000002
0.000001
0.000001
0.000001
0.000001
0.000001
0.000001
0.000001
0.000001
0.000001
0.000001
0.000001
0.000001
0.000001
0.000001
0.000001
0.000000
0.000000
0.000000
0.000000
0.000000
0.000000
0.000000
0.000000
0.000000
0.000000
0.000000
0.000000
0.000000
0.000000
0.000000
0.000000
0.000000
0.000000
0.000000
0.000000
0.000000
0.000000
0.000000
0.000000
0.000000
0.000000
0.000000
0.000000
0.000000
0.000000
0.000000
0.000000
0.000000
0.000000
0.000000
0.000000
0.000000
0.000000
0.000000
0.000000
0.000000
0.000000
0.000000
0.000000
0.000000
0.000000
0.000000
0.000000
0.000000
0.000000
0.000000
0.000000
0.000000
0.000000
0.000000
0.000000
0.000000
0.000000
0.000000
0.000000
0.000000
0.000000
0.000000
0.000000
0.000000
0.000000
0.000000
0.000000
0.000000
0.000000
0.000000
0.000000
0.000000
0.000000
0.000000
0.000000
0.000000
0.000000
0.000000
0.000000
0.000000
0.000000
0.000000
0.000000
0.000000
0.000000
0.000000
0.000000
0.000000
0.000000
0.000000
0.000000
0.000000
0.000000
0.000000
0.000000
0.000000
0.000000
0.000000
0.000000
0.000000
0.000000
0.000000
0.000000
0.000000
0.000000
0.000000
0.000000
0.000000
0.000000
0.000000
0.000000
0.000000
0.000000
0.000000
0.000000
0.000000
0.000000
0.000000
0.000000
0.000000
0.000000
0.000000
0.000000
0.000000
0.000000
0.000000
0.000000
0.000000
0.000000
0.000000
0.000000
0.000000
0.000000
0.000000
0.000000
0.000000
0.000000
0.000000
0.000000
0.000000
0.000000
0.000000
0.000000
0.000000
0.000000
0.000000
0.000000
0.000000
0.000000
0.000000
0.000000
0.000000
0.000000
0.000000
0.000000
0.000000
0.000000
0.000000
0.000000
0.000000
0.000000
0.000000
0.000000
0.000000
0.000000
0.000000
0.000000
0.000000
0.000000
0.000000
0.000000
0.000000
0.000000
0.000000
0.000000
0.000000
0.000000
0.000000
0.000000
0.000000
0.000000
0.000000
0.000000
0.000000
0.000000
0.000000
0.000000
0.000000
0.000000
0.000000
0.000000
0.000000
0.000000
0.000000
0.000000
0.000000
0.000000
0.000000
0.000000
0.000000
0.000000
0.000000
0.000000
0.000000
0.000000
0.000000
0.000000
0.000000
0.000000
0.000000
0.000000
0.000000
0.000000
0.000000
0.000000
0.000000
0.000000
0.000000
0.000000
0.000000
0.000000
0.000000
0.000000
0.000000
0.000000
0.000000
0.000000
0.000000
0.000000
0.000000
0.000000
0.000000
0.000000
0.000000
0.000000
0.000000
0.000000
0.000000
0.000000
0.000000
0.000000
0.000000
0.000000
0.000000
0.000000
0.000000
0.000000
0.000000
0.000000
0.000000
0.000000
0.000000
0.000000
0.000000
0.000000
0.000000
0.000000
0.000000
0.000000
0.000000
0.000000
0.000000
0.000000
0.000000
0.000000
0.000000
0.000000
0.000000
0.000000
0.000000
0.000000
0.000000
0.000000
0.000000
0.000000
0.000000
0.000000
0.000000
0.000000
0.000000
0.000000
0.000000
0.000000
