0.000073
0.000146
0.000219
0.000294
0.000367
0.000444
0.000518
0.000598
0.000673
0.000756
0.000834
0.000919
0.001004
0.001087
0.001182
0.001267
0.001364
0.001461
0.001554
0.001664
0.001764
0.001871
0.001992
0.002099
0.002218
0.002352
0.002470
0.002600
0.002751
0.002888
0.003022
0.003186
0.003356
0.003507
0.003663
0.003852
0.004056
0.004242
0.004414
0.004599
0.004819
0.005070
0.005336
0.005605
0.005872
0.006139
0.006408
0.006685
0.006971
0.007266
0.007573
0.007891
0.008220
0.008562
0.008916
0.009283
0.009663
0.010057
0.010465
0.010887
0.011324
0.011776
0.012244
0.012728
0.013229
0.013747
0.014282
0.014835
0.015406
0.015996
0.016606
0.017235
0.017885
0.018556
0.019248
0.019962
0.020699
0.021459
0.022242
0.023049
0.023881
0.024739
0.025622
0.026531
0.027468
0.028432
0.029424
0.030445
0.031495
0.032575
0.033686
0.034828
0.036001
0.037208
0.038447
0.039719
0.041026
0.042368
0.043746
0.045159
0.046610
0.048097
0.049623
0.051187
0.052791
0.054434
0.056118
0.057843
0.059609
0.061418
0.063270
0.065165
0.067104
0.069088
0.071118
0.073192
0.075314
0.077482
0.079697
0.081961
0.084273
0.086633
0.089044
0.091504
0.094014
0.096575
0.099188
0.101852
0.104569
0.107337
0.110159
0.113034
0.115962
0.118944
0.121981
0.125071
0.128217
0.131417
0.134672
0.137983
0.141349
0.144771
0.148248
0.151781
0.155370
0.159015
0.162716
0.166472
0.170285
0.174153
0.178077
0.182056
0.186091
0.190181
0.194327
0.198527
0.202781
0.207090
0.211452
0.215868
0.220338
0.224859
0.229433
0.234059
0.238736
0.243463
0.248241
0.253068
0.257943
0.262867
0.267838
0.272856
0.277919
0.283028
0.288180
0.293376
0.298615
0.303894
0.309214
0.314574
0.319972
0.325408
0.330880
0.336387
0.341928
0.347502
0.353107
0.358743
0.364408
0.370102
0.375822
0.381567
0.387336
0.393128
0.398940
0.404773
0.410624
0.416491
0.422374
0.428271
0.434180
0.440100
0.446029
0.451966
0.457909
0.463856
0.469806
0.475758
0.481709
0.487658
0.493603
0.499543
0.505475
0.511399
0.517314
0.523216
0.529104
0.534977
0.540833
0.546670
0.552487
0.558281
0.564052
0.569797
0.575515
0.581203
0.586862
0.592488
0.598081
0.603637
0.609156
0.614636
0.620076
0.625474
0.630829
0.636138
0.641400
0.646613
0.651777
0.656889
0.661948
0.666952
0.671901
0.676792
0.681624
0.686396
0.691105
0.695752
0.700335
0.704851
0.709301
0.713681
0.717992
0.722232
0.726399
0.730493
0.734513
0.738456
0.742322
0.746110
0.749820
0.753448
0.756995
0.760460
0.763842
0.767140
0.770352
0.773478
0.776517
0.779468
0.782330
0.785103
0.787786
0.790378
0.792878
0.795285
0.797600
0.799820
0.801946
0.803977
0.805913
0.807752
0.809496
0.811142
0.812691
0.814141
0.815494
0.816747
0.817902
0.818957
0.819913
0.820769
0.821525
0.822180
0.822735
0.823189
0.823542
0.823795
0.823947
0.823998
0.823946
0.823795
0.823542
0.823189
0.822735
0.822181
0.821526
0.820770
0.819914
0.818959
0.817903
0.816749
0.815495
0.814143
0.812693
0.811145
0.809499
0.807756
0.805917
0.803981
0.801949
0.799823
0.797603
0.795288
0.792881
0.790382
0.787791
0.785108
0.782335
0.779472
0.776521
0.773482
0.770356
0.767144
0.763847
0.760464
0.757000
0.753453
0.749824
0.746115
0.742326
0.738460
0.734517
0.730498
0.726404
0.722237
0.717998
0.713687
0.709307
0.704858
0.700342
0.695760
0.691113
0.686403
0.681632
0.676799
0.671908
0.666960
0.661956
0.656896
0.651784
0.646620
0.641406
0.636144
0.630835
0.625481
0.620083
0.614643
0.609163
0.603644
0.598087
0.592495
0.586868
0.581210
0.575521
0.569802
0.564057
0.558286
0.552492
0.546675
0.540838
0.534982
0.529110
0.523221
0.517319
0.511405
0.505480
0.499547
0.493607
0.487662
0.481713
0.475762
0.469811
0.463861
0.457914
0.451971
0.446034
0.440105
0.434186
0.428277
0.422380
0.416497
0.410630
0.404779
0.398947
0.393134
0.387342
0.381574
0.375829
0.370109
0.364416
0.358751
0.353115
0.347509
0.341935
0.336394
0.330887
0.325415
0.319980
0.314582
0.309222
0.303902
0.298622
0.293384
0.288188
0.283035
0.277927
0.272863
0.267846
0.262875
0.257951
0.253075
0.248248
0.243471
0.238743
0.234066
0.229441
0.224867
0.220345
0.215876
0.211460
0.207098
0.202789
0.198534
0.194334
0.190189
0.186098
0.182063
0.178084
0.174160
0.170292
0.166479
0.162722
0.159021
0.155376
0.151788
0.148254
0.144777
0.141355
0.137989
0.134678
0.131423
0.128223
0.125077
0.121986
0.118950
0.115968
0.113040
0.110165
0.107343
0.104574
0.101858
0.099193
0.096581
0.094019
0.091509
0.089048
0.086638
0.084277
0.081965
0.079702
0.077486
0.075318
0.073197
0.071122
0.069093
0.067109
0.065169
0.063274
0.061422
0.059613
0.057846
0.056121
0.054437
0.052794
0.051190
0.049626
0.048100
0.046613
0.045162
0.043749
0.042371
0.041029
0.039722
0.038450
0.037210
0.036004
0.034831
0.033689
0.032578
0.031498
0.030447
0.029426
0.028434
0.027470
0.026534
0.025624
0.024741
0.023884
0.023051
0.022244
0.021461
0.020701
0.019964
0.019250
0.018558
0.017887
0.017237
0.016608
0.015998
0.015408
0.014836
0.014283
0.013748
0.013230
0.012730
0.012246
0.011778
0.011325
0.010888
0.010466
0.010058
0.009665
0.009284
0.008917
0.008563
0.008221
0.007892
0.007574
0.007267
0.006972
0.006687
0.006413
0.006148
0.005894
0.005648
0.005412
0.005185
0.004967
0.004756
0.004554
0.004359
0.004172
0.003992
0.003819
0.003653
0.003494
0.003341
0.003193
0.003052
0.002917
0.002786
0.002662
0.002542
0.002427
0.002317
0.002211
0.002110
0.002013
0.001920
0.001831
0.001746
0.001665
0.001587
0.001512
0.001440
0.001372
0.001307
0.001244
0.001185
0.001127
0.001073
0.001021
0.000971
0.000923
0.000878
0.000835
0.000793
0.000754
0.000716
0.000680
0.000646
0.000614
0.000583
0.000553
0.000525
0.000498
0.000472
0.000448
0.000425
0.000403
0.000382
0.000362
0.000343
0.000325
0.000307
0.000291
0.000276
0.000261
0.000247
0.000234
0.000221
0.000209
0.000198
0.000187
0.000177
0.000167
0.000158
0.000149
0.000141
0.000133
0.000125
0.000118
0.000112
0.000105
0.000099
0.000094
0.000088
0.000083
0.000079
0.000074
0.000070
0.000066
0.000062
0.000058
0.000055
0.000052
0.000049
0.000046
0.000043
0.000040
0.000038
0.000036
0.000034
0.000032
0.000030
0.000028
0.000026
0.000025
0.000023
0.000022
0.000020
0.000019
0.000018
0.000017
0.000016
0.000015
0.000014
0.000013
0.000012
0.000011
0.000011
0.000010
0.000009
0.000009
0.000008
0.000008
0.000007
0.000007
0.000006
0.000006
0.000005
0.000005
0.000005
0.000004
0.000004
0.000004
0.000004
0.000003
0.000003
0.000003
0.000003
0.000003
0.000002
0.000002
0.000002
0.000002
0.000002
0.000002
0.000002
0.000001
0.000001
0.000001
0.000001
0.000001
0.000001
0.000001
0.000001
0.000001
0.000001
0.000001
0.000001
0.000001
0.000001
0.000001
0.000000
0.000000
0.000000
0.000000
0.000000
0.000000
0.000000
0.000000
0.000000
0.000000
0.000000
0.000000
0.000000
0.000000
0.000000
0.000000
0.000000
0.000000
0.000000
0.000000
0.000000
0.000000
0.000000
0.000000
0.000000
0.000000
0.000000
0.000000
0.000000
0.000000
0.000000
0.000000
0.000000
0.000000
0.000000
0.000000
0.000000
0.000000
0.000000
0.000000
0.000000
0.000000
0.000000
0.000000
0.000000
0.000000
0.000000
0.000000
0.000000
0.000000
0.000000
0.000000
0.000000
0.000000
0.000000
0.000000
0.000000
0.000000
0.000000
0.000000
0.000000
0.000000
0.000000
0.000000
0.000000
0.000000
0.000000
0.000000
0.000000
0.000000
0.000000
0.000000
0.000000
0.000000
0.000000
0.000000
0.000000
0.000000
0.000000
0.000000
0.000000
0.000000
0.000000
0.000000
0.000000
0.000000
0.000000
0.000000
0.000000
0.000000
0.000000
0.000000
0.000000
0.000000
0.000000
0.000000
0.000000
0.000000
0.000000
0.000000
0.000000
0.000000
0.000000
0.000000
0.000000
0.000000
0.000000
0.000000
0.000000
0.000000
0.000000
0.000000
0.000000
0.000000
0.000000
0.000000
0.000000
0.000000
0.000000
0.000000
0.000000
0.000000
0.000000
0.000000
0.000000
0.000000
0.000000
0.000000
0.000000
0.000000
0.000000
0.000000
0.000000
0.000000
0.000000
0.000000
0.000000
0.000000
0.000000
0.000000
0.000000
0.000000
0.000000
0.000000
0.000000
0.000000
0.000000
0.000000
0.000000
0.000000
0.000000
0.000000
0.000000
0.000000
0.000000
0.000000
0.000000
0.000000
0.000000
0.000000
0.000000
0.000000
0.000000
0.000000
0.000000
0.000000
0.000000
0.000000
0.000000
0.000000
0.000000
0.000000
0.000000
0.000000
0.000000
0.000000
0.000000
0.000000
0.000000
0.000000
0.000000
0.000000
0.000000
0.000000
0.000000
0.000000
0.000000
0.000000
0.000000
0.000000
0.000000
0.000000
0.000000
0.000000
0.000000
0.000000
0.000000
0.000000
0.000000
0.000000
0.000000
0.000000
0.000000
0.000000
0.000000
0.000000
0.000000
0.000000
0.000000
0.000000
0.000000
0.000000
0.000000
0.000000
0.000000
0.000000
0.000000
0.000000
0.000000
0.000000
0.000000
0.000000
0.000000
0.000000
0.000000
0.000000
0.000000
0.000000
0.000000
0.000000
0.000000
0.000000
0.000000
0.000000
0.000000
0.000000
0.000000
0.000000
0.000000
0.000000
0.000000
0.000000
0.000000
0.000000
0.000000
0.000000
0.000000
0.000000
0.000000
0.000000
0.000000
0.000000
0.000000
0.000000
0.000000
0.000000
0.000000
0.000000
0.000000
0.000000
0.000000
0.000000
0.000000
0.000000
0.000000
0.000000
0.000000
0.000000
0.000000
0.000000
0.000000
0.000000
0.000000
0.000000
0.000000
0.000000
0.000000
0.000000
0.000000
0.000000
0.000000
0.000000
0.000000
0.000000
