0.000075
0.000150
0.000224
0.000301
0.000376
0.000455
0.000531
0.000611
0.000690
0.000772
0.000856
0.000938
0.001029
0.001113
0.001208
0.001300
0.001393
0.001497
0.001591
0.001700
0.001810
0.001912
0.002035
0.002152
0.002266
0.002403
0.002533
0.002657
0.002807
0.002959
0.003094
0.003249
0.003428
0.003594
0.003748
0.003928
0.004136
0.004340
0.004523
0.004706
0.004916
0.005161
0.005430
0.005708
0.005985
0.006260
0.006538
0.006821
0.007112
0.007413
0.007725
0.008048
0.008384
0.008731
0.009091
0.009464
0.009851
0.010251
0.010666
0.011095
0.011539
0.011999
0.012474
0.012966
0.013474
0.014000
0.014543
0.015104
0.015684
0.016284
0.016902
0.017541
0.018201
0.018881
0.019583
0.020308
0.021055
0.021825
0.022619
0.023437
0.024281
0.025150
0.026044
0.026966
0.027915
0.028891
0.029896
0.030930
0.031993
0.033087
0.034211
0.035367
0.036554
0.037775
0.039028
0.040316
0.041638
0.042995
0.044387
0.045816
0.047282
0.048786
0.050328
0.051908
0.053528
0.055188
0.056889
0.058631
0.060415
0.062241
0.064110
0.066023
0.067980
0.069981
0.072028
0.074121
0.076261
0.078447
0.080681
0.082962
0.085292
0.087672
0.090100
0.092579
0.095107
0.097687
0.100318
0.103001
0.105735
0.108522
0.111362
0.114254
0.117201
0.120200
0.123254
0.126362
0.129525
0.132742
0.136014
0.139341
0.142723
0.146161
0.149654
0.153202
0.156806
0.160466
0.164180
0.167951
0.171777
0.175658
0.179594
0.183586
0.187632
0.191733
0.195889
0.200099
0.204362
0.208679
0.213050
0.217473
0.221949
0.226477
0.231056
0.235686
0.240367
0.245097
0.249876
0.254704
0.259581
0.264504
0.269473
0.274489
0.279549
0.284653
0.289801
0.294991
0.300222
0.305494
0.310805
0.316155
0.321542
0.326965
0.332424
0.337916
0.343442
0.348999
0.354587
0.360204
0.365849
0.371521
0.377219
0.382940
0.388685
0.394450
0.400236
0.406040
0.411861
0.417698
0.423550
0.429414
0.435288
0.441173
0.447066
0.452965
0.458869
0.464776
0.470685
0.476594
0.482502
0.488406
0.494305
0.500199
0.506084
0.511959
0.517823
0.523675
0.529512
0.535332
0.541134
0.546916
0.552677
0.558416
0.564129
0.569816
0.575475
0.581105
0.586702
0.592268
0.597799
0.603293
0.608750
0.614167
0.619543
0.624877
0.630167
0.635411
0.640607
0.645755
0.650853
0.655899
0.660892
0.665830
0.670712
0.675537
0.680302
0.685008
0.689651
0.694232
0.698748
0.703199
0.707583
0.711899
0.716145
0.720321
0.724425
0.728456
0.732413
0.736294
0.740099
0.743827
0.747476
0.751046
0.754535
0.757943
0.761269
0.764512
0.767670
0.770743
0.773730
0.776631
0.779444
0.782169
0.784805
0.787351
0.789808
0.792172
0.794445
0.796626
0.798714
0.800708
0.802609
0.804415
0.806127
0.807743
0.809263
0.810687
0.812014
0.813244
0.814378
0.815414
0.816352
0.817192
0.817933
0.818576
0.819121
0.819566
0.819913
0.820161
0.820310
0.820359
0.820309
0.820161
0.819913
0.819566
0.819121
0.818577
0.817934
0.817193
0.816353
0.815415
0.814379
0.813246
0.812016
0.810689
0.809265
0.807745
0.806130
0.804419
0.802613
0.800712
0.798717
0.796629
0.794448
0.792175
0.789810
0.787355
0.784809
0.782173
0.779448
0.776635
0.773735
0.770748
0.767674
0.764516
0.761273
0.757948
0.754540
0.751051
0.747481
0.743831
0.740103
0.736298
0.732416
0.728460
0.724430
0.720327
0.716151
0.711905
0.707589
0.703206
0.698756
0.694239
0.689659
0.685015
0.680310
0.675544
0.670720
0.665837
0.660899
0.655906
0.650860
0.645762
0.640614
0.635417
0.630173
0.624883
0.619550
0.614174
0.608756
0.603300
0.597806
0.592275
0.586709
0.581111
0.575481
0.569822
0.564134
0.558421
0.552682
0.546921
0.541139
0.535336
0.529517
0.523680
0.517829
0.511965
0.506088
0.500203
0.494310
0.488410
0.482506
0.476599
0.470690
0.464781
0.458874
0.452970
0.447071
0.441178
0.435294
0.429419
0.423556
0.417704
0.411867
0.406046
0.400242
0.394457
0.388691
0.382947
0.377225
0.371528
0.365856
0.360211
0.354594
0.349006
0.343449
0.337924
0.332431
0.326972
0.321549
0.316162
0.310813
0.305501
0.300230
0.294999
0.289809
0.284661
0.279557
0.274496
0.269481
0.264511
0.259588
0.254712
0.249884
0.245104
0.240374
0.235693
0.231063
0.226484
0.221956
0.217481
0.213058
0.208687
0.204370
0.200106
0.195896
0.191741
0.187639
0.183593
0.179601
0.175665
0.171784
0.167958
0.164187
0.160472
0.156813
0.153209
0.149660
0.146167
0.142729
0.139347
0.136020
0.132748
0.129531
0.126368
0.123260
0.120206
0.117206
0.114260
0.111367
0.108528
0.105741
0.103006
0.100323
0.097692
0.095113
0.092584
0.090105
0.087676
0.085297
0.082967
0.080685
0.078451
0.076265
0.074125
0.072033
0.069985
0.067984
0.066027
0.064114
0.062244
0.060418
0.058635
0.056893
0.055192
0.053532
0.051912
0.050331
0.048789
0.047286
0.045820
0.044390
0.042998
0.041641
0.040319
0.039031
0.037778
0.036557
0.035369
0.034214
0.033089
0.031996
0.030932
0.029898
0.028893
0.027917
0.026968
0.026047
0.025152
0.024283
0.023440
0.022621
0.021827
0.021057
0.020310
0.019585
0.018883
0.018202
0.017543
0.016904
0.016285
0.015686
0.015106
0.014544
0.014001
0.013475
0.012967
0.012475
0.012000
0.011540
0.011096
0.010667
0.010253
0.009852
0.009466
0.009092
0.008732
0.008385
0.008049
0.007726
0.007414
0.007113
0.006824
0.006544
0.006275
0.006016
0.005766
0.005526
0.005294
0.005072
0.004857
0.004651
0.004453
0.004262
0.004079
0.003903
0.003734
0.003571
0.003415
0.003264
0.003120
0.002982
0.002849
0.002722
0.002600
0.002483
0.002370
0.002262
0.002159
0.002060
0.001965
0.001875
0.001788
0.001704
0.001625
0.001548
0.001475
0.001405
0.001339
0.001275
0.001214
0.001155
0.001099
0.001046
0.000995
0.000947
0.000900
0.000856
0.000814
0.000773
0.000735
0.000698
0.000663
0.000630
0.000598
0.000567
0.000538
0.000511
0.000485
0.000460
0.000436
0.000413
0.000392
0.000371
0.000352
0.000333
0.000316
0.000299
0.000283
0.000268
0.000254
0.000240
0.000227
0.000215
0.000203
0.000192
0.000182
0.000172
0.000162
0.000153
0.000145
0.000137
0.000129
0.000122
0.000115
0.000108
0.000102
0.000097
0.000091
0.000086
0.000081
0.000076
0.000072
0.000068
0.000064
0.000060
0.000057
0.000053
0.000050
0.000047
0.000044
0.000042
0.000039
0.000037
0.000035
0.000033
0.000031
0.000029
0.000027
0.000025
0.000024
0.000022
0.000021
0.000020
0.000018
0.000017
0.000016
0.000015
0.000014
0.000013
0.000013
0.000012
0.000011
0.000010
0.000010
0.000009
0.000008
0.000008
0.000007
0.000007
0.000006
0.000006
0.000006
0.000005
0.000005
0.000005
0.000004
0.000004
0.000004
0.000004
0.000003
0.000003
0.000003
0.000003
0.000002
0.000002
0.000002
0.000002
0.000002
0.000002
0.000002
0.000002
0.000001
0.000001
0.000001
0.000001
0.000001
0.000001
0.000001
0.000001
0.000001
0.000001
0.000001
0.000001
0.000001
0.000001
0.000001
0.000000
0.000000
0.000000
0.000000
0.000000
0.000000
0.000000
0.000000
0.000000
0.000000
0.000000
0.000000
0.000000
0.000000
0.000000
0.000000
0.000000
0.000000
0.000000
0.000000
0.000000
0.000000
0.000000
0.000000
0.000000
0.000000
0.000000
0.000000
0.000000
0.000000
0.000000
0.000000
0.000000
0.000000
0.000000
0.000000
0.000000
0.000000
0.000000
0.000000
0.000000
0.000000
0.000000
0.000000
0.000000
0.000000
0.000000
0.000000
0.000000
0.000000
0.000000
0.000000
0.000000
0.000000
0.000000
0.000000
0.000000
0.000000
0.000000
0.000000
0.000000
0.000000
0.000000
0.000000
0.000000
0.000000
0.000000
0.000000
0.000000
0.000000
0.000000
0.000000
0.000000
0.000000
0.000000
0.000000
0.000000
0.000000
0.000000
0.000000
0.000000
0.000000
0.000000
0.000000
0.000000
0.000000
0.000000
0.000000
0.000000
0.000000
0.000000
0.000000
0.000000
0.000000
0.000000
0.000000
0.000000
0.000000
0.000000
0.000000
0.000000
0.000000
0.000000
0.000000
0.000000
0.000000
0.000000
0.000000
0.000000
0.000000
0.000000
0.000000
0.000000
0.000000
0.000000
0.000000
0.000000
0.000000
0.000000
0.000000
0.000000
0.000000
0.000000
0.000000
0.000000
0.000000
0.000000
0.000000
0.000000
0.000000
0.000000
0.000000
0.000000
0.000000
0.000000
0.000000
0.000000
0.000000
0.000000
0.000000
0.000000
0.000000
0.000000
0.000000
0.000000
0.000000
0.000000
0.000000
0.000000
0.000000
0.000000
0.000000
0.000000
0.000000
0.000000
0.000000
0.000000
0.000000
0.000000
0.000000
0.000000
0.000000
0.000000
0.000000
0.000000
0.000000
0.000000
0.000000
0.000000
0.000000
0.000000
0.000000
0.000000
0.000000
0.000000
0.000000
0.000000
0.000000
0.000000
0.000000
0.000000
0.000000
0.000000
0.000000
0.000000
0.000000
0.000000
0.000000
0.000000
0.000000
0.000000
0.000000
0.000000
0.000000
0.000000
0.000000
0.000000
0.000000
0.000000
0.000000
0.000000
0.000000
0.000000
0.000000
0.000000
0.000000
0.000000
0.000000
0.000000
0.000000
0.000000
0.000000
0.000000
0.000000
0.000000
0.000000
0.000000
0.000000
0.000000
0.000000
0.000000
0.000000
0.000000
0.000000
0.000000
0.000000
0.000000
0.000000
0.000000
0.000000
0.000000
0.000000
0.000000
0.000000
0.000000
0.000000
0.000000
0.000000
0.000000
0.000000
0.000000
0.000000
0.000000
0.000000
0.000000
0.000000
0.000000
0.000000
0.000000
0.000000
0.000000
0.000000
0.000000
0.000000
0.000000
0.000000
0.000000
0.000000
0.000000
0.000000
0.000000
0.000000
0.000000
0.000000
0.000000
0.000000
0.000000
0.000000
0.000000
0.000000
0.000000
0.000000
0.000000
0.000000
0.000000
0.000000
0.000000
0.000000
0.000000
0.000000
0.000000
0.000000
0.000000
