0.000076
0.000153
0.000230
0.000308
0.000385
0.000465
0.000544
0.000624
0.000708
0.000789
0.000878
0.000960
0.001053
0.001141
0.001233
0.001333
0.001424
0.001531
0.001632
0.001735
0.001853
0.001958
0.002077
0.002205
0.002319
0.002452
0.002594
0.002721
0.002864
0.003025
0.003171
0.003319
0.003496
0.003678
0.003840
0.004011
0.004215
0.004433
0.004633
0.004819
0.005021
0.005258
0.005526
0.005810
0.006097
0.006383
0.006668
0.006958
0.007255
0.007562
0.007880
0.008209
0.008550
0.008903
0.009270
0.009649
0.010042
0.010449
0.010870
0.011306
0.011758
0.012225
0.012707
0.013207
0.013723
0.014257
0.014809
0.015379
0.015968
0.016576
0.017204
0.017852
0.018521
0.019211
0.019924
0.020658
0.021416
0.022197
0.023002
0.023832
0.024687
0.025567
0.026474
0.027407
0.028368
0.029357
0.030375
0.031422
0.032499
0.033606
0.034744
0.035913
0.037115
0.038350
0.039618
0.040921
0.042258
0.043630
0.045038
0.046483
0.047965
0.049484
0.051042
0.052639
0.054276
0.055953
0.057670
0.059429
0.061230
0.063074
0.064961
0.066891
0.068866
0.070886
0.072951
0.075062
0.077219
0.079424
0.081676
0.083976
0.086324
0.088722
0.091169
0.093666
0.096214
0.098812
0.101461
0.104162
0.106915
0.109720
0.112578
0.115488
0.118452
0.121470
0.124541
0.127667
0.130846
0.134081
0.137369
0.140713
0.144112
0.147565
0.151073
0.154637
0.158256
0.161930
0.165659
0.169443
0.173283
0.177177
0.181125
0.185129
0.189187
0.193299
0.197465
0.201684
0.205957
0.210282
0.214661
0.219091
0.223574
0.228107
0.232691
0.237326
0.242010
0.246743
0.251524
0.256353
0.261230
0.266152
0.271121
0.276134
0.281190
0.286290
0.291432
0.296616
0.301840
0.307104
0.312405
0.317745
0.323120
0.328531
0.333976
0.339454
0.344964
0.350504
0.356073
0.361672
0.367296
0.372947
0.378622
0.384319
0.390039
0.395778
0.401536
0.407312
0.413103
0.418909
0.424729
0.430559
0.436399
0.442248
0.448104
0.453964
0.459829
0.465696
0.471564
0.477430
0.483294
0.489153
0.495006
0.500853
0.506690
0.512516
0.518330
0.524130
0.529915
0.535682
0.541430
0.547157
0.552862
0.558544
0.564199
0.569828
0.575428
0.580998
0.586535
0.592040
0.597508
0.602940
0.608334
0.613687
0.618999
0.624269
0.629493
0.634672
0.639803
0.644885
0.649916
0.654896
0.659822
0.664694
0.669509
0.674267
0.678965
0.683604
0.688181
0.692696
0.697146
0.701531
0.705849
0.710099
0.714280
0.718392
0.722432
0.726400
0.730294
0.734113
0.737857
0.741524
0.745113
0.748624
0.752055
0.755406
0.758675
0.761863
0.764967
0.767986
0.770922
0.773772
0.776536
0.779212
0.781801
0.784302
0.786714
0.789036
0.791268
0.793408
0.795458
0.797415
0.799281
0.801054
0.802733
0.804319
0.805811
0.807208
0.808510
0.809717
0.810830
0.811846
0.812766
0.813590
0.814317
0.814948
0.815482
0.815919
0.816259
0.816502
0.816648
0.816697
0.816648
0.816502
0.816258
0.815919
0.815482
0.814948
0.814318
0.813590
0.812767
0.811847
0.810831
0.809719
0.808512
0.807210
0.805813
0.804322
0.802737
0.801057
0.799285
0.797419
0.795461
0.793411
0.791270
0.789039
0.786717
0.784305
0.781805
0.779216
0.776540
0.773776
0.770926
0.767991
0.764971
0.761867
0.758679
0.755411
0.752060
0.748628
0.745118
0.741528
0.737861
0.734117
0.730297
0.726404
0.722437
0.718398
0.714286
0.710105
0.705855
0.701538
0.697153
0.692703
0.688188
0.683611
0.678973
0.674274
0.669516
0.664701
0.659829
0.654903
0.649923
0.644892
0.639809
0.634678
0.629500
0.624275
0.619005
0.613694
0.608340
0.602947
0.597515
0.592046
0.586542
0.581004
0.575434
0.569834
0.564205
0.558549
0.552867
0.547162
0.541435
0.535686
0.529920
0.524136
0.518336
0.512522
0.506695
0.500857
0.495011
0.489157
0.483298
0.477434
0.471568
0.465701
0.459834
0.453970
0.448109
0.442253
0.436404
0.430564
0.424734
0.418915
0.413109
0.407318
0.401543
0.395784
0.390045
0.384326
0.378628
0.372954
0.367303
0.361679
0.356081
0.350511
0.344971
0.339461
0.333983
0.328538
0.323128
0.317752
0.312413
0.307111
0.301848
0.296624
0.291440
0.286298
0.281198
0.276141
0.271128
0.266160
0.261237
0.256361
0.251532
0.246750
0.242017
0.237333
0.232699
0.228114
0.223581
0.219099
0.214668
0.210290
0.205964
0.201692
0.197472
0.193306
0.189194
0.185136
0.181132
0.177184
0.173289
0.169450
0.165666
0.161937
0.158263
0.154644
0.151080
0.147571
0.144118
0.140719
0.137376
0.134087
0.130853
0.127673
0.124547
0.121476
0.118458
0.115494
0.112583
0.109725
0.106920
0.104167
0.101466
0.098817
0.096219
0.093671
0.091174
0.088727
0.086329
0.083981
0.081680
0.079428
0.077224
0.075066
0.072955
0.070890
0.068870
0.066895
0.064965
0.063078
0.061234
0.059433
0.057674
0.055956
0.054279
0.052643
0.051046
0.049488
0.047968
0.046486
0.045041
0.043633
0.042261
0.040924
0.039621
0.038353
0.037118
0.035916
0.034747
0.033608
0.032501
0.031425
0.030378
0.029360
0.028371
0.027410
0.026476
0.025569
0.024689
0.023834
0.023004
0.022199
0.021418
0.020660
0.019926
0.019213
0.018523
0.017854
0.017205
0.016577
0.015969
0.015380
0.014810
0.014259
0.013725
0.013208
0.012709
0.012226
0.011759
0.011308
0.010872
0.010450
0.010043
0.009650
0.009271
0.008904
0.008551
0.008210
0.007881
0.007564
0.007258
0.006963
0.006678
0.006404
0.006140
0.005886
0.005641
0.005406
0.005179
0.004961
0.004751
0.004549
0.004354
0.004168
0.003988
0.003815
0.003649
0.003490
0.003337
0.003190
0.003049
0.002914
0.002784
0.002659
0.002539
0.002425
0.002315
0.002209
0.002108
0.002011
0.001919
0.001830
0.001745
0.001663
0.001585
0.001511
0.001439
0.001371
0.001306
0.001243
0.001184
0.001127
0.001072
0.001020
0.000970
0.000923
0.000877
0.000834
0.000793
0.000753
0.000716
0.000680
0.000646
0.000613
0.000582
0.000553
0.000524
0.000498
0.000472
0.000448
0.000424
0.000402
0.000381
0.000361
0.000342
0.000324
0.000307
0.000291
0.000275
0.000261
0.000247
0.000233
0.000221
0.000209
0.000197
0.000187
0.000176
0.000167
0.000158
0.000149
0.000141
0.000133
0.000125
0.000118
0.000112
0.000105
0.000099
0.000094
0.000088
0.000083
0.000079
0.000074
0.000070
0.000066
0.000062
0.000058
0.000055
0.000052
0.000049
0.000046
0.000043
0.000040
0.000038
0.000036
0.000034
0.000032
0.000030
0.000028
0.000026
0.000025
0.000023
0.000022
0.000020
0.000019
0.000018
0.000017
0.000016
0.000015
0.000014
0.000013
0.000012
0.000011
0.000011
0.000010
0.000009
0.000009
0.000008
0.000008
0.000007
0.000007
0.000006
0.000006
0.000005
0.000005
0.000005
0.000004
0.000004
0.000004
0.000004
0.000003
0.000003
0.000003
0.000003
0.000003
0.000002
0.000002
0.000002
0.000002
0.000002
0.000002
0.000002
0.000001
0.000001
0.000001
0.000001
0.000001
0.000001
0.000001
0.000001
0.000001
0.000001
0.000001
0.000001
0.000001
0.000001
0.000001
0.000000
0.000000
0.000000
0.000000
0.000000
0.000000
0.000000
0.000000
0.000000
0.000000
0.000000
0.000000
0.000000
0.000000
0.000000
0.000000
0.000000
0.000000
0.000000
0.000000
0.000000
0.000000
0.000000
0.000000
0.000000
0.000000
0.000000
0.000000
0.000000
0.000000
0.000000
0.000000
0.000000
0.000000
0.000000
0.000000
0.000000
0.000000
0.000000
0.000000
0.000000
0.000000
0.000000
0.000000
0.000000
0.000000
0.000000
0.000000
0.000000
0.000000
0.000000
0.000000
0.000000
0.000000
0.000000
0.000000
0.000000
0.000000
0.000000
0.000000
0.000000
0.000000
0.000000
0.000000
0.000000
0.000000
0.000000
0.000000
0.000000
0.000000
0.000000
0.000000
0.000000
0.000000
0.000000
0.000000
0.000000
0.000000
0.000000
0.000000
0.000000
0.000000
0.000000
0.000000
0.000000
0.000000
0.000000
0.000000
0.000000
0.000000
0.000000
0.000000
0.000000
0.000000
0.000000
0.000000
0.000000
0.000000
0.000000
0.000000
0.000000
0.000000
0.000000
0.000000
0.000000
0.000000
0.000000
0.000000
0.000000
0.000000
0.000000
0.000000
0.000000
0.000000
0.000000
0.000000
0.000000
0.000000
0.000000
0.000000
0.000000
0.000000
0.000000
0.000000
0.000000
0.000000
0.000000
0.000000
0.000000
0.000000
0.000000
0.000000
0.000000
0.000000
0.000000
0.000000
0.000000
0.000000
0.000000
0.000000
0.000000
0.000000
0.000000
0.000000
0.000000
0.000000
0.000000
0.000000
0.000000
0.000000
0.000000
0.000000
0.000000
0.000000
0.000000
0.000000
0.000000
0.000000
0.000000
0.000000
0.000000
0.000000
0.000000
0.000000
0.000000
0.000000
0.000000
0.000000
0.000000
0.000000
0.000000
0.000000
0.000000
0.000000
0.000000
0.000000
0.000000
0.000000
0.000000
0.000000
0.000000
0.000000
0.000000
0.000000
0.000000
0.000000
0.000000
0.000000
0.000000
0.000000
0.000000
0.000000
0.000000
0.000000
0.000000
0.000000
0.000000
0.000000
0.000000
0.000000
0.000000
0.000000
0.000000
0.000000
0.000000
0.000000
0.000000
0.000000
0.000000
0.000000
0.000000
0.000000
0.000000
0.000000
0.000000
0.000000
0.000000
0.000000
0.000000
0.000000
0.000000
0.000000
0.000000
0.000000
0.000000
0.000000
0.000000
0.000000
0.000000
0.000000
0.000000
0.000000
0.000000
0.000000
0.000000
0.000000
0.000000
0.000000
0.000000
0.000000
0.000000
0.000000
0.000000
0.000000
0.000000
0.000000
0.000000
0.000000
0.000000
0.000000
0.000000
0.000000
0.000000
0.000000
0.000000
0.000000
0.000000
0.000000
0.000000
0.000000
0.000000
0.000000
0.000000
0.000000
0.000000
0.000000
0.000000
0.000000
0.000000
0.000000
0.000000
0.000000
0.000000
0.000000
0.000000
0.000000
0.000000
0.000000
0.000000
0.000000
0.000000
0.000000
0.000000
