0.000009
0.000027
0.000009
0.000049
0.000127
0.000173
0.000193
0.000206
0.000218
0.000231
0.000245
0.000260
0.000275
0.000291
0.000308
0.000326
0.000345
0.000365
0.000386
0.000408
0.000432
0.000456
0.000482
0.000509
0.000538
0.000568
0.000600
0.000633
0.000669
0.000706
0.000744
0.000785
0.000828
0.000873
0.000921
0.000971
0.001023
0.001078
0.001135
0.001196
0.001259
0.001325
0.001395
0.001468
0.001545
0.001625
0.001709
0.001797
0.001890
0.001986
0.002087
0.002193
0.002304
0.002420
0.002541
0.002667
0.002800
0.002938
0.003083
0.003234
0.003392
0.003557
0.003729
0.003909
0.004096
0.004292
0.004496
0.004709
0.004931
0.005163
0.005404
0.005655
0.005917
0.006190
0.006474
0.006770
0.007078
0.007399
0.007732
0.008079
0.008440
0.008815
0.009205
0.009610
0.010031
0.010469
0.010923
0.011395
0.011885
0.012393
0.012921
0.013468
0.014036
0.014625
0.015235
0.015868
0.016524
0.017204
0.017908
0.018637
0.019391
0.020173
0.020981
0.021818
0.022684
0.023579
0.024505
0.025462
0.026451
0.027473
0.028529
0.029619
0.030745
0.031908
0.033108
0.034346
0.035624
0.036941
0.038300
0.039701
0.041145
0.042632
0.044165
0.045744
0.047370
0.049044
0.050767
0.052540
0.054364
0.056241
0.058170
0.060154
0.062193
0.064288
0.066441
0.068652
0.070922
0.073253
0.075646
0.078101
0.080620
0.083203
0.085853
0.088569
0.091352
0.094205
0.097127
0.100120
0.103184
0.106321
0.109532
0.112817
0.116178
0.119615
0.123129
0.126721
0.130392
0.134143
0.137974
0.141886
0.145881
0.149957
0.154117
0.158361
0.162690
0.167103
0.171602
0.176187
0.180859
0.185617
0.190463
0.195396
0.200417
0.205527
0.210725
0.216011
0.221385
0.226849
0.232400
0.238041
0.243770
0.249586
0.255491
0.261484
0.267564
0.273730
0.279983
0.286322
0.292747
0.299255
0.305848
0.312524
0.319282
0.326121
0.333040
0.340038
0.347115
0.354268
0.361496
0.368799
0.376174
0.383621
0.391137
0.398721
0.406371
0.414085
0.421862
0.429699
0.437595
0.445548
0.453554
0.461613
0.469721
0.477877
0.486077
0.494320
0.502603
0.510922
0.519276
0.527662
0.536076
0.544516
0.552979
0.561462
0.569962
0.578475
0.586998
0.595528
0.604063
0.612597
0.621128
0.629653
0.638168
0.646670
0.655154
0.663617
0.672056
0.680467
0.688846
0.697190
0.705494
0.713755
0.721969
0.730132
0.738241
0.746291
0.754279
0.762201
0.770052
0.777830
0.785529
0.793148
0.800680
0.808124
0.815474
0.822727
0.829880
0.836928
0.843869
0.850697
0.857411
0.864005
0.870477
0.876822
0.883038
0.889122
0.895069
0.900876
0.906541
0.912060
0.917430
0.922648
0.927711
0.932616
0.937360
0.941942
0.946357
0.950604
0.954679
0.958582
0.962309
0.965858
0.969228
0.972415
0.975419
0.978238
0.980869
0.983312
0.985565
0.987627
0.989496
0.991171
0.992652
0.993936
0.995025
0.995916
0.996610
0.997106
0.997404
0.997503
0.997404
0.997106
0.996610
0.995917
0.995025
0.993937
0.992652
0.991172
0.989497
0.987628
0.985567
0.983314
0.980871
0.978240
0.975421
0.972417
0.969230
0.965860
0.962311
0.958585
0.954682
0.950606
0.946360
0.941944
0.937363
0.932619
0.927714
0.922651
0.917433
0.912064
0.906545
0.900880
0.895073
0.889126
0.883042
0.876826
0.870481
0.864009
0.857415
0.850702
0.843873
0.836933
0.829885
0.822732
0.815479
0.808128
0.800685
0.793153
0.785535
0.777835
0.770057
0.762206
0.754285
0.746297
0.738247
0.730138
0.721975
0.713761
0.705500
0.697196
0.688853
0.680474
0.672063
0.663624
0.655161
0.646677
0.638176
0.629661
0.621136
0.612605
0.604071
0.595536
0.587006
0.578483
0.569970
0.561471
0.552988
0.544525
0.536085
0.527671
0.519286
0.510932
0.502612
0.494329
0.486087
0.477886
0.469731
0.461623
0.453564
0.445557
0.437605
0.429709
0.421872
0.414095
0.406380
0.398730
0.391146
0.383631
0.376184
0.368809
0.361506
0.354278
0.347125
0.340048
0.333050
0.326131
0.319292
0.312534
0.305858
0.299265
0.292757
0.286332
0.279993
0.273740
0.267573
0.261494
0.255501
0.249596
0.243779
0.238050
0.232410
0.226858
0.221395
0.216020
0.210734
0.205536
0.200426
0.195405
0.190472
0.185626
0.180867
0.176196
0.171611
0.167111
0.162698
0.158369
0.154125
0.149965
0.145889
0.141894
0.137982
0.134151
0.130400
0.126729
0.123137
0.119622
0.116185
0.112824
0.109539
0.106328
0.103191
0.100126
0.097133
0.094211
0.091358
0.088575
0.085859
0.083209
0.080626
0.078107
0.075651
0.073259
0.070928
0.068657
0.066446
0.064293
0.062198
0.060159
0.058175
0.056245
0.054369
0.052545
0.050771
0.049048
0.047374
0.045748
0.044169
0.042636
0.041148
0.039704
0.038304
0.036945
0.035627
0.034349
0.033111
0.031911
0.030748
0.029622
0.028532
0.027476
0.026454
0.025464
0.024507
0.023582
0.022686
0.021821
0.020984
0.020175
0.019394
0.018639
0.017910
0.017206
0.016526
0.015870
0.015237
0.014627
0.014038
0.013470
0.012922
0.012395
0.011886
0.011396
0.010924
0.010470
0.010032
0.009611
0.009206
0.008816
0.008441
0.008080
0.007733
0.007400
0.007079
0.006771
0.006475
0.006191
0.005918
0.005656
0.005405
0.005164
0.004932
0.004710
0.004497
0.004293
0.004097
0.003909
0.003730
0.003558
0.003393
0.003235
0.003084
0.002939
0.002800
0.002668
0.002541
0.002420
0.002304
0.002193
0.002088
0.001986
0.001890
0.001798
0.001710
0.001625
0.001545
0.001469
0.001395
0.001326
0.001259
0.001196
0.001135
0.001078
0.001023
0.000971
0.000921
0.000874
0.000828
0.000785
0.000745
0.000706
0.000669
0.000634
0.000600
0.000568
0.000538
0.000509
0.000482
0.000456
0.000432
0.000408
0.000386
0.000365
0.000345
0.000326
0.000308
0.000291
0.000275
0.000260
0.000245
0.000232
0.000219
0.000206
0.000195
0.000184
0.000173
0.000163
0.000154
0.000145
0.000137
0.000129
0.000121
0.000114
0.000108
0.000101
0.000095
0.000090
0.000084
0.000079
0.000075
0.000070
0.000066
0.000062
0.000058
0.000055
0.000051
0.000048
0.000045
0.000043
0.000040
0.000037
0.000035
0.000033
0.000031
0.000029
0.000027
0.000025
0.000024
0.000022
0.000021
0.000020
0.000018
0.000017
0.000016
0.000015
0.000014
0.000013
0.000012
0.000012
0.000011
0.000010
0.000009
0.000009
0.000008
0.000008
0.000007
0.000007
0.000006
0.000006
0.000005
0.000005
0.000005
0.000004
0.000004
0.000004
0.000004
0.000003
0.000003
0.000003
0.000003
0.000003
0.000002
0.000002
0.000002
0.000002
0.000002
0.000002
0.000002
0.000001
0.000001
0.000001
0.000001
0.000001
0.000001
0.000001
0.000001
0.000001
0.000001
0.000001
0.000001
0.000001
0.000001
0.000000
0.000000
0.000000
0.000000
0.000000
0.000000
0.000000
0.000000
0.000000
0.000000
0.000000
0.000000
0.000000
0.000000
0.000000
0.000000
0.000000
0.000000
0.000000
0.000000
0.000000
0.000000
0.000000
0.000000
0.000000
0.000000
0.000000
0.000000
0.000000
0.000000
0.000000
0.000000
0.000000
0.000000
0.000000
0.000000
0.000000
0.000000
0.000000
0.000000
0.000000
0.000000
0.000000
0.000000
0.000000
0.000000
0.000000
0.000000
0.000000
0.000000
0.000000
0.000000
0.000000
0.000000
0.000000
0.000000
0.000000
0.000000
0.000000
0.000000
0.000000
0.000000
0.000000
0.000000
0.000000
0.000000
0.000000
0.000000
0.000000
0.000000
0.000000
0.000000
0.000000
0.000000
0.000000
0.000000
0.000000
0.000000
0.000000
0.000000
0.000000
0.000000
0.000000
0.000000
0.000000
0.000000
0.000000
0.000000
0.000000
0.000000
0.000000
0.000000
0.000000
0.000000
0.000000
0.000000
0.000000
0.000000
0.000000
0.000000
0.000000
0.000000
0.000000
0.000000
0.000000
0.000000
0.000000
0.000000
0.000000
0.000000
0.000000
0.000000
0.000000
0.000000
0.000000
0.000000
0.000000
0.000000
0.000000
0.000000
0.000000
0.000000
0.000000
0.000000
0.000000
0.000000
0.000000
0.000000
0.000000
0.000000
0.000000
0.000000
0.000000
0.000000
0.000000
0.000000
0.000000
0.000000
0.000000
0.000000
0.000000
0.000000
0.000000
0.000000
0.000000
0.000000
0.000000
0.000000
0.000000
0.000000
0.000000
0.000000
0.000000
0.000000
0.000000
0.000000
0.000000
0.000000
0.000000
0.000000
0.000000
0.000000
0.000000
0.000000
0.000000
0.000000
0.000000
0.000000
0.000000
0.000000
0.000000
0.000000
0.000000
0.000000
0.000000
0.000000
0.000000
0.000000
0.000000
0.000000
0.000000
0.000000
0.000000
0.000000
0.000000
0.000000
0.000000
0.000000
0.000000
0.000000
0.000000
0.000000
0.000000
0.000000
0.000000
0.000000
0.000000
0.000000
0.000000
0.000000
0.000000
0.000000
0.000000
0.000000
0.000000
0.000000
0.000000
0.000000
0.000000
0.000000
0.000000
0.000000
0.000000
0.000000
0.000000
0.000000
0.000000
0.000000
0.000000
0.000000
0.000000
0.000000
0.000000
0.000000
0.000000
0.000000
0.000000
0.000000
0.000000
0.000000
0.000000
0.000000
0.000000
0.000000
0.000000
0.000000
0.000000
0.000000
0.000000
0.000000
0.000000
0.000000
0.000000
0.000000
0.000000
0.000000
0.000000
0.000000
0.000000
0.000000
0.000000
0.000000
0.000000
0.000000
0.000000
0.000000
0.000000
0.000000
0.000000
0.000000
0.000000
0.000000
0.000000
0.000000
0.000000
0.000000
0.000000
0.000000
0.000000
0.000000
0.000000
0.000000
0.000000
0.000000
0.000000
0.000000
0.000000
0.000000
0.000000
0.000000
0.000000
0.000000
0.000000
0.000000
0.000000
0.000000
0.000000
0.000000
0.000000
0.000000
0.000000
0.000000
0.000000
0.000000
0.000000
0.000000
0.000000
0.000000
0.000000
0.000000
0.000000
0.000000
0.000000
0.000000
0.000000
0.000000
0.000000
0.000000
0.000000
0.000000
0.000000
0.000000
0.000000
0.000000
0.000000
0.000000
0.000000
0.000000
