0.000078
0.000157
0.000236
0.000315
0.000395
0.000475
0.000558
0.000638
0.000725
0.000808
0.000897
0.000985
0.001075
0.001171
0.001260
0.001364
0.001459
0.001563
0.001673
0.001774
0.001893
0.002008
0.002121
0.002254
0.002378
0.002503
0.002651
0.002789
0.002925
0.003088
0.003249
0.003396
0.003566
0.003757
0.003934
0.004102
0.004298
0.004521
0.004739
0.004937
0.005136
0.005363
0.005626
0.005913
0.006209
0.006505
0.006800
0.007098
0.007401
0.007714
0.008038
0.008372
0.008719
0.009079
0.009451
0.009837
0.010237
0.010650
0.011078
0.011522
0.011980
0.012455
0.012945
0.013453
0.013977
0.014519
0.015079
0.015658
0.016256
0.016873
0.017510
0.018168
0.018847
0.019547
0.020270
0.021015
0.021783
0.022575
0.023391
0.024232
0.025099
0.025991
0.026910
0.027856
0.028829
0.029831
0.030862
0.031922
0.033012
0.034133
0.035285
0.036468
0.037685
0.038934
0.040217
0.041534
0.042886
0.044274
0.045698
0.047159
0.048656
0.050192
0.051767
0.053380
0.055034
0.056727
0.058462
0.060238
0.062057
0.063918
0.065822
0.067771
0.069763
0.071801
0.073884
0.076014
0.078190
0.080413
0.082683
0.085002
0.087369
0.089785
0.092251
0.094766
0.097332
0.099949
0.102617
0.105336
0.108107
0.110931
0.113807
0.116736
0.119718
0.122753
0.125842
0.128985
0.132182
0.135433
0.138739
0.142099
0.145513
0.148983
0.152507
0.156086
0.159720
0.163408
0.167152
0.170950
0.174802
0.178709
0.182670
0.186686
0.190755
0.194878
0.199054
0.203283
0.207564
0.211899
0.216285
0.220723
0.225211
0.229750
0.234339
0.238978
0.243665
0.248401
0.253184
0.258014
0.262890
0.267812
0.272779
0.277789
0.282842
0.287938
0.293074
0.298252
0.303468
0.308723
0.314015
0.319344
0.324708
0.330106
0.335537
0.341000
0.346493
0.352016
0.357567
0.363146
0.368750
0.374379
0.380030
0.385704
0.391398
0.397110
0.402841
0.408588
0.414349
0.420124
0.425910
0.431706
0.437512
0.443325
0.449143
0.454965
0.460790
0.466616
0.472442
0.478265
0.484085
0.489899
0.495706
0.501505
0.507293
0.513070
0.518833
0.524582
0.530314
0.536027
0.541721
0.547392
0.553041
0.558665
0.564263
0.569833
0.575373
0.580883
0.586359
0.591802
0.597208
0.602577
0.607907
0.613197
0.618444
0.623649
0.628808
0.633921
0.638986
0.644002
0.648967
0.653879
0.658738
0.663543
0.668291
0.672982
0.677614
0.682185
0.686695
0.691143
0.695527
0.699845
0.704098
0.708283
0.712398
0.716445
0.720421
0.724326
0.728156
0.731913
0.735595
0.739201
0.742730
0.746182
0.749555
0.752848
0.756061
0.759193
0.762242
0.765209
0.768093
0.770891
0.773605
0.776233
0.778775
0.781230
0.783598
0.785877
0.788067
0.790168
0.792179
0.794100
0.795930
0.797669
0.799317
0.800872
0.802336
0.803706
0.804983
0.806167
0.807257
0.808254
0.809156
0.809964
0.810677
0.811295
0.811819
0.812247
0.812580
0.812819
0.812962
0.813009
0.812962
0.812819
0.812580
0.812247
0.811819
0.811295
0.810678
0.809964
0.809157
0.808255
0.807259
0.806168
0.804985
0.803708
0.802338
0.800875
0.799320
0.797672
0.795933
0.794103
0.792182
0.790171
0.788069
0.785880
0.783601
0.781233
0.778779
0.776237
0.773609
0.770895
0.768097
0.765214
0.762247
0.759197
0.756065
0.752853
0.749560
0.746186
0.742735
0.739205
0.735599
0.731917
0.728160
0.724330
0.720426
0.716451
0.712405
0.708289
0.704104
0.699852
0.695534
0.691150
0.686703
0.682192
0.677621
0.672989
0.668299
0.663550
0.658746
0.653887
0.648974
0.644008
0.638992
0.633927
0.628815
0.623655
0.618450
0.613203
0.607914
0.602584
0.597215
0.591809
0.586366
0.580889
0.575379
0.569839
0.564269
0.558671
0.553046
0.547397
0.541725
0.536032
0.530318
0.524587
0.518839
0.513075
0.507298
0.501509
0.495710
0.489903
0.484089
0.478269
0.472447
0.466621
0.460795
0.454970
0.449148
0.443329
0.437517
0.431712
0.425916
0.420129
0.414355
0.408593
0.402847
0.397117
0.391404
0.385710
0.380037
0.374385
0.368757
0.363153
0.357574
0.352023
0.346500
0.341007
0.335544
0.330113
0.324715
0.319351
0.314022
0.308730
0.303475
0.298259
0.293082
0.287945
0.282850
0.277797
0.272786
0.267820
0.262898
0.258022
0.253191
0.248408
0.243673
0.238985
0.234346
0.229757
0.225218
0.220730
0.216292
0.211906
0.207572
0.203290
0.199061
0.194885
0.190762
0.186693
0.182677
0.178716
0.174809
0.170956
0.167158
0.163415
0.159726
0.156092
0.152513
0.148989
0.145520
0.142105
0.138745
0.135439
0.132188
0.128991
0.125848
0.122759
0.119723
0.116741
0.113812
0.110936
0.108113
0.105342
0.102622
0.099954
0.097337
0.094771
0.092256
0.089790
0.087374
0.085006
0.082688
0.080417
0.078194
0.076018
0.073889
0.071805
0.069768
0.067775
0.065826
0.063922
0.062061
0.060242
0.058466
0.056731
0.055037
0.053384
0.051770
0.050196
0.048660
0.047162
0.045701
0.044277
0.042889
0.041537
0.040220
0.038937
0.037688
0.036471
0.035287
0.034135
0.033015
0.031924
0.030864
0.029834
0.028832
0.027858
0.026912
0.025993
0.025101
0.024235
0.023393
0.022577
0.021785
0.021017
0.020272
0.019549
0.018849
0.018170
0.017512
0.016875
0.016257
0.015660
0.015081
0.014521
0.013978
0.013454
0.012947
0.012456
0.011982
0.011523
0.011080
0.010651
0.010238
0.009838
0.009452
0.009080
0.008720
0.008373
0.008039
0.007716
0.007405
0.007104
0.006815
0.006536
0.006267
0.006009
0.005759
0.005519
0.005288
0.005066
0.004852
0.004646
0.004448
0.004258
0.004075
0.003899
0.003730
0.003567
0.003411
0.003261
0.003117
0.002979
0.002847
0.002719
0.002597
0.002480
0.002368
0.002260
0.002157
0.002058
0.001964
0.001873
0.001786
0.001703
0.001623
0.001547
0.001474
0.001404
0.001338
0.001274
0.001213
0.001154
0.001099
0.001045
0.000995
0.000946
0.000900
0.000855
0.000813
0.000773
0.000734
0.000698
0.000663
0.000629
0.000597
0.000567
0.000538
0.000511
0.000484
0.000460
0.000436
0.000413
0.000392
0.000371
0.000352
0.000333
0.000316
0.000299
0.000283
0.000268
0.000254
0.000240
0.000227
0.000215
0.000203
0.000192
0.000181
0.000172
0.000162
0.000153
0.000145
0.000137
0.000129
0.000122
0.000115
0.000108
0.000102
0.000096
0.000091
0.000086
0.000081
0.000076
0.000072
0.000068
0.000064
0.000060
0.000057
0.000053
0.000050
0.000047
0.000044
0.000042
0.000039
0.000037
0.000035
0.000033
0.000031
0.000029
0.000027
0.000025
0.000024
0.000022
0.000021
0.000020
0.000018
0.000017
0.000016
0.000015
0.000014
0.000013
0.000013
0.000012
0.000011
0.000010
0.000010
0.000009
0.000008
0.000008
0.000007
0.000007
0.000006
0.000006
0.000006
0.000005
0.000005
0.000005
0.000004
0.000004
0.000004
0.000004
0.000003
0.000003
0.000003
0.000003
0.000002
0.000002
0.000002
0.000002
0.000002
0.000002
0.000002
0.000002
0.000001
0.000001
0.000001
0.000001
0.000001
0.000001
0.000001
0.000001
0.000001
0.000001
0.000001
0.000001
0.000001
0.000001
0.000001
0.000000
0.000000
0.000000
0.000000
0.000000
0.000000
0.000000
0.000000
0.000000
0.000000
0.000000
0.000000
0.000000
0.000000
0.000000
0.000000
0.000000
0.000000
0.000000
0.000000
0.000000
0.000000
0.000000
0.000000
0.000000
0.000000
0.000000
0.000000
0.000000
0.000000
0.000000
0.000000
0.000000
0.000000
0.000000
0.000000
0.000000
0.000000
0.000000
0.000000
0.000000
0.000000
0.000000
0.000000
0.000000
0.000000
0.000000
0.000000
0.000000
0.000000
0.000000
0.000000
0.000000
0.000000
0.000000
0.000000
0.000000
0.000000
0.000000
0.000000
0.000000
0.000000
0.000000
0.000000
0.000000
0.000000
0.000000
0.000000
0.000000
0.000000
0.000000
0.000000
0.000000
0.000000
0.000000
0.000000
0.000000
0.000000
0.000000
0.000000
0.000000
0.000000
0.000000
0.000000
0.000000
0.000000
0.000000
0.000000
0.000000
0.000000
0.000000
0.000000
0.000000
0.000000
0.000000
0.000000
0.000000
0.000000
0.000000
0.000000
0.000000
0.000000
0.000000
0.000000
0.000000
0.000000
0.000000
0.000000
0.000000
0.000000
0.000000
0.000000
0.000000
0.000000
0.000000
0.000000
0.000000
0.000000
0.000000
0.000000
0.000000
0.000000
0.000000
0.000000
0.000000
0.000000
0.000000
0.000000
0.000000
0.000000
0.000000
0.000000
0.000000
0.000000
0.000000
0.000000
0.000000
0.000000
0.000000
0.000000
0.000000
0.000000
0.000000
0.000000
0.000000
0.000000
0.000000
0.000000
0.000000
0.000000
0.000000
0.000000
0.000000
0.000000
0.000000
0.000000
0.000000
0.000000
0.000000
0.000000
0.000000
0.000000
0.000000
0.000000
0.000000
0.000000
0.000000
0.000000
0.000000
0.000000
0.000000
0.000000
0.000000
0.000000
0.000000
0.000000
0.000000
0.000000
0.000000
0.000000
0.000000
0.000000
0.000000
0.000000
0.000000
0.000000
0.000000
0.000000
0.000000
0.000000
0.000000
0.000000
0.000000
0.000000
0.000000
0.000000
0.000000
0.000000
0.000000
0.000000
0.000000
0.000000
0.000000
0.000000
0.000000
0.000000
0.000000
0.000000
0.000000
0.000000
0.000000
0.000000
0.000000
0.000000
0.000000
0.000000
0.000000
0.000000
0.000000
0.000000
0.000000
0.000000
0.000000
0.000000
0.000000
0.000000
0.000000
0.000000
0.000000
0.000000
0.000000
0.000000
0.000000
0.000000
0.000000
0.000000
0.000000
0.000000
0.000000
0.000000
0.000000
0.000000
0.000000
0.000000
0.000000
0.000000
0.000000
0.000000
0.000000
0.000000
0.000000
0.000000
0.000000
0.000000
0.000000
0.000000
0.000000
0.000000
0.000000
0.000000
0.000000
0.000000
0.000000
0.000000
0.000000
0.000000
0.000000
0.000000
0.000000
0.000000
0.000000
0.000000
0.000000
0.000000
0.000000
0.000000
0.000000
0.000000
0.000000
0.000000
0.000000
0.000000
