0.000080
0.000160
0.000242
0.000322
0.000405
0.000486
0.000571
0.000654
0.000741
0.000828
0.000916
0.001010
0.001098
0.001198
0.001291
0.001393
0.001497
0.001597
0.001712
0.001818
0.001933
0.002057
0.002170
0.002301
0.002436
0.002560
0.002706
0.002856
0.002993
0.003150
0.003323
0.003478
0.003640
0.003832
0.004026
0.004200
0.004387
0.004608
0.004840
0.005055
0.005258
0.005477
0.005732
0.006019
0.006321
0.006627
0.006932
0.007239
0.007550
0.007869
0.008198
0.008539
0.008892
0.009257
0.009636
0.010028
0.010435
0.010855
0.011290
0.011741
0.012207
0.012689
0.013187
0.013702
0.014235
0.014786
0.015354
0.015942
0.016549
0.017175
0.017822
0.018489
0.019178
0.019889
0.020622
0.021377
0.022156
0.022959
0.023787
0.024639
0.025517
0.026422
0.027353
0.028311
0.029297
0.030312
0.031356
0.032429
0.033533
0.034667
0.035833
0.037031
0.038262
0.039526
0.040824
0.042157
0.043524
0.044927
0.046367
0.047844
0.049358
0.050910
0.052501
0.054131
0.055801
0.057512
0.059264
0.061058
0.062894
0.064773
0.066695
0.068661
0.070672
0.072728
0.074830
0.076977
0.079172
0.081413
0.083702
0.086040
0.088425
0.090860
0.093345
0.095879
0.098464
0.101099
0.103786
0.106523
0.109313
0.112155
0.115049
0.117996
0.120996
0.124049
0.127156
0.130316
0.133531
0.136799
0.140121
0.143498
0.146929
0.150414
0.153954
0.157549
0.161197
0.164900
0.168658
0.172470
0.176335
0.180255
0.184229
0.188256
0.192336
0.196470
0.200656
0.204895
0.209185
0.213528
0.217922
0.222366
0.226861
0.231406
0.235999
0.240642
0.245333
0.250071
0.254855
0.259686
0.264563
0.269483
0.274448
0.279455
0.284505
0.289595
0.294726
0.299897
0.305105
0.310352
0.315634
0.320952
0.326304
0.331689
0.337105
0.342553
0.348030
0.353535
0.359068
0.364627
0.370210
0.375816
0.381445
0.387093
0.392761
0.398447
0.404150
0.409867
0.415598
0.421341
0.427094
0.432856
0.438626
0.444403
0.450183
0.455967
0.461752
0.467537
0.473320
0.479100
0.484874
0.490642
0.496403
0.502154
0.507893
0.513620
0.519332
0.525029
0.530708
0.536367
0.542006
0.547622
0.553214
0.558781
0.564320
0.569831
0.575311
0.580760
0.586175
0.591555
0.596899
0.602204
0.607471
0.612696
0.617879
0.623018
0.628111
0.633158
0.638157
0.643106
0.648004
0.652849
0.657641
0.662378
0.667059
0.671682
0.676247
0.680751
0.685194
0.689575
0.693892
0.698144
0.702329
0.706449
0.710500
0.714481
0.718393
0.722233
0.726000
0.729694
0.733315
0.736860
0.740328
0.743720
0.747035
0.750270
0.753426
0.756503
0.759497
0.762411
0.765242
0.767990
0.770654
0.773233
0.775728
0.778137
0.780459
0.782696
0.784845
0.786905
0.788878
0.790762
0.792556
0.794262
0.795877
0.797402
0.798837
0.800180
0.801432
0.802593
0.803661
0.804638
0.805522
0.806314
0.807012
0.807619
0.808132
0.808552
0.808878
0.809112
0.809251
0.809298
0.809252
0.809111
0.808878
0.808551
0.808132
0.807619
0.807013
0.806314
0.805523
0.804639
0.803663
0.802594
0.801434
0.800182
0.798839
0.797405
0.795880
0.794265
0.792559
0.790765
0.788881
0.786908
0.784847
0.782699
0.780463
0.778140
0.775731
0.773237
0.770657
0.767994
0.765246
0.762415
0.759502
0.756506
0.753431
0.750275
0.747040
0.743725
0.740333
0.736864
0.733319
0.729699
0.726005
0.722237
0.718398
0.714486
0.710505
0.706455
0.702336
0.698150
0.693899
0.689581
0.685201
0.680758
0.676254
0.671690
0.667066
0.662385
0.657648
0.652857
0.648011
0.643112
0.638164
0.633165
0.628118
0.623024
0.617885
0.612703
0.607478
0.602212
0.596906
0.591562
0.586181
0.580766
0.575317
0.569836
0.564326
0.558786
0.553219
0.547627
0.542010
0.536372
0.530712
0.525034
0.519338
0.513625
0.507899
0.502159
0.496407
0.490647
0.484878
0.479104
0.473324
0.467541
0.461756
0.455972
0.450188
0.444407
0.438631
0.432862
0.427100
0.421346
0.415603
0.409873
0.404155
0.398453
0.392768
0.387099
0.381451
0.375823
0.370217
0.364633
0.359075
0.353542
0.348037
0.342560
0.337112
0.331696
0.326311
0.320959
0.315641
0.310359
0.305113
0.299904
0.294734
0.289603
0.284512
0.279463
0.274455
0.269491
0.264570
0.259694
0.254863
0.250078
0.245340
0.240649
0.236007
0.231413
0.226868
0.222373
0.217929
0.213535
0.209193
0.204902
0.200663
0.196477
0.192343
0.188263
0.184235
0.180262
0.176342
0.172476
0.168664
0.164907
0.161204
0.157555
0.153961
0.150421
0.146935
0.143504
0.140128
0.136805
0.133537
0.130323
0.127162
0.124055
0.121002
0.118002
0.115055
0.112161
0.109319
0.106529
0.103791
0.101104
0.098469
0.095884
0.093350
0.090865
0.088430
0.086044
0.083707
0.081418
0.079176
0.076982
0.074834
0.072732
0.070676
0.068665
0.066699
0.064777
0.062898
0.061062
0.059268
0.057516
0.055805
0.054135
0.052504
0.050913
0.049361
0.047847
0.046370
0.044930
0.043527
0.042160
0.040827
0.039529
0.038265
0.037034
0.035836
0.034670
0.033535
0.032432
0.031358
0.030314
0.029300
0.028313
0.027355
0.026424
0.025520
0.024642
0.023789
0.022961
0.022158
0.021379
0.020624
0.019891
0.019180
0.018491
0.017824
0.017177
0.016550
0.015943
0.015356
0.014787
0.014237
0.013704
0.013189
0.012690
0.012208
0.011742
0.011292
0.010856
0.010436
0.010030
0.009637
0.009258
0.008893
0.008540
0.008199
0.007871
0.007554
0.007249
0.006954
0.006670
0.006397
0.006133
0.005880
0.005635
0.005400
0.005173
0.004955
0.004746
0.004544
0.004350
0.004163
0.003984
0.003812
0.003646
0.003487
0.003334
0.003187
0.003046
0.002911
0.002781
0.002657
0.002537
0.002423
0.002313
0.002207
0.002107
0.002010
0.001917
0.001828
0.001743
0.001662
0.001584
0.001510
0.001438
0.001370
0.001305
0.001242
0.001183
0.001126
0.001071
0.001019
0.000970
0.000922
0.000877
0.000834
0.000792
0.000753
0.000715
0.000680
0.000645
0.000613
0.000582
0.000552
0.000524
0.000497
0.000472
0.000447
0.000424
0.000402
0.000381
0.000361
0.000342
0.000324
0.000307
0.000291
0.000275
0.000261
0.000247
0.000233
0.000221
0.000209
0.000197
0.000187
0.000176
0.000167
0.000158
0.000149
0.000141
0.000133
0.000125
0.000118
0.000112
0.000105
0.000099
0.000094
0.000088
0.000083
0.000079
0.000074
0.000070
0.000066
0.000062
0.000058
0.000055
0.000052
0.000049
0.000046
0.000043
0.000040
0.000038
0.000036
0.000034
0.000032
0.000030
0.000028
0.000026
0.000025
0.000023
0.000022
0.000020
0.000019
0.000018
0.000017
0.000016
0.000015
0.000014
0.000013
0.000012
0.000011
0.000011
0.000010
0.000009
0.000009
0.000008
0.000008
0.000007
0.000007
0.000006
0.000006
0.000005
0.000005
0.000005
0.000004
0.000004
0.000004
0.000004
0.000003
0.000003
0.000003
0.000003
0.000003
0.000002
0.000002
0.000002
0.000002
0.000002
0.000002
0.000002
0.000001
0.000001
0.000001
0.000001
0.000001
0.000001
0.000001
0.000001
0.000001
0.000001
0.000001
0.000001
0.000001
0.000001
0.000001
0.000000
0.000000
0.000000
0.000000
0.000000
0.000000
0.000000
0.000000
0.000000
0.000000
0.000000
0.000000
0.000000
0.000000
0.000000
0.000000
0.000000
0.000000
0.000000
0.000000
0.000000
0.000000
0.000000
0.000000
0.000000
0.000000
0.000000
0.000000
0.000000
0.000000
0.000000
0.000000
0.000000
0.000000
0.000000
0.000000
0.000000
0.000000
0.000000
0.000000
0.000000
0.000000
0.000000
0.000000
0.000000
0.000000
0.000000
0.000000
0.000000
0.000000
0.000000
0.000000
0.000000
0.000000
0.000000
0.000000
0.000000
0.000000
0.000000
0.000000
0.000000
0.000000
0.000000
0.000000
0.000000
0.000000
0.000000
0.000000
0.000000
0.000000
0.000000
0.000000
0.000000
0.000000
0.000000
0.000000
0.000000
0.000000
0.000000
0.000000
0.000000
0.000000
0.000000
0.000000
0.000000
0.000000
0.000000
0.000000
0.000000
0.000000
0.000000
0.000000
0.000000
0.000000
0.000000
0.000000
0.000000
0.000000
0.000000
0.000000
0.000000
0.000000
0.000000
0.000000
0.000000
0.000000
0.000000
0.000000
0.000000
0.000000
0.000000
0.000000
0.000000
0.000000
0.000000
0.000000
0.000000
0.000000
0.000000
0.000000
0.000000
0.000000
0.000000
0.000000
0.000000
0.000000
0.000000
0.000000
0.000000
0.000000
0.000000
0.000000
0.000000
0.000000
0.000000
0.000000
0.000000
0.000000
0.000000
0.000000
0.000000
0.000000
0.000000
0.000000
0.000000
0.000000
0.000000
0.000000
0.000000
0.000000
0.000000
0.000000
0.000000
0.000000
0.000000
0.000000
0.000000
0.000000
0.000000
0.000000
0.000000
0.000000
0.000000
0.000000
0.000000
0.000000
0.000000
0.000000
0.000000
0.000000
0.000000
0.000000
0.000000
0.000000
0.000000
0.000000
0.000000
0.000000
0.000000
0.000000
0.000000
0.000000
0.000000
0.000000
0.000000
0.000000
0.000000
0.000000
0.000000
0.000000
0.000000
0.000000
0.000000
0.000000
0.000000
0.000000
0.000000
0.000000
0.000000
0.000000
0.000000
0.000000
0.000000
0.000000
0.000000
0.000000
0.000000
0.000000
0.000000
0.000000
0.000000
0.000000
0.000000
0.000000
0.000000
0.000000
0.000000
0.000000
0.000000
0.000000
0.000000
0.000000
0.000000
0.000000
0.000000
0.000000
0.000000
0.000000
0.000000
0.000000
0.000000
0.000000
0.000000
0.000000
0.000000
0.000000
0.000000
0.000000
0.000000
0.000000
0.000000
0.000000
0.000000
0.000000
0.000000
0.000000
0.000000
0.000000
0.000000
0.000000
0.000000
0.000000
0.000000
0.000000
0.000000
0.000000
0.000000
0.000000
0.000000
0.000000
0.000000
0.000000
0.000000
0.000000
0.000000
0.000000
0.000000
0.000000
0.000000
0.000000
0.000000
0.000000
0.000000
0.000000
0.000000
0.000000
0.000000
0.000000
0.000000
0.000000
0.000000
0.000000
