0.000082
0.000164
0.000247
0.000330
0.000414
0.000498
0.000584
0.000671
0.000757
0.000849
0.000937
0.001034
0.001125
0.001224
0.001324
0.001423
0.001533
0.001634
0.001749
0.001864
0.001974
0.002104
0.002224
0.002349
0.002492
0.002623
0.002761
0.002920
0.003066
0.003216
0.003392
0.003563
0.003723
0.003908
0.004113
0.004302
0.004485
0.004698
0.004937
0.005169
0.005383
0.005600
0.005846
0.006128
0.006434
0.006749
0.007065
0.007381
0.007700
0.008026
0.008362
0.008708
0.009067
0.009439
0.009824
0.010223
0.010636
0.011064
0.011506
0.011964
0.012437
0.012927
0.013433
0.013957
0.014498
0.015057
0.015634
0.016231
0.016847
0.017482
0.018139
0.018816
0.019515
0.020236
0.020979
0.021745
0.022535
0.023350
0.024188
0.025053
0.025943
0.026859
0.027802
0.028773
0.029772
0.030800
0.031857
0.032944
0.034061
0.035210
0.036390
0.037603
0.038848
0.040127
0.041440
0.042788
0.044171
0.045590
0.047045
0.048538
0.050068
0.051637
0.053245
0.054892
0.056579
0.058308
0.060077
0.061888
0.063742
0.065639
0.067579
0.069563
0.071592
0.073667
0.075787
0.077953
0.080166
0.082426
0.084734
0.087090
0.089494
0.091948
0.094451
0.097004
0.099608
0.102262
0.104967
0.107724
0.110532
0.113392
0.116305
0.119270
0.122288
0.125359
0.128484
0.131662
0.134893
0.138179
0.141518
0.144911
0.148358
0.151860
0.155415
0.159025
0.162688
0.166406
0.170178
0.174003
0.177882
0.181814
0.185800
0.189839
0.193931
0.198075
0.202271
0.206519
0.210819
0.215170
0.219571
0.224023
0.228523
0.233073
0.237672
0.242318
0.247012
0.251752
0.256538
0.261370
0.266246
0.271165
0.276128
0.281132
0.286177
0.291263
0.296388
0.301552
0.306752
0.311989
0.317262
0.322568
0.327908
0.333279
0.338682
0.344113
0.349574
0.355061
0.360575
0.366114
0.371676
0.377259
0.382864
0.388488
0.394130
0.399788
0.405462
0.411150
0.416850
0.422560
0.428280
0.434008
0.439743
0.445482
0.451224
0.456968
0.462713
0.468456
0.474197
0.479933
0.485662
0.491384
0.497098
0.502800
0.508491
0.514167
0.519828
0.525471
0.531097
0.536702
0.542285
0.547845
0.553380
0.558889
0.564370
0.569821
0.575241
0.580628
0.585982
0.591299
0.596580
0.601822
0.607024
0.612185
0.617303
0.622375
0.627403
0.632383
0.637315
0.642197
0.647028
0.651806
0.656531
0.661200
0.665813
0.670368
0.674865
0.679302
0.683677
0.687990
0.692240
0.696425
0.700545
0.704598
0.708583
0.712499
0.716346
0.720122
0.723826
0.727457
0.731015
0.734499
0.737907
0.741239
0.744495
0.747673
0.750772
0.753792
0.756732
0.759592
0.762370
0.765067
0.767681
0.770212
0.772659
0.775022
0.777300
0.779493
0.781600
0.783620
0.785554
0.787401
0.789160
0.790832
0.792415
0.793909
0.795315
0.796632
0.797858
0.798995
0.800042
0.800999
0.801866
0.802640
0.803325
0.803919
0.804422
0.804833
0.805153
0.805381
0.805518
0.805564
0.805519
0.805381
0.805153
0.804833
0.804421
0.803919
0.803326
0.802641
0.801866
0.801000
0.800044
0.798997
0.797860
0.796634
0.795318
0.793912
0.792418
0.790835
0.789163
0.787404
0.785557
0.783623
0.781603
0.779495
0.777303
0.775025
0.772661
0.770215
0.767684
0.765071
0.762375
0.759596
0.756736
0.753796
0.750776
0.747677
0.744500
0.741244
0.737911
0.734503
0.731019
0.727462
0.723831
0.720126
0.716351
0.712504
0.708589
0.704604
0.700552
0.696432
0.692247
0.687997
0.683684
0.679309
0.674872
0.670375
0.665820
0.661207
0.656537
0.651813
0.647035
0.642204
0.637322
0.632390
0.627409
0.622382
0.617309
0.612191
0.607031
0.601829
0.596587
0.591306
0.585988
0.580635
0.575247
0.569827
0.564375
0.558894
0.553386
0.547850
0.542290
0.536707
0.531102
0.525477
0.519833
0.514172
0.508496
0.502805
0.497102
0.491389
0.485666
0.479937
0.474201
0.468461
0.462718
0.456973
0.451229
0.445487
0.439748
0.434013
0.428286
0.422566
0.416855
0.411156
0.405468
0.399794
0.394136
0.388494
0.382870
0.377266
0.371682
0.366120
0.360582
0.355068
0.349581
0.344121
0.338689
0.333286
0.327915
0.322575
0.317268
0.311996
0.306759
0.301559
0.296396
0.291271
0.286185
0.281139
0.276135
0.271173
0.266253
0.261377
0.256546
0.251760
0.247019
0.242326
0.237679
0.233081
0.228531
0.224029
0.219578
0.215177
0.210826
0.206527
0.202279
0.198082
0.193938
0.189846
0.185807
0.181821
0.177889
0.174010
0.170184
0.166413
0.162695
0.159031
0.155421
0.151866
0.148365
0.144917
0.141524
0.138185
0.134899
0.131668
0.128490
0.125365
0.122294
0.119276
0.116310
0.113398
0.110537
0.107729
0.104972
0.102267
0.099613
0.097010
0.094456
0.091953
0.089499
0.087094
0.084738
0.082430
0.080170
0.077957
0.075791
0.073671
0.071596
0.069567
0.067583
0.065643
0.063746
0.061892
0.060081
0.058311
0.056583
0.054896
0.053248
0.051640
0.050072
0.048541
0.047048
0.045593
0.044174
0.042791
0.041443
0.040130
0.038851
0.037605
0.036393
0.035213
0.034064
0.032947
0.031860
0.030803
0.029775
0.028776
0.027805
0.026861
0.025945
0.025055
0.024191
0.023352
0.022537
0.021747
0.020981
0.020238
0.019517
0.018818
0.018141
0.017484
0.016848
0.016232
0.015636
0.015058
0.014499
0.013958
0.013435
0.012928
0.012439
0.011965
0.011507
0.011065
0.010637
0.010224
0.009826
0.009440
0.009069
0.008710
0.008363
0.008029
0.007707
0.007396
0.007096
0.006807
0.006529
0.006261
0.006002
0.005753
0.005514
0.005283
0.005061
0.004847
0.004642
0.004444
0.004254
0.004071
0.003895
0.003726
0.003564
0.003408
0.003258
0.003115
0.002977
0.002844
0.002717
0.002595
0.002478
0.002366
0.002259
0.002156
0.002057
0.001962
0.001872
0.001785
0.001702
0.001622
0.001546
0.001473
0.001403
0.001337
0.001273
0.001212
0.001154
0.001098
0.001045
0.000994
0.000945
0.000899
0.000855
0.000813
0.000772
0.000734
0.000697
0.000662
0.000629
0.000597
0.000567
0.000538
0.000510
0.000484
0.000459
0.000436
0.000413
0.000392
0.000371
0.000352
0.000333
0.000316
0.000299
0.000283
0.000268
0.000253
0.000240
0.000227
0.000215
0.000203
0.000192
0.000181
0.000171
0.000162
0.000153
0.000145
0.000137
0.000129
0.000122
0.000115
0.000108
0.000102
0.000096
0.000091
0.000086
0.000081
0.000076
0.000072
0.000068
0.000064
0.000060
0.000056
0.000053
0.000050
0.000047
0.000044
0.000042
0.000039
0.000037
0.000035
0.000033
0.000031
0.000029
0.000027
0.000025
0.000024
0.000022
0.000021
0.000020
0.000018
0.000017
0.000016
0.000015
0.000014
0.000013
0.000013
0.000012
0.000011
0.000010
0.000010
0.000009
0.000008
0.000008
0.000007
0.000007
0.000006
0.000006
0.000006
0.000005
0.000005
0.000005
0.000004
0.000004
0.000004
0.000004
0.000003
0.000003
0.000003
0.000003
0.000002
0.000002
0.000002
0.000002
0.000002
0.000002
0.000002
0.000002
0.000001
0.000001
0.000001
0.000001
0.000001
0.000001
0.000001
0.000001
0.000001
0.000001
0.000001
0.000001
0.000001
0.000001
0.000001
0.000000
0.000000
0.000000
0.000000
0.000000
0.000000
0.000000
0.000000
0.000000
0.000000
0.000000
0.000000
0.000000
0.000000
0.000000
0.000000
0.000000
0.000000
0.000000
0.000000
0.000000
0.000000
0.000000
0.000000
0.000000
0.000000
0.000000
0.000000
0.000000
0.000000
0.000000
0.000000
0.000000
0.000000
0.000000
0.000000
0.000000
0.000000
0.000000
0.000000
0.000000
0.000000
0.000000
0.000000
0.000000
0.000000
0.000000
0.000000
0.000000
0.000000
0.000000
0.000000
0.000000
0.000000
0.000000
0.000000
0.000000
0.000000
0.000000
0.000000
0.000000
0.000000
0.000000
0.000000
0.000000
0.000000
0.000000
0.000000
0.000000
0.000000
0.000000
0.000000
0.000000
0.000000
0.000000
0.000000
0.000000
0.000000
0.000000
0.000000
0.000000
0.000000
0.000000
0.000000
0.000000
0.000000
0.000000
0.000000
0.000000
0.000000
0.000000
0.000000
0.000000
0.000000
0.000000
0.000000
0.000000
0.000000
0.000000
0.000000
0.000000
0.000000
0.000000
0.000000
0.000000
0.000000
0.000000
0.000000
0.000000
0.000000
0.000000
0.000000
0.000000
0.000000
0.000000
0.000000
0.000000
0.000000
0.000000
0.000000
0.000000
0.000000
0.000000
0.000000
0.000000
0.000000
0.000000
0.000000
0.000000
0.000000
0.000000
0.000000
0.000000
0.000000
0.000000
0.000000
0.000000
0.000000
0.000000
0.000000
0.000000
0.000000
0.000000
0.000000
0.000000
0.000000
0.000000
0.000000
0.000000
0.000000
0.000000
0.000000
0.000000
0.000000
0.000000
0.000000
0.000000
0.000000
0.000000
0.000000
0.000000
0.000000
0.000000
0.000000
0.000000
0.000000
0.000000
0.000000
0.000000
0.000000
0.000000
0.000000
0.000000
0.000000
0.000000
0.000000
0.000000
0.000000
0.000000
0.000000
0.000000
0.000000
0.000000
0.000000
0.000000
0.000000
0.000000
0.000000
0.000000
0.000000
0.000000
0.000000
0.000000
0.000000
0.000000
0.000000
0.000000
0.000000
0.000000
0.000000
0.000000
0.000000
0.000000
0.000000
0.000000
0.000000
0.000000
0.000000
0.000000
0.000000
0.000000
0.000000
0.000000
0.000000
0.000000
0.000000
0.000000
0.000000
0.000000
0.000000
0.000000
0.000000
0.000000
0.000000
0.000000
0.000000
0.000000
0.000000
0.000000
0.000000
0.000000
0.000000
0.000000
0.000000
0.000000
0.000000
0.000000
0.000000
0.000000
0.000000
0.000000
0.000000
0.000000
0.000000
0.000000
0.000000
0.000000
0.000000
0.000000
0.000000
0.000000
0.000000
0.000000
0.000000
0.000000
0.000000
0.000000
0.000000
0.000000
0.000000
0.000000
0.000000
0.000000
0.000000
0.000000
0.000000
0.000000
0.000000
0.000000
0.000000
0.000000
0.000000
0.000000
0.000000
0.000000
0.000000
0.000000
0.000000
0.000000
0.000000
0.000000
