0.000084
0.000168
0.000253
0.000338
0.000423
0.000511
0.000596
0.000688
0.000775
0.000869
0.000960
0.001056
0.001154
0.001250
0.001357
0.001455
0.001567
0.001675
0.001785
0.001908
0.002021
0.002148
0.002279
0.002402
0.002545
0.002687
0.002822
0.002981
0.003140
0.003288
0.003461
0.003644
0.003811
0.003989
0.004196
0.004401
0.004590
0.004794
0.005032
0.005280
0.005510
0.005730
0.005969
0.006244
0.006549
0.006871
0.007198
0.007524
0.007852
0.008186
0.008528
0.008881
0.009246
0.009625
0.010016
0.010422
0.010841
0.011276
0.011726
0.012191
0.012672
0.013169
0.013684
0.014215
0.014765
0.015332
0.015919
0.016524
0.017149
0.017795
0.018461
0.019148
0.019857
0.020588
0.021342
0.022119
0.022921
0.023746
0.024596
0.025472
0.026374
0.027303
0.028259
0.029242
0.030254
0.031295
0.032366
0.033466
0.034598
0.035760
0.036955
0.038182
0.039442
0.040736
0.042064
0.043428
0.044826
0.046261
0.047733
0.049242
0.050789
0.052374
0.053999
0.055663
0.057368
0.059113
0.060900
0.062729
0.064600
0.066515
0.068474
0.070476
0.072524
0.074616
0.076755
0.078940
0.081171
0.083450
0.085777
0.088152
0.090575
0.093048
0.095570
0.098142
0.100765
0.103438
0.106162
0.108937
0.111764
0.114643
0.117574
0.120557
0.123593
0.126682
0.129825
0.133020
0.136269
0.139572
0.142928
0.146338
0.149801
0.153318
0.156890
0.160514
0.164193
0.167925
0.171711
0.175550
0.179442
0.183387
0.187385
0.191436
0.195539
0.199693
0.203900
0.208157
0.212466
0.216824
0.221233
0.225691
0.230198
0.234753
0.239356
0.244006
0.248703
0.253445
0.258233
0.263065
0.267940
0.272858
0.277818
0.282819
0.287860
0.292941
0.298060
0.303216
0.308408
0.313636
0.318898
0.324193
0.329520
0.334878
0.340265
0.345681
0.351124
0.356594
0.362088
0.367606
0.373147
0.378707
0.384288
0.389886
0.395502
0.401133
0.406778
0.412435
0.418104
0.423782
0.429468
0.435162
0.440860
0.446562
0.452266
0.457970
0.463674
0.469375
0.475073
0.480764
0.486448
0.492124
0.497790
0.503443
0.509084
0.514710
0.520319
0.525910
0.531481
0.537032
0.542559
0.548063
0.553540
0.558990
0.564412
0.569803
0.575163
0.580489
0.585780
0.591034
0.596252
0.601429
0.606567
0.611663
0.616715
0.621722
0.626683
0.631597
0.636461
0.641276
0.646039
0.650750
0.655406
0.660007
0.664552
0.669039
0.673468
0.677837
0.682145
0.686390
0.690573
0.694690
0.698743
0.702730
0.706649
0.710500
0.714282
0.717993
0.721633
0.725202
0.728697
0.732119
0.735467
0.738739
0.741936
0.745055
0.748097
0.751061
0.753947
0.756753
0.759478
0.762124
0.764687
0.767169
0.769569
0.771885
0.774119
0.776268
0.778333
0.780314
0.782209
0.784019
0.785742
0.787380
0.788931
0.790395
0.791771
0.793061
0.794262
0.795376
0.796401
0.797338
0.798186
0.798945
0.799615
0.800197
0.800689
0.801091
0.801405
0.801628
0.801762
0.801807
0.801762
0.801628
0.801405
0.801091
0.800688
0.800197
0.799615
0.798946
0.798187
0.797339
0.796402
0.795377
0.794264
0.793063
0.791774
0.790397
0.788933
0.787383
0.785745
0.784021
0.782212
0.780316
0.778337
0.776271
0.774121
0.771888
0.769571
0.767172
0.764691
0.762127
0.759483
0.756756
0.753951
0.751066
0.748102
0.745059
0.741940
0.738744
0.735471
0.732124
0.728702
0.725206
0.721639
0.717998
0.714286
0.710505
0.706655
0.702736
0.698750
0.694697
0.690579
0.686397
0.682151
0.677844
0.673475
0.669046
0.664559
0.660014
0.655413
0.650756
0.646046
0.641283
0.636468
0.631603
0.626689
0.621728
0.616721
0.611669
0.606574
0.601437
0.596259
0.591041
0.585786
0.580495
0.575168
0.569809
0.564418
0.558996
0.553545
0.548068
0.542564
0.537037
0.531486
0.525915
0.520324
0.514715
0.509089
0.503449
0.497795
0.492128
0.486453
0.480768
0.475077
0.469380
0.463679
0.457975
0.452271
0.446567
0.440865
0.435167
0.429474
0.423788
0.418110
0.412441
0.406784
0.401139
0.395508
0.389893
0.384294
0.378714
0.373153
0.367613
0.362095
0.356601
0.351131
0.345688
0.340272
0.334885
0.329527
0.324199
0.318904
0.313643
0.308415
0.303223
0.298067
0.292948
0.287868
0.282827
0.277826
0.272865
0.267947
0.263072
0.258240
0.253453
0.248710
0.244014
0.239364
0.234761
0.230205
0.225698
0.221240
0.216832
0.212473
0.208165
0.203907
0.199701
0.195546
0.191443
0.187392
0.183394
0.179449
0.175556
0.171717
0.167932
0.164199
0.160521
0.156896
0.153325
0.149807
0.146344
0.142934
0.139578
0.136275
0.133026
0.129831
0.126688
0.123599
0.120563
0.117579
0.114648
0.111769
0.108942
0.106167
0.103443
0.100770
0.098147
0.095575
0.093053
0.090580
0.088157
0.085782
0.083455
0.081176
0.078944
0.076759
0.074621
0.072528
0.070480
0.068478
0.066519
0.064604
0.062733
0.060904
0.059117
0.057371
0.055666
0.054002
0.052377
0.050792
0.049245
0.047736
0.046264
0.044829
0.043431
0.042067
0.040739
0.039445
0.038185
0.036958
0.035763
0.034600
0.033469
0.032368
0.031298
0.030257
0.029245
0.028261
0.027305
0.026377
0.025475
0.024599
0.023748
0.022923
0.022122
0.021344
0.020590
0.019859
0.019150
0.018463
0.017797
0.017151
0.016526
0.015920
0.015334
0.014766
0.014217
0.013685
0.013171
0.012673
0.012192
0.011727
0.011277
0.010843
0.010423
0.010017
0.009626
0.009248
0.008882
0.008530
0.008190
0.007862
0.007546
0.007241
0.006947
0.006663
0.006390
0.006127
0.005874
0.005630
0.005395
0.005168
0.004951
0.004741
0.004540
0.004346
0.004160
0.003981
0.003808
0.003643
0.003484
0.003331
0.003185
0.003044
0.002909
0.002779
0.002655
0.002535
0.002421
0.002311
0.002206
0.002105
0.002008
0.001916
0.001827
0.001742
0.001661
0.001583
0.001509
0.001437
0.001369
0.001304
0.001242
0.001182
0.001125
0.001071
0.001019
0.000969
0.000922
0.000876
0.000833
0.000792
0.000753
0.000715
0.000679
0.000645
0.000613
0.000582
0.000552
0.000524
0.000497
0.000472
0.000447
0.000424
0.000402
0.000381
0.000361
0.000342
0.000324
0.000307
0.000291
0.000275
0.000261
0.000247
0.000233
0.000221
0.000209
0.000197
0.000187
0.000176
0.000167
0.000157
0.000149
0.000140
0.000133
0.000125
0.000118
0.000112
0.000105
0.000099
0.000094
0.000088
0.000083
0.000078
0.000074
0.000070
0.000066
0.000062
0.000058
0.000055
0.000052
0.000049
0.000046
0.000043
0.000040
0.000038
0.000036
0.000034
0.000032
0.000030
0.000028
0.000026
0.000025
0.000023
0.000022
0.000020
0.000019
0.000018
0.000017
0.000016
0.000015
0.000014
0.000013
0.000012
0.000011
0.000011
0.000010
0.000009
0.000009
0.000008
0.000008
0.000007
0.000007
0.000006
0.000006
0.000005
0.000005
0.000005
0.000004
0.000004
0.000004
0.000004
0.000003
0.000003
0.000003
0.000003
0.000003
0.000002
0.000002
0.000002
0.000002
0.000002
0.000002
0.000002
0.000001
0.000001
0.000001
0.000001
0.000001
0.000001
0.000001
0.000001
0.000001
0.000001
0.000001
0.000001
0.000001
0.000001
0.000001
0.000000
0.000000
0.000000
0.000000
0.000000
0.000000
0.000000
0.000000
0.000000
0.000000
0.000000
0.000000
0.000000
0.000000
0.000000
0.000000
0.000000
0.000000
0.000000
0.000000
0.000000
0.000000
0.000000
0.000000
0.000000
0.000000
0.000000
0.000000
0.000000
0.000000
0.000000
0.000000
0.000000
0.000000
0.000000
0.000000
0.000000
0.000000
0.000000
0.000000
0.000000
0.000000
0.000000
0.000000
0.000000
0.000000
0.000000
0.000000
0.000000
0.000000
0.000000
0.000000
0.000000
0.000000
0.000000
0.000000
0.000000
0.000000
0.000000
0.000000
0.000000
0.000000
0.000000
0.000000
0.000000
0.000000
0.000000
0.000000
0.000000
0.000000
0.000000
0.000000
0.000000
0.000000
0.000000
0.000000
0.000000
0.000000
0.000000
0.000000
0.000000
0.000000
0.000000
0.000000
0.000000
0.000000
0.000000
0.000000
0.000000
0.000000
0.000000
0.000000
0.000000
0.000000
0.000000
0.000000
0.000000
0.000000
0.000000
0.000000
0.000000
0.000000
0.000000
0.000000
0.000000
0.000000
0.000000
0.000000
0.000000
0.000000
0.000000
0.000000
0.000000
0.000000
0.000000
0.000000
0.000000
0.000000
0.000000
0.000000
0.000000
0.000000
0.000000
0.000000
0.000000
0.000000
0.000000
0.000000
0.000000
0.000000
0.000000
0.000000
0.000000
0.000000
0.000000
0.000000
0.000000
0.000000
0.000000
0.000000
0.000000
0.000000
0.000000
0.000000
0.000000
0.000000
0.000000
0.000000
0.000000
0.000000
0.000000
0.000000
0.000000
0.000000
0.000000
0.000000
0.000000
0.000000
0.000000
0.000000
0.000000
0.000000
0.000000
0.000000
0.000000
0.000000
0.000000
0.000000
0.000000
0.000000
0.000000
0.000000
0.000000
0.000000
0.000000
0.000000
0.000000
0.000000
0.000000
0.000000
0.000000
0.000000
0.000000
0.000000
0.000000
0.000000
0.000000
0.000000
0.000000
0.000000
0.000000
0.000000
0.000000
0.000000
0.000000
0.000000
0.000000
0.000000
0.000000
0.000000
0.000000
0.000000
0.000000
0.000000
0.000000
0.000000
0.000000
0.000000
0.000000
0.000000
0.000000
0.000000
0.000000
0.000000
0.000000
0.000000
0.000000
0.000000
0.000000
0.000000
0.000000
0.000000
0.000000
0.000000
0.000000
0.000000
0.000000
0.000000
0.000000
0.000000
0.000000
0.000000
0.000000
0.000000
0.000000
0.000000
0.000000
0.000000
0.000000
0.000000
0.000000
0.000000
0.000000
0.000000
0.000000
0.000000
0.000000
0.000000
0.000000
0.000000
0.000000
0.000000
0.000000
0.000000
0.000000
0.000000
0.000000
0.000000
0.000000
0.000000
0.000000
0.000000
0.000000
0.000000
0.000000
0.000000
0.000000
0.000000
0.000000
0.000000
0.000000
0.000000
0.000000
0.000000
0.000000
0.000000
0.000000
0.000000
0.000000
0.000000
0.000000
