0.000086
0.000173
0.000258
0.000346
0.000433
0.000523
0.000611
0.000703
0.000794
0.000888
0.000984
0.001079
0.001182
0.001279
0.001387
0.001491
0.001600
0.001716
0.001825
0.001950
0.002071
0.002193
0.002332
0.002459
0.002597
0.002750
0.002889
0.003042
0.003212
0.003367
0.003532
0.003722
0.003903
0.004077
0.004279
0.004497
0.004699
0.004899
0.005130
0.005385
0.005634
0.005865
0.006101
0.006367
0.006669
0.006995
0.007330
0.007667
0.008005
0.008347
0.008697
0.009057
0.009428
0.009813
0.010211
0.010624
0.011050
0.011492
0.011949
0.012422
0.012910
0.013416
0.013938
0.014478
0.015036
0.015613
0.016208
0.016823
0.017457
0.018112
0.018788
0.019486
0.020205
0.020947
0.021711
0.022500
0.023312
0.024149
0.025011
0.025899
0.026813
0.027754
0.028722
0.029719
0.030744
0.031798
0.032882
0.033997
0.035142
0.036319
0.037528
0.038770
0.040045
0.041354
0.042698
0.044076
0.045491
0.046942
0.048430
0.049955
0.051519
0.053121
0.054762
0.056444
0.058166
0.059929
0.061734
0.063580
0.065470
0.067403
0.069379
0.071400
0.073466
0.075578
0.077735
0.079938
0.082189
0.084487
0.086832
0.089226
0.091669
0.094161
0.096702
0.099293
0.101934
0.104626
0.107369
0.110163
0.113008
0.115906
0.118855
0.121857
0.124912
0.128019
0.131179
0.134392
0.137658
0.140978
0.144351
0.147777
0.151257
0.154791
0.158377
0.162017
0.165711
0.169458
0.173257
0.177110
0.181015
0.184973
0.188983
0.193046
0.197160
0.201325
0.205541
0.209808
0.214125
0.218492
0.222908
0.227372
0.231885
0.236445
0.241053
0.245706
0.250405
0.255150
0.259938
0.264770
0.269645
0.274561
0.279519
0.284516
0.289553
0.294628
0.299740
0.304889
0.310073
0.315291
0.320542
0.325826
0.331140
0.336484
0.341856
0.347256
0.352682
0.358133
0.363608
0.369105
0.374623
0.380161
0.385716
0.391289
0.396878
0.402481
0.408097
0.413724
0.419361
0.425006
0.430658
0.436316
0.441978
0.447642
0.453307
0.458972
0.464635
0.470293
0.475947
0.481594
0.487232
0.492861
0.498479
0.504084
0.509674
0.515249
0.520805
0.526343
0.531860
0.537355
0.542827
0.548273
0.553693
0.559085
0.564447
0.569778
0.575076
0.580340
0.585568
0.590760
0.595914
0.601027
0.606099
0.611130
0.616116
0.621057
0.625951
0.630798
0.635595
0.640342
0.645037
0.649679
0.654268
0.658800
0.663277
0.667696
0.672056
0.676357
0.680596
0.684774
0.688889
0.692939
0.696925
0.700845
0.704698
0.708484
0.712200
0.715846
0.719423
0.722928
0.726361
0.729721
0.733008
0.736220
0.739357
0.742419
0.745403
0.748311
0.751142
0.753893
0.756566
0.759160
0.761673
0.764106
0.766458
0.768728
0.770917
0.773022
0.775046
0.776986
0.778842
0.780615
0.782303
0.783906
0.785425
0.786858
0.788205
0.789468
0.790644
0.791734
0.792738
0.793654
0.794484
0.795227
0.795883
0.796452
0.796933
0.797327
0.797634
0.797852
0.797984
0.798027
0.797984
0.797853
0.797634
0.797327
0.796933
0.796452
0.795883
0.795228
0.794485
0.793655
0.792738
0.791736
0.790646
0.789470
0.788208
0.786861
0.785427
0.783909
0.782305
0.780617
0.778845
0.776989
0.775049
0.773025
0.770919
0.768731
0.766461
0.764109
0.761676
0.759163
0.756570
0.753897
0.751145
0.748316
0.745408
0.742423
0.739361
0.736224
0.733012
0.729725
0.726366
0.722933
0.719428
0.715852
0.712204
0.708489
0.704704
0.700852
0.696932
0.692946
0.688895
0.684781
0.680603
0.676363
0.672063
0.667702
0.663283
0.658807
0.654274
0.649686
0.645043
0.640349
0.635601
0.630804
0.625957
0.621063
0.616122
0.611136
0.606106
0.601034
0.595920
0.590767
0.585575
0.580346
0.575082
0.569783
0.564452
0.559090
0.553698
0.548278
0.542832
0.537360
0.531865
0.526348
0.520810
0.515254
0.509679
0.504089
0.498484
0.492866
0.487237
0.481598
0.475951
0.470298
0.464639
0.458977
0.453312
0.447647
0.441983
0.436321
0.430664
0.425012
0.419367
0.413730
0.408103
0.402487
0.396884
0.391296
0.385722
0.380166
0.374629
0.369111
0.363614
0.358139
0.352688
0.347263
0.341863
0.336490
0.331146
0.325832
0.320549
0.315298
0.310080
0.304896
0.299747
0.294635
0.289560
0.284524
0.279526
0.274569
0.269652
0.264778
0.259946
0.255157
0.250413
0.245713
0.241060
0.236452
0.231892
0.227379
0.222914
0.218498
0.214132
0.209815
0.205548
0.201332
0.197167
0.193053
0.188990
0.184980
0.181022
0.177117
0.173264
0.169464
0.165717
0.162024
0.158384
0.154797
0.151264
0.147784
0.144357
0.140984
0.137664
0.134398
0.131185
0.128025
0.124918
0.121863
0.118861
0.115911
0.113014
0.110168
0.107374
0.104631
0.101939
0.099298
0.096707
0.094166
0.091674
0.089231
0.086837
0.084491
0.082194
0.079943
0.077739
0.075582
0.073471
0.071405
0.069383
0.067407
0.065474
0.063584
0.061737
0.059933
0.058170
0.056447
0.054766
0.053124
0.051522
0.049958
0.048433
0.046945
0.045494
0.044079
0.042701
0.041357
0.040048
0.038773
0.037531
0.036322
0.035145
0.033999
0.032885
0.031801
0.030746
0.029721
0.028725
0.027756
0.026815
0.025901
0.025013
0.024151
0.023314
0.022502
0.021713
0.020949
0.020207
0.019487
0.018790
0.018114
0.017459
0.016824
0.016210
0.015614
0.015038
0.014480
0.013940
0.013417
0.012912
0.012423
0.011950
0.011493
0.011052
0.010625
0.010213
0.009814
0.009430
0.009059
0.008700
0.008354
0.008021
0.007699
0.007388
0.007089
0.006801
0.006523
0.006255
0.005997
0.005748
0.005509
0.005278
0.005056
0.004843
0.004638
0.004440
0.004250
0.004068
0.003892
0.003723
0.003561
0.003406
0.003256
0.003112
0.002975
0.002842
0.002715
0.002593
0.002477
0.002365
0.002257
0.002154
0.002056
0.001961
0.001870
0.001784
0.001701
0.001621
0.001545
0.001472
0.001403
0.001336
0.001272
0.001211
0.001153
0.001097
0.001044
0.000993
0.000945
0.000899
0.000854
0.000812
0.000772
0.000734
0.000697
0.000662
0.000629
0.000597
0.000567
0.000538
0.000510
0.000484
0.000459
0.000435
0.000413
0.000391
0.000371
0.000351
0.000333
0.000315
0.000299
0.000283
0.000268
0.000253
0.000240
0.000227
0.000215
0.000203
0.000192
0.000181
0.000171
0.000162
0.000153
0.000145
0.000137
0.000129
0.000122
0.000115
0.000108
0.000102
0.000096
0.000091
0.000086
0.000081
0.000076
0.000072
0.000068
0.000064
0.000060
0.000056
0.000053
0.000050
0.000047
0.000044
0.000042
0.000039
0.000037
0.000035
0.000033
0.000031
0.000029
0.000027
0.000025
0.000024
0.000022
0.000021
0.000020
0.000018
0.000017
0.000016
0.000015
0.000014
0.000013
0.000013
0.000012
0.000011
0.000010
0.000010
0.000009
0.000008
0.000008
0.000007
0.000007
0.000006
0.000006
0.000006
0.000005
0.000005
0.000005
0.000004
0.000004
0.000004
0.000004
0.000003
0.000003
0.000003
0.000003
0.000002
0.000002
0.000002
0.000002
0.000002
0.000002
0.000002
0.000002
0.000001
0.000001
0.000001
0.000001
0.000001
0.000001
0.000001
0.000001
0.000001
0.000001
0.000001
0.000001
0.000001
0.000001
0.000001
0.000000
0.000000
0.000000
0.000000
0.000000
0.000000
0.000000
0.000000
0.000000
0.000000
0.000000
0.000000
0.000000
0.000000
0.000000
0.000000
0.000000
0.000000
0.000000
0.000000
0.000000
0.000000
0.000000
0.000000
0.000000
0.000000
0.000000
0.000000
0.000000
0.000000
0.000000
0.000000
0.000000
0.000000
0.000000
0.000000
0.000000
0.000000
0.000000
0.000000
0.000000
0.000000
0.000000
0.000000
0.000000
0.000000
0.000000
0.000000
0.000000
0.000000
0.000000
0.000000
0.000000
0.000000
0.000000
0.000000
0.000000
0.000000
0.000000
0.000000
0.000000
0.000000
0.000000
0.000000
0.000000
0.000000
0.000000
0.000000
0.000000
0.000000
0.000000
0.000000
0.000000
0.000000
0.000000
0.000000
0.000000
0.000000
0.000000
0.000000
0.000000
0.000000
0.000000
0.000000
0.000000
0.000000
0.000000
0.000000
0.000000
0.000000
0.000000
0.000000
0.000000
0.000000
0.000000
0.000000
0.000000
0.000000
0.000000
0.000000
0.000000
0.000000
0.000000
0.000000
0.000000
0.000000
0.000000
0.000000
0.000000
0.000000
0.000000
0.000000
0.000000
0.000000
0.000000
0.000000
0.000000
0.000000
0.000000
0.000000
0.000000
0.000000
0.000000
0.000000
0.000000
0.000000
0.000000
0.000000
0.000000
0.000000
0.000000
0.000000
0.000000
0.000000
0.000000
0.000000
0.000000
0.000000
0.000000
0.000000
0.000000
0.000000
0.000000
0.000000
0.000000
0.000000
0.000000
0.000000
0.000000
0.000000
0.000000
0.000000
0.000000
0.000000
0.000000
0.000000
0.000000
0.000000
0.000000
0.000000
0.000000
0.000000
0.000000
0.000000
0.000000
0.000000
0.000000
0.000000
0.000000
0.000000
0.000000
0.000000
0.000000
0.000000
0.000000
0.000000
0.000000
0.000000
0.000000
0.000000
0.000000
0.000000
0.000000
0.000000
0.000000
0.000000
0.000000
0.000000
0.000000
0.000000
0.000000
0.000000
0.000000
0.000000
0.000000
0.000000
0.000000
0.000000
0.000000
0.000000
0.000000
0.000000
0.000000
0.000000
0.000000
0.000000
0.000000
0.000000
0.000000
0.000000
0.000000
0.000000
0.000000
0.000000
0.000000
0.000000
0.000000
0.000000
0.000000
0.000000
0.000000
0.000000
0.000000
0.000000
0.000000
0.000000
0.000000
0.000000
0.000000
0.000000
0.000000
0.000000
0.000000
0.000000
0.000000
0.000000
0.000000
0.000000
0.000000
0.000000
0.000000
0.000000
0.000000
0.000000
0.000000
0.000000
0.000000
0.000000
0.000000
0.000000
0.000000
0.000000
0.000000
0.000000
0.000000
0.000000
0.000000
0.000000
0.000000
0.000000
0.000000
0.000000
0.000000
0.000000
0.000000
0.000000
0.000000
0.000000
0.000000
0.000000
0.000000
0.000000
0.000000
0.000000
0.000000
0.000000
0.000000
0.000000
0.000000
0.000000
