0.000088
0.000176
0.000264
0.000354
0.000443
0.000534
0.000626
0.000718
0.000814
0.000907
0.001008
0.001104
0.001209
0.001310
0.001417
0.001528
0.001635
0.001756
0.001869
0.001991
0.002121
0.002242
0.002382
0.002520
0.002653
0.002809
0.002959
0.003107
0.003280
0.003448
0.003609
0.003797
0.003992
0.004172
0.004366
0.004589
0.004808
0.005012
0.005234
0.005489
0.005754
0.006001
0.006240
0.006499
0.006794
0.007120
0.007463
0.007811
0.008160
0.008511
0.008868
0.009235
0.009614
0.010005
0.010410
0.010829
0.011263
0.011712
0.012176
0.012657
0.013153
0.013667
0.014197
0.014746
0.015312
0.015898
0.016502
0.017126
0.017770
0.018435
0.019121
0.019829
0.020558
0.021311
0.022086
0.022886
0.023709
0.024558
0.025432
0.026332
0.027258
0.028212
0.029193
0.030202
0.031241
0.032308
0.033406
0.034534
0.035694
0.036885
0.038109
0.039366
0.040656
0.041980
0.043340
0.044734
0.046165
0.047632
0.049136
0.050678
0.052258
0.053878
0.055536
0.057235
0.058975
0.060755
0.062578
0.064442
0.066350
0.068301
0.070296
0.072336
0.074420
0.076550
0.078726
0.080949
0.083218
0.085535
0.087900
0.090313
0.092775
0.095285
0.097846
0.100456
0.103116
0.105827
0.108589
0.111402
0.114266
0.117182
0.120150
0.123171
0.126243
0.129368
0.132546
0.135777
0.139061
0.142398
0.145788
0.149231
0.152727
0.156276
0.159878
0.163534
0.167242
0.171003
0.174817
0.178683
0.182602
0.186572
0.190595
0.194668
0.198793
0.202969
0.207195
0.211471
0.215796
0.220171
0.224594
0.229065
0.233584
0.238149
0.242760
0.247417
0.252119
0.256865
0.261654
0.266487
0.271360
0.276275
0.281229
0.286223
0.291255
0.296325
0.301430
0.306571
0.311746
0.316954
0.322195
0.327466
0.332767
0.338097
0.343454
0.348837
0.354245
0.359678
0.365132
0.370608
0.376104
0.381618
0.387149
0.392696
0.398258
0.403833
0.409419
0.415015
0.420620
0.426232
0.431850
0.437472
0.443097
0.448723
0.454349
0.459973
0.465594
0.471210
0.476820
0.482421
0.488014
0.493596
0.499165
0.504720
0.510260
0.515783
0.521287
0.526771
0.532233
0.537673
0.543088
0.548477
0.553839
0.559172
0.564474
0.569744
0.574980
0.580183
0.585348
0.590477
0.595565
0.600614
0.605621
0.610586
0.615505
0.620380
0.625207
0.629986
0.634716
0.639395
0.644022
0.648596
0.653115
0.657580
0.661987
0.666338
0.670629
0.674862
0.679033
0.683142
0.687189
0.691172
0.695091
0.698944
0.702730
0.706450
0.710100
0.713682
0.717194
0.720636
0.724006
0.727304
0.730530
0.733682
0.736759
0.739763
0.742690
0.745541
0.748317
0.751014
0.753635
0.756176
0.758639
0.761023
0.763327
0.765551
0.767694
0.769756
0.771737
0.773637
0.775455
0.777189
0.778842
0.780411
0.781897
0.783300
0.784618
0.785854
0.787005
0.788071
0.789052
0.789949
0.790760
0.791487
0.792129
0.792685
0.793156
0.793542
0.793841
0.794055
0.794183
0.794226
0.794183
0.794055
0.793841
0.793542
0.793156
0.792685
0.792129
0.791488
0.790761
0.789950
0.789053
0.788072
0.787006
0.785856
0.784621
0.783302
0.781900
0.780414
0.778845
0.777192
0.775457
0.773640
0.771741
0.769759
0.767696
0.765553
0.763330
0.761025
0.758642
0.756179
0.753638
0.751018
0.748320
0.745546
0.742695
0.739767
0.736764
0.733686
0.730534
0.727309
0.724011
0.720641
0.717200
0.713688
0.710105
0.706455
0.702736
0.698950
0.695097
0.691179
0.687196
0.683149
0.679040
0.674868
0.670636
0.666344
0.661994
0.657586
0.653122
0.648602
0.644028
0.639401
0.634722
0.629992
0.625213
0.620386
0.615512
0.610592
0.605628
0.600621
0.595572
0.590483
0.585355
0.580189
0.574987
0.569749
0.564479
0.559177
0.553844
0.548483
0.543094
0.537678
0.532239
0.526776
0.521292
0.515788
0.510265
0.504725
0.499170
0.493600
0.488018
0.482426
0.476824
0.471214
0.465599
0.459978
0.454354
0.448728
0.443102
0.437477
0.431855
0.426237
0.420626
0.415021
0.409424
0.403838
0.398264
0.392702
0.387155
0.381624
0.376110
0.370614
0.365139
0.359684
0.354252
0.348844
0.343460
0.338103
0.332774
0.327472
0.322201
0.316961
0.311753
0.306578
0.301437
0.296332
0.291262
0.286231
0.281237
0.276282
0.271367
0.266494
0.261662
0.256872
0.252126
0.247424
0.242768
0.238156
0.233591
0.229072
0.224601
0.220178
0.215803
0.211478
0.207202
0.202976
0.198800
0.194675
0.190602
0.186579
0.182608
0.178690
0.174824
0.171010
0.167249
0.163540
0.159885
0.156282
0.152733
0.149237
0.145794
0.142404
0.139067
0.135783
0.132552
0.129374
0.126249
0.123177
0.120156
0.117188
0.114272
0.111407
0.108594
0.105832
0.103121
0.100461
0.097851
0.095290
0.092779
0.090318
0.087905
0.085540
0.083223
0.080953
0.078731
0.076555
0.074425
0.072340
0.070300
0.068305
0.066354
0.064446
0.062581
0.060759
0.058978
0.057239
0.055540
0.053881
0.052262
0.050681
0.049139
0.047635
0.046168
0.044737
0.043343
0.041983
0.040659
0.039369
0.038112
0.036888
0.035697
0.034537
0.033409
0.032311
0.031243
0.030205
0.029195
0.028214
0.027260
0.026334
0.025434
0.024560
0.023711
0.022888
0.022088
0.021313
0.020560
0.019830
0.019123
0.018437
0.017772
0.017128
0.016504
0.015899
0.015314
0.014747
0.014199
0.013668
0.013155
0.012658
0.012178
0.011713
0.011264
0.010830
0.010411
0.010006
0.009615
0.009238
0.008873
0.008521
0.008182
0.007854
0.007539
0.007234
0.006940
0.006657
0.006384
0.006122
0.005869
0.005625
0.005390
0.005164
0.004947
0.004737
0.004536
0.004343
0.004156
0.003977
0.003805
0.003640
0.003481
0.003329
0.003182
0.003042
0.002907
0.002777
0.002653
0.002534
0.002419
0.002310
0.002204
0.002104
0.002007
0.001915
0.001826
0.001741
0.001660
0.001582
0.001508
0.001437
0.001369
0.001303
0.001241
0.001182
0.001125
0.001070
0.001018
0.000969
0.000921
0.000876
0.000833
0.000792
0.000752
0.000715
0.000679
0.000645
0.000612
0.000581
0.000552
0.000524
0.000497
0.000471
0.000447
0.000424
0.000402
0.000381
0.000361
0.000342
0.000324
0.000307
0.000291
0.000275
0.000260
0.000246
0.000233
0.000221
0.000209
0.000197
0.000187
0.000176
0.000167
0.000157
0.000149
0.000140
0.000133
0.000125
0.000118
0.000112
0.000105
0.000099
0.000094
0.000088
0.000083
0.000078
0.000074
0.000070
0.000066
0.000062
0.000058
0.000055
0.000052
0.000049
0.000046
0.000043
0.000040
0.000038
0.000036
0.000034
0.000032
0.000030
0.000028
0.000026
0.000025
0.000023
0.000022
0.000020
0.000019
0.000018
0.000017
0.000016
0.000015
0.000014
0.000013
0.000012
0.000011
0.000011
0.000010
0.000009
0.000009
0.000008
0.000008
0.000007
0.000007
0.000006
0.000006
0.000005
0.000005
0.000005
0.000004
0.000004
0.000004
0.000004
0.000003
0.000003
0.000003
0.000003
0.000003
0.000002
0.000002
0.000002
0.000002
0.000002
0.000002
0.000002
0.000001
0.000001
0.000001
0.000001
0.000001
0.000001
0.000001
0.000001
0.000001
0.000001
0.000001
0.000001
0.000001
0.000001
0.000001
0.000000
0.000000
0.000000
0.000000
0.000000
0.000000
0.000000
0.000000
0.000000
0.000000
0.000000
0.000000
0.000000
0.000000
0.000000
0.000000
0.000000
0.000000
0.000000
0.000000
0.000000
0.000000
0.000000
0.000000
0.000000
0.000000
0.000000
0.000000
0.000000
0.000000
0.000000
0.000000
0.000000
0.000000
0.000000
0.000000
0.000000
0.000000
0.000000
0.000000
0.000000
0.000000
0.000000
0.000000
0.000000
0.000000
0.000000
0.000000
0.000000
0.000000
0.000000
0.000000
0.000000
0.000000
0.000000
0.000000
0.000000
0.000000
0.000000
0.000000
0.000000
0.000000
0.000000
0.000000
0.000000
0.000000
0.000000
0.000000
0.000000
0.000000
0.000000
0.000000
0.000000
0.000000
0.000000
0.000000
0.000000
0.000000
0.000000
0.000000
0.000000
0.000000
0.000000
0.000000
0.000000
0.000000
0.000000
0.000000
0.000000
0.000000
0.000000
0.000000
0.000000
0.000000
0.000000
0.000000
0.000000
0.000000
0.000000
0.000000
0.000000
0.000000
0.000000
0.000000
0.000000
0.000000
0.000000
0.000000
0.000000
0.000000
0.000000
0.000000
0.000000
0.000000
0.000000
0.000000
0.000000
0.000000
0.000000
0.000000
0.000000
0.000000
0.000000
0.000000
0.000000
0.000000
0.000000
0.000000
0.000000
0.000000
0.000000
0.000000
0.000000
0.000000
0.000000
0.000000
0.000000
0.000000
0.000000
0.000000
0.000000
0.000000
0.000000
0.000000
0.000000
0.000000
0.000000
0.000000
0.000000
0.000000
0.000000
0.000000
0.000000
0.000000
0.000000
0.000000
0.000000
0.000000
0.000000
0.000000
0.000000
0.000000
0.000000
0.000000
0.000000
0.000000
0.000000
0.000000
0.000000
0.000000
0.000000
0.000000
0.000000
0.000000
0.000000
0.000000
0.000000
0.000000
0.000000
0.000000
0.000000
0.000000
0.000000
0.000000
0.000000
0.000000
0.000000
0.000000
0.000000
0.000000
0.000000
0.000000
0.000000
0.000000
0.000000
0.000000
0.000000
0.000000
0.000000
0.000000
0.000000
0.000000
0.000000
0.000000
0.000000
0.000000
0.000000
0.000000
0.000000
0.000000
0.000000
0.000000
0.000000
0.000000
0.000000
0.000000
0.000000
0.000000
0.000000
0.000000
0.000000
0.000000
0.000000
0.000000
0.000000
0.000000
0.000000
0.000000
0.000000
0.000000
0.000000
0.000000
0.000000
0.000000
0.000000
0.000000
0.000000
0.000000
0.000000
0.000000
0.000000
0.000000
0.000000
0.000000
0.000000
0.000000
0.000000
0.000000
0.000000
0.000000
0.000000
0.000000
0.000000
0.000000
0.000000
0.000000
0.000000
0.000000
0.000000
0.000000
0.000000
0.000000
0.000000
0.000000
0.000000
0.000000
0.000000
0.000000
0.000000
0.000000
0.000000
0.000000
0.000000
0.000000
0.000000
0.000000
0.000000
0.000000
0.000000
0.000000
