0.000090
0.000180
0.000271
0.000362
0.000455
0.000546
0.000642
0.000734
0.000833
0.000928
0.001031
0.001131
0.001235
0.001343
0.001448
0.001564
0.001673
0.001794
0.001916
0.002034
0.002170
0.002296
0.002431
0.002579
0.002715
0.002867
0.003029
0.003178
0.003346
0.003527
0.003693
0.003874
0.004078
0.004270
0.004460
0.004679
0.004912
0.005129
0.005346
0.005596
0.005869
0.006135
0.006384
0.006640
0.006927
0.007250
0.007597
0.007955
0.008315
0.008676
0.009042
0.009417
0.009802
0.010201
0.010612
0.011039
0.011479
0.011936
0.012408
0.012896
0.013400
0.013922
0.014461
0.015018
0.015593
0.016188
0.016801
0.017435
0.018088
0.018763
0.019459
0.020177
0.020917
0.021680
0.022467
0.023278
0.024113
0.024973
0.025859
0.026771
0.027710
0.028676
0.029670
0.030693
0.031745
0.032826
0.033938
0.035080
0.036254
0.037460
0.038698
0.039970
0.041276
0.042615
0.043990
0.045401
0.046848
0.048331
0.049852
0.051410
0.053008
0.054644
0.056320
0.058036
0.059793
0.061592
0.063432
0.065315
0.067241
0.069211
0.071224
0.073283
0.075386
0.077535
0.079730
0.081971
0.084260
0.086596
0.088979
0.091412
0.093892
0.096423
0.099002
0.101631
0.104311
0.107041
0.109822
0.112654
0.115537
0.118472
0.121458
0.124497
0.127588
0.130731
0.133927
0.137176
0.140477
0.143831
0.147238
0.150697
0.154210
0.157775
0.161393
0.165064
0.168787
0.172562
0.176390
0.180270
0.184201
0.188184
0.192219
0.196304
0.200439
0.204625
0.208861
0.213146
0.217480
0.221862
0.226293
0.230770
0.235294
0.239864
0.244479
0.249140
0.253844
0.258591
0.263381
0.268213
0.273086
0.277998
0.282950
0.287940
0.292967
0.298030
0.303129
0.308262
0.313428
0.318626
0.323855
0.329114
0.334401
0.339716
0.345058
0.350424
0.355815
0.361228
0.366663
0.372117
0.377590
0.383080
0.388586
0.394107
0.399641
0.405187
0.410743
0.416308
0.421881
0.427459
0.433042
0.438628
0.444216
0.449804
0.455390
0.460973
0.466552
0.472125
0.477690
0.483247
0.488793
0.494327
0.499847
0.505353
0.510842
0.516313
0.521764
0.527194
0.532601
0.537985
0.543343
0.548675
0.553978
0.559251
0.564493
0.569701
0.574877
0.580016
0.585118
0.590183
0.595207
0.600191
0.605133
0.610031
0.614884
0.619691
0.624451
0.629162
0.633824
0.638434
0.642993
0.647498
0.651949
0.656345
0.660683
0.664965
0.669188
0.673351
0.677454
0.681495
0.685473
0.689389
0.693240
0.697026
0.700746
0.704399
0.707984
0.711501
0.714948
0.718327
0.721634
0.724870
0.728034
0.731125
0.734143
0.737088
0.739958
0.742753
0.745472
0.748116
0.750683
0.753173
0.755585
0.757919
0.760176
0.762353
0.764451
0.766470
0.768409
0.770268
0.772047
0.773744
0.775360
0.776896
0.778349
0.779721
0.781011
0.782218
0.783344
0.784386
0.785346
0.786222
0.787016
0.787727
0.788354
0.788897
0.789358
0.789735
0.790027
0.790236
0.790362
0.790403
0.790362
0.790236
0.790027
0.789734
0.789357
0.788897
0.788353
0.787726
0.787017
0.786223
0.785347
0.784387
0.783346
0.782220
0.781013
0.779723
0.778351
0.776898
0.775363
0.773746
0.772049
0.770271
0.768412
0.766473
0.764454
0.762355
0.760178
0.757922
0.755588
0.753176
0.750686
0.748119
0.745476
0.742757
0.739962
0.737092
0.734147
0.731130
0.728038
0.724874
0.721639
0.718332
0.714954
0.711506
0.707989
0.704404
0.700752
0.697032
0.693246
0.689395
0.685480
0.681501
0.677460
0.673357
0.669194
0.664971
0.660690
0.656351
0.651955
0.647504
0.642999
0.638441
0.633830
0.629169
0.624457
0.619697
0.614890
0.610038
0.605139
0.600197
0.595214
0.590189
0.585124
0.580022
0.574883
0.569707
0.564498
0.559256
0.553983
0.548680
0.543349
0.537990
0.532607
0.527199
0.521768
0.516317
0.510846
0.505358
0.499853
0.494332
0.488797
0.483251
0.477695
0.472129
0.466557
0.460978
0.455395
0.449809
0.444221
0.438633
0.433047
0.427464
0.421886
0.416314
0.410749
0.405192
0.399647
0.394113
0.388592
0.383086
0.377596
0.372123
0.366668
0.361234
0.355821
0.350431
0.345064
0.339723
0.334408
0.329120
0.323861
0.318632
0.313434
0.308268
0.303136
0.298037
0.292974
0.287947
0.282957
0.278006
0.273093
0.268220
0.263389
0.258599
0.253851
0.249147
0.244487
0.239871
0.235301
0.230777
0.226299
0.221869
0.217487
0.213153
0.208868
0.204632
0.200447
0.196311
0.192226
0.188191
0.184208
0.180276
0.176396
0.172569
0.168793
0.165070
0.161399
0.157781
0.154216
0.150703
0.147244
0.143837
0.140483
0.137182
0.133933
0.130737
0.127594
0.124503
0.121464
0.118477
0.115542
0.112659
0.109827
0.107046
0.104316
0.101637
0.099007
0.096428
0.093897
0.091416
0.088984
0.086600
0.084264
0.081976
0.079734
0.077539
0.075390
0.073287
0.071228
0.069215
0.067245
0.065319
0.063436
0.061596
0.059797
0.058040
0.056324
0.054647
0.053011
0.051414
0.049855
0.048334
0.046851
0.045404
0.043993
0.042619
0.041279
0.039973
0.038701
0.037463
0.036257
0.035083
0.033940
0.032829
0.031747
0.030696
0.029673
0.028679
0.027712
0.026773
0.025861
0.024975
0.024115
0.023280
0.022469
0.021682
0.020919
0.020179
0.019461
0.018765
0.018090
0.017436
0.016803
0.016189
0.015595
0.015019
0.014462
0.013923
0.013402
0.012897
0.012409
0.011937
0.011481
0.011040
0.010614
0.010202
0.009804
0.009420
0.009049
0.008692
0.008346
0.008013
0.007692
0.007382
0.007083
0.006795
0.006517
0.006249
0.005991
0.005743
0.005504
0.005274
0.005052
0.004839
0.004634
0.004437
0.004247
0.004065
0.003889
0.003721
0.003559
0.003403
0.003254
0.003110
0.002973
0.002840
0.002714
0.002592
0.002475
0.002363
0.002256
0.002153
0.002054
0.001960
0.001869
0.001783
0.001700
0.001620
0.001544
0.001471
0.001402
0.001335
0.001272
0.001211
0.001153
0.001097
0.001044
0.000993
0.000945
0.000898
0.000854
0.000812
0.000772
0.000733
0.000697
0.000662
0.000628
0.000597
0.000566
0.000538
0.000510
0.000484
0.000459
0.000435
0.000413
0.000391
0.000371
0.000351
0.000333
0.000315
0.000299
0.000283
0.000268
0.000253
0.000240
0.000227
0.000215
0.000203
0.000192
0.000181
0.000171
0.000162
0.000153
0.000145
0.000136
0.000129
0.000122
0.000115
0.000108
0.000102
0.000096
0.000091
0.000086
0.000081
0.000076
0.000072
0.000068
0.000064
0.000060
0.000056
0.000053
0.000050
0.000047
0.000044
0.000042
0.000039
0.000037
0.000035
0.000033
0.000031
0.000029
0.000027
0.000025
0.000024
0.000022
0.000021
0.000020
0.000018
0.000017
0.000016
0.000015
0.000014
0.000013
0.000013
0.000012
0.000011
0.000010
0.000010
0.000009
0.000008
0.000008
0.000007
0.000007
0.000006
0.000006
0.000006
0.000005
0.000005
0.000005
0.000004
0.000004
0.000004
0.000004
0.000003
0.000003
0.000003
0.000003
0.000002
0.000002
0.000002
0.000002
0.000002
0.000002
0.000002
0.000002
0.000001
0.000001
0.000001
0.000001
0.000001
0.000001
0.000001
0.000001
0.000001
0.000001
0.000001
0.000001
0.000001
0.000001
0.000001
0.000000
0.000000
0.000000
0.000000
0.000000
0.000000
0.000000
0.000000
0.000000
0.000000
0.000000
0.000000
0.000000
0.000000
0.000000
0.000000
0.000000
0.000000
0.000000
0.000000
0.000000
0.000000
0.000000
0.000000
0.000000
0.000000
0.000000
0.000000
0.000000
0.000000
0.000000
0.000000
0.000000
0.000000
0.000000
0.000000
0.000000
0.000000
0.000000
0.000000
0.000000
0.000000
0.000000
0.000000
0.000000
0.000000
0.000000
0.000000
0.000000
0.000000
0.000000
0.000000
0.000000
0.000000
0.000000
0.000000
0.000000
0.000000
0.000000
0.000000
0.000000
0.000000
0.000000
0.000000
0.000000
0.000000
0.000000
0.000000
0.000000
0.000000
0.000000
0.000000
0.000000
0.000000
0.000000
0.000000
0.000000
0.000000
0.000000
0.000000
0.000000
0.000000
0.000000
0.000000
0.000000
0.000000
0.000000
0.000000
0.000000
0.000000
0.000000
0.000000
0.000000
0.000000
0.000000
0.000000
0.000000
0.000000
0.000000
0.000000
0.000000
0.000000
0.000000
0.000000
0.000000
0.000000
0.000000
0.000000
0.000000
0.000000
0.000000
0.000000
0.000000
0.000000
0.000000
0.000000
0.000000
0.000000
0.000000
0.000000
0.000000
0.000000
0.000000
0.000000
0.000000
0.000000
0.000000
0.000000
0.000000
0.000000
0.000000
0.000000
0.000000
0.000000
0.000000
0.000000
0.000000
0.000000
0.000000
0.000000
0.000000
0.000000
0.000000
0.000000
0.000000
0.000000
0.000000
0.000000
0.000000
0.000000
0.000000
0.000000
0.000000
0.000000
0.000000
0.000000
0.000000
0.000000
0.000000
0.000000
0.000000
0.000000
0.000000
0.000000
0.000000
0.000000
0.000000
0.000000
0.000000
0.000000
0.000000
0.000000
0.000000
0.000000
0.000000
0.000000
0.000000
0.000000
0.000000
0.000000
0.000000
0.000000
0.000000
0.000000
0.000000
0.000000
0.000000
0.000000
0.000000
0.000000
0.000000
0.000000
0.000000
0.000000
0.000000
0.000000
0.000000
0.000000
0.000000
0.000000
0.000000
0.000000
0.000000
0.000000
0.000000
0.000000
0.000000
0.000000
0.000000
0.000000
0.000000
0.000000
0.000000
0.000000
0.000000
0.000000
0.000000
0.000000
0.000000
0.000000
0.000000
0.000000
0.000000
0.000000
0.000000
0.000000
0.000000
0.000000
0.000000
0.000000
0.000000
0.000000
0.000000
0.000000
0.000000
0.000000
0.000000
0.000000
0.000000
0.000000
0.000000
0.000000
0.000000
0.000000
0.000000
0.000000
0.000000
0.000000
0.000000
0.000000
0.000000
0.000000
0.000000
0.000000
0.000000
0.000000
0.000000
0.000000
0.000000
0.000000
0.000000
0.000000
0.000000
0.000000
0.000000
0.000000
0.000000
0.000000
0.000000
0.000000
0.000000
0.000000
0.000000
0.000000
0.000000
0.000000
0.000000
0.000000
0.000000
