0.000092
0.000184
0.000278
0.000370
0.000465
0.000559
0.000656
0.000752
0.000852
0.000951
0.001053
0.001159
0.001262
0.001375
0.001481
0.001598
0.001715
0.001832
0.001961
0.002081
0.002216
0.002352
0.002484
0.002635
0.002780
0.002927
0.003095
0.003254
0.003416
0.003603
0.003781
0.003957
0.004161
0.004368
0.004561
0.004773
0.005013
0.005246
0.005467
0.005708
0.005983
0.006265
0.006530
0.006789
0.007069
0.007386
0.007734
0.008099
0.008470
0.008843
0.009218
0.009601
0.009994
0.010399
0.010818
0.011251
0.011700
0.012163
0.012643
0.013139
0.013652
0.014181
0.014729
0.015295
0.015879
0.016482
0.017105
0.017748
0.018412
0.019097
0.019803
0.020531
0.021282
0.022056
0.022854
0.023676
0.024523
0.025395
0.026293
0.027217
0.028169
0.029148
0.030155
0.031191
0.032256
0.033351
0.034477
0.035634
0.036822
0.038043
0.039296
0.040583
0.041904
0.043259
0.044650
0.046077
0.047540
0.049039
0.050577
0.052152
0.053767
0.055420
0.057114
0.058848
0.060623
0.062439
0.064298
0.066199
0.068143
0.070131
0.072164
0.074241
0.076363
0.078531
0.080744
0.083005
0.085313
0.087668
0.090071
0.092523
0.095023
0.097572
0.100171
0.102820
0.105518
0.108267
0.111067
0.113918
0.116820
0.119774
0.122779
0.125837
0.128946
0.132107
0.135321
0.138587
0.141906
0.145277
0.148701
0.152177
0.155706
0.159287
0.162920
0.166606
0.170344
0.174134
0.177976
0.181869
0.185813
0.189809
0.193855
0.197952
0.202098
0.206294
0.210540
0.214834
0.219176
0.223566
0.228003
0.232486
0.237016
0.241590
0.246210
0.250873
0.255579
0.260328
0.265119
0.269950
0.274821
0.279731
0.284680
0.289665
0.294687
0.299745
0.304836
0.309960
0.315117
0.320305
0.325523
0.330769
0.336043
0.341343
0.346668
0.352018
0.357390
0.362784
0.368198
0.373630
0.379080
0.384546
0.390027
0.395521
0.401027
0.406544
0.412070
0.417603
0.423143
0.428688
0.434236
0.439785
0.445335
0.450884
0.456430
0.461973
0.467509
0.473038
0.478559
0.484070
0.489569
0.495054
0.500526
0.505981
0.511419
0.516837
0.522235
0.527611
0.532963
0.538290
0.543591
0.548865
0.554109
0.559322
0.564503
0.569651
0.574764
0.579840
0.584879
0.589879
0.594839
0.599757
0.604633
0.609464
0.614250
0.618991
0.623683
0.628326
0.632919
0.637461
0.641951
0.646387
0.650769
0.655096
0.659365
0.663577
0.667731
0.671825
0.675859
0.679832
0.683742
0.687589
0.691373
0.695092
0.698744
0.702331
0.705850
0.709302
0.712685
0.715999
0.719243
0.722417
0.725519
0.728550
0.731509
0.734394
0.737207
0.739946
0.742609
0.745198
0.747712
0.750150
0.752512
0.754797
0.757005
0.759136
0.761188
0.763163
0.765060
0.766878
0.768618
0.770278
0.771858
0.773360
0.774780
0.776121
0.777382
0.778562
0.779662
0.780681
0.781619
0.782475
0.783250
0.783945
0.784557
0.785089
0.785538
0.785906
0.786192
0.786396
0.786519
0.786560
0.786519
0.786396
0.786192
0.785906
0.785538
0.785088
0.784557
0.783944
0.783251
0.782476
0.781620
0.780682
0.779664
0.778564
0.777384
0.776123
0.774783
0.773362
0.771861
0.770280
0.768620
0.766881
0.765063
0.763166
0.761191
0.759138
0.757007
0.754799
0.752514
0.750152
0.747715
0.745202
0.742613
0.739949
0.737211
0.734399
0.731513
0.728554
0.725524
0.722422
0.719249
0.716005
0.712690
0.709307
0.705856
0.702336
0.698750
0.695097
0.691379
0.687596
0.683749
0.679838
0.675866
0.671832
0.667737
0.663584
0.659371
0.655102
0.650775
0.646393
0.641957
0.637467
0.632926
0.628332
0.623689
0.618997
0.614257
0.609471
0.604639
0.599763
0.594845
0.589885
0.584885
0.579846
0.574770
0.569657
0.564509
0.559328
0.554114
0.548870
0.543597
0.538296
0.532968
0.527616
0.522240
0.516842
0.511424
0.505986
0.500531
0.495060
0.489573
0.484074
0.478563
0.473043
0.467513
0.461977
0.456435
0.450889
0.445340
0.439790
0.434240
0.428692
0.423148
0.417609
0.412075
0.406549
0.401033
0.395526
0.390032
0.384552
0.379086
0.373636
0.368203
0.362790
0.357396
0.352024
0.346675
0.341349
0.336049
0.330775
0.325529
0.320311
0.315124
0.309967
0.304842
0.299751
0.294694
0.289673
0.284687
0.279739
0.274829
0.269957
0.265126
0.260336
0.255587
0.250880
0.246217
0.241598
0.237023
0.232493
0.228010
0.223573
0.219183
0.214841
0.210547
0.206302
0.202105
0.197959
0.193862
0.189816
0.185820
0.181876
0.177982
0.174141
0.170351
0.166613
0.162927
0.159293
0.155712
0.152183
0.148707
0.145283
0.141912
0.138593
0.135327
0.132113
0.128952
0.125842
0.122785
0.119780
0.116826
0.113924
0.111073
0.108273
0.105524
0.102825
0.100176
0.097577
0.095028
0.092527
0.090076
0.087673
0.085317
0.083010
0.080749
0.078535
0.076367
0.074245
0.072168
0.070135
0.068147
0.066203
0.064301
0.062443
0.060626
0.058851
0.057117
0.055424
0.053770
0.052156
0.050580
0.049043
0.047543
0.046080
0.044653
0.043262
0.041907
0.040586
0.039299
0.038046
0.036825
0.035636
0.034480
0.033354
0.032259
0.031194
0.030158
0.029150
0.028171
0.027220
0.026295
0.025397
0.024525
0.023678
0.022856
0.022058
0.021284
0.020533
0.019805
0.019098
0.018414
0.017750
0.017107
0.016484
0.015881
0.015296
0.014730
0.014183
0.013653
0.013140
0.012644
0.012165
0.011701
0.011253
0.010820
0.010401
0.009997
0.009606
0.009229
0.008865
0.008514
0.008175
0.007847
0.007532
0.007228
0.006934
0.006652
0.006379
0.006117
0.005864
0.005620
0.005386
0.005160
0.004943
0.004734
0.004533
0.004339
0.004153
0.003975
0.003803
0.003638
0.003479
0.003327
0.003180
0.003040
0.002905
0.002776
0.002651
0.002532
0.002418
0.002308
0.002203
0.002103
0.002006
0.001914
0.001825
0.001740
0.001659
0.001581
0.001507
0.001436
0.001368
0.001303
0.001241
0.001181
0.001124
0.001070
0.001018
0.000968
0.000921
0.000876
0.000833
0.000791
0.000752
0.000715
0.000679
0.000645
0.000612
0.000581
0.000552
0.000524
0.000497
0.000471
0.000447
0.000424
0.000402
0.000381
0.000361
0.000342
0.000324
0.000307
0.000291
0.000275
0.000260
0.000246
0.000233
0.000221
0.000209
0.000197
0.000186
0.000176
0.000167
0.000157
0.000149
0.000140
0.000133
0.000125
0.000118
0.000112
0.000105
0.000099
0.000094
0.000088
0.000083
0.000078
0.000074
0.000070
0.000066
0.000062
0.000058
0.000055
0.000052
0.000049
0.000046
0.000043
0.000040
0.000038
0.000036
0.000034
0.000032
0.000030
0.000028
0.000026
0.000025
0.000023
0.000022
0.000020
0.000019
0.000018
0.000017
0.000016
0.000015
0.000014
0.000013
0.000012
0.000011
0.000011
0.000010
0.000009
0.000009
0.000008
0.000008
0.000007
0.000007
0.000006
0.000006
0.000005
0.000005
0.000005
0.000004
0.000004
0.000004
0.000004
0.000003
0.000003
0.000003
0.000003
0.000003
0.000002
0.000002
0.000002
0.000002
0.000002
0.000002
0.000002
0.000001
0.000001
0.000001
0.000001
0.000001
0.000001
0.000001
0.000001
0.000001
0.000001
0.000001
0.000001
0.000001
0.000001
0.000001
0.000000
0.000000
0.000000
0.000000
0.000000
0.000000
0.000000
0.000000
0.000000
0.000000
0.000000
0.000000
0.000000
0.000000
0.000000
0.000000
0.000000
0.000000
0.000000
0.000000
0.000000
0.000000
0.000000
0.000000
0.000000
0.000000
0.000000
0.000000
0.000000
0.000000
0.000000
0.000000
0.000000
0.000000
0.000000
0.000000
0.000000
0.000000
0.000000
0.000000
0.000000
0.000000
0.000000
0.000000
0.000000
0.000000
0.000000
0.000000
0.000000
0.000000
0.000000
0.000000
0.000000
0.000000
0.000000
0.000000
0.000000
0.000000
0.000000
0.000000
0.000000
0.000000
0.000000
0.000000
0.000000
0.000000
0.000000
0.000000
0.000000
0.000000
0.000000
0.000000
0.000000
0.000000
0.000000
0.000000
0.000000
0.000000
0.000000
0.000000
0.000000
0.000000
0.000000
0.000000
0.000000
0.000000
0.000000
0.000000
0.000000
0.000000
0.000000
0.000000
0.000000
0.000000
0.000000
0.000000
0.000000
0.000000
0.000000
0.000000
0.000000
0.000000
0.000000
0.000000
0.000000
0.000000
0.000000
0.000000
0.000000
0.000000
0.000000
0.000000
0.000000
0.000000
0.000000
0.000000
0.000000
0.000000
0.000000
0.000000
0.000000
0.000000
0.000000
0.000000
0.000000
0.000000
0.000000
0.000000
0.000000
0.000000
0.000000
0.000000
0.000000
0.000000
0.000000
0.000000
0.000000
0.000000
0.000000
0.000000
0.000000
0.000000
0.000000
0.000000
0.000000
0.000000
0.000000
0.000000
0.000000
0.000000
0.000000
0.000000
0.000000
0.000000
0.000000
0.000000
0.000000
0.000000
0.000000
0.000000
0.000000
0.000000
0.000000
0.000000
0.000000
0.000000
0.000000
0.000000
0.000000
0.000000
0.000000
0.000000
0.000000
0.000000
0.000000
0.000000
0.000000
0.000000
0.000000
0.000000
0.000000
0.000000
0.000000
0.000000
0.000000
0.000000
0.000000
0.000000
0.000000
0.000000
0.000000
0.000000
0.000000
0.000000
0.000000
0.000000
0.000000
0.000000
0.000000
0.000000
0.000000
0.000000
0.000000
0.000000
0.000000
0.000000
0.000000
0.000000
0.000000
0.000000
0.000000
0.000000
0.000000
0.000000
0.000000
0.000000
0.000000
0.000000
0.000000
0.000000
0.000000
0.000000
0.000000
0.000000
0.000000
0.000000
0.000000
0.000000
0.000000
0.000000
0.000000
0.000000
0.000000
0.000000
0.000000
0.000000
0.000000
0.000000
0.000000
0.000000
0.000000
0.000000
0.000000
0.000000
0.000000
0.000000
0.000000
0.000000
0.000000
0.000000
0.000000
0.000000
0.000000
0.000000
0.000000
0.000000
0.000000
0.000000
0.000000
0.000000
0.000000
0.000000
0.000000
0.000000
0.000000
0.000000
0.000000
0.000000
0.000000
0.000000
0.000000
0.000000
0.000000
0.000000
0.000000
0.000000
0.000000
0.000000
0.000000
