0.000094
0.000189
0.000284
0.000379
0.000476
0.000572
0.000671
0.000771
0.000870
0.000975
0.001076
0.001186
0.001291
0.001405
0.001518
0.001632
0.001756
0.001873
0.002004
0.002132
0.002262
0.002407
0.002542
0.002690
0.002846
0.002993
0.003160
0.003331
0.003492
0.003676
0.003868
0.004047
0.004244
0.004462
0.004668
0.004874
0.005112
0.005360
0.005592
0.005828
0.006098
0.006390
0.006674
0.006943
0.007221
0.007530
0.007875
0.008245
0.008626
0.009010
0.009396
0.009788
0.010189
0.010602
0.011028
0.011468
0.011924
0.012395
0.012882
0.013386
0.013907
0.014445
0.015001
0.015576
0.016169
0.016782
0.017414
0.018067
0.018741
0.019435
0.020152
0.020891
0.021653
0.022438
0.023247
0.024080
0.024939
0.025823
0.026733
0.027670
0.028634
0.029627
0.030647
0.031696
0.032775
0.033884
0.035024
0.036195
0.037398
0.038634
0.039902
0.041204
0.042541
0.043912
0.045319
0.046762
0.048241
0.049757
0.051312
0.052904
0.054536
0.056207
0.057918
0.059670
0.061462
0.063297
0.065174
0.067093
0.069056
0.071063
0.073114
0.075210
0.077351
0.079538
0.081771
0.084051
0.086378
0.088752
0.091175
0.093646
0.096165
0.098734
0.101352
0.104020
0.106738
0.109507
0.112326
0.115196
0.118117
0.121089
0.124113
0.127189
0.130317
0.133496
0.136728
0.140012
0.143348
0.146736
0.150177
0.153670
0.157215
0.160812
0.164461
0.168162
0.171915
0.175719
0.179575
0.183481
0.187438
0.191446
0.195505
0.199612
0.203769
0.207976
0.212231
0.216533
0.220884
0.225281
0.229725
0.234214
0.238749
0.243328
0.247951
0.252617
0.257326
0.262076
0.266866
0.271697
0.276567
0.281474
0.286419
0.291400
0.296417
0.301467
0.306551
0.311667
0.316815
0.321992
0.327197
0.332431
0.337691
0.342976
0.348285
0.353617
0.358971
0.364345
0.369737
0.375148
0.380574
0.386015
0.391470
0.396938
0.402416
0.407903
0.413398
0.418900
0.424406
0.429917
0.435429
0.440942
0.446454
0.451964
0.457470
0.462970
0.468464
0.473949
0.479425
0.484890
0.490341
0.495779
0.501201
0.506605
0.511991
0.517357
0.522701
0.528022
0.533319
0.538589
0.543833
0.549048
0.554232
0.559385
0.564506
0.569591
0.574642
0.579655
0.584630
0.589565
0.594460
0.599313
0.604122
0.608887
0.613606
0.618278
0.622903
0.627477
0.632002
0.636475
0.640896
0.645263
0.649575
0.653832
0.658033
0.662175
0.666260
0.670285
0.674250
0.678153
0.681995
0.685774
0.689489
0.693141
0.696727
0.700246
0.703700
0.707086
0.710404
0.713654
0.716835
0.719946
0.722987
0.725957
0.728856
0.731683
0.734437
0.737119
0.739727
0.742262
0.744722
0.747108
0.749419
0.751655
0.753815
0.755899
0.757906
0.759837
0.761692
0.763469
0.765169
0.766792
0.768337
0.769803
0.771192
0.772502
0.773733
0.774886
0.775960
0.776956
0.777871
0.778707
0.779465
0.780142
0.780741
0.781259
0.781698
0.782057
0.782336
0.782536
0.782656
0.782696
0.782656
0.782536
0.782337
0.782057
0.781698
0.781259
0.780740
0.780142
0.779465
0.778708
0.777872
0.776957
0.775962
0.774888
0.773735
0.772503
0.771194
0.769805
0.768339
0.766794
0.765172
0.763472
0.761694
0.759840
0.757909
0.755901
0.753817
0.751657
0.749422
0.747110
0.744725
0.742265
0.739731
0.737123
0.734442
0.731687
0.728860
0.725961
0.722992
0.719952
0.716841
0.713660
0.710410
0.707091
0.703706
0.700252
0.696732
0.693146
0.689495
0.685780
0.682001
0.678159
0.674256
0.670291
0.666266
0.662181
0.658039
0.653838
0.649581
0.645269
0.640902
0.636481
0.632008
0.627484
0.622909
0.618285
0.613612
0.608893
0.604129
0.599319
0.594466
0.589572
0.584636
0.579661
0.574648
0.569598
0.564511
0.559391
0.554238
0.549053
0.543838
0.538595
0.533324
0.528027
0.522706
0.517362
0.511996
0.506610
0.501206
0.495784
0.490346
0.484894
0.479429
0.473954
0.468468
0.462975
0.457474
0.451968
0.446459
0.440947
0.435434
0.429922
0.424411
0.418905
0.413404
0.407909
0.402421
0.396943
0.391476
0.386021
0.380580
0.375153
0.369743
0.364350
0.358977
0.353623
0.348291
0.342982
0.337697
0.332437
0.327204
0.321998
0.316821
0.311674
0.306558
0.301474
0.296424
0.291407
0.286426
0.281482
0.276574
0.271704
0.266874
0.262083
0.257333
0.252624
0.247958
0.243335
0.238756
0.234221
0.229732
0.225288
0.220891
0.216540
0.212238
0.207983
0.203777
0.199619
0.195512
0.191453
0.187445
0.183488
0.179581
0.175725
0.171921
0.168168
0.164467
0.160818
0.157221
0.153676
0.150183
0.146743
0.143354
0.140018
0.136734
0.133502
0.130323
0.127195
0.124119
0.121095
0.118122
0.115201
0.112331
0.109512
0.106744
0.104025
0.101357
0.098739
0.096170
0.093651
0.091180
0.088757
0.086382
0.084055
0.081775
0.079542
0.077355
0.075214
0.073118
0.071067
0.069060
0.067097
0.065178
0.063301
0.061466
0.059673
0.057921
0.056210
0.054539
0.052908
0.051315
0.049761
0.048244
0.046765
0.045322
0.043915
0.042544
0.041207
0.039905
0.038637
0.037401
0.036198
0.035027
0.033887
0.032778
0.031699
0.030649
0.029629
0.028637
0.027673
0.026736
0.025825
0.024941
0.024083
0.023249
0.022440
0.021655
0.020893
0.020154
0.019437
0.018742
0.018069
0.017416
0.016784
0.016171
0.015578
0.015003
0.014447
0.013909
0.013388
0.012884
0.012396
0.011925
0.011469
0.011029
0.010604
0.010192
0.009795
0.009412
0.009041
0.008684
0.008339
0.008006
0.007685
0.007376
0.007077
0.006789
0.006512
0.006244
0.005987
0.005739
0.005500
0.005270
0.005049
0.004836
0.004631
0.004434
0.004244
0.004062
0.003887
0.003718
0.003557
0.003401
0.003252
0.003108
0.002971
0.002839
0.002712
0.002590
0.002474
0.002362
0.002255
0.002152
0.002053
0.001959
0.001868
0.001782
0.001699
0.001620
0.001544
0.001471
0.001401
0.001335
0.001271
0.001210
0.001152
0.001096
0.001043
0.000993
0.000944
0.000898
0.000854
0.000812
0.000771
0.000733
0.000696
0.000661
0.000628
0.000596
0.000566
0.000537
0.000510
0.000484
0.000459
0.000435
0.000413
0.000391
0.000371
0.000351
0.000333
0.000315
0.000299
0.000283
0.000268
0.000253
0.000240
0.000227
0.000214
0.000203
0.000192
0.000181
0.000171
0.000162
0.000153
0.000144
0.000136
0.000129
0.000122
0.000115
0.000108
0.000102
0.000096
0.000091
0.000086
0.000081
0.000076
0.000072
0.000068
0.000064
0.000060
0.000056
0.000053
0.000050
0.000047
0.000044
0.000042
0.000039
0.000037
0.000035
0.000033
0.000031
0.000029
0.000027
0.000025
0.000024
0.000022
0.000021
0.000020
0.000018
0.000017
0.000016
0.000015
0.000014
0.000013
0.000013
0.000012
0.000011
0.000010
0.000010
0.000009
0.000008
0.000008
0.000007
0.000007
0.000006
0.000006
0.000006
0.000005
0.000005
0.000005
0.000004
0.000004
0.000004
0.000004
0.000003
0.000003
0.000003
0.000003
0.000002
0.000002
0.000002
0.000002
0.000002
0.000002
0.000002
0.000002
0.000001
0.000001
0.000001
0.000001
0.000001
0.000001
0.000001
0.000001
0.000001
0.000001
0.000001
0.000001
0.000001
0.000001
0.000001
0.000000
0.000000
0.000000
0.000000
0.000000
0.000000
0.000000
0.000000
0.000000
0.000000
0.000000
0.000000
0.000000
0.000000
0.000000
0.000000
0.000000
0.000000
0.000000
0.000000
0.000000
0.000000
0.000000
0.000000
0.000000
0.000000
0.000000
0.000000
0.000000
0.000000
0.000000
0.000000
0.000000
0.000000
0.000000
0.000000
0.000000
0.000000
0.000000
0.000000
0.000000
0.000000
0.000000
0.000000
0.000000
0.000000
0.000000
0.000000
0.000000
0.000000
0.000000
0.000000
0.000000
0.000000
0.000000
0.000000
0.000000
0.000000
0.000000
0.000000
0.000000
0.000000
0.000000
0.000000
0.000000
0.000000
0.000000
0.000000
0.000000
0.000000
0.000000
0.000000
0.000000
0.000000
0.000000
0.000000
0.000000
0.000000
0.000000
0.000000
0.000000
0.000000
0.000000
0.000000
0.000000
0.000000
0.000000
0.000000
0.000000
0.000000
0.000000
0.000000
0.000000
0.000000
0.000000
0.000000
0.000000
0.000000
0.000000
0.000000
0.000000
0.000000
0.000000
0.000000
0.000000
0.000000
0.000000
0.000000
0.000000
0.000000
0.000000
0.000000
0.000000
0.000000
0.000000
0.000000
0.000000
0.000000
0.000000
0.000000
0.000000
0.000000
0.000000
0.000000
0.000000
0.000000
0.000000
0.000000
0.000000
0.000000
0.000000
0.000000
0.000000
0.000000
0.000000
0.000000
0.000000
0.000000
0.000000
0.000000
0.000000
0.000000
0.000000
0.000000
0.000000
0.000000
0.000000
0.000000
0.000000
0.000000
0.000000
0.000000
0.000000
0.000000
0.000000
0.000000
0.000000
0.000000
0.000000
0.000000
0.000000
0.000000
0.000000
0.000000
0.000000
0.000000
0.000000
0.000000
0.000000
0.000000
0.000000
0.000000
0.000000
0.000000
0.000000
0.000000
0.000000
0.000000
0.000000
0.000000
0.000000
0.000000
0.000000
0.000000
0.000000
0.000000
0.000000
0.000000
0.000000
0.000000
0.000000
0.000000
0.000000
0.000000
0.000000
0.000000
0.000000
0.000000
0.000000
0.000000
0.000000
0.000000
0.000000
0.000000
0.000000
0.000000
0.000000
0.000000
0.000000
0.000000
0.000000
0.000000
0.000000
0.000000
0.000000
0.000000
0.000000
0.000000
0.000000
0.000000
0.000000
0.000000
0.000000
0.000000
0.000000
0.000000
0.000000
0.000000
0.000000
0.000000
0.000000
0.000000
0.000000
0.000000
0.000000
0.000000
0.000000
0.000000
0.000000
0.000000
0.000000
0.000000
0.000000
0.000000
0.000000
0.000000
0.000000
0.000000
0.000000
0.000000
0.000000
0.000000
0.000000
0.000000
0.000000
0.000000
0.000000
0.000000
0.000000
0.000000
0.000000
0.000000
0.000000
0.000000
0.000000
0.000000
0.000000
0.000000
0.000000
0.000000
0.000000
0.000000
0.000000
0.000000
0.000000
0.000000
0.000000
0.000000
