0.000097
0.000193
0.000290
0.000388
0.000486
0.000587
0.000685
0.000789
0.000890
0.000998
0.001101
0.001212
0.001323
0.001435
0.001555
0.001668
0.001796
0.001918
0.002046
0.002183
0.002312
0.002459
0.002603
0.002747
0.002910
0.003064
0.003225
0.003405
0.003574
0.003752
0.003952
0.004141
0.004333
0.004554
0.004774
0.004983
0.005213
0.005470
0.005719
0.005957
0.006219
0.006514
0.006815
0.007100
0.007380
0.007683
0.008022
0.008394
0.008783
0.009178
0.009575
0.009977
0.010387
0.010807
0.011241
0.011689
0.012152
0.012631
0.013126
0.013638
0.014167
0.014714
0.015279
0.015862
0.016464
0.017086
0.017728
0.018391
0.019074
0.019780
0.020507
0.021256
0.022029
0.022825
0.023646
0.024491
0.025362
0.026258
0.027180
0.028130
0.029107
0.030112
0.031146
0.032209
0.033302
0.034425
0.035579
0.036765
0.037982
0.039233
0.040517
0.041834
0.043186
0.044574
0.045996
0.047456
0.048951
0.050485
0.052056
0.053666
0.055315
0.057003
0.058732
0.060502
0.062312
0.064165
0.066060
0.067999
0.069980
0.072006
0.074075
0.076190
0.078351
0.080557
0.082809
0.085108
0.087455
0.089849
0.092291
0.094781
0.097320
0.099908
0.102546
0.105233
0.107971
0.110758
0.113597
0.116486
0.119426
0.122417
0.125460
0.128554
0.131700
0.134898
0.138148
0.141450
0.144803
0.148209
0.151666
0.155176
0.158737
0.162350
0.166015
0.169731
0.173498
0.177317
0.181186
0.185106
0.189076
0.193096
0.197166
0.201285
0.205453
0.209669
0.213933
0.218245
0.222603
0.227008
0.231458
0.235954
0.240493
0.245077
0.249703
0.254372
0.259082
0.263833
0.268624
0.273454
0.278321
0.283226
0.288167
0.293144
0.298155
0.303199
0.308275
0.313382
0.318519
0.323685
0.328879
0.334099
0.339345
0.344614
0.349907
0.355221
0.360556
0.365910
0.371281
0.376669
0.382072
0.387488
0.392917
0.398357
0.403807
0.409264
0.414728
0.420198
0.425671
0.431147
0.436623
0.442098
0.447572
0.453043
0.458508
0.463967
0.469417
0.474858
0.480288
0.485706
0.491110
0.496499
0.501871
0.507225
0.512559
0.517871
0.523161
0.528427
0.533668
0.538881
0.544067
0.549223
0.554348
0.559440
0.564499
0.569523
0.574510
0.579460
0.584371
0.589241
0.594071
0.598857
0.603600
0.608298
0.612949
0.617554
0.622110
0.626616
0.631072
0.635476
0.639827
0.644125
0.648368
0.652555
0.656686
0.660759
0.664774
0.668729
0.672624
0.676459
0.680232
0.683942
0.687590
0.691173
0.694692
0.698144
0.701533
0.704853
0.708106
0.711292
0.714410
0.717458
0.720438
0.723346
0.726185
0.728953
0.731650
0.734275
0.736827
0.739307
0.741714
0.744048
0.746307
0.748494
0.750605
0.752642
0.754605
0.756492
0.758304
0.760041
0.761701
0.763287
0.764795
0.766228
0.767584
0.768862
0.770065
0.771190
0.772239
0.773210
0.774104
0.774920
0.775659
0.776320
0.776904
0.777410
0.777838
0.778188
0.778461
0.778656
0.778773
0.778812
0.778773
0.778656
0.778461
0.778189
0.777838
0.777410
0.776904
0.776320
0.775659
0.774921
0.774105
0.773212
0.772240
0.771192
0.770066
0.768864
0.767585
0.766230
0.764797
0.763289
0.761704
0.760043
0.758307
0.756495
0.754608
0.752645
0.750608
0.748496
0.746310
0.744050
0.741716
0.739310
0.736831
0.734278
0.731654
0.728957
0.726190
0.723351
0.720442
0.717464
0.714415
0.711298
0.708112
0.704858
0.701538
0.698151
0.694697
0.691179
0.687595
0.683949
0.680238
0.676465
0.672630
0.668735
0.664779
0.660765
0.656692
0.652561
0.648373
0.644131
0.639833
0.635481
0.631078
0.626623
0.622116
0.617561
0.612956
0.608304
0.603607
0.598864
0.594077
0.589248
0.584377
0.579466
0.574517
0.569529
0.564505
0.559446
0.554354
0.549228
0.544072
0.538887
0.533673
0.528432
0.523166
0.517876
0.512563
0.507229
0.501876
0.496504
0.491116
0.485711
0.480292
0.474862
0.469421
0.463971
0.458512
0.453047
0.447577
0.442104
0.436628
0.431151
0.425676
0.420203
0.414734
0.409270
0.403812
0.398363
0.392923
0.387494
0.382077
0.376675
0.371287
0.365916
0.360562
0.355227
0.349913
0.344620
0.339351
0.334105
0.328885
0.323692
0.318525
0.313388
0.308281
0.303205
0.298161
0.293151
0.288175
0.283234
0.278329
0.273461
0.268631
0.263840
0.259089
0.254379
0.249710
0.245084
0.240500
0.235960
0.231465
0.227015
0.222610
0.218252
0.213940
0.209676
0.205460
0.201292
0.197173
0.193103
0.189083
0.185113
0.181193
0.177323
0.173505
0.169737
0.166021
0.162356
0.158743
0.155182
0.151673
0.148215
0.144809
0.141456
0.138154
0.134904
0.131706
0.128560
0.125466
0.122423
0.119432
0.116491
0.113602
0.110764
0.107976
0.105239
0.102551
0.099913
0.097325
0.094786
0.092295
0.089853
0.087459
0.085113
0.082814
0.080561
0.078355
0.076194
0.074079
0.072009
0.069984
0.068002
0.066064
0.064169
0.062316
0.060505
0.058736
0.057007
0.055318
0.053669
0.052059
0.050488
0.048955
0.047459
0.046000
0.044577
0.043189
0.041837
0.040520
0.039236
0.037985
0.036767
0.035582
0.034428
0.033304
0.032212
0.031149
0.030115
0.029110
0.028132
0.027183
0.026260
0.025364
0.024493
0.023648
0.022827
0.022031
0.021258
0.020509
0.019781
0.019076
0.018393
0.017730
0.017088
0.016466
0.015864
0.015280
0.014715
0.014168
0.013639
0.013127
0.012632
0.012153
0.011690
0.011242
0.010810
0.010392
0.009988
0.009598
0.009221
0.008858
0.008507
0.008168
0.007841
0.007526
0.007222
0.006929
0.006647
0.006375
0.006112
0.005860
0.005616
0.005382
0.005157
0.004940
0.004731
0.004530
0.004337
0.004151
0.003972
0.003801
0.003636
0.003477
0.003325
0.003179
0.003038
0.002903
0.002774
0.002650
0.002531
0.002417
0.002307
0.002202
0.002102
0.002005
0.001913
0.001824
0.001740
0.001658
0.001581
0.001506
0.001435
0.001367
0.001302
0.001240
0.001181
0.001124
0.001069
0.001018
0.000968
0.000921
0.000875
0.000832
0.000791
0.000752
0.000714
0.000679
0.000644
0.000612
0.000581
0.000551
0.000523
0.000497
0.000471
0.000447
0.000424
0.000402
0.000381
0.000361
0.000342
0.000324
0.000307
0.000290
0.000275
0.000260
0.000246
0.000233
0.000220
0.000209
0.000197
0.000186
0.000176
0.000167
0.000157
0.000149
0.000140
0.000133
0.000125
0.000118
0.000111
0.000105
0.000099
0.000094
0.000088
0.000083
0.000078
0.000074
0.000070
0.000066
0.000062
0.000058
0.000055
0.000052
0.000049
0.000046
0.000043
0.000040
0.000038
0.000036
0.000034
0.000032
0.000030
0.000028
0.000026
0.000025
0.000023
0.000022
0.000020
0.000019
0.000018
0.000017
0.000016
0.000015
0.000014
0.000013
0.000012
0.000011
0.000011
0.000010
0.000009
0.000009
0.000008
0.000008
0.000007
0.000007
0.000006
0.000006
0.000005
0.000005
0.000005
0.000004
0.000004
0.000004
0.000004
0.000003
0.000003
0.000003
0.000003
0.000003
0.000002
0.000002
0.000002
0.000002
0.000002
0.000002
0.000002
0.000001
0.000001
0.000001
0.000001
0.000001
0.000001
0.000001
0.000001
0.000001
0.000001
0.000001
0.000001
0.000001
0.000001
0.000001
0.000000
0.000000
0.000000
0.000000
0.000000
0.000000
0.000000
0.000000
0.000000
0.000000
0.000000
0.000000
0.000000
0.000000
0.000000
0.000000
0.000000
0.000000
0.000000
0.000000
0.000000
0.000000
0.000000
0.000000
0.000000
0.000000
0.000000
0.000000
0.000000
0.000000
0.000000
0.000000
0.000000
0.000000
0.000000
0.000000
0.000000
0.000000
0.000000
0.000000
0.000000
0.000000
0.000000
0.000000
0.000000
0.000000
0.000000
0.000000
0.000000
0.000000
0.000000
0.000000
0.000000
0.000000
0.000000
0.000000
0.000000
0.000000
0.000000
0.000000
0.000000
0.000000
0.000000
0.000000
0.000000
0.000000
0.000000
0.000000
0.000000
0.000000
0.000000
0.000000
0.000000
0.000000
0.000000
0.000000
0.000000
0.000000
0.000000
0.000000
0.000000
0.000000
0.000000
0.000000
0.000000
0.000000
0.000000
0.000000
0.000000
0.000000
0.000000
0.000000
0.000000
0.000000
0.000000
0.000000
0.000000
0.000000
0.000000
0.000000
0.000000
0.000000
0.000000
0.000000
0.000000
0.000000
0.000000
0.000000
0.000000
0.000000
0.000000
0.000000
0.000000
0.000000
0.000000
0.000000
0.000000
0.000000
0.000000
0.000000
0.000000
0.000000
0.000000
0.000000
0.000000
0.000000
0.000000
0.000000
0.000000
0.000000
0.000000
0.000000
0.000000
0.000000
0.000000
0.000000
0.000000
0.000000
0.000000
0.000000
0.000000
0.000000
0.000000
0.000000
0.000000
0.000000
0.000000
0.000000
0.000000
0.000000
0.000000
0.000000
0.000000
0.000000
0.000000
0.000000
0.000000
0.000000
0.000000
0.000000
0.000000
0.000000
0.000000
0.000000
0.000000
0.000000
0.000000
0.000000
0.000000
0.000000
0.000000
0.000000
0.000000
0.000000
0.000000
0.000000
0.000000
0.000000
0.000000
0.000000
0.000000
0.000000
0.000000
0.000000
0.000000
0.000000
0.000000
0.000000
0.000000
0.000000
0.000000
0.000000
0.000000
0.000000
0.000000
0.000000
0.000000
0.000000
0.000000
0.000000
0.000000
0.000000
0.000000
0.000000
0.000000
0.000000
0.000000
0.000000
0.000000
0.000000
0.000000
0.000000
0.000000
0.000000
0.000000
0.000000
0.000000
0.000000
0.000000
0.000000
0.000000
0.000000
0.000000
0.000000
0.000000
0.000000
0.000000
0.000000
0.000000
0.000000
0.000000
0.000000
0.000000
0.000000
0.000000
0.000000
0.000000
0.000000
0.000000
0.000000
0.000000
0.000000
0.000000
0.000000
0.000000
0.000000
0.000000
0.000000
0.000000
0.000000
0.000000
0.000000
0.000000
0.000000
0.000000
0.000000
0.000000
0.000000
0.000000
0.000000
0.000000
0.000000
0.000000
0.000000
0.000000
0.000000
0.000000
0.000000
0.000000
0.000000
0.000000
0.000000
0.000000
0.000000
0.000000
0.000000
0.000000
0.000000
