0.000000 0.000000 0.000000 0.000000 
0.001000 0.000131 0.005285 0.005285 
0.002000 0.000139 0.010569 0.010569 
0.003000 0.000148 0.015854 0.015854 
0.004000 0.000157 0.021139 0.021139 
0.005000 0.000166 0.026425 0.026425 
0.006000 0.000176 0.031711 0.031711 
0.007000 0.000187 0.036998 0.036998 
0.008000 0.000198 0.042285 0.042285 
0.009000 0.000210 0.047573 0.047573 
0.010000 0.000223 0.052862 0.052862 
0.011000 0.000236 0.058152 0.058152 
0.012000 0.000250 0.063442 0.063442 
0.013000 0.000265 0.068734 0.068734 
0.014000 0.000280 0.074026 0.074026 
0.015000 0.000297 0.079319 0.079319 
0.016000 0.000314 0.084614 0.084614 
0.017000 0.000332 0.089908 0.089908 
0.018000 0.000352 0.095204 0.095204 
0.019000 0.000372 0.100500 0.100500 
0.020000 0.000394 0.105797 0.105797 
0.021000 0.000416 0.111093 0.111093 
0.022000 0.000440 0.116392 0.116392 
0.023000 0.000465 0.121688 0.121688 
0.024000 0.000492 0.126986 0.126986 
0.025000 0.000520 0.132282 0.132282 
0.026000 0.000549 0.137578 0.137578 
0.027000 0.000580 0.142873 0.142873 
0.028000 0.000612 0.148167 0.148167 
0.029000 0.000646 0.153459 0.153459 
0.030000 0.000682 0.158749 0.158749 
0.031000 0.000720 0.164037 0.164037 
0.032000 0.000760 0.169320 0.169320 
0.033000 0.000802 0.174603 0.174603 
0.034000 0.000845 0.179878 0.179878 
0.035000 0.000892 0.185152 0.185152 
0.036000 0.000940 0.190418 0.190418 
0.037000 0.000991 0.195681 0.195681 
0.038000 0.001044 0.200936 0.200936 
0.039000 0.001100 0.206184 0.206184 
0.040000 0.001159 0.211426 0.211426 
0.041000 0.001221 0.216656 0.216656 
0.042000 0.001286 0.221881 0.221881 
0.043000 0.001354 0.227091 0.227091 
0.044000 0.001425 0.232294 0.232294 
0.045000 0.001500 0.237484 0.237484 
0.046000 0.001578 0.242660 0.242660 
0.047000 0.001660 0.247825 0.247825 
0.048000 0.001746 0.252971 0.252971 
0.049000 0.001836 0.258106 0.258106 
0.050000 0.001930 0.263220 0.263220 
0.051000 0.002029 0.268320 0.268320 
0.052000 0.002133 0.273399 0.273399 
0.053000 0.002241 0.278456 0.278456 
0.054000 0.002354 0.283496 0.283496 
0.055000 0.002473 0.288508 0.288508 
0.056000 0.002596 0.293501 0.293501 
0.057000 0.002726 0.298466 0.298466 
0.058000 0.002862 0.303405 0.303405 
0.059000 0.003003 0.308319 0.308319 
0.060000 0.003151 0.313199 0.313199 
0.061000 0.003306 0.318055 0.318055 
0.062000 0.003467 0.322874 0.322874 
0.063000 0.003636 0.327662 0.327662 
0.064000 0.003812 0.332417 0.332417 
0.065000 0.003996 0.337130 0.337130 
0.066000 0.004188 0.341813 0.341813 
0.067000 0.004388 0.346452 0.346452 
0.068000 0.004597 0.351051 0.351051 
0.069000 0.004815 0.355612 0.355612 
0.070000 0.005042 0.360123 0.360123 
0.071000 0.005279 0.364595 0.364595 
0.072000 0.005525 0.369018 0.369018 
0.073000 0.005783 0.373390 0.373390 
0.074000 0.006051 0.377719 0.377719 
0.075000 0.006330 0.381988 0.381988 
0.076000 0.006620 0.386210 0.386210 
0.077000 0.006923 0.390378 0.390378 
0.078000 0.007238 0.394483 0.394483 
0.079000 0.007566 0.398539 0.398539 
0.080000 0.007907 0.402531 0.402531 
0.081000 0.008262 0.406460 0.406460 
0.082000 0.008631 0.410334 0.410334 
0.083000 0.009015 0.414137 0.414137 
0.084000 0.009414 0.417877 0.417877 
0.085000 0.009828 0.421554 0.421554 
0.086000 0.010259 0.425155 0.425155 
0.087000 0.010707 0.428692 0.428692 
0.088000 0.011171 0.432158 0.432158 
0.089000 0.011654 0.435543 0.435543 
0.090000 0.012155 0.438863 0.438863 
0.091000 0.012675 0.442104 0.442104 
0.092000 0.013215 0.445262 0.445262 
0.093000 0.013775 0.448350 0.448350 
0.094000 0.014356 0.451355 0.451355 
0.095000 0.014958 0.454273 0.454273 
0.096000 0.015583 0.457118 0.457118 
0.097000 0.016230 0.459874 0.459874 
0.098000 0.016901 0.462540 0.462540 
0.099000 0.017596 0.465130 0.465130 
0.100000 0.018316 0.467627 0.467627 
0.101000 0.019061 0.470030 0.470030 
0.102000 0.019833 0.472354 0.472354 
0.103000 0.020632 0.474583 0.474583 
0.104000 0.021459 0.476713 0.476713 
0.105000 0.022315 0.478760 0.478760 
0.106000 0.023200 0.480711 0.480711 
0.107000 0.024116 0.482559 0.482559 
0.108000 0.025062 0.484320 0.484320 
0.109000 0.026041 0.485986 0.485986 
0.110000 0.027052 0.487545 0.487545 
0.111000 0.028097 0.489013 0.489013 
0.112000 0.029176 0.490387 0.490387 
0.113000 0.030291 0.491653 0.491653 
0.114000 0.031442 0.492818 0.492818 
0.115000 0.032631 0.493894 0.493894 
0.116000 0.033857 0.494864 0.494864 
0.117000 0.035123 0.495724 0.495724 
0.118000 0.036429 0.496494 0.496494 
0.119000 0.037775 0.497165 0.497165 
0.120000 0.039164 0.497722 0.497722 
0.121000 0.040596 0.498179 0.498179 
0.122000 0.042071 0.498544 0.498544 
0.123000 0.043591 0.498801 0.498801 
0.124000 0.045158 0.498947 0.498947 
0.125000 0.046771 0.498999 0.498999 
0.126000 0.048432 0.498956 0.498956 
0.127000 0.050142 0.498799 0.498799 
0.128000 0.051902 0.498536 0.498536 
0.129000 0.053713 0.498185 0.498185 
0.130000 0.055576 0.497733 0.497733 
0.131000 0.057493 0.497168 0.497168 
0.132000 0.059463 0.496501 0.496501 
0.133000 0.061489 0.495748 0.495748 
0.134000 0.063571 0.494895 0.494895 
0.135000 0.065710 0.493930 0.493930 
0.136000 0.067908 0.492866 0.492866 
0.137000 0.070166 0.491719 0.491719 
0.138000 0.072483 0.490476 0.490476 
0.139000 0.074863 0.489125 0.489125 
0.140000 0.077305 0.487674 0.487674 
0.141000 0.079811 0.486141 0.486141 
0.142000 0.082381 0.484523 0.484523 
0.143000 0.085018 0.482804 0.482804 
0.144000 0.087721 0.480981 0.480981 
0.145000 0.090492 0.479074 0.479074 
0.146000 0.093332 0.477092 0.477092 
0.147000 0.096241 0.475023 0.475023 
0.148000 0.099222 0.472855 0.472855 
0.149000 0.102274 0.470593 0.470593 
0.150000 0.105400 0.468256 0.468256 
0.151000 0.108599 0.465850 0.465850 
0.152000 0.111872 0.463365 0.463365 
0.153000 0.115222 0.460788 0.460788 
0.154000 0.118648 0.458122 0.458122 
0.155000 0.122151 0.455383 0.455383 
0.156000 0.125733 0.452584 0.452584 
0.157000 0.129394 0.449721 0.449721 
0.158000 0.133134 0.446780 0.446780 
0.159000 0.136956 0.443756 0.443756 
0.160000 0.140859 0.440654 0.440654 
0.161000 0.144844 0.437488 0.437488 
0.162000 0.148913 0.434272 0.434272 
0.163000 0.153065 0.431004 0.431004 
0.164000 0.157301 0.427678 0.427678 
0.165000 0.161622 0.424285 0.424285 
0.166000 0.166028 0.420820 0.420820 
0.167000 0.170521 0.417289 0.417289 
0.168000 0.175100 0.413702 0.413702 
0.169000 0.179767 0.410071 0.410071 
0.170000 0.184520 0.406401 0.406401 
0.171000 0.189362 0.402694 0.402694 
0.172000 0.194292 0.398951 0.398951 
0.173000 0.199310 0.395168 0.395168 
0.174000 0.204417 0.391343 0.391343 
0.175000 0.209612 0.387475 0.387475 
0.176000 0.214897 0.383564 0.383564 
0.177000 0.220271 0.379613 0.379613 
0.178000 0.225735 0.375625 0.375625 
0.179000 0.231287 0.371600 0.371600 
0.180000 0.236929 0.367543 0.367543 
0.181000 0.242660 0.363458 0.363458 
0.182000 0.248479 0.359345 0.359345 
0.183000 0.254388 0.355208 0.355208 
0.184000 0.260385 0.351049 0.351049 
0.185000 0.266470 0.346870 0.346870 
0.186000 0.272642 0.342672 0.342672 
0.187000 0.278902 0.338457 0.338457 
0.188000 0.285248 0.334229 0.334229 
0.189000 0.291681 0.329987 0.329987 
0.190000 0.298199 0.325734 0.325734 
0.191000 0.304801 0.321473 0.321473 
0.192000 0.311488 0.317206 0.317206 
0.193000 0.318257 0.312932 0.312932 
0.194000 0.325109 0.308655 0.308655 
0.195000 0.332041 0.304377 0.304377 
0.196000 0.339054 0.300099 0.300099 
0.197000 0.346146 0.295824 0.295824 
0.198000 0.353315 0.291552 0.291552 
0.199000 0.360561 0.287285 0.287285 
0.200000 0.367881 0.283025 0.283025 
0.201000 0.375275 0.278773 0.278773 
0.202000 0.382741 0.274532 0.274532 
0.203000 0.390278 0.270303 0.270303 
0.204000 0.397884 0.266088 0.266088 
0.205000 0.405556 0.261886 0.261886 
0.206000 0.413294 0.257703 0.257703 
0.207000 0.421096 0.253536 0.253536 
0.208000 0.428958 0.249388 0.249388 
0.209000 0.436880 0.245261 0.245261 
0.210000 0.444860 0.241156 0.241156 
0.211000 0.452895 0.237075 0.237075 
0.212000 0.460982 0.233019 0.233019 
0.213000 0.469121 0.228989 0.228989 
0.214000 0.477307 0.224985 0.224985 
0.215000 0.485539 0.221010 0.221010 
0.216000 0.493814 0.217065 0.217065 
0.217000 0.502130 0.213150 0.213150 
0.218000 0.510484 0.209267 0.209267 
0.219000 0.518873 0.205417 0.205417 
0.220000 0.527295 0.201600 0.201600 
0.221000 0.535746 0.197819 0.197819 
0.222000 0.544223 0.194073 0.194073 
0.223000 0.552724 0.190365 0.190365 
0.224000 0.561246 0.186693 0.186693 
0.225000 0.569785 0.183061 0.183061 
0.226000 0.578339 0.179467 0.179467 
0.227000 0.586903 0.175914 0.175914 
0.228000 0.595475 0.172401 0.172401 
0.229000 0.604051 0.168930 0.168930 
0.230000 0.612629 0.165502 0.165502 
0.231000 0.621204 0.162116 0.162116 
0.232000 0.629773 0.158774 0.158774 
0.233000 0.638332 0.155476 0.155476 
0.234000 0.646879 0.152222 0.152222 
0.235000 0.655409 0.149014 0.149014 
0.236000 0.663918 0.145852 0.145852 
0.237000 0.672404 0.142736 0.142736 
0.238000 0.680862 0.139666 0.139666 
0.239000 0.689288 0.136644 0.136644 
0.240000 0.697679 0.133669 0.133669 
0.241000 0.706031 0.130743 0.130743 
0.242000 0.714340 0.127864 0.127864 
0.243000 0.722602 0.125035 0.125035 
0.244000 0.730814 0.122253 0.122253 
0.245000 0.738971 0.119521 0.119521 
0.246000 0.747070 0.116838 0.116838 
0.247000 0.755106 0.114205 0.114205 
0.248000 0.763077 0.111621 0.111621 
0.249000 0.770977 0.109088 0.109088 
0.250000 0.778803 0.106604 0.106604 
0.251000 0.786552 0.104171 0.104171 
0.252000 0.794218 0.101787 0.101787 
0.253000 0.801799 0.099454 0.099454 
0.254000 0.809290 0.097172 0.097172 
0.255000 0.816688 0.094941 0.094941 
0.256000 0.823989 0.092759 0.092759 
0.257000 0.831189 0.090629 0.090629 
0.258000 0.838284 0.088549 0.088549 
0.259000 0.845271 0.086520 0.086520 
0.260000 0.852145 0.084540 0.084540 
0.261000 0.858904 0.082613 0.082613 
0.262000 0.865543 0.080735 0.080735 
0.263000 0.872058 0.078908 0.078908 
0.264000 0.878448 0.077131 0.077131 
0.265000 0.884707 0.075404 0.075404 
0.266000 0.890832 0.073728 0.073728 
0.267000 0.896821 0.072103 0.072103 
0.268000 0.902669 0.070527 0.070527 
0.269000 0.908374 0.069002 0.069002 
0.270000 0.913932 0.067526 0.067526 
0.271000 0.919340 0.066100 0.066100 
0.272000 0.924595 0.064724 0.064724 
0.273000 0.929694 0.063398 0.063398 
0.274000 0.934634 0.062121 0.062121 
0.275000 0.939413 0.060894 0.060894 
0.276000 0.944027 0.059716 0.059716 
0.277000 0.948475 0.058586 0.058586 
0.278000 0.952752 0.057506 0.057506 
0.279000 0.956858 0.056476 0.056476 
0.280000 0.960789 0.055494 0.055494 
0.281000 0.964544 0.054561 0.054561 
0.282000 0.968119 0.053676 0.053676 
0.283000 0.971513 0.052840 0.052840 
0.284000 0.974725 0.052052 0.052052 
0.285000 0.977751 0.051312 0.051312 
0.286000 0.980590 0.050621 0.050621 
0.287000 0.983242 0.049977 0.049977 
0.288000 0.985703 0.049382 0.049382 
0.289000 0.987973 0.048834 0.048834 
0.290000 0.990049 0.048335 0.048335 
0.291000 0.991932 0.047883 0.047883 
0.292000 0.993620 0.047480 0.047480 
0.293000 0.995112 0.047123 0.047123 
0.294000 0.996406 0.046815 0.046815 
0.295000 0.997503 0.046553 0.046553 
0.296000 0.998401 0.046340 0.046340 
0.297000 0.999100 0.046174 0.046174 
0.298000 0.999600 0.046055 0.046055 
0.299000 0.999900 0.045984 0.045984 
0.300000 1.000000 0.045960 0.045960 
0.301000 0.999900 0.045984 0.045984 
0.302000 0.999600 0.046055 0.046055 
0.303000 0.999101 0.046174 0.046174 
0.304000 0.998402 0.046340 0.046340 
0.305000 0.997504 0.046553 0.046553 
0.306000 0.996407 0.046815 0.046815 
0.307000 0.995113 0.047124 0.047124 
0.308000 0.993621 0.047481 0.047481 
0.309000 0.991933 0.047885 0.047885 
0.310000 0.990051 0.048336 0.048336 
0.311000 0.987974 0.048835 0.048835 
0.312000 0.985704 0.049382 0.049382 
0.313000 0.983243 0.049977 0.049977 
0.314000 0.980592 0.050619 0.050619 
0.314999 0.977753 0.051310 0.051310 
0.315999 0.974727 0.052050 0.052050 
0.316999 0.971515 0.052838 0.052838 
0.317999 0.968121 0.053674 0.053674 
0.318999 0.964546 0.054559 0.054559 
0.319999 0.960792 0.055491 0.055491 
0.320999 0.956861 0.056474 0.056474 
0.321999 0.952755 0.057504 0.057504 
0.322999 0.948478 0.058583 0.058583 
0.323999 0.944030 0.059713 0.059713 
0.324999 0.939416 0.060891 0.060891 
0.325999 0.934637 0.062118 0.062118 
0.326999 0.929697 0.063395 0.063395 
0.327999 0.924598 0.064722 0.064722 
0.328999 0.919343 0.066098 0.066098 
0.329999 0.913935 0.067524 0.067524 
0.330999 0.908377 0.068999 0.068999 
0.331999 0.902673 0.070525 0.070525 
0.332999 0.896824 0.072100 0.072100 
0.333999 0.890836 0.073726 0.073726 
0.334999 0.884711 0.075402 0.075402 
0.335999 0.878452 0.077128 0.077128 
0.336999 0.872063 0.078905 0.078905 
0.337999 0.865547 0.080731 0.080731 
0.338999 0.858908 0.082609 0.082609 
0.339999 0.852149 0.084536 0.084536 
0.340999 0.845275 0.086515 0.086515 
0.341999 0.838289 0.088544 0.088544 
0.342999 0.831194 0.090625 0.090625 
0.343999 0.823994 0.092755 0.092755 
0.344999 0.816693 0.094936 0.094936 
0.345999 0.809295 0.097168 0.097168 
0.346999 0.801804 0.099451 0.099451 
0.347999 0.794223 0.101783 0.101783 
0.348999 0.786556 0.104166 0.104166 
0.349999 0.778808 0.106599 0.106599 
0.350999 0.770982 0.109083 0.109083 
0.351999 0.763082 0.111616 0.111616 
0.352999 0.755112 0.114200 0.114200 
0.353999 0.747075 0.116833 0.116833 
0.354999 0.738977 0.119516 0.119516 
0.355999 0.730820 0.122248 0.122248 
0.356999 0.722608 0.125030 0.125030 
0.357999 0.714346 0.127860 0.127860 
0.358999 0.706037 0.130738 0.130738 
0.359999 0.697685 0.133664 0.133664 
0.360999 0.689295 0.136639 0.136639 
0.361999 0.680868 0.139661 0.139661 
0.362999 0.672411 0.142729 0.142729 
0.363999 0.663925 0.145845 0.145845 
0.364999 0.655416 0.149007 0.149007 
0.365999 0.646886 0.152215 0.152215 
0.366999 0.638340 0.155468 0.155468 
0.367999 0.629781 0.158766 0.158766 
0.368999 0.621212 0.162108 0.162108 
0.369999 0.612637 0.165493 0.165493 
0.370999 0.604060 0.168921 0.168921 
0.371999 0.595483 0.172393 0.172393 
0.372999 0.586911 0.175904 0.175904 
0.373999 0.578347 0.179458 0.179458 
0.374999 0.569794 0.183051 0.183051 
0.375999 0.561255 0.186684 0.186684 
0.376999 0.552733 0.190356 0.190356 
0.377999 0.544232 0.194065 0.194065 
0.378999 0.535755 0.197811 0.197811 
0.379999 0.527304 0.201592 0.201592 
0.380999 0.518882 0.205408 0.205408 
0.381999 0.510493 0.209259 0.209259 
0.382999 0.502140 0.213142 0.213142 
0.383999 0.493824 0.217056 0.217056 
0.384999 0.485549 0.221002 0.221002 
0.385999 0.477316 0.224976 0.224976 
0.386999 0.469130 0.228980 0.228980 
0.387999 0.460992 0.233011 0.233011 
0.388999 0.452904 0.237067 0.237067 
0.389999 0.444870 0.241148 0.241148 
0.390999 0.436890 0.245254 0.245254 
0.391998 0.428968 0.249380 0.249380 
0.392998 0.421106 0.253527 0.253527 
0.393998 0.413304 0.257695 0.257695 
0.394998 0.405566 0.261879 0.261879 
0.395998 0.397894 0.266080 0.266080 
0.396998 0.390288 0.270296 0.270296 
0.397998 0.382752 0.274525 0.274525 
0.398998 0.375285 0.278767 0.278767 
0.399998 0.367891 0.283017 0.283017 
0.400998 0.360571 0.287278 0.287278 
0.401998 0.353325 0.291545 0.291545 
0.402998 0.346156 0.295818 0.295818 
0.403998 0.339064 0.300093 0.300093 
0.404998 0.332052 0.304371 0.304371 
0.405998 0.325119 0.308649 0.308649 
0.406998 0.318267 0.312924 0.312924 
0.407998 0.311498 0.317197 0.317197 
0.408998 0.304811 0.321465 0.321465 
0.409998 0.298209 0.325727 0.325727 
0.410998 0.291691 0.329979 0.329979 
0.411998 0.285258 0.334220 0.334220 
0.412998 0.278912 0.338449 0.338449 
0.413998 0.272652 0.342664 0.342664 
0.414998 0.266479 0.346862 0.346862 
0.415998 0.260394 0.351041 0.351041 
0.416998 0.254397 0.355201 0.355201 
0.417998 0.248489 0.359339 0.359339 
0.418998 0.242669 0.363452 0.363452 
0.419998 0.236938 0.367540 0.367540 
0.420998 0.231297 0.371600 0.371600 
0.421998 0.225744 0.375629 0.375629 
0.422998 0.220281 0.379628 0.379628 
0.423998 0.214906 0.383592 0.383592 
0.424998 0.209621 0.387520 0.387520 
0.425998 0.204426 0.391411 0.391411 
0.426998 0.199319 0.395261 0.395261 
0.427998 0.194300 0.399070 0.399070 
0.428998 0.189371 0.402835 0.402835 
0.429998 0.184529 0.406554 0.406554 
0.430998 0.179775 0.410227 0.410227 
0.431998 0.175109 0.413850 0.413850 
0.432998 0.170530 0.417421 0.417421 
0.433998 0.166037 0.420939 0.420939 
0.434998 0.161630 0.424402 0.424402 
0.435998 0.157309 0.427809 0.427809 
0.436998 0.153073 0.431157 0.431157 
0.437998 0.148921 0.434444 0.434444 
0.438998 0.144852 0.437669 0.437669 
0.439998 0.140867 0.440829 0.440829 
0.440998 0.136964 0.443925 0.443925 
0.441998 0.133142 0.446952 0.446952 
0.442998 0.129401 0.449909 0.449909 
0.443998 0.125740 0.452797 0.452797 
0.444998 0.122158 0.455611 0.455611 
0.445998 0.118655 0.458352 0.458352 
0.446998 0.115229 0.461017 0.461017 
0.447998 0.111879 0.463605 0.463605 
0.448998 0.108605 0.466114 0.466114 
0.449998 0.105406 0.468543 0.468543 
0.450998 0.102281 0.470890 0.470890 
0.451998 0.099228 0.473154 0.473154 
0.452998 0.096248 0.475335 0.475335 
0.453998 0.093338 0.477430 0.477430 
0.454998 0.090498 0.479438 0.479438 
0.455998 0.087727 0.481360 0.481360 
0.456998 0.085024 0.483191 0.483191 
0.457998 0.082387 0.484933 0.484933 
0.458998 0.079817 0.486584 0.486584 
0.459998 0.077311 0.488143 0.488143 
0.460998 0.074868 0.489609 0.489609 
0.461998 0.072489 0.490981 0.490981 
0.462998 0.070171 0.492259 0.492259 
0.463998 0.067914 0.493441 0.493441 
0.464998 0.065716 0.494527 0.494527 
0.465998 0.063576 0.495517 0.495517 
0.466998 0.061494 0.496409 0.496409 
0.467998 0.059468 0.497204 0.497204 
0.468998 0.057497 0.497900 0.497900 
0.469997 0.055581 0.498497 0.498497 
0.470997 0.053718 0.498996 0.498996 
0.471997 0.051906 0.499394 0.499394 
0.472997 0.050146 0.499694 0.499694 
0.473997 0.048436 0.499893 0.499893 
0.474997 0.046775 0.499993 0.499993 
0.475997 0.045162 0.499992 0.499992 
0.476997 0.043595 0.499892 0.499892 
0.477997 0.042075 0.499692 0.499692 
0.478997 0.040599 0.499392 0.499392 
0.479997 0.039168 0.498992 0.498992 
0.480997 0.037779 0.498493 0.498493 
0.481997 0.036432 0.497895 0.497895 
0.482997 0.035126 0.497198 0.497198 
0.483997 0.033861 0.496403 0.496403 
0.484997 0.032634 0.495510 0.495510 
0.485997 0.031446 0.494519 0.494519 
0.486997 0.030294 0.493432 0.493432 
0.487997 0.029179 0.492248 0.492248 
0.488997 0.028100 0.490970 0.490970 
0.489997 0.027055 0.489597 0.489597 
0.490997 0.026043 0.488129 0.488129 
0.491997 0.025065 0.486569 0.486569 
0.492997 0.024118 0.484917 0.484917 
0.493997 0.023203 0.483174 0.483174 
0.494997 0.022317 0.481341 0.481341 
0.495997 0.021462 0.479420 0.479420 
0.496997 0.020635 0.477410 0.477410 
0.497997 0.019835 0.475314 0.475314 
0.498997 0.019063 0.473133 0.473133 
0.499997 0.018318 0.470866 0.470866 
0.500997 0.017598 0.468517 0.468517 
0.501997 0.016903 0.466087 0.466087 
0.502997 0.016232 0.463577 0.463577 
0.503997 0.015584 0.460988 0.460988 
0.504997 0.014960 0.458322 0.458322 
0.505997 0.014358 0.455580 0.455580 
0.506997 0.013777 0.452763 0.452763 
0.507997 0.013217 0.449874 0.449874 
0.508997 0.012677 0.446915 0.446915 
0.509997 0.012157 0.443886 0.443886 
0.510997 0.011656 0.440790 0.440790 
0.511997 0.011173 0.437627 0.437627 
0.512997 0.010708 0.434401 0.434401 
0.513997 0.010260 0.431112 0.431112 
0.514997 0.009829 0.427762 0.427762 
0.515997 0.009415 0.424353 0.424353 
0.516997 0.009016 0.420887 0.420887 
0.517997 0.008632 0.417367 0.417367 
0.518997 0.008263 0.413793 0.413793 
0.519997 0.007908 0.410168 0.410168 
0.520997 0.007567 0.406493 0.406493 
0.521997 0.007239 0.402771 0.402771 
0.522997 0.006924 0.399002 0.399002 
0.523997 0.006621 0.395190 0.395190 
0.524997 0.006331 0.391336 0.391336 
0.525997 0.006051 0.387442 0.387442 
0.526997 0.005783 0.383510 0.383510 
0.527997 0.005526 0.379543 0.379543 
0.528997 0.005279 0.375541 0.375541 
0.529997 0.005043 0.371507 0.371507 
0.530997 0.004815 0.367442 0.367442 
0.531997 0.004597 0.363350 0.363350 
0.532997 0.004389 0.359231 0.359231 
0.533997 0.004188 0.355088 0.355088 
0.534997 0.003996 0.350923 0.350923 
0.535997 0.003813 0.346737 0.346737 
0.536997 0.003636 0.342532 0.342532 
0.537997 0.003468 0.338311 0.338311 
0.538997 0.003306 0.334075 0.334075 
0.539997 0.003152 0.329827 0.329827 
0.540997 0.003004 0.325567 0.325567 
0.541997 0.002862 0.321297 0.321297 
0.542997 0.002727 0.317021 0.317021 
0.543997 0.002597 0.312739 0.312739 
0.544997 0.002473 0.308453 0.308453 
0.545997 0.002354 0.304165 0.304165 
0.546997 0.002241 0.299876 0.299876 
0.547997 0.002133 0.295589 0.295589 
0.548997 0.002030 0.291305 0.291305 
0.549996 0.001931 0.287025 0.287025 
0.550996 0.001836 0.282752 0.282752 
0.551996 0.001746 0.278487 0.278487 
0.552996 0.001660 0.274232 0.274232 
0.553996 0.001578 0.269987 0.269987 
0.554996 0.001500 0.265755 0.265755 
0.555996 0.001425 0.261537 0.261537 
0.556996 0.001354 0.257334 0.257334 
0.557996 0.001286 0.253148 0.253148 
0.558996 0.001221 0.248981 0.248981 
0.559996 0.001159 0.244833 0.244833 
0.560996 0.001101 0.240707 0.240707 
0.561996 0.001045 0.236602 0.236602 
0.562996 0.000991 0.232521 0.232521 
0.563996 0.000940 0.228464 0.228464 
0.564996 0.000892 0.224434 0.224434 
0.565996 0.000846 0.220430 0.220430 
0.566996 0.000802 0.216455 0.216455 
0.567996 0.000760 0.212509 0.212509 
0.568996 0.000720 0.208593 0.208593 
0.569996 0.000682 0.204708 0.204708 
0.570996 0.000647 0.200856 0.200856 
0.571996 0.000612 0.197037 0.197037 
0.572996 0.000580 0.193251 0.193251 
0.573996 0.000549 0.189501 0.189501 
0.574996 0.000520 0.185785 0.185785 
0.575996 0.000492 0.182107 0.182107 
0.576996 0.000465 0.178465 0.178465 
0.577996 0.000440 0.174862 0.174862 
0.578996 0.000416 0.171297 0.171297 
0.579996 0.000394 0.167771 0.167771 
0.580996 0.000372 0.164285 0.164285 
0.581996 0.000352 0.160839 0.160839 
0.582996 0.000333 0.157434 0.157434 
0.583996 0.000314 0.154070 0.154070 
0.584996 0.000297 0.150748 0.150748 
0.585996 0.000280 0.147468 0.147468 
0.586996 0.000265 0.144230 0.144230 
0.587996 0.000250 0.141036 0.141036 
0.588996 0.000236 0.137884 0.137884 
0.589996 0.000223 0.134776 0.134776 
0.590996 0.000210 0.131712 0.131712 
0.591996 0.000198 0.128692 0.128692 
0.592996 0.000187 0.125716 0.125716 
0.593996 0.000176 0.122784 0.122784 
0.594996 0.000166 0.119896 0.119896 
0.595996 0.000157 0.117053 0.117053 
0.596996 0.000148 0.114255 0.114255 
0.597996 0.000139 0.111501 0.111501 
0.598996 0.000131 0.108791 0.108791 
0.599996 0.000123 0.106127 0.106127 
0.600996 0.000116 0.103507 0.103507 
0.601996 0.000109 0.100931 0.100931 
0.602996 0.000103 0.098400 0.098400 
0.603996 0.000097 0.095913 0.095913 
0.604996 0.000091 0.093470 0.093470 
0.605996 0.000086 0.091072 0.091072 
0.606996 0.000081 0.088717 0.088717 
0.607996 0.000076 0.086405 0.086405 
0.608996 0.000071 0.084137 0.084137 
0.609996 0.000067 0.081913 0.081913 
0.610996 0.000063 0.079731 0.079731 
0.611996 0.000059 0.077591 0.077591 
0.612996 0.000056 0.075495 0.075495 
0.613996 0.000052 0.073440 0.073440 
0.614996 0.000049 0.071426 0.071426 
0.615996 0.000046 0.069454 0.069454 
0.616996 0.000043 0.067523 0.067523 
0.617996 0.000041 0.065633 0.065633 
0.618996 0.000038 0.063782 0.063782 
0.619996 0.000036 0.061972 0.061972 
0.620996 0.000034 0.060201 0.060201 
0.621996 0.000031 0.058468 0.058468 
0.622996 0.000029 0.056774 0.056774 
0.623996 0.000028 0.055119 0.055119 
0.624996 0.000026 0.053501 0.053501 
0.625996 0.000024 0.051920 0.051920 
0.626996 0.000023 0.050375 0.050375 
0.627995 0.000021 0.048867 0.048867 
0.628995 0.000020 0.047394 0.047394 
0.629995 0.000019 0.045957 0.045957 
0.630995 0.000017 0.044554 0.044554 
0.631995 0.000016 0.043186 0.043186 
0.632995 0.000015 0.041851 0.041851 
0.633995 0.000014 0.040550 0.040550 
0.634995 0.000013 0.039280 0.039280 
0.635995 0.000013 0.038044 0.038044 
0.636995 0.000012 0.036838 0.036838 
0.637995 0.000011 0.035664 0.035664 
0.638995 0.000010 0.034520 0.034520 
0.639995 0.000010 0.033406 0.033406 
0.640995 0.000009 0.032322 0.032322 
0.641995 0.000008 0.031267 0.031267 
0.642995 0.000008 0.030240 0.030240 
0.643995 0.000007 0.029241 0.029241 
0.644995 0.000007 0.028269 0.028269 
0.645995 0.000006 0.027324 0.027324 
0.646995 0.000006 0.026406 0.026406 
0.647995 0.000006 0.025513 0.025513 
0.648995 0.000005 0.024645 0.024645 
0.649995 0.000005 0.023802 0.023802 
0.650995 0.000004 0.022984 0.022984 
0.651995 0.000004 0.022189 0.022189 
0.652995 0.000004 0.021417 0.021417 
0.653995 0.000004 0.020668 0.020668 
0.654995 0.000003 0.019942 0.019942 
0.655995 0.000003 0.019237 0.019237 
0.656995 0.000003 0.018553 0.018553 
0.657995 0.000003 0.017890 0.017890 
0.658995 0.000003 0.017247 0.017247 
0.659995 0.000002 0.016624 0.016624 
0.660995 0.000002 0.016020 0.016020 
0.661995 0.000002 0.015435 0.015435 
0.662995 0.000002 0.014869 0.014869 
0.663995 0.000002 0.014320 0.014320 
0.664995 0.000002 0.013789 0.013789 
0.665995 0.000002 0.013275 0.013275 
0.666995 0.000001 0.012777 0.012777 
0.667995 0.000001 0.012296 0.012296 
0.668995 0.000001 0.011830 0.011830 
0.669995 0.000001 0.011380 0.011380 
0.670995 0.000001 0.010945 0.010945 
0.671995 0.000001 0.010524 0.010524 
0.672995 0.000001 0.010118 0.010118 
0.673995 0.000001 0.009725 0.009725 
0.674995 0.000001 0.009346 0.009346 
0.675995 0.000001 0.008979 0.008979 
0.676995 0.000001 0.008626 0.008626 
0.677995 0.000001 0.008284 0.008284 
0.678995 0.000001 0.007954 0.007954 
0.679995 0.000001 0.007637 0.007637 
0.680995 0.000000 0.007330 0.007330 
0.681995 0.000000 0.007034 0.007034 
0.682995 0.000000 0.006749 0.006749 
0.683995 0.000000 0.006474 0.006474 
0.684995 0.000000 0.006209 0.006209 
0.685995 0.000000 0.005953 0.005953 
0.686995 0.000000 0.005708 0.005708 
0.687995 0.000000 0.005471 0.005471 
0.688995 0.000000 0.005242 0.005242 
0.689995 0.000000 0.005023 0.005023 
0.690995 0.000000 0.004812 0.004812 
0.691995 0.000000 0.004608 0.004608 
0.692995 0.000000 0.004412 0.004412 
0.693995 0.000000 0.004224 0.004224 
0.694995 0.000000 0.004043 0.004043 
0.695995 0.000000 0.003869 0.003869 
0.696995 0.000000 0.003702 0.003702 
0.697995 0.000000 0.003541 0.003541 
0.698995 0.000000 0.003387 0.003387 
0.699995 0.000000 0.003238 0.003238 
0.700995 0.000000 0.003096 0.003096 
0.701995 0.000000 0.002959 0.002959 
0.702995 0.000000 0.002828 0.002828 
0.703995 0.000000 0.002702 0.002702 
0.704994 0.000000 0.002581 0.002581 
0.705994 0.000000 0.002465 0.002465 
0.706994 0.000000 0.002354 0.002354 
0.707994 0.000000 0.002247 0.002247 
0.708994 0.000000 0.002145 0.002145 
0.709994 0.000000 0.002047 0.002047 
0.710994 0.000000 0.001953 0.001953 
0.711994 0.000000 0.001863 0.001863 
0.712994 0.000000 0.001776 0.001776 
0.713994 0.000000 0.001694 0.001694 
0.714994 0.000000 0.001615 0.001615 
0.715994 0.000000 0.001539 0.001539 
0.716994 0.000000 0.001467 0.001467 
0.717994 0.000000 0.001397 0.001397 
0.718994 0.000000 0.001331 0.001331 
0.719994 0.000000 0.001268 0.001268 
0.720994 0.000000 0.001207 0.001207 
0.721994 0.000000 0.001149 0.001149 
0.722994 0.000000 0.001094 0.001094 
0.723994 0.000000 0.001041 0.001041 
0.724994 0.000000 0.000990 0.000990 
0.725994 0.000000 0.000942 0.000942 
0.726994 0.000000 0.000896 0.000896 
0.727994 0.000000 0.000852 0.000852 
0.728994 0.000000 0.000810 0.000810 
0.729994 0.000000 0.000770 0.000770 
0.730994 0.000000 0.000731 0.000731 
0.731994 0.000000 0.000695 0.000695 
0.732994 0.000000 0.000660 0.000660 
0.733994 0.000000 0.000627 0.000627 
0.734994 0.000000 0.000595 0.000595 
0.735994 0.000000 0.000565 0.000565 
0.736994 0.000000 0.000536 0.000536 
0.737994 0.000000 0.000509 0.000509 
0.738994 0.000000 0.000483 0.000483 
0.739994 0.000000 0.000458 0.000458 
0.740994 0.000000 0.000434 0.000434 
0.741994 0.000000 0.000412 0.000412 
0.742994 0.000000 0.000391 0.000391 
0.743994 0.000000 0.000370 0.000370 
0.744994 0.000000 0.000351 0.000351 
0.745994 0.000000 0.000332 0.000332 
0.746994 0.000000 0.000315 0.000315 
0.747994 0.000000 0.000298 0.000298 
0.748994 0.000000 0.000282 0.000282 
0.749994 0.000000 0.000267 0.000267 
0.750994 0.000000 0.000253 0.000253 
0.751994 0.000000 0.000239 0.000239 
0.752994 0.000000 0.000226 0.000226 
0.753994 0.000000 0.000214 0.000214 
0.754994 0.000000 0.000203 0.000203 
0.755994 0.000000 0.000192 0.000192 
0.756994 0.000000 0.000181 0.000181 
0.757994 0.000000 0.000171 0.000171 
0.758994 0.000000 0.000162 0.000162 
0.759994 0.000000 0.000153 0.000153 
0.760994 0.000000 0.000144 0.000144 
0.761994 0.000000 0.000136 0.000136 
0.762994 0.000000 0.000129 0.000129 
0.763994 0.000000 0.000122 0.000122 
0.764994 0.000000 0.000115 0.000115 
0.765994 0.000000 0.000108 0.000108 
0.766994 0.000000 0.000102 0.000102 
0.767994 0.000000 0.000096 0.000096 
0.768994 0.000000 0.000091 0.000091 
0.769994 0.000000 0.000086 0.000086 
0.770994 0.000000 0.000081 0.000081 
0.771994 0.000000 0.000076 0.000076 
0.772994 0.000000 0.000072 0.000072 
0.773994 0.000000 0.000068 0.000068 
0.774994 0.000000 0.000064 0.000064 
0.775994 0.000000 0.000060 0.000060 
0.776994 0.000000 0.000056 0.000056 
0.777994 0.000000 0.000053 0.000053 
0.778994 0.000000 0.000050 0.000050 
0.779994 0.000000 0.000047 0.000047 
0.780994 0.000000 0.000044 0.000044 
0.781994 0.000000 0.000042 0.000042 
0.782993 0.000000 0.000039 0.000039 
0.783993 0.000000 0.000037 0.000037 
0.784993 0.000000 0.000035 0.000035 
0.785993 0.000000 0.000033 0.000033 
0.786993 0.000000 0.000031 0.000031 
0.787993 0.000000 0.000029 0.000029 
0.788993 0.000000 0.000027 0.000027 
0.789993 0.000000 0.000025 0.000025 
0.790993 0.000000 0.000024 0.000024 
0.791993 0.000000 0.000022 0.000022 
0.792993 0.000000 0.000021 0.000021 
0.793993 0.000000 0.000020 0.000020 
0.794993 0.000000 0.000018 0.000018 
0.795993 0.000000 0.000017 0.000017 
0.796993 0.000000 0.000016 0.000016 
0.797993 0.000000 0.000015 0.000015 
0.798993 0.000000 0.000014 0.000014 
0.799993 0.000000 0.000013 0.000013 
0.800993 0.000000 0.000013 0.000013 
0.801993 0.000000 0.000012 0.000012 
0.802993 0.000000 0.000011 0.000011 
0.803993 0.000000 0.000010 0.000010 
0.804993 0.000000 0.000010 0.000010 
0.805993 0.000000 0.000009 0.000009 
0.806993 0.000000 0.000008 0.000008 
0.807993 0.000000 0.000008 0.000008 
0.808993 0.000000 0.000007 0.000007 
0.809993 0.000000 0.000007 0.000007 
0.810993 0.000000 0.000006 0.000006 
0.811993 0.000000 0.000006 0.000006 
0.812993 0.000000 0.000006 0.000006 
0.813993 0.000000 0.000005 0.000005 
0.814993 0.000000 0.000005 0.000005 
0.815993 0.000000 0.000005 0.000005 
0.816993 0.000000 0.000004 0.000004 
0.817993 0.000000 0.000004 0.000004 
0.818993 0.000000 0.000004 0.000004 
0.819993 0.000000 0.000004 0.000004 
0.820993 0.000000 0.000003 0.000003 
0.821993 0.000000 0.000003 0.000003 
0.822993 0.000000 0.000003 0.000003 
0.823993 0.000000 0.000003 0.000003 
0.824993 0.000000 0.000002 0.000002 
0.825993 0.000000 0.000002 0.000002 
0.826993 0.000000 0.000002 0.000002 
0.827993 0.000000 0.000002 0.000002 
0.828993 0.000000 0.000002 0.000002 
0.829993 0.000000 0.000002 0.000002 
0.830993 0.000000 0.000002 0.000002 
0.831993 0.000000 0.000002 0.000002 
0.832993 0.000000 0.000001 0.000001 
0.833993 0.000000 0.000001 0.000001 
0.834993 0.000000 0.000001 0.000001 
0.835993 0.000000 0.000001 0.000001 
0.836993 0.000000 0.000001 0.000001 
0.837993 0.000000 0.000001 0.000001 
0.838993 0.000000 0.000001 0.000001 
0.839993 0.000000 0.000001 0.000001 
0.840993 0.000000 0.000001 0.000001 
0.841993 0.000000 0.000001 0.000001 
0.842993 0.000000 0.000001 0.000001 
0.843993 0.000000 0.000001 0.000001 
0.844993 0.000000 0.000001 0.000001 
0.845993 0.000000 0.000001 0.000001 
0.846993 0.000000 0.000001 0.000001 
0.847993 0.000000 0.000000 0.000000 
0.848993 0.000000 0.000000 0.000000 
0.849993 0.000000 0.000000 0.000000 
0.850993 0.000000 0.000000 0.000000 
0.851993 0.000000 0.000000 0.000000 
0.852993 0.000000 0.000000 0.000000 
0.853993 0.000000 0.000000 0.000000 
0.854993 0.000000 0.000000 0.000000 
0.855993 0.000000 0.000000 0.000000 
0.856993 0.000000 0.000000 0.000000 
0.857993 0.000000 0.000000 0.000000 
0.858993 0.000000 0.000000 0.000000 
0.859993 0.000000 0.000000 0.000000 
0.860992 0.000000 0.000000 0.000000 
0.861992 0.000000 0.000000 0.000000 
0.862992 0.000000 0.000000 0.000000 
0.863992 0.000000 0.000000 0.000000 
0.864992 0.000000 0.000000 0.000000 
0.865992 0.000000 0.000000 0.000000 
0.866992 0.000000 0.000000 0.000000 
0.867992 0.000000 0.000000 0.000000 
0.868992 0.000000 0.000000 0.000000 
0.869992 0.000000 0.000000 0.000000 
0.870992 0.000000 0.000000 0.000000 
0.871992 0.000000 0.000000 0.000000 
0.872992 0.000000 0.000000 0.000000 
0.873992 0.000000 0.000000 0.000000 
0.874992 0.000000 0.000000 0.000000 
0.875992 0.000000 0.000000 0.000000 
0.876992 0.000000 0.000000 0.000000 
0.877992 0.000000 0.000000 0.000000 
0.878992 0.000000 0.000000 0.000000 
0.879992 0.000000 0.000000 0.000000 
0.880992 0.000000 0.000000 0.000000 
0.881992 0.000000 0.000000 0.000000 
0.882992 0.000000 0.000000 0.000000 
0.883992 0.000000 0.000000 0.000000 
0.884992 0.000000 0.000000 0.000000 
0.885992 0.000000 0.000000 0.000000 
0.886992 0.000000 0.000000 0.000000 
0.887992 0.000000 0.000000 0.000000 
0.888992 0.000000 0.000000 0.000000 
0.889992 0.000000 0.000000 0.000000 
0.890992 0.000000 0.000000 0.000000 
0.891992 0.000000 0.000000 0.000000 
0.892992 0.000000 0.000000 0.000000 
0.893992 0.000000 0.000000 0.000000 
0.894992 0.000000 0.000000 0.000000 
0.895992 0.000000 0.000000 0.000000 
0.896992 0.000000 0.000000 0.000000 
0.897992 0.000000 0.000000 0.000000 
0.898992 0.000000 0.000000 0.000000 
0.899992 0.000000 0.000000 0.000000 
0.900992 0.000000 0.000000 0.000000 
0.901992 0.000000 0.000000 0.000000 
0.902992 0.000000 0.000000 0.000000 
0.903992 0.000000 0.000000 0.000000 
0.904992 0.000000 0.000000 0.000000 
0.905992 0.000000 0.000000 0.000000 
0.906992 0.000000 0.000000 0.000000 
0.907992 0.000000 0.000000 0.000000 
0.908992 0.000000 0.000000 0.000000 
0.909992 0.000000 0.000000 0.000000 
0.910992 0.000000 0.000000 0.000000 
0.911992 0.000000 0.000000 0.000000 
0.912992 0.000000 0.000000 0.000000 
0.913992 0.000000 0.000000 0.000000 
0.914992 0.000000 0.000000 0.000000 
0.915992 0.000000 0.000000 0.000000 
0.916992 0.000000 0.000000 0.000000 
0.917992 0.000000 0.000000 0.000000 
0.918992 0.000000 0.000000 0.000000 
0.919992 0.000000 0.000000 0.000000 
0.920992 0.000000 0.000000 0.000000 
0.921992 0.000000 0.000000 0.000000 
0.922992 0.000000 0.000000 0.000000 
0.923992 0.000000 0.000000 0.000000 
0.924992 0.000000 0.000000 0.000000 
0.925992 0.000000 0.000000 0.000000 
0.926992 0.000000 0.000000 0.000000 
0.927992 0.000000 0.000000 0.000000 
0.928992 0.000000 0.000000 0.000000 
0.929992 0.000000 0.000000 0.000000 
0.930992 0.000000 0.000000 0.000000 
0.931992 0.000000 0.000000 0.000000 
0.932992 0.000000 0.000000 0.000000 
0.933992 0.000000 0.000000 0.000000 
0.934992 0.000000 0.000000 0.000000 
0.935992 0.000000 0.000000 0.000000 
0.936992 0.000000 0.000000 0.000000 
0.937991 0.000000 0.000000 0.000000 
0.938991 0.000000 0.000000 0.000000 
0.939991 0.000000 0.000000 0.000000 
0.940991 0.000000 0.000000 0.000000 
0.941991 0.000000 0.000000 0.000000 
0.942991 0.000000 0.000000 0.000000 
0.943991 0.000000 0.000000 0.000000 
0.944991 0.000000 0.000000 0.000000 
0.945991 0.000000 0.000000 0.000000 
0.946991 0.000000 0.000000 0.000000 
0.947991 0.000000 0.000000 0.000000 
0.948991 0.000000 0.000000 0.000000 
0.949991 0.000000 0.000000 0.000000 
0.950991 0.000000 0.000000 0.000000 
0.951991 0.000000 0.000000 0.000000 
0.952991 0.000000 0.000000 0.000000 
0.953991 0.000000 0.000000 0.000000 
0.954991 0.000000 0.000000 0.000000 
0.955991 0.000000 0.000000 0.000000 
0.956991 0.000000 0.000000 0.000000 
0.957991 0.000000 0.000000 0.000000 
0.958991 0.000000 0.000000 0.000000 
0.959991 0.000000 0.000000 0.000000 
0.960991 0.000000 0.000000 0.000000 
0.961991 0.000000 0.000000 0.000000 
0.962991 0.000000 0.000000 0.000000 
0.963991 0.000000 0.000000 0.000000 
0.964991 0.000000 0.000000 0.000000 
0.965991 0.000000 0.000000 0.000000 
0.966991 0.000000 0.000000 0.000000 
0.967991 0.000000 0.000000 0.000000 
0.968991 0.000000 0.000000 0.000000 
0.969991 0.000000 0.000000 0.000000 
0.970991 0.000000 0.000000 0.000000 
0.971991 0.000000 0.000000 0.000000 
0.972991 0.000000 0.000000 0.000000 
0.973991 0.000000 0.000000 0.000000 
0.974991 0.000000 0.000000 0.000000 
0.975991 0.000000 0.000000 0.000000 
0.976991 0.000000 0.000000 0.000000 
0.977991 0.000000 0.000000 0.000000 
0.978991 0.000000 0.000000 0.000000 
0.979991 0.000000 0.000000 0.000000 
0.980991 0.000000 0.000000 0.000000 
0.981991 0.000000 0.000000 0.000000 
0.982991 0.000000 0.000000 0.000000 
0.983991 0.000000 0.000000 0.000000 
0.984991 0.000000 0.000000 0.000000 
0.985991 0.000000 0.000000 0.000000 
0.986991 0.000000 0.000000 0.000000 
0.987991 0.000000 0.000000 0.000000 
0.988991 0.000000 0.000000 0.000000 
0.989991 0.000000 0.000000 0.000000 
0.990991 0.000000 0.000000 0.000000 
0.991991 0.000000 0.000000 0.000000 
0.992991 0.000000 0.000000 0.000000 
0.993991 0.000000 0.000000 0.000000 
0.994991 0.000000 0.000000 0.000000 
0.995991 0.000000 0.000000 0.000000 
0.996991 0.000000 0.000000 0.000000 
0.997991 0.000000 0.000000 0.000000 
0.998991 0.000000 0.000000 0.000000 
