-5.000000 12.500000 0.000000 
-4.960000 12.300800 0.000000 
-4.920000 12.103200 0.000000 
-4.880000 11.907201 0.000000 
-4.840000 11.712801 0.000000 
-4.800000 11.520000 0.000000 
-4.760000 11.328801 0.000000 
-4.720000 11.139201 0.000000 
-4.680000 10.951201 0.000000 
-4.640000 10.764802 0.000000 
-4.600000 10.580002 0.000000 
-4.560000 10.396802 0.000000 
-4.520000 10.215202 0.000000 
-4.480000 10.035202 0.000000 
-4.440001 9.856802 0.000000 
-4.400001 9.680002 0.000000 
-4.360001 9.504803 0.000000 
-4.320001 9.331203 0.000000 
-4.280001 9.159203 0.000000 
-4.240001 8.988803 0.000000 
-4.200001 8.820004 0.000000 
-4.160001 8.652803 0.000000 
-4.120001 8.487204 0.000000 
-4.080001 8.323204 0.000000 
-4.040001 8.160804 0.000000 
-4.000001 8.000004 0.000000 
-3.960001 7.840804 0.000000 
-3.920001 7.683204 0.000000 
-3.880001 7.527204 0.000000 
-3.840001 7.372804 0.000000 
-3.800001 7.220005 0.000000 
-3.760001 7.068804 0.000000 
-3.720001 6.919205 0.000000 
-3.680001 6.771204 0.000000 
-3.640001 6.624804 0.000000 
-3.600001 6.480005 0.000000 
-3.560001 6.336805 0.000000 
-3.520001 6.195205 0.000000 
-3.480001 6.055205 0.000000 
-3.440001 5.916805 0.000000 
-3.400002 5.780005 0.000000 
-3.360002 5.644805 0.000000 
-3.320002 5.511205 0.000000 
-3.280002 5.379205 0.000000 
-3.240002 5.248806 0.000000 
-3.200002 5.120006 0.000000 
-3.160002 4.992805 0.000000 
-3.120002 4.867206 0.000000 
-3.080002 4.743206 0.000000 
-3.040002 4.620806 0.000000 
-3.000002 4.500006 0.000000 
-2.960002 4.380806 0.000000 
-2.920002 4.263206 0.000000 
-2.880002 4.147206 0.000000 
-2.840002 4.032806 0.000000 
-2.800002 3.920006 0.000000 
-2.760002 3.808806 0.000000 
-2.720002 3.699206 0.000000 
-2.680002 3.591206 0.000000 
-2.640002 3.484806 0.000000 
-2.600002 3.380006 0.000000 
-2.560002 3.276806 0.000000 
-2.520002 3.175206 0.000000 
-2.480002 3.075206 0.000000 
-2.440002 2.976806 0.000000 
-2.400002 2.880006 0.000000 
-2.360003 2.784806 0.000000 
-2.320003 2.691206 0.000000 
-2.280003 2.599206 0.000000 
-2.240003 2.508806 0.000000 
-2.200003 2.420006 0.000000 
-2.160003 2.332806 0.000000 
-2.120003 2.247206 0.000000 
-2.080003 2.163206 0.000000 
-2.040003 2.080806 0.000000 
-2.000003 2.000006 0.000000 
-1.960003 1.920806 0.000000 
-1.920003 1.843206 0.000000 
-1.880003 1.767206 0.000000 
-1.840003 1.692806 0.000000 
-1.800003 1.620005 0.000000 
-1.760003 1.548805 0.000000 
-1.720003 1.479205 0.000000 
-1.680003 1.411205 0.000000 
-1.640003 1.344805 0.000000 
-1.600003 1.280005 0.000000 
-1.560003 1.216805 0.000000 
-1.520003 1.155205 0.000000 
-1.480003 1.095205 0.000000 
-1.440003 1.036805 0.000000 
-1.400003 0.980005 0.000000 
-1.360003 0.924805 0.000000 
-1.320004 0.871205 0.000000 
-1.280004 0.819205 0.000000 
-1.240004 0.768804 0.000000 
-1.200004 0.720004 0.000000 
-1.160004 0.672804 0.000000 
-1.120004 0.627204 0.000000 
-1.080004 0.583204 0.000000 
-1.040004 0.540804 0.000000 
-1.000004 0.500004 0.000000 
-0.960004 0.460804 0.000000 
-0.920004 0.423203 0.000000 
-0.880004 0.387203 0.000000 
-0.840004 0.352803 0.000000 
-0.800004 0.320003 0.000000 
-0.760004 0.288803 0.000000 
-0.720004 0.259203 0.000000 
-0.680004 0.231202 0.000000 
-0.640004 0.204802 0.000000 
-0.600004 0.180002 0.000000 
-0.560004 0.156802 0.000000 
-0.520004 0.135202 0.000000 
-0.480004 0.115202 0.000000 
-0.440004 0.096802 0.000000 
-0.400004 0.080001 0.000000 
-0.360004 0.064801 0.000000 
-0.320004 0.051201 0.000000 
-0.280004 0.039201 0.000000 
-0.240004 0.028801 0.000000 
-0.200004 0.020001 0.000000 
-0.160004 0.012801 0.000000 
-0.120004 0.007200 0.000000 
-0.080004 0.003200 0.000000 
-0.040004 0.000800 0.000000 
-0.000004 0.000000 0.000000 
0.039996 0.000800 0.000000 
0.079996 0.003200 0.000000 
0.119996 0.007200 0.000000 
0.159996 0.012799 0.000000 
0.199996 0.019999 0.000000 
0.239996 0.028799 0.000000 
0.279996 0.039199 0.000000 
0.319996 0.051199 0.000000 
0.359996 0.064799 0.000000 
0.399996 0.079999 0.000000 
0.439996 0.096798 0.000000 
0.479996 0.115198 0.000000 
0.519996 0.135198 0.000000 
0.559996 0.156798 0.000000 
0.599996 0.179998 0.000000 
0.639996 0.204798 0.000000 
0.679996 0.231198 0.000000 
0.719996 0.259197 0.000000 
0.759996 0.288797 0.000000 
0.799996 0.319997 0.000000 
0.839996 0.352797 0.000000 
0.879996 0.387197 0.000000 
0.919997 0.423197 0.000000 
0.959997 0.460797 0.000000 
0.999997 0.499997 0.000000 
1.039997 0.540796 0.000000 
1.079996 0.583196 0.000000 
1.119996 0.627196 0.000000 
1.159996 0.672796 0.000000 
1.199996 0.719996 0.000000 
1.239996 0.768795 0.000000 
1.279996 0.819195 0.000000 
1.319996 0.871195 0.000000 
1.359996 0.924795 0.000000 
1.399996 0.979995 0.000000 
1.439996 1.036794 0.000000 
1.479996 1.095194 0.000000 
1.519996 1.155194 0.000000 
1.559996 1.216794 0.000000 
1.599996 1.279994 0.000000 
1.639996 1.344793 0.000000 
1.679996 1.411193 0.000000 
1.719996 1.479193 0.000000 
1.759996 1.548793 0.000000 
1.799996 1.619992 0.000000 
1.839996 1.692792 0.000000 
1.879996 1.767192 0.000000 
1.919996 1.843192 0.000000 
1.959996 1.920791 0.000000 
1.999996 1.999991 0.000000 
2.039996 2.080791 0.000000 
2.079996 2.163191 0.000000 
2.119996 2.247191 0.000000 
2.159996 2.332790 0.000000 
2.199996 2.419990 0.000000 
2.239995 2.508790 0.000000 
2.279995 2.599190 0.000000 
2.319995 2.691189 0.000000 
2.359995 2.784789 0.000000 
2.399995 2.879989 0.000000 
2.439995 2.976789 0.000000 
2.479995 3.075188 0.000000 
2.519995 3.175188 0.000000 
2.559995 3.276788 0.000000 
2.599995 3.379987 0.000000 
2.639995 3.484787 0.000000 
2.679995 3.591187 0.000000 
2.719995 3.699187 0.000000 
2.759995 3.808786 0.000000 
2.799995 3.919986 0.000000 
2.839995 4.032785 0.000000 
2.879995 4.147185 0.000000 
2.919995 4.263185 0.000000 
2.959995 4.380785 0.000000 
2.999995 4.499984 0.000000 
3.039995 4.620784 0.000000 
3.079995 4.743184 0.000000 
3.119995 4.867183 0.000000 
3.159995 4.992783 0.000000 
3.199995 5.119983 0.000000 
3.239995 5.248782 0.000000 
3.279994 5.379182 0.000000 
3.319994 5.511181 0.000000 
3.359994 5.644781 0.000000 
3.399994 5.779981 0.000000 
3.439994 5.916780 0.000000 
3.479994 6.055180 0.000000 
3.519994 6.195180 0.000000 
3.559994 6.336780 0.000000 
3.599994 6.479979 0.000000 
3.639994 6.624779 0.000000 
3.679994 6.771178 0.000000 
3.719994 6.919178 0.000000 
3.759994 7.068778 0.000000 
3.799994 7.219977 0.000000 
3.839994 7.372777 0.000000 
3.879994 7.527176 0.000000 
3.919994 7.683176 0.000000 
3.959994 7.840775 0.000000 
3.999994 7.999975 0.000000 
4.039994 8.160775 0.000000 
4.079994 8.323174 0.000000 
4.119994 8.487174 0.000000 
4.159994 8.652774 0.000000 
4.199994 8.819973 0.000000 
4.239994 8.988772 0.000000 
4.279994 9.159172 0.000000 
4.319993 9.331172 0.000000 
4.359993 9.504771 0.000000 
4.399993 9.679971 0.000000 
4.439993 9.856771 0.000000 
4.479993 10.035171 0.000000 
4.519993 10.215170 0.000000 
4.559993 10.396770 0.000000 
4.599993 10.579968 0.000000 
4.639993 10.764769 0.000000 
4.679993 10.951168 0.000000 
4.719993 11.139168 0.000000 
4.759993 11.328767 0.000000 
4.799993 11.519966 0.000000 
4.839993 11.712766 0.000036 
4.879993 11.907166 0.003149 
4.919993 12.103166 0.077270 
4.959993 12.300765 0.527172 
4.999993 12.499965 1.000000 
5.039993 12.700764 0.527414 
5.079993 12.903163 0.077341 
5.119993 13.107162 0.003153 
5.159993 13.312762 0.000036 
5.199993 13.519961 0.000000 
5.239993 13.728762 0.000000 
5.279993 13.939161 0.000000 
5.319993 14.151160 0.000000 
5.359993 14.364759 0.000000 
5.399992 14.579959 0.000000 
5.439992 14.796759 0.000000 
5.479992 15.015159 0.000000 
5.519992 15.235158 0.000000 
5.559992 15.456758 0.000000 
5.599992 15.679956 0.000000 
5.639992 15.904757 0.000000 
5.679992 16.131155 0.000000 
5.719992 16.359156 0.000000 
5.759992 16.588755 0.000000 
5.799992 16.819954 0.000000 
5.839992 17.052753 0.000000 
5.879992 17.287153 0.000000 
5.919992 17.523153 0.000000 
5.959992 17.760752 0.000000 
5.999992 17.999952 0.000000 
6.039992 18.240751 0.000000 
6.079992 18.483150 0.000000 
6.119992 18.727150 0.000000 
6.159992 18.972750 0.000000 
6.199992 19.219948 0.000000 
6.239992 19.468748 0.000000 
6.279992 19.719147 0.000000 
6.319992 19.971148 0.000000 
6.359992 20.224747 0.000000 
6.399992 20.479946 0.000000 
6.439991 20.736746 0.000000 
6.479991 20.995144 0.000000 
6.519991 21.255144 0.000000 
6.559991 21.516743 0.000000 
6.599991 21.779943 0.000000 
6.639991 22.044743 0.000000 
6.679991 22.311142 0.000000 
6.719991 22.579142 0.000000 
6.759991 22.848740 0.000000 
6.799991 23.119940 0.000000 
6.839991 23.392738 0.000000 
6.879991 23.667139 0.000000 
6.919991 23.943138 0.000000 
6.959991 24.220737 0.000000 
6.999991 24.499937 0.000000 
7.039991 24.780735 0.000000 
7.079991 25.063135 0.000000 
7.119991 25.347136 0.000000 
7.159991 25.632734 0.000000 
7.199991 25.919933 0.000000 
7.239991 26.208733 0.000000 
7.279991 26.499132 0.000000 
7.319991 26.791132 0.000000 
7.359991 27.084730 0.000000 
7.399991 27.379930 0.000000 
7.439991 27.676729 0.000000 
7.479990 27.975128 0.000000 
7.519990 28.275127 0.000000 
7.559990 28.576727 0.000000 
7.599990 28.879927 0.000000 
7.639990 29.184727 0.000000 
7.679990 29.491125 0.000000 
7.719990 29.799126 0.000000 
7.759990 30.108725 0.000000 
7.799990 30.419924 0.000000 
7.839990 30.732723 0.000000 
7.879990 31.047121 0.000000 
7.919990 31.363121 0.000000 
7.959990 31.680721 0.000000 
7.999990 31.999920 0.000000 
8.039990 32.320724 0.000000 
8.079990 32.643124 0.000000 
8.119990 32.967121 0.000000 
8.159990 33.292721 0.000000 
8.199990 33.619919 0.000000 
8.239990 33.948719 0.000000 
8.279990 34.279118 0.000000 
8.319990 34.611118 0.000000 
8.359990 34.944717 0.000000 
8.399990 35.279915 0.000000 
8.439990 35.616714 0.000000 
8.479990 35.955116 0.000000 
8.519990 36.295116 0.000000 
8.559990 36.636715 0.000000 
8.599990 36.979912 0.000000 
8.639990 37.324711 0.000000 
8.679990 37.671112 0.000000 
8.719990 38.019112 0.000000 
8.759990 38.368710 0.000000 
8.799990 38.719910 0.000000 
8.839990 39.072708 0.000000 
8.879990 39.427109 0.000000 
8.919990 39.783108 0.000000 
8.959990 40.140705 0.000000 
8.999990 40.499905 0.000000 
9.039989 40.860706 0.000000 
9.079989 41.223103 0.000000 
9.119989 41.587105 0.000000 
9.159989 41.952702 0.000000 
9.199989 42.319901 0.000000 
9.239989 42.688702 0.000000 
9.279989 43.059101 0.000000 
9.319989 43.431099 0.000000 
9.359989 43.804699 0.000000 
9.399989 44.179897 0.000000 
9.439989 44.556698 0.000000 
9.479989 44.935097 0.000000 
9.519989 45.315094 0.000000 
9.559989 45.696693 0.000000 
9.599989 46.079895 0.000000 
9.639989 46.464691 0.000000 
9.679989 46.851093 0.000000 
9.719989 47.239090 0.000000 
9.759989 47.628689 0.000000 
9.799989 48.019890 0.000000 
9.839989 48.412689 0.000000 
9.879989 48.807087 0.000000 
9.919989 49.203087 0.000000 
9.959989 49.600685 0.000000 
9.999989 49.999886 0.000000 
10.039989 50.400684 0.000000 
10.079988 50.803085 0.000000 
10.119988 51.207085 0.000000 
10.159988 51.612682 0.000000 
10.199988 52.019882 0.000000 
10.239988 52.428680 0.000000 
10.279988 52.839081 0.000000 
10.319988 53.251080 0.000000 
10.359988 53.664677 0.000000 
10.399988 54.079876 0.000000 
10.439988 54.496677 0.000000 
10.479988 54.915073 0.000000 
10.519988 55.335075 0.000000 
10.559988 55.756672 0.000000 
10.599988 56.179874 0.000000 
10.639988 56.604671 0.000000 
10.679988 57.031071 0.000000 
10.719988 57.459068 0.000000 
10.759988 57.888668 0.000000 
10.799988 58.319870 0.000000 
10.839988 58.752666 0.000000 
10.879988 59.187065 0.000000 
10.919988 59.623066 0.000000 
10.959988 60.060665 0.000000 
10.999988 60.499863 0.000000 
11.039988 60.940662 0.000000 
11.079988 61.383060 0.000000 
11.119987 61.827061 0.000000 
11.159987 62.272659 0.000000 
11.199987 62.719860 0.000000 
11.239987 63.168659 0.000000 
11.279987 63.619057 0.000000 
11.319987 64.071053 0.000000 
11.359987 64.524658 0.000000 
11.399987 64.979851 0.000000 
11.439987 65.436653 0.000000 
11.479987 65.895050 0.000000 
11.519987 66.355049 0.000000 
11.559987 66.816650 0.000000 
11.599987 67.279846 0.000000 
11.639987 67.744652 0.000000 
11.679987 68.211044 0.000000 
11.719987 68.679047 0.000000 
11.759987 69.148643 0.000000 
11.799987 69.619843 0.000000 
11.839987 70.092644 0.000000 
11.879987 70.567039 0.000000 
11.919987 71.043045 0.000000 
11.959987 71.520638 0.000000 
11.999987 71.999840 0.000000 
12.039987 72.480637 0.000000 
12.079987 72.963036 0.000000 
12.119987 73.447037 0.000000 
12.159986 73.932632 0.000000 
12.199986 74.419838 0.000000 
12.239986 74.908630 0.000000 
12.279986 75.399033 0.000000 
12.319986 75.891029 0.000000 
12.359986 76.384628 0.000000 
12.399986 76.879829 0.000000 
12.439986 77.376625 0.000000 
12.479986 77.875031 0.000000 
12.519986 78.375023 0.000000 
12.559986 78.876625 0.000000 
12.599986 79.379822 0.000000 
12.639986 79.884621 0.000000 
12.679986 80.391022 0.000000 
12.719986 80.899025 0.000000 
12.759986 81.408623 0.000000 
12.799986 81.919823 0.000000 
12.839986 82.432617 0.000000 
12.879986 82.947014 0.000000 
12.919986 83.463013 0.000000 
12.959986 83.980614 0.000000 
12.999986 84.499817 0.000000 
13.039986 85.020615 0.000000 
13.079986 85.543015 0.000000 
13.119986 86.067009 0.000000 
13.159986 86.592613 0.000000 
13.199986 87.119812 0.000000 
13.239985 87.648605 0.000000 
13.279985 88.179008 0.000000 
13.319985 88.711006 0.000000 
13.359985 89.244606 0.000000 
13.399985 89.779800 0.000000 
13.439985 90.316605 0.000000 
13.479985 90.855003 0.000000 
13.519985 91.394997 0.000000 
13.559985 91.936600 0.000000 
13.599985 92.479797 0.000000 
13.639985 93.024597 0.000000 
13.679985 93.570999 0.000000 
13.719985 94.118996 0.000000 
13.759985 94.668594 0.000000 
13.799985 95.219795 0.000000 
13.839985 95.772591 0.000000 
13.879985 96.326988 0.000000 
13.919985 96.882988 0.000000 
13.959985 97.440590 0.000000 
13.999985 97.999786 0.000000 
14.039985 98.560585 0.000000 
14.079985 99.122986 0.000000 
14.119985 99.686981 0.000000 
14.159985 100.252579 0.000000 
14.199985 100.819778 0.000000 
14.239985 101.388580 0.000000 
14.279984 101.958977 0.000000 
14.319984 102.530975 0.000000 
14.359984 103.104576 0.000000 
14.399984 103.679771 0.000000 
14.439984 104.256577 0.000000 
14.479984 104.834976 0.000000 
14.519984 105.414970 0.000000 
14.559984 105.996567 0.000000 
14.599984 106.579765 0.000000 
14.639984 107.164566 0.000000 
14.679984 107.750969 0.000000 
14.719984 108.338966 0.000000 
14.759984 108.928566 0.000000 
14.799984 109.519760 0.000000 
14.839984 110.112564 0.000000 
14.879984 110.706963 0.000000 
14.919984 111.302956 0.000000 
14.959984 111.900558 0.000000 
